id,gene1,gene2,score
9606.ENSP00000025301,AKAP11,PRKACB,0.948
9606.ENSP00000025301,AKAP11,PRKACA,0.939
9606.ENSP00000085219,CD22,PTPRC,0.999
9606.ENSP00000085219,CD22,PTPN6,0.997
9606.ENSP00000085219,CD22,CD19,0.992
9606.ENSP00000085219,CD22,CD79A,0.985
9606.ENSP00000085219,CD22,LYN,0.97
9606.ENSP00000085219,CD22,CD79B,0.96
9606.ENSP00000085219,CD22,SYK,0.959
9606.ENSP00000085219,CD22,CD200R1,0.935
9606.ENSP00000085219,CD22,MS4A1,0.928
9606.ENSP00000085219,CD22,CD5,0.903
9606.ENSP00000160382,ACTL6B,DPF1,0.999
9606.ENSP00000160382,ACTL6B,DPF3,0.999
9606.ENSP00000160382,ACTL6B,PHF10,0.992
9606.ENSP00000160382,ACTL6B,SMARCC2,0.991
9606.ENSP00000160382,ACTL6B,SMARCD1,0.99
9606.ENSP00000160382,ACTL6B,SMARCB1,0.989
9606.ENSP00000160382,ACTL6B,SMARCA2,0.982
9606.ENSP00000160382,ACTL6B,SMARCE1,0.982
9606.ENSP00000160382,ACTL6B,SMARCA4,0.98
9606.ENSP00000160382,ACTL6B,ARID1A,0.978
9606.ENSP00000160382,ACTL6B,DPF2,0.977
9606.ENSP00000160382,ACTL6B,SMARCC1,0.976
9606.ENSP00000160382,ACTL6B,ARID2,0.968
9606.ENSP00000160382,ACTL6B,SMARCD3,0.967
9606.ENSP00000160382,ACTL6B,ARID1B,0.964
9606.ENSP00000160382,ACTL6B,ACTL6A,0.961
9606.ENSP00000160382,ACTL6B,BRD7,0.96
9606.ENSP00000160382,ACTL6B,DMAP1,0.959
9606.ENSP00000160382,ACTL6B,PBRM1,0.958
9606.ENSP00000160382,ACTL6B,SS18,0.953
9606.ENSP00000160382,ACTL6B,SMARCD2,0.951
9606.ENSP00000160382,ACTL6B,ACTB,0.95
9606.ENSP00000160382,ACTL6B,BCL7A,0.945
9606.ENSP00000160382,ACTL6B,BANF1,0.939
9606.ENSP00000160382,ACTL6B,TRRAP,0.938
9606.ENSP00000160382,ACTL6B,EP400,0.937
9606.ENSP00000160382,ACTL6B,BRD9,0.933
9606.ENSP00000160382,ACTL6B,SS18L1,0.928
9606.ENSP00000160382,ACTL6B,MEAF6,0.927
9606.ENSP00000160382,ACTL6B,BCL7C,0.925
9606.ENSP00000160382,ACTL6B,RUVBL2,0.916
9606.ENSP00000160382,ACTL6B,ACTG1,0.914
9606.ENSP00000160382,ACTL6B,EPC1,0.91
9606.ENSP00000160382,ACTL6B,YEATS4,0.909
9606.ENSP00000160382,ACTL6B,RUVBL1,0.907
9606.ENSP00000160382,ACTL6B,EPC2,0.905
9606.ENSP00000160382,ACTL6B,PPARG,0.901
9606.ENSP00000160382,ACTL6B,ACTR8,0.9
9606.ENSP00000164227,BCL3,NFKB1,0.999
9606.ENSP00000164227,BCL3,NFKB2,0.999
9606.ENSP00000164227,BCL3,CYLD,0.986
9606.ENSP00000164227,BCL3,PIR,0.983
9606.ENSP00000164227,BCL3,RELB,0.959
9606.ENSP00000164227,BCL3,REL,0.952
9606.ENSP00000164227,BCL3,RELA,0.951
9606.ENSP00000164227,BCL3,HDAC1,0.909
9606.ENSP00000164227,BCL3,NFKBIA,0.904
9606.ENSP00000216479,AHSA1,HSP90AB1,0.999
9606.ENSP00000216479,AHSA1,HSP90AA1,0.999
9606.ENSP00000216479,AHSA1,STIP1,0.998
9606.ENSP00000216479,AHSA1,PTGES3,0.994
9606.ENSP00000216479,AHSA1,FKBP4,0.973
9606.ENSP00000216479,AHSA1,HSPA4,0.971
9606.ENSP00000216479,AHSA1,CDC37,0.968
9606.ENSP00000216479,AHSA1,PPID,0.95
9606.ENSP00000216479,AHSA1,HSPA8,0.93
9606.ENSP00000216479,AHSA1,HSP90B1,0.915
9606.ENSP00000216479,AHSA1,DNAJA1,0.902
9606.ENSP00000216911,AURKA,TPX2,0.999
9606.ENSP00000216911,AURKA,TACC3,0.998
9606.ENSP00000216911,AURKA,MYCN,0.998
9606.ENSP00000216911,AURKA,TP53,0.998
9606.ENSP00000216911,AURKA,PLK1,0.997
9606.ENSP00000216911,AURKA,CDC20,0.995
9606.ENSP00000216911,AURKA,INCENP,0.994
9606.ENSP00000216911,AURKA,BIRC5,0.993
9606.ENSP00000216911,AURKA,NEDD9,0.99
9606.ENSP00000216911,AURKA,CCNB2,0.988
9606.ENSP00000216911,AURKA,UBE2C,0.986
9606.ENSP00000216911,AURKA,CCNB1,0.979
9606.ENSP00000216911,AURKA,BORA,0.976
9606.ENSP00000216911,AURKA,KIF2C,0.975
9606.ENSP00000216911,AURKA,CKAP5,0.974
9606.ENSP00000216911,AURKA,KIF11,0.972
9606.ENSP00000216911,AURKA,BUB1,0.971
9606.ENSP00000216911,AURKA,HMMR,0.97
9606.ENSP00000216911,AURKA,PTTG1,0.967
9606.ENSP00000216911,AURKA,DLGAP5,0.966
9606.ENSP00000216911,AURKA,TOP2A,0.963
9606.ENSP00000216911,AURKA,GADD45A,0.961
9606.ENSP00000216911,AURKA,CENPA,0.959
9606.ENSP00000216911,AURKA,CPEB1,0.955
9606.ENSP00000216911,AURKA,CDCA8,0.952
9606.ENSP00000216911,AURKA,NCAPG,0.952
9606.ENSP00000216911,AURKA,CDK1,0.951
9606.ENSP00000216911,AURKA,CCNA2,0.949
9606.ENSP00000216911,AURKA,FN1,0.945
9606.ENSP00000216911,AURKA,HDAC6,0.944
9606.ENSP00000216911,AURKA,BRCA1,0.942
9606.ENSP00000216911,AURKA,CEP192,0.94
9606.ENSP00000216911,AURKA,KIF20A,0.936
9606.ENSP00000216911,AURKA,CEP55,0.936
9606.ENSP00000216911,AURKA,NDC80,0.933
9606.ENSP00000216911,AURKA,ASPM,0.93
9606.ENSP00000216911,AURKA,MAD2L1,0.929
9606.ENSP00000216911,AURKA,KIF23,0.924
9606.ENSP00000216911,AURKA,BUB1B,0.924
9606.ENSP00000216911,AURKA,AURKB,0.922
9606.ENSP00000216911,AURKA,CPEB4,0.919
9606.ENSP00000216911,AURKA,PHLDA1,0.918
9606.ENSP00000216911,AURKA,CPEB2,0.918
9606.ENSP00000216911,AURKA,MYC,0.914
9606.ENSP00000216911,AURKA,MELK,0.913
9606.ENSP00000216911,AURKA,CPEB3,0.913
9606.ENSP00000216911,AURKA,PRC1,0.91
9606.ENSP00000216911,AURKA,FZR1,0.908
9606.ENSP00000216911,AURKA,CENPF,0.902
9606.ENSP00000218104,ABCD1,ABCD3,0.98
9606.ENSP00000218104,ABCD1,ABCD2,0.954
9606.ENSP00000218104,ABCD1,PEX19,0.951
9606.ENSP00000218104,ABCD1,SLC27A2,0.93
9606.ENSP00000218104,ABCD1,PEX3,0.907
9606.ENSP00000220592,AGO2,DDX6,0.999
9606.ENSP00000220592,AGO2,DICER1,0.999
9606.ENSP00000220592,AGO2,DHX9,0.999
9606.ENSP00000220592,AGO2,GEMIN4,0.999
9606.ENSP00000220592,AGO2,TNRC6A,0.999
9606.ENSP00000220592,AGO2,DDX20,0.999
9606.ENSP00000220592,AGO2,AGO1,0.999
9606.ENSP00000220592,AGO2,TARBP2,0.999
9606.ENSP00000220592,AGO2,FMR1,0.998
9606.ENSP00000220592,AGO2,TNRC6B,0.998
9606.ENSP00000220592,AGO2,HSP90AA1,0.997
9606.ENSP00000220592,AGO2,ELAVL1,0.997
9606.ENSP00000220592,AGO2,AGO3,0.997
9606.ENSP00000220592,AGO2,MOV10,0.997
9606.ENSP00000220592,AGO2,FXR1,0.996
9606.ENSP00000220592,AGO2,DROSHA,0.995
9606.ENSP00000220592,AGO2,NPM1,0.992
9606.ENSP00000220592,AGO2,TNRC6C,0.992
9606.ENSP00000220592,AGO2,HSP90AB1,0.992
9606.ENSP00000220592,AGO2,EIF4E,0.991
9606.ENSP00000220592,AGO2,XPO5,0.99
9606.ENSP00000220592,AGO2,AGO4,0.988
9606.ENSP00000220592,AGO2,DGCR8,0.984
9606.ENSP00000220592,AGO2,RBM4,0.978
9606.ENSP00000220592,AGO2,IPO8,0.975
9606.ENSP00000220592,AGO2,DCP2,0.972
9606.ENSP00000220592,AGO2,PRKRA,0.965
9606.ENSP00000220592,AGO2,RBM8A,0.961
9606.ENSP00000220592,AGO2,TSNAX,0.958
9606.ENSP00000220592,AGO2,EGFR,0.956
9606.ENSP00000220592,AGO2,TSN,0.952
9606.ENSP00000220592,AGO2,NCBP1,0.95
9606.ENSP00000220592,AGO2,UPF1,0.949
9606.ENSP00000220592,AGO2,FXR2,0.949
9606.ENSP00000220592,AGO2,HTT,0.946
9606.ENSP00000220592,AGO2,SND1,0.943
9606.ENSP00000220592,AGO2,TRIM71,0.94
9606.ENSP00000220592,AGO2,LIMD1,0.936
9606.ENSP00000220592,AGO2,NCBP2,0.922
9606.ENSP00000220592,AGO2,PABPC1,0.919
9606.ENSP00000220592,AGO2,CLP1,0.917
9606.ENSP00000220592,AGO2,NCBP3,0.915
9606.ENSP00000220592,AGO2,ZFP36,0.914
9606.ENSP00000220592,AGO2,EIF4E2,0.911
9606.ENSP00000220592,AGO2,YBX1,0.91
9606.ENSP00000220592,AGO2,DDX5,0.907
9606.ENSP00000220592,AGO2,RNMT,0.904
9606.ENSP00000220592,AGO2,POP1,0.903
9606.ENSP00000220592,AGO2,RPP40,0.903
9606.ENSP00000220592,AGO2,RPP38,0.903
9606.ENSP00000220592,AGO2,PRORP,0.903
9606.ENSP00000220592,AGO2,HSD17B10,0.902
9606.ENSP00000220592,AGO2,RPP14,0.901
9606.ENSP00000220592,AGO2,POP4,0.901
9606.ENSP00000220592,AGO2,RPP25,0.9
9606.ENSP00000220592,AGO2,POP5,0.9
9606.ENSP00000220592,AGO2,RAMAC,0.9
9606.ENSP00000220592,AGO2,RPP30,0.9
9606.ENSP00000220592,AGO2,RPP21,0.9
9606.ENSP00000220592,AGO2,POP7,0.9
9606.ENSP00000221922,CCDC9,EIF4A3,0.97
9606.ENSP00000221922,CCDC9,MAGOH,0.957
9606.ENSP00000221922,CCDC9,RBM8A,0.936
9606.ENSP00000221922,CCDC9,CASC3,0.927
9606.ENSP00000221922,CCDC9,UPF1,0.91
9606.ENSP00000221922,CCDC9,UPF2,0.903
9606.ENSP00000221922,CCDC9,UPF3B,0.902
9606.ENSP00000221922,CCDC9,PYM1,0.9
9606.ENSP00000222388,ABCF2,ABCE1,0.921
9606.ENSP00000225941,ABI3,ABI3BP,0.998
9606.ENSP00000225941,ABI3,CYFIP1,0.991
9606.ENSP00000225941,ABI3,NCKAP1,0.988
9606.ENSP00000225941,ABI3,NCKAP1L,0.98
9606.ENSP00000225941,ABI3,BRK1,0.965
9606.ENSP00000225941,ABI3,WASF2,0.965
9606.ENSP00000225941,ABI3,WASF1,0.958
9606.ENSP00000225941,ABI3,CYFIP2,0.945
9606.ENSP00000225941,ABI3,WASF3,0.933
9606.ENSP00000227507,CCND1,CDK2,0.999
9606.ENSP00000227507,CCND1,CDKN1B,0.999
9606.ENSP00000227507,CCND1,CDK4,0.999
9606.ENSP00000227507,CCND1,CDK6,0.999
9606.ENSP00000227507,CCND1,CDKN1A,0.999
9606.ENSP00000227507,CCND1,RB1,0.998
9606.ENSP00000227507,CCND1,CDK1,0.998
9606.ENSP00000227507,CCND1,CDKN2A,0.998
9606.ENSP00000227507,CCND1,ESR1,0.997
9606.ENSP00000227507,CCND1,CDKN1C,0.994
9606.ENSP00000227507,CCND1,CDKN2C,0.989
9606.ENSP00000227507,CCND1,PCNA,0.989
9606.ENSP00000227507,CCND1,GSK3B,0.987
9606.ENSP00000227507,CCND1,CREBBP,0.986
9606.ENSP00000227507,CCND1,FBXO31,0.985
9606.ENSP00000227507,CCND1,STAT3,0.98
9606.ENSP00000227507,CCND1,EP300,0.974
9606.ENSP00000227507,CCND1,CDKN2B,0.974
9606.ENSP00000227507,CCND1,CTNNB1,0.972
9606.ENSP00000227507,CCND1,CDC25A,0.97
9606.ENSP00000227507,CCND1,MYC,0.969
9606.ENSP00000227507,CCND1,SKP1,0.968
9606.ENSP00000227507,CCND1,RBL2,0.966
9606.ENSP00000227507,CCND1,YBX3,0.961
9606.ENSP00000227507,CCND1,SKP2,0.959
9606.ENSP00000227507,CCND1,KAT2B,0.959
9606.ENSP00000227507,CCND1,BCL2,0.958
9606.ENSP00000227507,CCND1,FBXO4,0.956
9606.ENSP00000227507,CCND1,AR,0.955
9606.ENSP00000227507,CCND1,CDKN2D,0.952
9606.ENSP00000227507,CCND1,CCNL2,0.949
9606.ENSP00000227507,CCND1,CREB1,0.949
9606.ENSP00000227507,CCND1,TP53,0.946
9606.ENSP00000227507,CCND1,ELAVL1,0.946
9606.ENSP00000227507,CCND1,HSPA8,0.945
9606.ENSP00000227507,CCND1,RASSF1,0.945
9606.ENSP00000227507,CCND1,FOS,0.942
9606.ENSP00000227507,CCND1,CCND2,0.942
9606.ENSP00000227507,CCND1,CCND3,0.939
9606.ENSP00000227507,CCND1,E2F1,0.938
9606.ENSP00000227507,CCND1,RBL1,0.935
9606.ENSP00000227507,CCND1,LEF1,0.93
9606.ENSP00000227507,CCND1,MDM2,0.926
9606.ENSP00000227507,CCND1,CUL1,0.924
9606.ENSP00000227507,CCND1,AKT1,0.923
9606.ENSP00000227507,CCND1,BRCA1,0.922
9606.ENSP00000227507,CCND1,SYMPK,0.921
9606.ENSP00000227507,CCND1,HDAC4,0.92
9606.ENSP00000227507,CCND1,JUN,0.919
9606.ENSP00000227507,CCND1,LOC102723407,0.909
9606.ENSP00000227507,CCND1,ERBB2,0.904
9606.ENSP00000227507,CCND1,PRMT5,0.903
9606.ENSP00000227507,CCND1,NOTCH1,0.902
9606.ENSP00000227507,CCND1,HDAC3,0.9
9606.ENSP00000229922,CAP2,CFL1,0.938
9606.ENSP00000229922,CAP2,TWF2,0.915
9606.ENSP00000233242,APOB,APOA2,0.999
9606.ENSP00000233242,APOB,APOC3,0.999
9606.ENSP00000233242,APOB,APOE,0.999
9606.ENSP00000233242,APOB,MTTP,0.999
9606.ENSP00000233242,APOB,LPA,0.999
9606.ENSP00000233242,APOB,APOA1,0.999
9606.ENSP00000233242,APOB,SCARB1,0.997
9606.ENSP00000233242,APOB,APOC1,0.996
9606.ENSP00000233242,APOB,APOA4,0.992
9606.ENSP00000233242,APOB,APOC2,0.991
9606.ENSP00000233242,APOB,CETP,0.989
9606.ENSP00000233242,APOB,PCSK9,0.987
9606.ENSP00000233242,APOB,APOA5,0.986
9606.ENSP00000233242,APOB,APOH,0.985
9606.ENSP00000233242,APOB,LIPC,0.983
9606.ENSP00000233242,APOB,SORT1,0.983
9606.ENSP00000233242,APOB,LCAT,0.983
9606.ENSP00000233242,APOB,CD36,0.98
9606.ENSP00000233242,APOB,APOBR,0.969
9606.ENSP00000233242,APOB,PLTP,0.964
9606.ENSP00000233242,APOB,APOBEC1,0.963
9606.ENSP00000233242,APOB,SCARB2,0.962
9606.ENSP00000233242,APOB,LDLR,0.955
9606.ENSP00000233242,APOB,PON1,0.952
9606.ENSP00000233242,APOB,ALB,0.951
9606.ENSP00000233242,APOB,LPL,0.94
9606.ENSP00000233242,APOB,PLA2G7,0.936
9606.ENSP00000233242,APOB,APOM,0.933
9606.ENSP00000233242,APOB,LDLRAP1,0.926
9606.ENSP00000233242,APOB,NPC1L1,0.903
9606.ENSP00000233242,APOB,AHSG,0.9
9606.ENSP00000234739,BCL9,CTNNB1,0.999
9606.ENSP00000234739,BCL9,PYGO1,0.999
9606.ENSP00000234739,BCL9,PYGO2,0.999
9606.ENSP00000234739,BCL9,HNF4A,0.979
9606.ENSP00000234739,BCL9,TCF7L2,0.976
9606.ENSP00000234739,BCL9,BCL9L,0.963
9606.ENSP00000234739,BCL9,TCF4,0.93
9606.ENSP00000234739,BCL9,TLE1,0.925
9606.ENSP00000234739,BCL9,LDB1,0.92
9606.ENSP00000234739,BCL9,H3C12,0.916
9606.ENSP00000234739,BCL9,H3C13,0.915
9606.ENSP00000234739,BCL9,H3-4,0.915
9606.ENSP00000234739,BCL9,H3-3B,0.915
9606.ENSP00000234739,BCL9,TLE3,0.913
9606.ENSP00000234739,BCL9,LEF1,0.91
9606.ENSP00000234739,BCL9,TLE4,0.9
9606.ENSP00000236959,ATIC,ADSL,0.999
9606.ENSP00000236959,ATIC,GART,0.999
9606.ENSP00000236959,ATIC,MTHFD1,0.998
9606.ENSP00000236959,ATIC,SHMT1,0.998
9606.ENSP00000236959,ATIC,ADSS2,0.997
9606.ENSP00000236959,ATIC,PAICS,0.997
9606.ENSP00000236959,ATIC,ADSS1,0.996
9606.ENSP00000236959,ATIC,PPAT,0.995
9606.ENSP00000236959,ATIC,SHMT2,0.995
9606.ENSP00000236959,ATIC,MTHFD1L,0.994
9606.ENSP00000236959,ATIC,MTHFD2,0.992
9606.ENSP00000236959,ATIC,IMPDH2,0.991
9606.ENSP00000236959,ATIC,MTHFD2L,0.989
9606.ENSP00000236959,ATIC,DHFR,0.987
9606.ENSP00000236959,ATIC,APRT,0.982
9606.ENSP00000236959,ATIC,IMPDH1,0.979
9606.ENSP00000236959,ATIC,GMPR,0.975
9606.ENSP00000236959,ATIC,DHFR2,0.974
9606.ENSP00000236959,ATIC,ITPA,0.974
9606.ENSP00000236959,ATIC,MTR,0.972
9606.ENSP00000236959,ATIC,AMPD1,0.968
9606.ENSP00000236959,ATIC,AMT,0.964
9606.ENSP00000236959,ATIC,HPRT1,0.958
9606.ENSP00000236959,ATIC,FTCD,0.953
9606.ENSP00000236959,ATIC,AMPD2,0.951
9606.ENSP00000236959,ATIC,AMPD3,0.947
9606.ENSP00000236959,ATIC,CANT1,0.942
9606.ENSP00000236959,ATIC,NT5E,0.937
9606.ENSP00000236959,ATIC,ALK,0.932
9606.ENSP00000236959,ATIC,NT5C1A,0.929
9606.ENSP00000236959,ATIC,ENTPD4,0.922
9606.ENSP00000236959,ATIC,GMPS,0.921
9606.ENSP00000236959,ATIC,NT5C1B,0.919
9606.ENSP00000236959,ATIC,ENTPD8,0.919
9606.ENSP00000236959,ATIC,ENTPD1,0.919
9606.ENSP00000236959,ATIC,NT5C1B-RDH14,0.919
9606.ENSP00000236959,ATIC,ENTPD3,0.913
9606.ENSP00000236959,ATIC,NT5C3A,0.912
9606.ENSP00000236959,ATIC,NT5M,0.91
9606.ENSP00000236959,ATIC,ENTPD5,0.91
9606.ENSP00000236959,ATIC,NT5C2,0.91
9606.ENSP00000236959,ATIC,ENTPD6,0.907
9606.ENSP00000236959,ATIC,NT5C3B,0.906
9606.ENSP00000236959,ATIC,NT5C,0.905
9606.ENSP00000236959,ATIC,NUDT16,0.902
9606.ENSP00000241416,ACVR2A,BMP7,0.999
9606.ENSP00000241416,ACVR2A,BMP6,0.999
9606.ENSP00000241416,ACVR2A,GDF11,0.999
9606.ENSP00000241416,ACVR2A,INHBA,0.999
9606.ENSP00000241416,ACVR2A,ACVR1,0.999
9606.ENSP00000241416,ACVR2A,BMP2,0.999
9606.ENSP00000241416,ACVR2A,BMPR1A,0.998
9606.ENSP00000241416,ACVR2A,GDF2,0.998
9606.ENSP00000241416,ACVR2A,ACVR1B,0.998
9606.ENSP00000241416,ACVR2A,ACVR2B,0.998
9606.ENSP00000241416,ACVR2A,MSTN,0.997
9606.ENSP00000241416,ACVR2A,BMP4,0.997
9606.ENSP00000241416,ACVR2A,ACVR1C,0.996
9606.ENSP00000241416,ACVR2A,INHBB,0.995
9606.ENSP00000241416,ACVR2A,ACVRL1,0.994
9606.ENSP00000241416,ACVR2A,BMPR2,0.994
9606.ENSP00000241416,ACVR2A,BMP10,0.991
9606.ENSP00000241416,ACVR2A,TGFBR1,0.988
9606.ENSP00000241416,ACVR2A,BMPR1B,0.987
9606.ENSP00000241416,ACVR2A,GDF5,0.986
9606.ENSP00000241416,ACVR2A,NODAL,0.984
9606.ENSP00000241416,ACVR2A,BMP5,0.98
9606.ENSP00000241416,ACVR2A,SMAD3,0.979
9606.ENSP00000241416,ACVR2A,GDF1,0.979
9606.ENSP00000241416,ACVR2A,TDGF1,0.977
9606.ENSP00000241416,ACVR2A,SMAD2,0.977
9606.ENSP00000241416,ACVR2A,GDF7,0.969
9606.ENSP00000241416,ACVR2A,GDF10,0.967
9606.ENSP00000241416,ACVR2A,INHA,0.966
9606.ENSP00000241416,ACVR2A,GDF6,0.961
9606.ENSP00000241416,ACVR2A,BMP8A,0.96
9606.ENSP00000241416,ACVR2A,TGFBR3,0.957
9606.ENSP00000241416,ACVR2A,BMP8B,0.939
9606.ENSP00000241416,ACVR2A,INHBC,0.937
9606.ENSP00000241416,ACVR2A,INHBE,0.935
9606.ENSP00000241416,ACVR2A,GDF3,0.935
9606.ENSP00000242375,AKR1D1,HSD3B7,0.995
9606.ENSP00000242375,AKR1D1,SRD5A1,0.988
9606.ENSP00000242375,AKR1D1,AKR1C3,0.983
9606.ENSP00000242375,AKR1D1,AKR1C1,0.983
9606.ENSP00000242375,AKR1D1,HSD11B1,0.977
9606.ENSP00000242375,AKR1D1,HSD11B2,0.975
9606.ENSP00000242375,AKR1D1,CYP8B1,0.961
9606.ENSP00000242375,AKR1D1,SRD5A2,0.957
9606.ENSP00000242375,AKR1D1,CYP11B1,0.946
9606.ENSP00000242375,AKR1D1,HSD3B2,0.943
9606.ENSP00000242375,AKR1D1,HSD3B1,0.941
9606.ENSP00000242375,AKR1D1,SRD5A3,0.941
9606.ENSP00000242375,AKR1D1,CYP17A1,0.936
9606.ENSP00000242375,AKR1D1,HSD17B6,0.934
9606.ENSP00000242375,AKR1D1,HSD17B3,0.933
9606.ENSP00000242375,AKR1D1,HSD17B2,0.931
9606.ENSP00000242375,AKR1D1,HSD11B1L,0.927
9606.ENSP00000242375,AKR1D1,UGT2B4,0.927
9606.ENSP00000242375,AKR1D1,HSD17B8,0.924
9606.ENSP00000242375,AKR1D1,CYP11B2,0.924
9606.ENSP00000242375,AKR1D1,CYP19A1,0.922
9606.ENSP00000242375,AKR1D1,UGT2B28,0.922
9606.ENSP00000242375,AKR1D1,UGT1A8,0.919
9606.ENSP00000242375,AKR1D1,UGT1A1,0.919
9606.ENSP00000242375,AKR1D1,UGT1A10,0.919
9606.ENSP00000242375,AKR1D1,CYP21A2,0.919
9606.ENSP00000242375,AKR1D1,UGT1A6,0.919
9606.ENSP00000242375,AKR1D1,UGT1A4,0.918
9606.ENSP00000242375,AKR1D1,UGT2B15,0.916
9606.ENSP00000242375,AKR1D1,UGT1A7,0.916
9606.ENSP00000242375,AKR1D1,UGT1A3,0.915
9606.ENSP00000242375,AKR1D1,UGT2A3,0.915
9606.ENSP00000242375,AKR1D1,UGT2B11,0.915
9606.ENSP00000242375,AKR1D1,UGT2B7,0.915
9606.ENSP00000242375,AKR1D1,UGT1A9,0.914
9606.ENSP00000242375,AKR1D1,UGT1A5,0.914
9606.ENSP00000242375,AKR1D1,UGT2B10,0.914
9606.ENSP00000242375,AKR1D1,UGT2A2,0.913
9606.ENSP00000242375,AKR1D1,UGT2B17,0.911
9606.ENSP00000242375,AKR1D1,AKR1C4,0.908
9606.ENSP00000242728,BHLHE41,PER2,0.999
9606.ENSP00000242728,BHLHE41,ARNTL,0.989
9606.ENSP00000242728,BHLHE41,NFIL3,0.989
9606.ENSP00000242728,BHLHE41,CRY1,0.978
9606.ENSP00000242728,BHLHE41,BHLHE40,0.971
9606.ENSP00000242728,BHLHE41,CLOCK,0.969
9606.ENSP00000242728,BHLHE41,NPAS2,0.969
9606.ENSP00000242728,BHLHE41,PER3,0.96
9606.ENSP00000242728,BHLHE41,CRY2,0.948
9606.ENSP00000242728,BHLHE41,NR1D1,0.94
9606.ENSP00000242728,BHLHE41,NR1D2,0.92
9606.ENSP00000242728,BHLHE41,RORA,0.909
9606.ENSP00000244669,APOBEC2,APOBEC4,0.959
9606.ENSP00000244769,ATXN1,CIC,0.996
9606.ENSP00000244769,ATXN1,UBQLN4,0.992
9606.ENSP00000244769,ATXN1,KAT5,0.979
9606.ENSP00000244769,ATXN1,NCOR2,0.979
9606.ENSP00000244769,ATXN1,RBM17,0.975
9606.ENSP00000244769,ATXN1,ATXN1L,0.97
9606.ENSP00000244769,ATXN1,ATXN2,0.969
9606.ENSP00000244769,ATXN1,RBPJ,0.967
9606.ENSP00000244769,ATXN1,PQBP1,0.946
9606.ENSP00000244769,ATXN1,PUM2,0.916
9606.ENSP00000244769,ATXN1,ATXN3,0.912
9606.ENSP00000244769,ATXN1,COIL,0.912
9606.ENSP00000244769,ATXN1,RBFOX2,0.907
9606.ENSP00000244769,ATXN1,ATXN7-2,0.901
9606.ENSP00000244769,ATXN1,RBPJL,0.9
9606.ENSP00000245907,C3,CFP,0.999
9606.ENSP00000245907,C3,CR1,0.999
9606.ENSP00000245907,C3,CD46,0.999
9606.ENSP00000245907,C3,CFI,0.999
9606.ENSP00000245907,C3,CFHR1,0.999
9606.ENSP00000245907,C3,ITGAM,0.999
9606.ENSP00000245907,C3,CR2,0.999
9606.ENSP00000245907,C3,VSIG4,0.999
9606.ENSP00000245907,C3,CFH,0.999
9606.ENSP00000245907,C3,CD55,0.999
9606.ENSP00000245907,C3,CFB,0.999
9606.ENSP00000245907,C3,C5AR2,0.998
9606.ENSP00000245907,C3,ITGB2,0.998
9606.ENSP00000245907,C3,CFHR4,0.998
9606.ENSP00000245907,C3,C3AR1,0.998
9606.ENSP00000245907,C3,C4A,0.998
9606.ENSP00000245907,C3,C4B,0.998
9606.ENSP00000245907,C3,CFD,0.998
9606.ENSP00000245907,C3,CFHR5,0.992
9606.ENSP00000245907,C3,SELP,0.991
9606.ENSP00000245907,C3,CFHR3,0.991
9606.ENSP00000245907,C3,CRP,0.985
9606.ENSP00000245907,C3,C2,0.978
9606.ENSP00000245907,C3,PLG,0.978
9606.ENSP00000245907,C3,C5AR1,0.977
9606.ENSP00000245907,C3,C5,0.974
9606.ENSP00000245907,C3,ITGAX,0.969
9606.ENSP00000245907,C3,CR1L,0.966
9606.ENSP00000245907,C3,ATG16L1,0.961
9606.ENSP00000245907,C3,ALB,0.959
9606.ENSP00000245907,C3,APOA1,0.957
9606.ENSP00000245907,C3,SERPING1,0.954
9606.ENSP00000245907,C3,CFHR2,0.951
9606.ENSP00000245907,C3,MASP1,0.936
9606.ENSP00000245907,C3,C1R,0.935
9606.ENSP00000245907,C3,MBL2,0.934
9606.ENSP00000245907,C3,THBD,0.933
9606.ENSP00000245907,C3,B4E1Z4_HUMAN,0.921
9606.ENSP00000245907,C3,ENSP00000493607,0.911
9606.ENSP00000245907,C3,MASP2,0.91
9606.ENSP00000245907,C3,C1S,0.908
9606.ENSP00000246657,CCR7,CXCL12,0.999
9606.ENSP00000246657,CCR7,CCL21,0.999
9606.ENSP00000246657,CCR7,CCL19,0.999
9606.ENSP00000246657,CCR7,CXCL13,0.999
9606.ENSP00000246657,CCR7,CCL4,0.996
9606.ENSP00000246657,CCR7,CCL20,0.994
9606.ENSP00000246657,CCR7,CCL25,0.994
9606.ENSP00000246657,CCR7,CCL5,0.994
9606.ENSP00000246657,CCR7,CCL22,0.984
9606.ENSP00000246657,CCR7,CCL27,0.98
9606.ENSP00000246657,CCR7,CXCL10,0.968
9606.ENSP00000246657,CCR7,CCL2,0.965
9606.ENSP00000246657,CCR7,ACKR4,0.965
9606.ENSP00000246657,CCR7,CXCR5,0.962
9606.ENSP00000246657,CCR7,CXCL9,0.961
9606.ENSP00000246657,CCR7,CXCR4,0.959
9606.ENSP00000246657,CCR7,CCR5,0.956
9606.ENSP00000246657,CCR7,CCL3,0.953
9606.ENSP00000246657,CCR7,XCL1,0.951
9606.ENSP00000246657,CCR7,CD4,0.947
9606.ENSP00000246657,CCR7,CCR1,0.947
9606.ENSP00000246657,CCR7,CCR3,0.946
9606.ENSP00000246657,CCR7,SELL,0.942
9606.ENSP00000246657,CCR7,CD8A,0.941
9606.ENSP00000246657,CCR7,CCL17,0.932
9606.ENSP00000246657,CCR7,CXCL11,0.93
9606.ENSP00000246657,CCR7,CD27,0.923
9606.ENSP00000246657,CCR7,IL7R,0.922
9606.ENSP00000246657,CCR7,GNAQ,0.92
9606.ENSP00000246657,CCR7,CCR2,0.918
9606.ENSP00000246657,CCR7,CX3CL1,0.915
9606.ENSP00000246657,CCR7,CXCL16,0.914
9606.ENSP00000246657,CCR7,CD69,0.905
9606.ENSP00000246657,CCR7,CXCL3,0.903
9606.ENSP00000246657,CCR7,CXCL8,0.9
9606.ENSP00000247178,ATG14,RB1CC1,0.999
9606.ENSP00000247178,ATG14,SNAP29,0.999
9606.ENSP00000247178,ATG14,BECN2,0.999
9606.ENSP00000247178,ATG14,STX17,0.999
9606.ENSP00000247178,ATG14,PIK3R4,0.999
9606.ENSP00000247178,ATG14,NRBF2,0.999
9606.ENSP00000247178,ATG14,ULK1,0.999
9606.ENSP00000247178,ATG14,PIK3C3,0.999
9606.ENSP00000247178,ATG14,UVRAG,0.999
9606.ENSP00000247178,ATG14,BECN1,0.999
9606.ENSP00000247178,ATG14,AMBRA1,0.998
9606.ENSP00000247178,ATG14,ATG101,0.994
9606.ENSP00000247178,ATG14,GABARAPL2,0.994
9606.ENSP00000247178,ATG14,GABARAP,0.993
9606.ENSP00000247178,ATG14,GABARAPL1,0.993
9606.ENSP00000247178,ATG14,ATG13,0.989
9606.ENSP00000247178,ATG14,ULK2,0.985
9606.ENSP00000247178,ATG14,RUBCN,0.984
9606.ENSP00000247178,ATG14,VAMP8,0.96
9606.ENSP00000247178,ATG14,ATG5,0.96
9606.ENSP00000247178,ATG14,ATG16L1,0.953
9606.ENSP00000247178,ATG14,ATG7,0.951
9606.ENSP00000247178,ATG14,SH3GLB1,0.947
9606.ENSP00000247178,ATG14,ATG12,0.945
9606.ENSP00000247178,ATG14,WIPI2,0.935
9606.ENSP00000247178,ATG14,BCL2,0.929
9606.ENSP00000247178,ATG14,SNAPIN,0.926
9606.ENSP00000247461,CANX,PDIA3,0.999
9606.ENSP00000247461,CANX,CALR,0.999
9606.ENSP00000247461,CANX,HSPA5,0.998
9606.ENSP00000247461,CANX,TAPBP,0.996
9606.ENSP00000247461,CANX,HSP90B1,0.99
9606.ENSP00000247461,CANX,EDEM1,0.986
9606.ENSP00000247461,CANX,VCP,0.967
9606.ENSP00000247461,CANX,P4HB,0.966
9606.ENSP00000247461,CANX,OS9,0.958
9606.ENSP00000247461,CANX,GANAB,0.953
9606.ENSP00000247461,CANX,MOGS,0.952
9606.ENSP00000247461,CANX,PACS2,0.948
9606.ENSP00000247461,CANX,ERLEC1,0.947
9606.ENSP00000247461,CANX,PPIB,0.943
9606.ENSP00000247461,CANX,BCAP31,0.938
9606.ENSP00000247461,CANX,CFTR,0.936
9606.ENSP00000247461,CANX,UGGT1,0.935
9606.ENSP00000247461,CANX,PDIA4,0.931
9606.ENSP00000247461,CANX,SSR1,0.93
9606.ENSP00000247461,CANX,EBI3,0.926
9606.ENSP00000247461,CANX,RPN2,0.924
9606.ENSP00000247461,CANX,FUNDC1,0.918
9606.ENSP00000247461,CANX,SEL1L,0.918
9606.ENSP00000247461,CANX,SEC61A1,0.914
9606.ENSP00000247461,CANX,PRKCSH,0.911
9606.ENSP00000247461,CANX,TOMM20,0.905
9606.ENSP00000247461,CANX,UGGT2,0.9
9606.ENSP00000250405,BCL2L2,BCL2L11,0.999
9606.ENSP00000250405,BCL2L2,PMAIP1,0.998
9606.ENSP00000250405,BCL2L2,BMF,0.996
9606.ENSP00000250405,BCL2L2,BIK,0.991
9606.ENSP00000250405,BCL2L2,MCL1,0.988
9606.ENSP00000250405,BCL2L2,BECN1,0.987
9606.ENSP00000250405,BCL2L2,HRK,0.98
9606.ENSP00000250405,BCL2L2,BBC3,0.979
9606.ENSP00000250405,BCL2L2,BAK1,0.959
9606.ENSP00000250405,BCL2L2,BAD,0.933
9606.ENSP00000250405,BCL2L2,BCL2L1,0.933
9606.ENSP00000250405,BCL2L2,BID,0.932
9606.ENSP00000250405,BCL2L2,BAX,0.93
9606.ENSP00000250617,ARHGEF6,GIT1,0.999
9606.ENSP00000250617,ARHGEF6,PARVB,0.999
9606.ENSP00000250617,ARHGEF6,GIT2,0.998
9606.ENSP00000250617,ARHGEF6,PAK1,0.995
9606.ENSP00000250617,ARHGEF6,PAK3,0.993
9606.ENSP00000250617,ARHGEF6,ARHGEF7,0.99
9606.ENSP00000250617,ARHGEF6,PAK2,0.989
9606.ENSP00000250617,ARHGEF6,CDC42,0.985
9606.ENSP00000250617,ARHGEF6,PXN,0.974
9606.ENSP00000250617,ARHGEF6,RAC2,0.966
9606.ENSP00000250617,ARHGEF6,PAK4,0.964
9606.ENSP00000250617,ARHGEF6,PAK6,0.935
9606.ENSP00000250617,ARHGEF6,PAK5,0.934
9606.ENSP00000250617,ARHGEF6,ARHGEF1,0.931
9606.ENSP00000250617,ARHGEF6,NCK1,0.93
9606.ENSP00000250617,ARHGEF6,RAC3,0.927
9606.ENSP00000250617,ARHGEF6,ARHGEF12,0.926
9606.ENSP00000250617,ARHGEF6,RRAS2,0.916
9606.ENSP00000250617,ARHGEF6,RRAS,0.912
9606.ENSP00000250617,ARHGEF6,KRAS,0.912
9606.ENSP00000250617,ARHGEF6,HRAS,0.908
9606.ENSP00000250617,ARHGEF6,MRAS,0.908
9606.ENSP00000250617,ARHGEF6,NRAS,0.904
9606.ENSP00000251535,ALOX12,PTGS1,0.96
9606.ENSP00000251535,ALOX12,PTGS2,0.947
9606.ENSP00000251535,ALOX12,CYP4F3,0.933
9606.ENSP00000251535,ALOX12,CYP2J2,0.931
9606.ENSP00000251535,ALOX12,CYP4F2,0.922
9606.ENSP00000251535,ALOX12,CYP2E1,0.922
9606.ENSP00000251535,ALOX12,ALOX12B,0.921
9606.ENSP00000251535,ALOX12,CYP4A11,0.92
9606.ENSP00000251535,ALOX12,ALOX15B,0.919
9606.ENSP00000251535,ALOX12,CYP2C9,0.919
9606.ENSP00000251535,ALOX12,CYP2C19,0.915
9606.ENSP00000251535,ALOX12,ALOX5,0.914
9606.ENSP00000251535,ALOX12,CYP2U1,0.913
9606.ENSP00000251535,ALOX12,CYP4A22,0.913
9606.ENSP00000251535,ALOX12,CYP4F8,0.911
9606.ENSP00000251535,ALOX12,CYP2C8,0.91
9606.ENSP00000251535,ALOX12,CYP2B6,0.906
9606.ENSP00000251535,ALOX12,ALOX15,0.906
9606.ENSP00000252729,CACNG6,CACNB4,0.949
9606.ENSP00000252729,CACNG6,CACNG7,0.933
9606.ENSP00000252729,CACNG6,CACNA1S,0.927
9606.ENSP00000252729,CACNG6,CACNA2D1,0.916
9606.ENSP00000252729,CACNG6,CACNG4,0.915
9606.ENSP00000252729,CACNG6,CACNG8,0.912
9606.ENSP00000252729,CACNG6,CACNB3,0.909
9606.ENSP00000252729,CACNG6,CACNG3,0.908
9606.ENSP00000252729,CACNG6,CACNA1F,0.902
9606.ENSP00000252729,CACNG6,CACNA1C,0.901
9606.ENSP00000252729,CACNG6,CACNA2D4,0.901
9606.ENSP00000252729,CACNG6,CACNA1D,0.901
9606.ENSP00000254691,CARD6,RIPK2,0.997
9606.ENSP00000254900,BRD8,EP400,0.999
9606.ENSP00000254900,BRD8,DMAP1,0.999
9606.ENSP00000254900,BRD8,MEAF6,0.998
9606.ENSP00000254900,BRD8,YEATS4,0.998
9606.ENSP00000254900,BRD8,TRRAP,0.998
9606.ENSP00000254900,BRD8,KAT5,0.998
9606.ENSP00000254900,BRD8,MORF4L1,0.998
9606.ENSP00000254900,BRD8,ING3,0.997
9606.ENSP00000254900,BRD8,RUVBL2,0.997
9606.ENSP00000254900,BRD8,RUVBL1,0.995
9606.ENSP00000254900,BRD8,MRGBP,0.994
9606.ENSP00000254900,BRD8,ACTL6A,0.993
9606.ENSP00000254900,BRD8,MORF4L2,0.991
9606.ENSP00000254900,BRD8,MBTD1,0.99
9606.ENSP00000254900,BRD8,VPS72,0.987
9606.ENSP00000254900,BRD8,EPC2,0.983
9606.ENSP00000254900,BRD8,EPC1,0.957
9606.ENSP00000254900,BRD8,ANP32E,0.95
9606.ENSP00000254900,BRD8,KAT8,0.941
9606.ENSP00000254900,BRD8,ACTB,0.927
9606.ENSP00000254900,BRD8,NFRKB,0.917
9606.ENSP00000254900,BRD8,MCRS1,0.915
9606.ENSP00000254900,BRD8,MSL1,0.915
9606.ENSP00000254900,BRD8,YY1,0.909
9606.ENSP00000254900,BRD8,INO80B,0.908
9606.ENSP00000254900,BRD8,INO80,0.908
9606.ENSP00000254900,BRD8,MSL3,0.905
9606.ENSP00000254900,BRD8,ACTR8,0.905
9606.ENSP00000254900,BRD8,TFPT,0.905
9606.ENSP00000254900,BRD8,ACTR5,0.901
9606.ENSP00000254900,BRD8,H2AZ1,0.901
9606.ENSP00000254900,BRD8,MSL2,0.9
9606.ENSP00000254900,BRD8,UCHL5,0.9
9606.ENSP00000254900,BRD8,INO80C,0.9
9606.ENSP00000254900,BRD8,INO80E,0.9
9606.ENSP00000255192,BHMT2,MAT1A,0.981
9606.ENSP00000255192,BHMT2,AHCY,0.979
9606.ENSP00000255192,BHMT2,CTH,0.979
9606.ENSP00000255192,BHMT2,AHCYL2,0.973
9606.ENSP00000255192,BHMT2,MAT2A,0.973
9606.ENSP00000255192,BHMT2,CBS,0.97
9606.ENSP00000255192,BHMT2,AHCYL1,0.97
9606.ENSP00000255192,BHMT2,BHMT,0.967
9606.ENSP00000255192,BHMT2,MTHFR,0.952
9606.ENSP00000255192,BHMT2,MAT2B,0.95
9606.ENSP00000255192,BHMT2,MTR,0.95
9606.ENSP00000255192,BHMT2,KYAT3,0.94
9606.ENSP00000255192,BHMT2,TAT,0.938
9606.ENSP00000255192,BHMT2,DMGDH,0.932
9606.ENSP00000255192,BHMT2,KYAT1,0.923
9606.ENSP00000255192,BHMT2,IL4I1,0.904
9606.ENSP00000256015,BTG1,CNOT7,0.937
9606.ENSP00000256925,CABLES1,CDK5,0.969
9606.ENSP00000256925,CABLES1,CDK3,0.945
9606.ENSP00000256925,CABLES1,WEE1,0.936
9606.ENSP00000257430,APC,CSNK1A1,0.999
9606.ENSP00000257430,APC,GSK3B,0.999
9606.ENSP00000257430,APC,AXIN1,0.999
9606.ENSP00000257430,APC,CTNNB1,0.999
9606.ENSP00000257430,APC,AXIN2,0.999
9606.ENSP00000257430,APC,ARHGEF4,0.999
9606.ENSP00000257430,APC,AMER1,0.998
9606.ENSP00000257430,APC,BTRC,0.998
9606.ENSP00000257430,APC,GSK3A,0.997
9606.ENSP00000257430,APC,DVL1,0.989
9606.ENSP00000257430,APC,SPATA13,0.983
9606.ENSP00000257430,APC,JUP,0.98
9606.ENSP00000257430,APC,CTNNA1,0.975
9606.ENSP00000257430,APC,SIAH1,0.973
9606.ENSP00000257430,APC,CTBP1,0.965
9606.ENSP00000257430,APC,ASAP1,0.964
9606.ENSP00000257430,APC,DVL2,0.964
9606.ENSP00000257430,APC,TCF7,0.956
9606.ENSP00000257430,APC,KHDRBS1,0.954
9606.ENSP00000257430,APC,MAPRE1,0.952
9606.ENSP00000257430,APC,CTNNBIP1,0.951
9606.ENSP00000257430,APC,SKP1,0.944
9606.ENSP00000257430,APC,ZRANB1,0.936
9606.ENSP00000257430,APC,DVL3,0.931
9606.ENSP00000257430,APC,PTPN13,0.929
9606.ENSP00000257430,APC,CDH1,0.92
9606.ENSP00000257430,APC,APC2,0.911
9606.ENSP00000257430,APC,TBL1X,0.908
9606.ENSP00000257430,APC,TBL1XR1,0.903
9606.ENSP00000257430,APC,LRP5,0.903
9606.ENSP00000257430,APC,TBL1Y,0.902
9606.ENSP00000257430,APC,CSNK1A1L,0.902
9606.ENSP00000257430,APC,CACYBP,0.9
9606.ENSP00000257749,BACH2,MAF,0.993
9606.ENSP00000257749,BACH2,MAFG,0.981
9606.ENSP00000257749,BACH2,MAFK,0.98
9606.ENSP00000257749,BACH2,MAFF,0.955
9606.ENSP00000258494,ALDH1L2,MTHFD1,0.976
9606.ENSP00000258494,ALDH1L2,MTHFD2,0.975
9606.ENSP00000258494,ALDH1L2,SHMT1,0.974
9606.ENSP00000258494,ALDH1L2,SHMT2,0.971
9606.ENSP00000258494,ALDH1L2,MTHFD2L,0.969
9606.ENSP00000258494,ALDH1L2,DHFR,0.952
9606.ENSP00000258494,ALDH1L2,ALDH1L1,0.95
9606.ENSP00000258494,ALDH1L2,DHFR2,0.946
9606.ENSP00000258494,ALDH1L2,MTR,0.943
9606.ENSP00000258494,ALDH1L2,GART,0.94
9606.ENSP00000258494,ALDH1L2,AMT,0.934
9606.ENSP00000258494,ALDH1L2,FTCD,0.922
9606.ENSP00000259008,BRIP1,BRCA1,0.999
9606.ENSP00000259008,BRIP1,MLH1,0.999
9606.ENSP00000259008,BRIP1,BARD1,0.999
9606.ENSP00000259008,BRIP1,TOPBP1,0.999
9606.ENSP00000259008,BRIP1,BRCA2,0.998
9606.ENSP00000259008,BRIP1,PALB2,0.998
9606.ENSP00000259008,BRIP1,MRE11,0.998
9606.ENSP00000259008,BRIP1,NBN,0.998
9606.ENSP00000259008,BRIP1,FANCD2,0.997
9606.ENSP00000259008,BRIP1,FANCI,0.994
9606.ENSP00000259008,BRIP1,PMS2,0.993
9606.ENSP00000259008,BRIP1,FANCM,0.969
9606.ENSP00000259008,BRIP1,MMS19,0.961
9606.ENSP00000259008,BRIP1,RAD51,0.951
9606.ENSP00000259008,BRIP1,BLM,0.95
9606.ENSP00000259008,BRIP1,RAD51C,0.941
9606.ENSP00000259008,BRIP1,RPA1,0.938
9606.ENSP00000259008,BRIP1,ATM,0.933
9606.ENSP00000259008,BRIP1,CHEK1,0.933
9606.ENSP00000259008,BRIP1,FANCB,0.921
9606.ENSP00000259008,BRIP1,WRN,0.915
9606.ENSP00000259008,BRIP1,FANCC,0.913
9606.ENSP00000259008,BRIP1,FANCL,0.912
9606.ENSP00000259008,BRIP1,FANCA,0.907
9606.ENSP00000259008,BRIP1,SLX4,0.907
9606.ENSP00000259008,BRIP1,CLSPN,0.904
9606.ENSP00000259008,BRIP1,RBBP8,0.902
9606.ENSP00000259089,BLK,FAM167A,0.978
9606.ENSP00000259089,BLK,CD79A,0.956
9606.ENSP00000259089,BLK,CD79B,0.921
9606.ENSP00000259089,BLK,BANK1,0.912
9606.ENSP00000260408,ADAM10,TSPAN33,0.987
9606.ENSP00000260408,ADAM10,DLG1,0.982
9606.ENSP00000260408,ADAM10,TSPAN14,0.977
9606.ENSP00000260408,ADAM10,TSPAN5,0.973
9606.ENSP00000260408,ADAM10,ADAM17,0.958
9606.ENSP00000260408,ADAM10,HBEGF,0.954
9606.ENSP00000260408,ADAM10,TSPAN15,0.952
9606.ENSP00000260408,ADAM10,APP,0.95
9606.ENSP00000260408,ADAM10,EFNA2,0.932
9606.ENSP00000260408,ADAM10,NOTCH1,0.924
9606.ENSP00000260408,ADAM10,BACE1,0.922
9606.ENSP00000260408,ADAM10,PSEN1,0.905
9606.ENSP00000260947,BARD1,UIMC1,0.999
9606.ENSP00000260947,BARD1,RAD51,0.999
9606.ENSP00000260947,BARD1,RBBP8,0.999
9606.ENSP00000260947,BARD1,BRCA2,0.999
9606.ENSP00000260947,BARD1,MRE11,0.999
9606.ENSP00000260947,BARD1,ABRAXAS1,0.999
9606.ENSP00000260947,BARD1,BRCA1,0.999
9606.ENSP00000260947,BARD1,BABAM2,0.999
9606.ENSP00000260947,BARD1,BRIP1,0.999
9606.ENSP00000260947,BARD1,BRCC3,0.999
9606.ENSP00000260947,BARD1,TOPBP1,0.998
9606.ENSP00000260947,BARD1,NBN,0.998
9606.ENSP00000260947,BARD1,BABAM1,0.998
9606.ENSP00000260947,BARD1,CSTF1,0.997
9606.ENSP00000260947,BARD1,RAD50,0.997
9606.ENSP00000260947,BARD1,BAP1,0.994
9606.ENSP00000260947,BARD1,PALB2,0.987
9606.ENSP00000260947,BARD1,UBE2D3,0.983
9606.ENSP00000260947,BARD1,TP53,0.982
9606.ENSP00000260947,BARD1,H2AC8,0.981
9606.ENSP00000260947,BARD1,H4C6,0.981
9606.ENSP00000260947,BARD1,RNF2,0.98
9606.ENSP00000260947,BARD1,H2BC21,0.978
9606.ENSP00000260947,BARD1,UBC,0.97
9606.ENSP00000260947,BARD1,RAD51C,0.967
9606.ENSP00000260947,BARD1,UBE2S,0.961
9606.ENSP00000260947,BARD1,OLA1,0.958
9606.ENSP00000260947,BARD1,H2BC11,0.956
9606.ENSP00000260947,BARD1,H2BC12,0.955
9606.ENSP00000260947,BARD1,MDC1,0.954
9606.ENSP00000260947,BARD1,UBB,0.954
9606.ENSP00000260947,BARD1,RPS27A,0.953
9606.ENSP00000260947,BARD1,UBE2D1,0.953
9606.ENSP00000260947,BARD1,H2AC13,0.953
9606.ENSP00000260947,BARD1,UBA52,0.953
9606.ENSP00000260947,BARD1,H2AC6,0.951
9606.ENSP00000260947,BARD1,H3C1,0.946
9606.ENSP00000260947,BARD1,ATM,0.946
9606.ENSP00000260947,BARD1,RAD51D,0.94
9606.ENSP00000260947,BARD1,CHEK2,0.937
9606.ENSP00000260947,BARD1,UBE2C,0.936
9606.ENSP00000260947,BARD1,XRCC6,0.936
9606.ENSP00000260947,BARD1,H3C12,0.935
9606.ENSP00000260947,BARD1,RING1,0.926
9606.ENSP00000260947,BARD1,MSH6,0.925
9606.ENSP00000260947,BARD1,BMI1,0.924
9606.ENSP00000260947,BARD1,CDC16,0.92
9606.ENSP00000260947,BARD1,ANAPC11,0.917
9606.ENSP00000260947,BARD1,H3C2,0.916
9606.ENSP00000260947,BARD1,ANAPC2,0.916
9606.ENSP00000260947,BARD1,ANAPC4,0.916
9606.ENSP00000260947,BARD1,ANAPC5,0.915
9606.ENSP00000260947,BARD1,CDC27,0.914
9606.ENSP00000260947,BARD1,H3C10,0.914
9606.ENSP00000260947,BARD1,H3C3,0.914
9606.ENSP00000260947,BARD1,H4C3,0.913
9606.ENSP00000260947,BARD1,H3C6,0.913
9606.ENSP00000260947,BARD1,CDC23,0.913
9606.ENSP00000260947,BARD1,H2AC17,0.912
9606.ENSP00000260947,BARD1,H3C8,0.912
9606.ENSP00000260947,BARD1,H3C4,0.911
9606.ENSP00000260947,BARD1,CUL7,0.911
9606.ENSP00000260947,BARD1,H3C7,0.911
9606.ENSP00000260947,BARD1,H3C11,0.911
9606.ENSP00000260947,BARD1,ANAPC1,0.91
9606.ENSP00000260947,BARD1,H4C2,0.91
9606.ENSP00000260947,BARD1,PCGF2,0.91
9606.ENSP00000260947,BARD1,CBX8,0.909
9606.ENSP00000260947,BARD1,H4C13,0.909
9606.ENSP00000260947,BARD1,H2AC4,0.909
9606.ENSP00000260947,BARD1,H2AC16,0.908
9606.ENSP00000260947,BARD1,H2AC11,0.908
9606.ENSP00000260947,BARD1,RNF8,0.908
9606.ENSP00000260947,BARD1,H4C4,0.907
9606.ENSP00000260947,BARD1,H4C15,0.907
9606.ENSP00000260947,BARD1,H4C14,0.907
9606.ENSP00000260947,BARD1,H4C1,0.907
9606.ENSP00000260947,BARD1,H4C12,0.907
9606.ENSP00000260947,BARD1,CDC26,0.907
9606.ENSP00000260947,BARD1,H4C11,0.907
9606.ENSP00000260947,BARD1,H4C8,0.907
9606.ENSP00000260947,BARD1,H4C5,0.907
9606.ENSP00000260947,BARD1,H4-16,0.907
9606.ENSP00000260947,BARD1,H4C9,0.907
9606.ENSP00000260947,BARD1,ANAPC7,0.906
9606.ENSP00000260947,BARD1,H2AC15,0.906
9606.ENSP00000260947,BARD1,PHC1,0.905
9606.ENSP00000260947,BARD1,BCOR,0.905
9606.ENSP00000260947,BARD1,XRCC3,0.905
9606.ENSP00000260947,BARD1,ANAPC10,0.904
9606.ENSP00000260947,BARD1,CBX2,0.904
9606.ENSP00000260947,BARD1,CBX4,0.903
9606.ENSP00000260947,BARD1,ANAPC16,0.903
9606.ENSP00000260947,BARD1,ANAPC13,0.902
9606.ENSP00000260947,BARD1,PHC2,0.901
9606.ENSP00000260947,BARD1,PCGF6,0.901
9606.ENSP00000260947,BARD1,ANAPC15,0.901
9606.ENSP00000260947,BARD1,PHC3,0.9
9606.ENSP00000261200,ABCC9,KCNJ8,0.999
9606.ENSP00000261200,ABCC9,KCNJ11,0.999
9606.ENSP00000261254,CCND2,CDK4,0.999
9606.ENSP00000261254,CCND2,CDK6,0.999
9606.ENSP00000261254,CCND2,CDKN1A,0.999
9606.ENSP00000261254,CCND2,CDKN1B,0.999
9606.ENSP00000261254,CCND2,CDK2,0.995
9606.ENSP00000261254,CCND2,CDKN1C,0.994
9606.ENSP00000261254,CCND2,RBL2,0.99
9606.ENSP00000261254,CCND2,CDKN2A,0.99
9606.ENSP00000261254,CCND2,RB1,0.988
9606.ENSP00000261254,CCND2,PCNA,0.971
9606.ENSP00000261254,CCND2,CDKN2C,0.963
9606.ENSP00000261254,CCND2,CDKN2D,0.963
9606.ENSP00000261254,CCND2,CDKN2B,0.962
9606.ENSP00000261254,CCND2,CDC25A,0.955
9606.ENSP00000261254,CCND2,CDK5,0.951
9606.ENSP00000261254,CCND2,CCND1,0.942
9606.ENSP00000261254,CCND2,GSK3B,0.938
9606.ENSP00000261254,CCND2,CCND3,0.937
9606.ENSP00000261254,CCND2,RBL1,0.924
9606.ENSP00000261733,ALDH2,ADH1B,0.995
9606.ENSP00000261733,ALDH2,ADH1C,0.989
9606.ENSP00000261733,ALDH2,MAOA,0.982
9606.ENSP00000261733,ALDH2,ADH4,0.979
9606.ENSP00000261733,ALDH2,AOC3,0.976
9606.ENSP00000261733,ALDH2,ADH1A,0.975
9606.ENSP00000261733,ALDH2,MAOB,0.975
9606.ENSP00000261733,ALDH2,ADH7,0.968
9606.ENSP00000261733,ALDH2,AOC2,0.968
9606.ENSP00000261733,ALDH2,ADH6,0.965
9606.ENSP00000261733,ALDH2,ADH5,0.965
9606.ENSP00000261733,ALDH2,ALDH6A1,0.961
9606.ENSP00000261733,ALDH2,ACSS2,0.954
9606.ENSP00000261733,ALDH2,ACSS1,0.951
9606.ENSP00000261733,ALDH2,ALDH1B1,0.945
9606.ENSP00000261733,ALDH2,ABAT,0.945
9606.ENSP00000261733,ALDH2,AKR1A1,0.944
9606.ENSP00000261733,ALDH2,AKR1B1,0.944
9606.ENSP00000261733,ALDH2,AGXT2,0.942
9606.ENSP00000261733,ALDH2,EHHADH,0.94
9606.ENSP00000261733,ALDH2,HIBADH,0.939
9606.ENSP00000261733,ALDH2,AOC1,0.939
9606.ENSP00000261733,ALDH2,GAD1,0.933
9606.ENSP00000261733,ALDH2,ALDH3A2,0.932
9606.ENSP00000261733,ALDH2,AKR1B10,0.93
9606.ENSP00000261733,ALDH2,ACSF3,0.93
9606.ENSP00000261733,ALDH2,GAD2,0.927
9606.ENSP00000261733,ALDH2,GATM,0.925
9606.ENSP00000261733,ALDH2,BBOX1,0.924
9606.ENSP00000261733,ALDH2,AVP,0.923
9606.ENSP00000261733,ALDH2,GADL1,0.923
9606.ENSP00000261733,ALDH2,CYP4A11,0.923
9606.ENSP00000261733,ALDH2,UPB1,0.92
9606.ENSP00000261733,ALDH2,CYP4A22,0.919
9606.ENSP00000261733,ALDH2,GLYCTK,0.918
9606.ENSP00000261733,ALDH2,ASMT,0.915
9606.ENSP00000261733,ALDH2,CNDP2,0.912
9606.ENSP00000261733,ALDH2,CNDP1,0.91
9606.ENSP00000261733,ALDH2,ACOT12,0.907
9606.ENSP00000261733,ALDH2,ACOX1,0.906
9606.ENSP00000261733,ALDH2,ACADS,0.906
9606.ENSP00000261733,ALDH2,ACYP2,0.906
9606.ENSP00000261733,ALDH2,CARNS1,0.906
9606.ENSP00000261733,ALDH2,ACYP1,0.9
9606.ENSP00000262030,ATP5F1B,ATP5F1A,0.999
9606.ENSP00000262030,ATP5F1B,ATP5PD,0.999
9606.ENSP00000262030,ATP5F1B,MT-ATP6,0.999
9606.ENSP00000262030,ATP5F1B,ATP5PF,0.999
9606.ENSP00000262030,ATP5F1B,ATP5PO,0.999
9606.ENSP00000262030,ATP5F1B,ATP5ME,0.999
9606.ENSP00000262030,ATP5F1B,ATP5MF,0.999
9606.ENSP00000262030,ATP5F1B,ATP5PB,0.999
9606.ENSP00000262030,ATP5F1B,ATP5MG,0.999
9606.ENSP00000262030,ATP5F1B,ATP5F1D,0.999
9606.ENSP00000262030,ATP5F1B,ATP5F1C,0.999
9606.ENSP00000262030,ATP5F1B,ATP5F1E,0.999
9606.ENSP00000262030,ATP5F1B,ATP5MD,0.997
9606.ENSP00000262030,ATP5F1B,ATP5MPL,0.995
9606.ENSP00000262030,ATP5F1B,ATP5MC3,0.995
9606.ENSP00000262030,ATP5F1B,ATP5MC1,0.995
9606.ENSP00000262030,ATP5F1B,MT-ATP8,0.995
9606.ENSP00000262030,ATP5F1B,ATP5MC2,0.99
9606.ENSP00000262030,ATP5F1B,H7C0C1_HUMAN,0.985
9606.ENSP00000262030,ATP5F1B,ATPAF1,0.983
9606.ENSP00000262030,ATP5F1B,ATPAF2,0.981
9606.ENSP00000262030,ATP5F1B,ATP6V1B2,0.98
9606.ENSP00000262030,ATP5F1B,NDUFS1,0.977
9606.ENSP00000262030,ATP5F1B,CYC1,0.976
9606.ENSP00000262030,ATP5F1B,NDUFS2,0.97
9606.ENSP00000262030,ATP5F1B,UQCRC1,0.969
9606.ENSP00000262030,ATP5F1B,ATP5IF1,0.966
9606.ENSP00000262030,ATP5F1B,SLC25A3,0.964
9606.ENSP00000262030,ATP5F1B,ATP5MGL,0.964
9606.ENSP00000262030,ATP5F1B,ATP6V1E1,0.961
9606.ENSP00000262030,ATP5F1B,ATP6V1A,0.96
9606.ENSP00000262030,ATP5F1B,COX4I1,0.952
9606.ENSP00000262030,ATP5F1B,COX5A,0.952
9606.ENSP00000262030,ATP5F1B,NDUFA9,0.95
9606.ENSP00000262030,ATP5F1B,UQCRC2,0.942
9606.ENSP00000262030,ATP5F1B,ATP6V1B1,0.942
9606.ENSP00000262030,ATP5F1B,NDUFA10,0.938
9606.ENSP00000262030,ATP5F1B,MDH2,0.921
9606.ENSP00000262030,ATP5F1B,GBE1,0.918
9606.ENSP00000262030,ATP5F1B,CS,0.917
9606.ENSP00000262030,ATP5F1B,SDHA,0.917
9606.ENSP00000262030,ATP5F1B,ATP6V1G1,0.916
9606.ENSP00000262030,ATP5F1B,UQCRFS1,0.914
9606.ENSP00000262053,ATF1,RPS6KA5,0.96
9606.ENSP00000262053,ATF1,CREB1,0.947
9606.ENSP00000262053,ATF1,ATF2,0.946
9606.ENSP00000262053,ATF1,CREB3L2,0.93
9606.ENSP00000262320,AXIN1,BTRC,0.999
9606.ENSP00000262320,AXIN1,GSK3A,0.999
9606.ENSP00000262320,AXIN1,CTNNB1,0.999
9606.ENSP00000262320,AXIN1,DVL1,0.999
9606.ENSP00000262320,AXIN1,AXIN2,0.999
9606.ENSP00000262320,AXIN1,LRP6,0.999
9606.ENSP00000262320,AXIN1,APC,0.999
9606.ENSP00000262320,AXIN1,CSNK1A1,0.999
9606.ENSP00000262320,AXIN1,GSK3B,0.999
9606.ENSP00000262320,AXIN1,DVL2,0.999
9606.ENSP00000262320,AXIN1,AMER1,0.999
9606.ENSP00000262320,AXIN1,LRP5,0.999
9606.ENSP00000262320,AXIN1,TNKS,0.998
9606.ENSP00000262320,AXIN1,SIAH1,0.996
9606.ENSP00000262320,AXIN1,TNKS2,0.996
9606.ENSP00000262320,AXIN1,STK11,0.993
9606.ENSP00000262320,AXIN1,CSNK1E,0.993
9606.ENSP00000262320,AXIN1,ADAR,0.993
9606.ENSP00000262320,AXIN1,APC2,0.993
9606.ENSP00000262320,AXIN1,FRAT1,0.992
9606.ENSP00000262320,AXIN1,ANKRD6,0.991
9606.ENSP00000262320,AXIN1,DVL3,0.99
9606.ENSP00000262320,AXIN1,TCHP,0.989
9606.ENSP00000262320,AXIN1,CHKA,0.989
9606.ENSP00000262320,AXIN1,HIPK2,0.979
9606.ENSP00000262320,AXIN1,TCF7,0.974
9606.ENSP00000262320,AXIN1,WNT3A,0.964
9606.ENSP00000262320,AXIN1,LEF1,0.959
9606.ENSP00000262320,AXIN1,RNF111,0.951
9606.ENSP00000262320,AXIN1,CSNK1A1L,0.938
9606.ENSP00000262320,AXIN1,MAP3K1,0.938
9606.ENSP00000262320,AXIN1,FZD1,0.928
9606.ENSP00000262320,AXIN1,HNF4A,0.926
9606.ENSP00000262320,AXIN1,SMAD7,0.924
9606.ENSP00000262320,AXIN1,WNT1,0.918
9606.ENSP00000262320,AXIN1,AKT1,0.912
9606.ENSP00000262320,AXIN1,TCF7L2,0.912
9606.ENSP00000262320,AXIN1,LAMTOR1,0.906
9606.ENSP00000262320,AXIN1,TP53,0.905
9606.ENSP00000262320,AXIN1,CACYBP,0.905
9606.ENSP00000262320,AXIN1,DIXDC1,0.904
9606.ENSP00000262320,AXIN1,PPP2CA,0.902
9606.ENSP00000262320,AXIN1,RNF146,0.902
9606.ENSP00000262623,ATP4A,ATP4B,0.999
9606.ENSP00000262623,ATP4A,PPA1,0.961
9606.ENSP00000262623,ATP4A,CYP2C19,0.948
9606.ENSP00000262623,ATP4A,GAST,0.935
9606.ENSP00000262623,ATP4A,ATP6V1B1,0.927
9606.ENSP00000262623,ATP4A,TCIRG1,0.927
9606.ENSP00000262623,ATP4A,PPA2,0.926
9606.ENSP00000262623,ATP4A,LHPP,0.913
9606.ENSP00000262623,ATP4A,ATP6V0A4,0.908
9606.ENSP00000262623,ATP4A,ATP12A,0.902
9606.ENSP00000262643,CCNE1,CDK4,0.999
9606.ENSP00000262643,CCNE1,CDK6,0.999
9606.ENSP00000262643,CCNE1,CDKN1A,0.999
9606.ENSP00000262643,CCNE1,CDK2,0.999
9606.ENSP00000262643,CCNE1,CDKN1B,0.999
9606.ENSP00000262643,CCNE1,FBXW7,0.998
9606.ENSP00000262643,CCNE1,RB1,0.994
9606.ENSP00000262643,CCNE1,CDC25A,0.991
9606.ENSP00000262643,CCNE1,SKP1,0.991
9606.ENSP00000262643,CCNE1,SKP2,0.99
9606.ENSP00000262643,CCNE1,RBL2,0.99
9606.ENSP00000262643,CCNE1,CDKN1C,0.973
9606.ENSP00000262643,CCNE1,CDK1,0.972
9606.ENSP00000262643,CCNE1,RBL1,0.967
9606.ENSP00000262643,CCNE1,CUL1,0.959
9606.ENSP00000262643,CCNE1,CCNE2,0.956
9606.ENSP00000262643,CCNE1,E2F1,0.942
9606.ENSP00000262643,CCNE1,RBX1,0.93
9606.ENSP00000262643,CCNE1,TP53,0.926
9606.ENSP00000262643,CCNE1,CDK3,0.926
9606.ENSP00000262643,CCNE1,MYC,0.908
9606.ENSP00000262643,CCNE1,E2F2,0.908
9606.ENSP00000262643,CCNE1,CCNA1,0.907
9606.ENSP00000262643,CCNE1,CCNA2,0.903
9606.ENSP00000262643,CCNE1,CDC6,0.902
9606.ENSP00000262713,AJUBA,LATS2,0.983
9606.ENSP00000262713,AJUBA,LATS1,0.974
9606.ENSP00000262713,AJUBA,SAV1,0.958
9606.ENSP00000262713,AJUBA,LIMD1,0.925
9606.ENSP00000262713,AJUBA,WTIP,0.91
9606.ENSP00000263094,ABCA7,APOA1,0.992
9606.ENSP00000263102,CCDC6,NCOA4,0.989
9606.ENSP00000263102,CCDC6,RET,0.989
9606.ENSP00000263102,CCDC6,PPP4C,0.917
9606.ENSP00000263102,CCDC6,MPST,0.906
9606.ENSP00000263377,BRD4,CDK9,0.999
9606.ENSP00000263377,BRD4,JMJD6,0.999
9606.ENSP00000263377,BRD4,CCNT1,0.999
9606.ENSP00000263377,BRD4,NSD3,0.999
9606.ENSP00000263377,BRD4,RELA,0.999
9606.ENSP00000263377,BRD4,H4C6,0.999
9606.ENSP00000263377,BRD4,H3-3B,0.995
9606.ENSP00000263377,BRD4,H3C13,0.993
9606.ENSP00000263377,BRD4,H4C7,0.993
9606.ENSP00000263377,BRD4,H3C12,0.992
9606.ENSP00000263377,BRD4,H3-4,0.991
9606.ENSP00000263377,BRD4,H3-5,0.99
9606.ENSP00000263377,BRD4,H3-2,0.99
9606.ENSP00000263377,BRD4,TP53,0.99
9606.ENSP00000263377,BRD4,CHD4,0.989
9606.ENSP00000263377,BRD4,EP300,0.988
9606.ENSP00000263377,BRD4,HEXIM1,0.987
9606.ENSP00000263377,BRD4,DEFB1,0.984
9606.ENSP00000263377,BRD4,NUTM1,0.981
9606.ENSP00000263377,BRD4,CCNT2,0.981
9606.ENSP00000263377,BRD4,CRBN,0.978
9606.ENSP00000263377,BRD4,AR,0.969
9606.ENSP00000263377,BRD4,BRD2,0.961
9606.ENSP00000263377,BRD4,BRD3,0.96
9606.ENSP00000263377,BRD4,FOXO3,0.96
9606.ENSP00000263377,BRD4,CHD8,0.957
9606.ENSP00000263377,BRD4,SMARCA4,0.957
9606.ENSP00000263377,BRD4,HDAC1,0.954
9606.ENSP00000263377,BRD4,CDK7,0.954
9606.ENSP00000263377,BRD4,NIPBL,0.95
9606.ENSP00000263377,BRD4,NSD2,0.941
9606.ENSP00000263377,BRD4,ATAD5,0.941
9606.ENSP00000263377,BRD4,MYC,0.941
9606.ENSP00000263377,BRD4,VHL,0.939
9606.ENSP00000263377,BRD4,POLR2A,0.933
9606.ENSP00000263377,BRD4,BICRA,0.927
9606.ENSP00000263377,BRD4,BRDT,0.926
9606.ENSP00000263377,BRD4,ELOC,0.921
9606.ENSP00000263377,BRD4,ELOB,0.921
9606.ENSP00000263377,BRD4,E2F1,0.918
9606.ENSP00000263377,BRD4,BRD9,0.917
9606.ENSP00000263377,BRD4,SPOP,0.914
9606.ENSP00000263464,BIRC3,TNFRSF1A,0.999
9606.ENSP00000263464,BIRC3,TRAF3,0.999
9606.ENSP00000263464,BIRC3,TRAF2,0.999
9606.ENSP00000263464,BIRC3,RIPK1,0.999
9606.ENSP00000263464,BIRC3,TRAF1,0.999
9606.ENSP00000263464,BIRC3,UBE2D2,0.998
9606.ENSP00000263464,BIRC3,TRADD,0.998
9606.ENSP00000263464,BIRC3,DIABLO-2,0.997
9606.ENSP00000263464,BIRC3,CASP3,0.997
9606.ENSP00000263464,BIRC3,TRAF5,0.997
9606.ENSP00000263464,BIRC3,CASP9,0.996
9606.ENSP00000263464,BIRC3,BIRC2,0.996
9606.ENSP00000263464,BIRC3,BECN1,0.995
9606.ENSP00000263464,BIRC3,XIAP,0.994
9606.ENSP00000263464,BIRC3,DIABLO,0.993
9606.ENSP00000263464,BIRC3,CASP7,0.989
9606.ENSP00000263464,BIRC3,RIPK2,0.988
9606.ENSP00000263464,BIRC3,TRAF6,0.988
9606.ENSP00000263464,BIRC3,HTRA2,0.972
9606.ENSP00000263464,BIRC3,TNF,0.964
9606.ENSP00000263464,BIRC3,RIPK3,0.963
9606.ENSP00000263464,BIRC3,FADD,0.96
9606.ENSP00000263464,BIRC3,UBE2N,0.952
9606.ENSP00000263464,BIRC3,SHARPIN,0.947
9606.ENSP00000263464,BIRC3,RNF31,0.946
9606.ENSP00000263464,BIRC3,CYLD,0.944
9606.ENSP00000263464,BIRC3,GAPDH,0.944
9606.ENSP00000263464,BIRC3,MAP3K7,0.942
9606.ENSP00000263464,BIRC3,RBCK1,0.942
9606.ENSP00000263464,BIRC3,NFKB1,0.939
9606.ENSP00000263464,BIRC3,IKBKG,0.936
9606.ENSP00000263464,BIRC3,UBE2D1,0.935
9606.ENSP00000263464,BIRC3,BCL10,0.935
9606.ENSP00000263464,BIRC3,TNFRSF1B,0.934
9606.ENSP00000263464,BIRC3,SEPTIN4,0.933
9606.ENSP00000263464,BIRC3,MYD88,0.926
9606.ENSP00000263464,BIRC3,CASP8,0.922
9606.ENSP00000263464,BIRC3,TNFAIP3,0.916
9606.ENSP00000263464,BIRC3,CD40,0.914
9606.ENSP00000263519,ATP2B3,PRKACA,0.932
9606.ENSP00000263519,ATP2B3,PRKACB,0.93
9606.ENSP00000263519,ATP2B3,PRKACG,0.926
9606.ENSP00000263519,ATP2B3,PRKG1,0.906
9606.ENSP00000263519,ATP2B3,PRKG2,0.906
9606.ENSP00000263620,ARID3A,TP53,0.929
9606.ENSP00000264033,CBL,MET,0.999
9606.ENSP00000264033,CBL,GRB2,0.999
9606.ENSP00000264033,CBL,RAPGEF1,0.999
9606.ENSP00000264033,CBL,SRC,0.999
9606.ENSP00000264033,CBL,ZAP70,0.999
9606.ENSP00000264033,CBL,EGFR,0.999
9606.ENSP00000264033,CBL,SPRY2,0.999
9606.ENSP00000264033,CBL,CRKL,0.999
9606.ENSP00000264033,CBL,CRK,0.999
9606.ENSP00000264033,CBL,SH3KBP1,0.999
9606.ENSP00000264033,CBL,PIK3R1,0.999
9606.ENSP00000264033,CBL,UBE2L3,0.998
9606.ENSP00000264033,CBL,FYN,0.998
9606.ENSP00000264033,CBL,SYK,0.997
9606.ENSP00000264033,CBL,VAV1,0.997
9606.ENSP00000264033,CBL,SHC1,0.996
9606.ENSP00000264033,CBL,ABL1,0.996
9606.ENSP00000264033,CBL,UBE2D2,0.994
9606.ENSP00000264033,CBL,UBC,0.994
9606.ENSP00000264033,CBL,SH2B2,0.991
9606.ENSP00000264033,CBL,ARHGEF7,0.989
9606.ENSP00000264033,CBL,SORBS1,0.989
9606.ENSP00000264033,CBL,CD2AP,0.988
9606.ENSP00000264033,CBL,LYN,0.987
9606.ENSP00000264033,CBL,PLCG1,0.984
9606.ENSP00000264033,CBL,LCK,0.982
9606.ENSP00000264033,CBL,LCP2,0.981
9606.ENSP00000264033,CBL,SLA2,0.975
9606.ENSP00000264033,CBL,BCR,0.971
9606.ENSP00000264033,CBL,BLNK,0.967
9606.ENSP00000264033,CBL,INPPL1,0.965
9606.ENSP00000264033,CBL,CSF1R,0.964
9606.ENSP00000264033,CBL,UBASH3A,0.961
9606.ENSP00000264033,CBL,TGFBR2,0.96
9606.ENSP00000264033,CBL,NCK1,0.958
9606.ENSP00000264033,CBL,KIT,0.957
9606.ENSP00000264033,CBL,RPS27A,0.954
9606.ENSP00000264033,CBL,PIK3R2,0.954
9606.ENSP00000264033,CBL,GRAP2,0.953
9606.ENSP00000264033,CBL,UBB,0.951
9606.ENSP00000264033,CBL,PTPN11,0.951
9606.ENSP00000264033,CBL,UBA52,0.948
9606.ENSP00000264033,CBL,CBLB,0.948
9606.ENSP00000264033,CBL,UBASH3B,0.947
9606.ENSP00000264033,CBL,FN1,0.944
9606.ENSP00000264033,CBL,ERBB2,0.944
9606.ENSP00000264033,CBL,SH3GL2,0.942
9606.ENSP00000264033,CBL,PTK2B,0.935
9606.ENSP00000264033,CBL,TCN1,0.934
9606.ENSP00000264033,CBL,HCK,0.93
9606.ENSP00000264033,CBL,SLA,0.93
9606.ENSP00000264033,CBL,INSR,0.929
9606.ENSP00000264033,CBL,SORBS2,0.927
9606.ENSP00000264033,CBL,BCAR1,0.926
9606.ENSP00000264033,CBL,EPHA2,0.926
9606.ENSP00000264033,CBL,FRS2,0.924
9606.ENSP00000264033,CBL,PDGFRA,0.919
9606.ENSP00000264033,CBL,TCN2,0.917
9606.ENSP00000264033,CBL,SH3GL3,0.914
9606.ENSP00000264033,CBL,CDC42,0.912
9606.ENSP00000264033,CBL,CBLC,0.912
9606.ENSP00000264033,CBL,CTNNB1,0.91
9606.ENSP00000264033,CBL,UBE2L5,0.909
9606.ENSP00000264033,CBL,TRAF6,0.905
9606.ENSP00000264033,CBL,SPRY1,0.903
9606.ENSP00000264183,ARID4B,SUDS3,0.997
9606.ENSP00000264183,ARID4B,SAP30,0.997
9606.ENSP00000264183,ARID4B,SIN3A,0.997
9606.ENSP00000264183,ARID4B,SIN3B,0.993
9606.ENSP00000264183,ARID4B,HDAC1,0.99
9606.ENSP00000264183,ARID4B,HDAC2,0.988
9606.ENSP00000264183,ARID4B,RBBP4,0.987
9606.ENSP00000264183,ARID4B,PHF12,0.981
9606.ENSP00000264183,ARID4B,ING1,0.975
9606.ENSP00000264183,ARID4B,RBBP7,0.97
9606.ENSP00000264183,ARID4B,SAP130,0.969
9606.ENSP00000264183,ARID4B,SAP18,0.957
9606.ENSP00000264183,ARID4B,BRMS1L,0.951
9606.ENSP00000264183,ARID4B,ING2,0.951
9606.ENSP00000264183,ARID4B,SINHCAF,0.945
9606.ENSP00000264183,ARID4B,BRMS1,0.929
9606.ENSP00000264183,ARID4B,ARID4A,0.925
9606.ENSP00000264436,ADD2,DMTN,0.996
9606.ENSP00000264436,ADD2,EPB41,0.993
9606.ENSP00000264436,ADD2,ADD1,0.992
9606.ENSP00000264436,ADD2,ANK2,0.979
9606.ENSP00000264436,ADD2,ANK1,0.979
9606.ENSP00000264436,ADD2,ANK3,0.96
9606.ENSP00000264436,ADD2,TMOD4,0.952
9606.ENSP00000264436,ADD2,TMOD1,0.948
9606.ENSP00000264436,ADD2,TMOD2,0.944
9606.ENSP00000264436,ADD2,TMOD3,0.944
9606.ENSP00000264436,ADD2,GYPC,0.902
9606.ENSP00000264645,CASC3,UPF3A,0.999
9606.ENSP00000264645,CASC3,EIF4A3,0.999
9606.ENSP00000264645,CASC3,RBM8A,0.999
9606.ENSP00000264645,CASC3,UPF3B,0.999
9606.ENSP00000264645,CASC3,UPF1,0.999
9606.ENSP00000264645,CASC3,MAGOH,0.999
9606.ENSP00000264645,CASC3,MAGOHB,0.999
9606.ENSP00000264645,CASC3,UPF2,0.994
9606.ENSP00000264645,CASC3,CWC22,0.992
9606.ENSP00000264645,CASC3,SNRNP200,0.983
9606.ENSP00000264645,CASC3,CWC25,0.981
9606.ENSP00000264645,CASC3,PRPF8,0.98
9606.ENSP00000264645,CASC3,ISY1,0.979
9606.ENSP00000264645,CASC3,YJU2,0.979
9606.ENSP00000264645,CASC3,AQR,0.954
9606.ENSP00000264645,CASC3,PYM1,0.951
9606.ENSP00000264645,CASC3,RNPS1,0.929
9606.ENSP00000264645,CASC3,CCDC9,0.927
9606.ENSP00000264645,CASC3,PRPF19,0.911
9606.ENSP00000264645,CASC3,RBM22,0.908
9606.ENSP00000264645,CASC3,DHX38,0.907
9606.ENSP00000264645,CASC3,ISY1-RAB43,0.9
9606.ENSP00000264705,CAD,DHODH,0.994
9606.ENSP00000264705,CAD,ASS1,0.994
9606.ENSP00000264705,CAD,PPAT,0.991
9606.ENSP00000264705,CAD,OTC,0.975
9606.ENSP00000264705,CAD,GLUL,0.967
9606.ENSP00000264705,CAD,ADSS2,0.963
9606.ENSP00000264705,CAD,ADSS1,0.954
9606.ENSP00000264705,CAD,GFPT1,0.949
9606.ENSP00000264705,CAD,UMPS,0.946
9606.ENSP00000264705,CAD,ASNS,0.945
9606.ENSP00000264705,CAD,GFPT2,0.934
9606.ENSP00000264705,CAD,GOT2,0.931
9606.ENSP00000264705,CAD,GLS,0.93
9606.ENSP00000264705,CAD,GOT1,0.925
9606.ENSP00000264705,CAD,GLS2,0.918
9606.ENSP00000264705,CAD,GOT1L1,0.909
9606.ENSP00000264705,CAD,CPS1,0.908
9606.ENSP00000264705,CAD,ASRGL1,0.904
9606.ENSP00000264705,CAD,NAT8L,0.902
9606.ENSP00000264705,CAD,IL4I1,0.9
9606.ENSP00000264705,CAD,ASPA,0.9
9606.ENSP00000265343,AFF4,CCNT1,0.999
9606.ENSP00000265343,AFF4,AFF1,0.999
9606.ENSP00000265343,AFF4,CCNT2,0.999
9606.ENSP00000265343,AFF4,ELL2,0.999
9606.ENSP00000265343,AFF4,CDK9,0.999
9606.ENSP00000265343,AFF4,MLLT1,0.999
9606.ENSP00000265343,AFF4,ELL,0.999
9606.ENSP00000265343,AFF4,MLLT3,0.999
9606.ENSP00000265343,AFF4,ELL3,0.998
9606.ENSP00000265343,AFF4,EAF1,0.992
9606.ENSP00000265343,AFF4,EAF2,0.987
9606.ENSP00000265343,AFF4,CDC73,0.96
9606.ENSP00000265343,AFF4,SUPT5H,0.958
9606.ENSP00000265343,AFF4,CTR9,0.952
9606.ENSP00000265343,AFF4,NELFE,0.943
9606.ENSP00000265343,AFF4,LEO1,0.94
9606.ENSP00000265343,AFF4,RTF1,0.938
9606.ENSP00000265343,AFF4,ELOA,0.936
9606.ENSP00000265343,AFF4,ICE2,0.934
9606.ENSP00000265343,AFF4,SUPT4H1,0.934
9606.ENSP00000265343,AFF4,TCEA2,0.924
9606.ENSP00000265343,AFF4,KMT2A,0.924
9606.ENSP00000265343,AFF4,ICE1,0.923
9606.ENSP00000265343,AFF4,ZC3H8,0.922
9606.ENSP00000265343,AFF4,NELFB,0.919
9606.ENSP00000265343,AFF4,WDR61,0.918
9606.ENSP00000265343,AFF4,NELFA,0.917
9606.ENSP00000265343,AFF4,ERCC6,0.909
9606.ENSP00000265343,AFF4,ELOC,0.905
9606.ENSP00000265343,AFF4,ELOB,0.904
9606.ENSP00000265343,AFF4,ELP4,0.903
9606.ENSP00000265343,AFF4,PAF1,0.901
9606.ENSP00000265343,AFF4,PEX2,0.9
9606.ENSP00000265343,AFF4,NELFCD,0.9
9606.ENSP00000265602,AHI1,CC2D2A,0.996
9606.ENSP00000265602,AHI1,TMEM67,0.993
9606.ENSP00000265602,AHI1,NPHP1,0.993
9606.ENSP00000265602,AHI1,CEP290,0.988
9606.ENSP00000265602,AHI1,TMEM216,0.985
9606.ENSP00000265602,AHI1,TCTN1,0.979
9606.ENSP00000265602,AHI1,B9D1,0.976
9606.ENSP00000265602,AHI1,B9D2,0.968
9606.ENSP00000265602,AHI1,MKS1,0.965
9606.ENSP00000265602,AHI1,TCTN2,0.963
9606.ENSP00000265602,AHI1,TCTN3,0.961
9606.ENSP00000265602,AHI1,TMEM231,0.96
9606.ENSP00000265602,AHI1,RAB8A,0.958
9606.ENSP00000265602,AHI1,RPGRIP1L,0.941
9606.ENSP00000265602,AHI1,HAP1,0.926
9606.ENSP00000265602,AHI1,ARL13B,0.911
9606.ENSP00000265708,ADAM2,CLGN,0.972
9606.ENSP00000265709,ANK1,SLC4A1,0.999
9606.ENSP00000265709,ANK1,SPTB,0.999
9606.ENSP00000265709,ANK1,EPB41,0.997
9606.ENSP00000265709,ANK1,OBSCN,0.993
9606.ENSP00000265709,ANK1,NFASC,0.99
9606.ENSP00000265709,ANK1,ADD1,0.986
9606.ENSP00000265709,ANK1,ITPR3,0.984
9606.ENSP00000265709,ANK1,ADD3,0.984
9606.ENSP00000265709,ANK1,TTN,0.984
9606.ENSP00000265709,ANK1,EPB42,0.983
9606.ENSP00000265709,ANK1,RHAG,0.983
9606.ENSP00000265709,ANK1,NRCAM,0.983
9606.ENSP00000265709,ANK1,ADD2,0.979
9606.ENSP00000265709,ANK1,L1CAM,0.978
9606.ENSP00000265709,ANK1,SPTBN4,0.972
9606.ENSP00000265709,ANK1,GYPA,0.971
9606.ENSP00000265709,ANK1,CD44,0.971
9606.ENSP00000265709,ANK1,SPTBN1,0.968
9606.ENSP00000265709,ANK1,TIAM1,0.967
9606.ENSP00000265709,ANK1,SPTBN5,0.964
9606.ENSP00000265709,ANK1,ITPR1,0.964
9606.ENSP00000265709,ANK1,CHL1,0.958
9606.ENSP00000265709,ANK1,SPTA1,0.954
9606.ENSP00000265709,ANK1,GYPB,0.94
9606.ENSP00000265709,ANK1,RHCE,0.927
9606.ENSP00000265709,ANK1,ITPR2,0.922
9606.ENSP00000265709,ANK1,SPTAN1,0.91
9606.ENSP00000265709,ANK1,ANK3,0.909
9606.ENSP00000265709,ANK1,ANK2,0.906
9606.ENSP00000265709,ANK1,TRPV1,0.902
9606.ENSP00000265727,ADAM22,LGI1,0.999
9606.ENSP00000265727,ADAM22,DLG4,0.997
9606.ENSP00000265727,ADAM22,ADAM23,0.944
9606.ENSP00000265727,ADAM22,LGI4,0.943
9606.ENSP00000265727,ADAM22,CACNG2,0.937
9606.ENSP00000265727,ADAM22,LGI3,0.923
9606.ENSP00000265727,ADAM22,DLG2,0.912
9606.ENSP00000265727,ADAM22,LGI2,0.908
9606.ENSP00000265748,ANLN,RHOA,0.999
9606.ENSP00000265748,ANLN,RACGAP1,0.997
9606.ENSP00000265748,ANLN,ECT2,0.994
9606.ENSP00000265748,ANLN,KIF23,0.989
9606.ENSP00000265748,ANLN,DIAPH3,0.988
9606.ENSP00000265748,ANLN,KIF20A,0.949
9606.ENSP00000265748,ANLN,KIF11,0.947
9606.ENSP00000265748,ANLN,CEP55,0.93
9606.ENSP00000265748,ANLN,TPX2,0.923
9606.ENSP00000265748,ANLN,BUB1,0.917
9606.ENSP00000265748,ANLN,DLGAP5,0.914
9606.ENSP00000265748,ANLN,ASPM,0.9
9606.ENSP00000265872,CCAR1,PRPF40A,0.935
9606.ENSP00000265872,CCAR1,TCERG1,0.92
9606.ENSP00000265872,CCAR1,RBM5,0.91
9606.ENSP00000266376,CACNA1C,CALML3,0.999
9606.ENSP00000266376,CACNA1C,CALML6,0.999
9606.ENSP00000266376,CACNA1C,CACNB2,0.999
9606.ENSP00000266376,CACNA1C,CALML5,0.999
9606.ENSP00000266376,CACNA1C,CALM3,0.999
9606.ENSP00000266376,CACNA1C,CALML4,0.999
9606.ENSP00000266376,CACNA1C,CACNA2D1,0.998
9606.ENSP00000266376,CACNA1C,CACNB3,0.997
9606.ENSP00000266376,CACNA1C,CACNB1,0.988
9606.ENSP00000266376,CACNA1C,CACNA2D4,0.984
9606.ENSP00000266376,CACNA1C,CACNA2D2,0.982
9606.ENSP00000266376,CACNA1C,CACNA1S,0.982
9606.ENSP00000266376,CACNA1C,CALM1,0.981
9606.ENSP00000266376,CACNA1C,CACNA1D,0.981
9606.ENSP00000266376,CACNA1C,RYR2,0.981
9606.ENSP00000266376,CACNA1C,CACNA1F,0.978
9606.ENSP00000266376,CACNA1C,PRKACB,0.972
9606.ENSP00000266376,CACNA1C,PRKACA,0.971
9606.ENSP00000266376,CACNA1C,CALM2,0.97
9606.ENSP00000266376,CACNA1C,CACNB4,0.97
9606.ENSP00000266376,CACNA1C,PRKACG,0.961
9606.ENSP00000266376,CACNA1C,INS,0.956
9606.ENSP00000266376,CACNA1C,CACNG4,0.953
9606.ENSP00000266376,CACNA1C,PRKCA,0.953
9606.ENSP00000266376,CACNA1C,CACNA1A,0.952
9606.ENSP00000266376,CACNA1C,CACNG1,0.95
9606.ENSP00000266376,CACNA1C,STIM1,0.949
9606.ENSP00000266376,CACNA1C,RYR1,0.945
9606.ENSP00000266376,CACNA1C,ACTN1,0.94
9606.ENSP00000266376,CACNA1C,PRKG1,0.937
9606.ENSP00000266376,CACNA1C,HTR2A,0.937
9606.ENSP00000266376,CACNA1C,ADRB2,0.937
9606.ENSP00000266376,CACNA1C,CAV3,0.927
9606.ENSP00000266376,CACNA1C,PPP3CA,0.926
9606.ENSP00000266376,CACNA1C,NOS1,0.924
9606.ENSP00000266376,CACNA1C,PRKG2,0.924
9606.ENSP00000266376,CACNA1C,CACNG7,0.923
9606.ENSP00000266376,CACNA1C,CACNG8,0.92
9606.ENSP00000266376,CACNA1C,PPP3CB,0.92
9606.ENSP00000266376,CACNA1C,HTR2C,0.918
9606.ENSP00000266376,CACNA1C,KCNMA1,0.918
9606.ENSP00000266376,CACNA1C,CACNA1H,0.917
9606.ENSP00000266376,CACNA1C,PRKCG,0.916
9606.ENSP00000266376,CACNA1C,PRKCB,0.916
9606.ENSP00000266376,CACNA1C,HTR2B,0.916
9606.ENSP00000266376,CACNA1C,PPP3CC,0.915
9606.ENSP00000266376,CACNA1C,CACNG3,0.91
9606.ENSP00000266376,CACNA1C,PRNP,0.91
9606.ENSP00000266376,CACNA1C,PPP1CB,0.909
9606.ENSP00000266376,CACNA1C,PPP1CC,0.907
9606.ENSP00000266376,CACNA1C,PPP1CA,0.907
9606.ENSP00000266376,CACNA1C,CACNG6,0.901
9606.ENSP00000268070,ADAMTS17,FBN2,0.904
9606.ENSP00000268679,CBFA2T3,LDB1,0.991
9606.ENSP00000268679,CBFA2T3,LDB2,0.981
9606.ENSP00000268679,CBFA2T3,RUNX1,0.976
9606.ENSP00000268679,CBFA2T3,TAL1,0.958
9606.ENSP00000268679,CBFA2T3,GATA1,0.949
9606.ENSP00000268679,CBFA2T3,CBFA2T2,0.906
9606.ENSP00000269197,ASXL3,BAP1,0.917
9606.ENSP00000269701,AKAP8,AKAP1,0.903
9606.ENSP00000272286,ABCG8,ABCG5,0.999
9606.ENSP00000272286,ABCG8,ABCD4,0.94
9606.ENSP00000272286,ABCG8,ABCB6,0.926
9606.ENSP00000272286,ABCG8,ABCA2,0.922
9606.ENSP00000272286,ABCG8,SREBF2,0.914
9606.ENSP00000272286,ABCG8,NR1H3,0.903
9606.ENSP00000272286,ABCG8,XPR1,0.902
9606.ENSP00000272928,ACKR3,CXCL12,0.999
9606.ENSP00000272928,ACKR3,CXCL11,0.998
9606.ENSP00000272928,ACKR3,CXCR4,0.996
9606.ENSP00000272928,ACKR3,ARRB2,0.967
9606.ENSP00000272928,ACKR3,CCL21,0.904
9606.ENSP00000272928,ACKR3,IGHV3-16,0.9
9606.ENSP00000273395,BOC,DHH,0.998
9606.ENSP00000273395,BOC,IHH,0.998
9606.ENSP00000273395,BOC,SHH,0.996
9606.ENSP00000273395,BOC,PTCH1,0.993
9606.ENSP00000273395,BOC,GAS1,0.982
9606.ENSP00000273395,BOC,PTCH2,0.974
9606.ENSP00000273395,BOC,SMO,0.963
9606.ENSP00000273395,BOC,CDON,0.942
9606.ENSP00000273395,BOC,LRP2,0.916
9606.ENSP00000273859,ATP10D,TMEM30A,0.985
9606.ENSP00000273859,ATP10D,ATP10A,0.939
9606.ENSP00000273859,ATP10D,ATP10B,0.939
9606.ENSP00000273859,ATP10D,ATP11A,0.919
9606.ENSP00000273859,ATP10D,ATP8A1,0.918
9606.ENSP00000273859,ATP10D,ATP8B1,0.911
9606.ENSP00000274498,ARHGAP26,PKN3,0.937
9606.ENSP00000274498,ARHGAP26,RHOA,0.918
9606.ENSP00000276390,ATP6V1B2,ATP6V1H,0.999
9606.ENSP00000276390,ATP6V1B2,ATP6V1A,0.999
9606.ENSP00000276390,ATP6V1B2,ATP6V1E1,0.999
9606.ENSP00000276390,ATP6V1B2,ATP6V1F,0.999
9606.ENSP00000276390,ATP6V1B2,ATP6V0A4,0.999
9606.ENSP00000276390,ATP6V1B2,ATP6V1D,0.999
9606.ENSP00000276390,ATP6V1B2,ATP6V1C1,0.999
9606.ENSP00000276390,ATP6V1B2,ATP6V0D2,0.999
9606.ENSP00000276390,ATP6V1B2,ATP6V0D1,0.999
9606.ENSP00000276390,ATP6V1B2,ATP6V0C,0.999
9606.ENSP00000276390,ATP6V1B2,ATP6V1G1,0.999
9606.ENSP00000276390,ATP6V1B2,ATP6V0B,0.999
9606.ENSP00000276390,ATP6V1B2,LAMTOR1,0.998
9606.ENSP00000276390,ATP6V1B2,ATP6V1E2,0.998
9606.ENSP00000276390,ATP6V1B2,ATP6V0A1,0.998
9606.ENSP00000276390,ATP6V1B2,ATP6V1C2,0.996
9606.ENSP00000276390,ATP6V1B2,ATP6AP2,0.996
9606.ENSP00000276390,ATP6V1B2,ATP6AP1,0.995
9606.ENSP00000276390,ATP6V1B2,ATP6V0A2,0.994
9606.ENSP00000276390,ATP6V1B2,ATP6V1G2,0.993
9606.ENSP00000276390,ATP6V1B2,ATP6V0E1,0.993
9606.ENSP00000276390,ATP6V1B2,RNASEK,0.991
9606.ENSP00000276390,ATP6V1B2,ATP6V1B1,0.989
9606.ENSP00000276390,ATP6V1B2,TCIRG1,0.988
9606.ENSP00000276390,ATP6V1B2,ATP5F1B,0.98
9606.ENSP00000276390,ATP6V1B2,LIM2,0.975
9606.ENSP00000276390,ATP6V1B2,CNST,0.975
9606.ENSP00000276390,ATP6V1B2,ATP5F1C,0.967
9606.ENSP00000276390,ATP6V1B2,ATP5F1A,0.961
9606.ENSP00000276390,ATP6V1B2,ATP6V0E2,0.951
9606.ENSP00000276390,ATP6V1B2,TMEM199,0.936
9606.ENSP00000276390,ATP6V1B2,ATP6V1G3,0.934
9606.ENSP00000276390,ATP6V1B2,MEAK7,0.914
9606.ENSP00000276390,ATP6V1B2,ATP5F1D,0.913
9606.ENSP00000276390,ATP6V1B2,CCDC115,0.909
9606.ENSP00000276390,ATP6V1B2,ATP5MC3,0.905
9606.ENSP00000276390,ATP6V1B2,ATP5MC1,0.901
9606.ENSP00000276390,ATP6V1B2,ATP5MC2,0.9
9606.ENSP00000278616,ATM,BRCA1,0.999
9606.ENSP00000278616,ATM,CHEK2,0.999
9606.ENSP00000278616,ATM,MDC1,0.999
9606.ENSP00000278616,ATM,MSH6,0.999
9606.ENSP00000278616,ATM,TP53,0.999
9606.ENSP00000278616,ATM,MRE11,0.999
9606.ENSP00000278616,ATM,MSH2,0.999
9606.ENSP00000278616,ATM,NBN,0.999
9606.ENSP00000278616,ATM,ATR,0.999
9606.ENSP00000278616,ATM,TP53BP1,0.999
9606.ENSP00000278616,ATM,H2AX,0.998
9606.ENSP00000278616,ATM,CHEK1,0.998
9606.ENSP00000278616,ATM,XRCC5,0.998
9606.ENSP00000278616,ATM,ATRIP,0.998
9606.ENSP00000278616,ATM,KAT5,0.997
9606.ENSP00000278616,ATM,XRCC6,0.997
9606.ENSP00000278616,ATM,MLH1,0.997
9606.ENSP00000278616,ATM,BRCA2,0.995
9606.ENSP00000278616,ATM,RAD51,0.995
9606.ENSP00000278616,ATM,MDM2,0.995
9606.ENSP00000278616,ATM,BLM,0.991
9606.ENSP00000278616,ATM,RAD50,0.99
9606.ENSP00000278616,ATM,IKBKG,0.99
9606.ENSP00000278616,ATM,FANCD2,0.989
9606.ENSP00000278616,ATM,ABL1,0.988
9606.ENSP00000278616,ATM,LIG4,0.987
9606.ENSP00000278616,ATM,RAD17,0.983
9606.ENSP00000278616,ATM,NHEJ1,0.982
9606.ENSP00000278616,ATM,ATMIN,0.98
9606.ENSP00000278616,ATM,XRCC4,0.98
9606.ENSP00000278616,ATM,PIAS4,0.978
9606.ENSP00000278616,ATM,ERCC1,0.975
9606.ENSP00000278616,ATM,ERCC5,0.975
9606.ENSP00000278616,ATM,RBBP8,0.973
9606.ENSP00000278616,ATM,PRKDC,0.971
9606.ENSP00000278616,ATM,CDK2,0.966
9606.ENSP00000278616,ATM,ERCC4,0.965
9606.ENSP00000278616,ATM,PEX5,0.964
9606.ENSP00000278616,ATM,PAXIP1,0.963
9606.ENSP00000278616,ATM,EXO1,0.963
9606.ENSP00000278616,ATM,XPC,0.962
9606.ENSP00000278616,ATM,CASP8,0.961
9606.ENSP00000278616,ATM,RAD9A,0.961
9606.ENSP00000278616,ATM,TELO2,0.961
9606.ENSP00000278616,ATM,POLD1,0.96
9606.ENSP00000278616,ATM,DCLRE1C,0.956
9606.ENSP00000278616,ATM,WRN,0.955
9606.ENSP00000278616,ATM,TERF1,0.955
9606.ENSP00000278616,ATM,MDM4,0.954
9606.ENSP00000278616,ATM,TOPBP1,0.954
9606.ENSP00000278616,ATM,RPA2,0.95
9606.ENSP00000278616,ATM,DNA2,0.95
9606.ENSP00000278616,ATM,HDAC1,0.948
9606.ENSP00000278616,ATM,FANCI,0.946
9606.ENSP00000278616,ATM,BARD1,0.946
9606.ENSP00000278616,ATM,PAXX,0.946
9606.ENSP00000278616,ATM,PALB2,0.945
9606.ENSP00000278616,ATM,RAD23B,0.941
9606.ENSP00000278616,ATM,RAD52,0.94
9606.ENSP00000278616,ATM,MSH3,0.938
9606.ENSP00000278616,ATM,CDK4,0.937
9606.ENSP00000278616,ATM,ERCC8,0.935
9606.ENSP00000278616,ATM,BRIP1,0.933
9606.ENSP00000278616,ATM,SQSTM1,0.933
9606.ENSP00000278616,ATM,RAD51D,0.93
9606.ENSP00000278616,ATM,KDM1A,0.929
9606.ENSP00000278616,ATM,HUS1,0.928
9606.ENSP00000278616,ATM,RPA1,0.928
9606.ENSP00000278616,ATM,RNF8,0.926
9606.ENSP00000278616,ATM,CETN2,0.925
9606.ENSP00000278616,ATM,PPM1D,0.924
9606.ENSP00000278616,ATM,RAD51C,0.921
9606.ENSP00000278616,ATM,XRCC3,0.918
9606.ENSP00000278616,ATM,RCOR1,0.914
9606.ENSP00000278616,ATM,ERCC2,0.914
9606.ENSP00000278616,ATM,ZSWIM7,0.912
9606.ENSP00000278616,ATM,PHF21A,0.911
9606.ENSP00000278616,ATM,XPA,0.908
9606.ENSP00000278616,ATM,RNF168,0.906
9606.ENSP00000278616,ATM,SWSAP1,0.906
9606.ENSP00000278616,ATM,SPO11,0.905
9606.ENSP00000278616,ATM,EP300,0.904
9606.ENSP00000278616,ATM,ATP23,0.903
9606.ENSP00000279873,ARID5B,PHF2,0.976
9606.ENSP00000279873,ARID5B,CEBPE,0.917
9606.ENSP00000280772,ANK3,SPTBN4,0.999
9606.ENSP00000280772,ANK3,NFASC,0.996
9606.ENSP00000280772,ANK3,EPB41,0.996
9606.ENSP00000280772,ANK3,SCN5A,0.993
9606.ENSP00000280772,ANK3,ADD1,0.983
9606.ENSP00000280772,ANK3,CD44,0.98
9606.ENSP00000280772,ANK3,ADD3,0.979
9606.ENSP00000280772,ANK3,GABARAP,0.979
9606.ENSP00000280772,ANK3,ITPR3,0.979
9606.ENSP00000280772,ANK3,L1CAM,0.974
9606.ENSP00000280772,ANK3,SPTBN1,0.974
9606.ENSP00000280772,ANK3,SPTAN1,0.972
9606.ENSP00000280772,ANK3,SCN2A,0.971
9606.ENSP00000280772,ANK3,TIAM1,0.968
9606.ENSP00000280772,ANK3,ADD2,0.96
9606.ENSP00000280772,ANK3,SCN8A,0.959
9606.ENSP00000280772,ANK3,KCNQ2,0.956
9606.ENSP00000280772,ANK3,NRCAM,0.953
9606.ENSP00000280772,ANK3,SPTBN5,0.951
9606.ENSP00000280772,ANK3,ITPR1,0.946
9606.ENSP00000280772,ANK3,KCNQ3,0.942
9606.ENSP00000280772,ANK3,SPTB,0.929
9606.ENSP00000280772,ANK3,SLC4A1,0.928
9606.ENSP00000280772,ANK3,TTN,0.926
9606.ENSP00000280772,ANK3,ITPR2,0.922
9606.ENSP00000280772,ANK3,ANK2,0.911
9606.ENSP00000280772,ANK3,ANK1,0.909
9606.ENSP00000280979,AKAP6,RYR2,0.992
9606.ENSP00000280979,AKAP6,RAPGEF3,0.967
9606.ENSP00000280979,AKAP6,MAPK7,0.958
9606.ENSP00000280979,AKAP6,PRKACB,0.953
9606.ENSP00000280979,AKAP6,PRKACA,0.953
9606.ENSP00000280979,AKAP6,PRKACG,0.953
9606.ENSP00000280979,AKAP6,PDE4D,0.944
9606.ENSP00000280979,AKAP6,PDE4A,0.941
9606.ENSP00000280979,AKAP6,AKAP1,0.931
9606.ENSP00000280979,AKAP6,FKBP1B,0.929
9606.ENSP00000281419,ASAP2,ARF6,0.966
9606.ENSP00000281419,ASAP2,ASAP3,0.936
9606.ENSP00000281419,ASAP2,ASAP1,0.907
9606.ENSP00000283290,ATG3,GABARAPL2,0.999
9606.ENSP00000283290,ATG3,ATG5,0.999
9606.ENSP00000283290,ATG3,ATG12,0.999
9606.ENSP00000283290,ATG3,ATG16L1,0.999
9606.ENSP00000283290,ATG3,ATG7,0.999
9606.ENSP00000283290,ATG3,GABARAP,0.999
9606.ENSP00000283290,ATG3,GABARAPL1,0.999
9606.ENSP00000283290,ATG3,MAP1LC3B,0.998
9606.ENSP00000283290,ATG3,MAP1LC3A,0.997
9606.ENSP00000283290,ATG3,CFLAR,0.995
9606.ENSP00000283290,ATG3,ULK1,0.994
9606.ENSP00000283290,ATG3,BECN1,0.991
9606.ENSP00000283290,ATG3,ATG4B,0.979
9606.ENSP00000283290,ATG3,MAP1LC3C,0.971
9606.ENSP00000283290,ATG3,ATG16L2,0.968
9606.ENSP00000283290,ATG3,ULK2,0.964
9606.ENSP00000283290,ATG3,ATG10,0.958
9606.ENSP00000283290,ATG3,RB1CC1,0.936
9606.ENSP00000283290,ATG3,PIK3C3,0.933
9606.ENSP00000283290,ATG3,ATG4D,0.924
9606.ENSP00000283290,ATG3,MAP1LC3B2,0.921
9606.ENSP00000283290,ATG3,PIK3R4,0.92
9606.ENSP00000283290,ATG3,FNBP1L,0.917
9606.ENSP00000283290,ATG3,ATG4A,0.916
9606.ENSP00000283290,ATG3,WIPI2,0.909
9606.ENSP00000283290,ATG3,ATG4C,0.908
9606.ENSP00000284629,ASZ1,PIWIL2,0.944
9606.ENSP00000284629,ASZ1,MOV10L1,0.934
9606.ENSP00000284629,ASZ1,TDRD1,0.92
9606.ENSP00000284629,ASZ1,CWC15,0.909
9606.ENSP00000284987,ADAMTS5,ACAN,0.972
9606.ENSP00000284987,ADAMTS5,SDC4,0.933
9606.ENSP00000284987,ADAMTS5,BCAN,0.913
9606.ENSP00000285238,ABCC3,SLC51A,0.913
9606.ENSP00000286186,CASP10,CASP8,0.999
9606.ENSP00000286186,CASP10,FADD,0.999
9606.ENSP00000286186,CASP10,CFLAR,0.998
9606.ENSP00000286186,CASP10,RIPK1,0.996
9606.ENSP00000286186,CASP10,TRADD,0.996
9606.ENSP00000286186,CASP10,FAS,0.996
9606.ENSP00000286186,CASP10,FASLG,0.982
9606.ENSP00000286186,CASP10,BID,0.976
9606.ENSP00000286186,CASP10,CASP3,0.969
9606.ENSP00000286186,CASP10,CASP7,0.968
9606.ENSP00000286186,CASP10,TNFRSF10B,0.957
9606.ENSP00000286186,CASP10,TNFRSF10A,0.948
9606.ENSP00000286186,CASP10,TP53,0.939
9606.ENSP00000286186,CASP10,TNFSF10,0.917
9606.ENSP00000286186,CASP10,TICAM1,0.906
9606.ENSP00000286186,CASP10,TNFRSF1A,0.902
9606.ENSP00000286186,CASP10,FAF1,0.9
9606.ENSP00000286355,ADCY8,CALM3,0.995
9606.ENSP00000286355,ADCY8,CALML3,0.993
9606.ENSP00000286355,ADCY8,CALML5,0.993
9606.ENSP00000286355,ADCY8,CALML4,0.993
9606.ENSP00000286355,ADCY8,CALML6,0.992
9606.ENSP00000286355,ADCY8,PRKACG,0.982
9606.ENSP00000286355,ADCY8,PRKACA,0.971
9606.ENSP00000286355,ADCY8,RAPGEF4,0.971
9606.ENSP00000286355,ADCY8,GNAL,0.964
9606.ENSP00000286355,ADCY8,PRKACB,0.955
9606.ENSP00000286355,ADCY8,GNAS,0.949
9606.ENSP00000286355,ADCY8,RAPGEF3,0.948
9606.ENSP00000286355,ADCY8,ADCY4,0.945
9606.ENSP00000286355,ADCY8,ADCY1,0.921
9606.ENSP00000286355,ADCY8,CNR1,0.919
9606.ENSP00000286355,ADCY8,ADCY3,0.914
9606.ENSP00000286355,ADCY8,ITPA,0.912
9606.ENSP00000286355,ADCY8,ADCY6,0.912
9606.ENSP00000286355,ADCY8,ENTPD2,0.91
9606.ENSP00000286355,ADCY8,PRKCA,0.91
9606.ENSP00000286355,ADCY8,PRKCD,0.906
9606.ENSP00000286355,ADCY8,NUDT2,0.903
9606.ENSP00000286355,ADCY8,NTPCR,0.903
9606.ENSP00000286657,ADAMTS3,ACAN,0.961
9606.ENSP00000286657,ADAMTS3,MMP13,0.908
9606.ENSP00000286744,ADAMTSL3,MIPOL1,0.999
9606.ENSP00000286744,ADAMTSL3,KIAA1328,0.999
9606.ENSP00000286744,ADAMTSL3,ASTN2,0.998
9606.ENSP00000287322,BAG4,TNFRSF1A,0.995
9606.ENSP00000287322,BAG4,HSPA8,0.964
9606.ENSP00000287322,BAG4,HSPA4,0.913
9606.ENSP00000287322,BAG4,BAG2,0.907
9606.ENSP00000287322,BAG4,BAG1,0.9
9606.ENSP00000287394,ATAD2,ESR1,0.977
9606.ENSP00000287394,ATAD2,H4C6,0.96
9606.ENSP00000287394,ATAD2,H4C14,0.937
9606.ENSP00000287394,ATAD2,H4C3,0.92
9606.ENSP00000287394,ATAD2,H4C2,0.917
9606.ENSP00000287394,ATAD2,H4C13,0.916
9606.ENSP00000287394,ATAD2,H4C11,0.915
9606.ENSP00000287394,ATAD2,H4C8,0.915
9606.ENSP00000287394,ATAD2,H4C5,0.915
9606.ENSP00000287394,ATAD2,H4-16,0.915
9606.ENSP00000287394,ATAD2,H4C9,0.915
9606.ENSP00000287394,ATAD2,H4C4,0.915
9606.ENSP00000287394,ATAD2,H4C15,0.915
9606.ENSP00000287394,ATAD2,H4C1,0.915
9606.ENSP00000287394,ATAD2,H4C12,0.915
9606.ENSP00000287598,BUB1B,NEK2,0.999
9606.ENSP00000287598,BUB1B,PLK1,0.999
9606.ENSP00000287598,BUB1B,ANAPC2,0.999
9606.ENSP00000287598,BUB1B,AURKB,0.999
9606.ENSP00000287598,BUB1B,CDC23,0.999
9606.ENSP00000287598,BUB1B,ANAPC4,0.999
9606.ENSP00000287598,BUB1B,BUB1,0.999
9606.ENSP00000287598,BUB1B,CDC20,0.999
9606.ENSP00000287598,BUB1B,CENPF,0.999
9606.ENSP00000287598,BUB1B,CDC16,0.999
9606.ENSP00000287598,BUB1B,MAD2L1,0.999
9606.ENSP00000287598,BUB1B,BUB3,0.999
9606.ENSP00000287598,BUB1B,KNL1,0.999
9606.ENSP00000287598,BUB1B,ANAPC7,0.999
9606.ENSP00000287598,BUB1B,ANAPC10,0.999
9606.ENSP00000287598,BUB1B,ANAPC1,0.999
9606.ENSP00000287598,BUB1B,CENPE,0.999
9606.ENSP00000287598,BUB1B,CDC27,0.999
9606.ENSP00000287598,BUB1B,CDK1,0.999
9606.ENSP00000287598,BUB1B,CCNB1,0.998
9606.ENSP00000287598,BUB1B,ANAPC5,0.998
9606.ENSP00000287598,BUB1B,PPP2CA,0.997
9606.ENSP00000287598,BUB1B,ZWINT,0.996
9606.ENSP00000287598,BUB1B,TRIM33,0.994
9606.ENSP00000287598,BUB1B,KIF11,0.994
9606.ENSP00000287598,BUB1B,CCNA2,0.994
9606.ENSP00000287598,BUB1B,CDCA8,0.994
9606.ENSP00000287598,BUB1B,MXI1,0.994
9606.ENSP00000287598,BUB1B,MAD1L1,0.993
9606.ENSP00000287598,BUB1B,CCNB2,0.993
9606.ENSP00000287598,BUB1B,CDC26,0.992
9606.ENSP00000287598,BUB1B,ANAPC16,0.992
9606.ENSP00000287598,BUB1B,NDC80,0.992
9606.ENSP00000287598,BUB1B,KIF2C,0.991
9606.ENSP00000287598,BUB1B,TTK,0.991
9606.ENSP00000287598,BUB1B,UBE2C,0.991
9606.ENSP00000287598,BUB1B,ESPL1,0.989
9606.ENSP00000287598,BUB1B,BIRC5,0.987
9606.ENSP00000287598,BUB1B,CENPA,0.985
9606.ENSP00000287598,BUB1B,DLGAP5,0.981
9606.ENSP00000287598,BUB1B,FZR1,0.981
9606.ENSP00000287598,BUB1B,TOP2A,0.98
9606.ENSP00000287598,BUB1B,NUF2,0.98
9606.ENSP00000287598,BUB1B,PPP2R5A,0.98
9606.ENSP00000287598,BUB1B,PTTG1,0.978
9606.ENSP00000287598,BUB1B,ANAPC15,0.978
9606.ENSP00000287598,BUB1B,KIF20A,0.977
9606.ENSP00000287598,BUB1B,SKA3,0.976
9606.ENSP00000287598,BUB1B,SKA1,0.976
9606.ENSP00000287598,BUB1B,SGO1,0.974
9606.ENSP00000287598,BUB1B,ASPM,0.974
9606.ENSP00000287598,BUB1B,KIF4A,0.968
9606.ENSP00000287598,BUB1B,ANAPC11,0.964
9606.ENSP00000287598,BUB1B,PPP2R5C,0.96
9606.ENSP00000287598,BUB1B,ANAPC13,0.959
9606.ENSP00000287598,BUB1B,SPDL1,0.958
9606.ENSP00000287598,BUB1B,BRCA2,0.953
9606.ENSP00000287598,BUB1B,ZWILCH,0.953
9606.ENSP00000287598,BUB1B,NUSAP1,0.953
9606.ENSP00000287598,BUB1B,MELK,0.953
9606.ENSP00000287598,BUB1B,NCAPG,0.952
9606.ENSP00000287598,BUB1B,SPAG5,0.951
9606.ENSP00000287598,BUB1B,TACC3,0.946
9606.ENSP00000287598,BUB1B,FOXM1,0.944
9606.ENSP00000287598,BUB1B,SKA2,0.942
9606.ENSP00000287598,BUB1B,RAD51,0.942
9606.ENSP00000287598,BUB1B,CEP55,0.939
9606.ENSP00000287598,BUB1B,PBK,0.937
9606.ENSP00000287598,BUB1B,TPX2,0.936
9606.ENSP00000287598,BUB1B,PLK4,0.935
9606.ENSP00000287598,BUB1B,RAE1,0.935
9606.ENSP00000287598,BUB1B,MIS12,0.933
9606.ENSP00000287598,BUB1B,MKI67,0.932
9606.ENSP00000287598,BUB1B,SPC25,0.93
9606.ENSP00000287598,BUB1B,PPP2R5D,0.929
9606.ENSP00000287598,BUB1B,TRIP13,0.928
9606.ENSP00000287598,BUB1B,ZW10,0.928
9606.ENSP00000287598,BUB1B,MAD2L2,0.926
9606.ENSP00000287598,BUB1B,KIF23,0.926
9606.ENSP00000287598,BUB1B,PTTG2,0.925
9606.ENSP00000287598,BUB1B,AURKA,0.924
9606.ENSP00000287598,BUB1B,BOD1,0.924
9606.ENSP00000287598,BUB1B,KIF15,0.923
9606.ENSP00000287598,BUB1B,RRM2,0.922
9606.ENSP00000287598,BUB1B,KNTC1,0.921
9606.ENSP00000287598,BUB1B,RACGAP1,0.919
9606.ENSP00000287598,BUB1B,CDC20B,0.917
9606.ENSP00000287598,BUB1B,CDCA2,0.916
9606.ENSP00000287598,BUB1B,NCAPH,0.915
9606.ENSP00000287598,BUB1B,JUN,0.914
9606.ENSP00000287598,BUB1B,KIF18A,0.913
9606.ENSP00000287598,BUB1B,INCENP,0.912
9606.ENSP00000287598,BUB1B,BRCA1,0.905
9606.ENSP00000287598,BUB1B,CENPI,0.905
9606.ENSP00000287598,BUB1B,DSN1,0.903
9606.ENSP00000288139,CACNA1D,CACNA2D1,0.999
9606.ENSP00000288139,CACNA1D,CACNB3,0.997
9606.ENSP00000288139,CACNA1D,CACNB2,0.997
9606.ENSP00000288139,CACNA1D,CACNG1,0.995
9606.ENSP00000288139,CACNA1D,CACNB1,0.99
9606.ENSP00000288139,CACNA1D,CALML5,0.99
9606.ENSP00000288139,CACNA1D,CALML3,0.99
9606.ENSP00000288139,CACNA1D,CALM3,0.99
9606.ENSP00000288139,CACNA1D,CACNG4,0.986
9606.ENSP00000288139,CACNA1D,CALML4,0.985
9606.ENSP00000288139,CACNA1D,CALML6,0.985
9606.ENSP00000288139,CACNA1D,CACNA1C,0.981
9606.ENSP00000288139,CACNA1D,CACNA1F,0.98
9606.ENSP00000288139,CACNA1D,CACNG7,0.977
9606.ENSP00000288139,CACNA1D,CACNA1S,0.975
9606.ENSP00000288139,CACNA1D,CACNA2D4,0.971
9606.ENSP00000288139,CACNA1D,CACNA2D2,0.971
9606.ENSP00000288139,CACNA1D,CACNG8,0.966
9606.ENSP00000288139,CACNA1D,CACNB4,0.965
9606.ENSP00000288139,CACNA1D,CACNG3,0.957
9606.ENSP00000288139,CACNA1D,RYR2,0.944
9606.ENSP00000288139,CACNA1D,PRKCG,0.943
9606.ENSP00000288139,CACNA1D,PRKACA,0.935
9606.ENSP00000288139,CACNA1D,INS,0.934
9606.ENSP00000288139,CACNA1D,PRKACB,0.934
9606.ENSP00000288139,CACNA1D,PRKCB,0.933
9606.ENSP00000288139,CACNA1D,PRKACG,0.933
9606.ENSP00000288139,CACNA1D,HTR2C,0.921
9606.ENSP00000288139,CACNA1D,PPP3CA,0.918
9606.ENSP00000288139,CACNA1D,NOS1,0.918
9606.ENSP00000288139,CACNA1D,PRKG1,0.917
9606.ENSP00000288139,CACNA1D,PRKCA,0.917
9606.ENSP00000288139,CACNA1D,HTR2A,0.916
9606.ENSP00000288139,CACNA1D,PPP3CC,0.913
9606.ENSP00000288139,CACNA1D,PPP3CB,0.912
9606.ENSP00000288139,CACNA1D,HTR2B,0.908
9606.ENSP00000288139,CACNA1D,OTOF,0.908
9606.ENSP00000288139,CACNA1D,PPP1CB,0.907
9606.ENSP00000288139,CACNA1D,PRKG2,0.905
9606.ENSP00000288139,CACNA1D,PRNP,0.905
9606.ENSP00000288139,CACNA1D,PPP1CA,0.904
9606.ENSP00000288139,CACNA1D,PPP1CC,0.904
9606.ENSP00000288139,CACNA1D,CACNG6,0.901
9606.ENSP00000288207,CCNB2,CDK2,0.999
9606.ENSP00000288207,CCNB2,CDK1,0.999
9606.ENSP00000288207,CCNB2,CDC20,0.999
9606.ENSP00000288207,CCNB2,BUB1,0.998
9606.ENSP00000288207,CCNB2,CCNB1,0.998
9606.ENSP00000288207,CCNB2,PLK1,0.995
9606.ENSP00000288207,CCNB2,BUB1B,0.993
9606.ENSP00000288207,CCNB2,CDC25C,0.993
9606.ENSP00000288207,CCNB2,BIRC5,0.993
9606.ENSP00000288207,CCNB2,AURKB,0.99
9606.ENSP00000288207,CCNB2,AURKA,0.988
9606.ENSP00000288207,CCNB2,CKS2,0.976
9606.ENSP00000288207,CCNB2,MELK,0.975
9606.ENSP00000288207,CCNB2,CENPA,0.975
9606.ENSP00000288207,CCNB2,TOP2A,0.975
9606.ENSP00000288207,CCNB2,CDCA8,0.974
9606.ENSP00000288207,CCNB2,DLGAP5,0.974
9606.ENSP00000288207,CCNB2,CENPF,0.974
9606.ENSP00000288207,CCNB2,CDC25A,0.973
9606.ENSP00000288207,CCNB2,KIF2C,0.971
9606.ENSP00000288207,CCNB2,NCAPG,0.97
9606.ENSP00000288207,CCNB2,PTTG1,0.97
9606.ENSP00000288207,CCNB2,CDCA5,0.969
9606.ENSP00000288207,CCNB2,UBE2C,0.968
9606.ENSP00000288207,CCNB2,CCNA2,0.965
9606.ENSP00000288207,CCNB2,MAD2L1,0.962
9606.ENSP00000288207,CCNB2,NUSAP1,0.962
9606.ENSP00000288207,CCNB2,CDC6,0.961
9606.ENSP00000288207,CCNB2,TTK,0.96
9606.ENSP00000288207,CCNB2,PKMYT1,0.959
9606.ENSP00000288207,CCNB2,ANAPC1,0.953
9606.ENSP00000288207,CCNB2,TPX2,0.953
9606.ENSP00000288207,CCNB2,CDC23,0.953
9606.ENSP00000288207,CCNB2,CKS1B,0.952
9606.ENSP00000288207,CCNB2,ASPM,0.951
9606.ENSP00000288207,CCNB2,ANAPC4,0.951
9606.ENSP00000288207,CCNB2,CDC45,0.95
9606.ENSP00000288207,CCNB2,CDC27,0.947
9606.ENSP00000288207,CCNB2,KIF11,0.944
9606.ENSP00000288207,CCNB2,CENPE,0.942
9606.ENSP00000288207,CCNB2,GADD45A,0.939
9606.ENSP00000288207,CCNB2,CDC16,0.939
9606.ENSP00000288207,CCNB2,KIF20A,0.938
9606.ENSP00000288207,CCNB2,KIF23,0.937
9606.ENSP00000288207,CCNB2,NUF2,0.932
9606.ENSP00000288207,CCNB2,CCNB3,0.929
9606.ENSP00000288207,CCNB2,CPEB1,0.928
9606.ENSP00000288207,CCNB2,ANAPC10,0.927
9606.ENSP00000288207,CCNB2,CDKN1A,0.927
9606.ENSP00000288207,CCNB2,GADD45B,0.926
9606.ENSP00000288207,CCNB2,FZR1,0.925
9606.ENSP00000288207,CCNB2,ANAPC2,0.925
9606.ENSP00000288207,CCNB2,PRC1,0.925
9606.ENSP00000288207,CCNB2,ANAPC5,0.922
9606.ENSP00000288207,CCNB2,GADD45G,0.921
9606.ENSP00000288207,CCNB2,ZWINT,0.92
9606.ENSP00000288207,CCNB2,SFN,0.919
9606.ENSP00000288207,CCNB2,CDC26,0.917
9606.ENSP00000288207,CCNB2,ANAPC7,0.916
9606.ENSP00000288207,CCNB2,CDCA3,0.913
9606.ENSP00000288207,CCNB2,RRM2,0.913
9606.ENSP00000288207,CCNB2,CPEB4,0.907
9606.ENSP00000288207,CCNB2,CEP55,0.907
9606.ENSP00000288207,CCNB2,HJURP,0.905
9606.ENSP00000288207,CCNB2,CPEB2,0.904
9606.ENSP00000288207,CCNB2,CPEB3,0.904
9606.ENSP00000288207,CCNB2,NEK2,0.902
9606.ENSP00000288207,CCNB2,SLK,0.9
9606.ENSP00000288207,CCNB2,ANAPC13,0.9
9606.ENSP00000289429,CD1A,B2M,0.999
9606.ENSP00000289429,CD1A,CD207,0.975
9606.ENSP00000289429,CD1A,CD1B,0.926
9606.ENSP00000289429,CD1A,CD68,0.906
9606.ENSP00000289429,CD1A,TRDV1,0.903
9606.ENSP00000290277,ARAF,BRAF,0.998
9606.ENSP00000290277,ARAF,MAP2K2,0.996
9606.ENSP00000290277,ARAF,KRAS,0.996
9606.ENSP00000290277,ARAF,RAF1,0.995
9606.ENSP00000290277,ARAF,HRAS,0.995
9606.ENSP00000290277,ARAF,MAP2K1,0.994
9606.ENSP00000290277,ARAF,NRAS,0.994
9606.ENSP00000290277,ARAF,YWHAZ,0.993
9606.ENSP00000290277,ARAF,YWHAB,0.991
9606.ENSP00000290277,ARAF,YWHAH,0.988
9606.ENSP00000290277,ARAF,YWHAG,0.985
9606.ENSP00000290277,ARAF,YWHAQ,0.985
9606.ENSP00000290277,ARAF,RRAS,0.969
9606.ENSP00000290277,ARAF,YWHAE,0.968
9606.ENSP00000290277,ARAF,RRAS2,0.967
9606.ENSP00000290277,ARAF,GALP,0.965
9606.ENSP00000290277,ARAF,MRAS,0.952
9606.ENSP00000290277,ARAF,RAP1A,0.945
9606.ENSP00000290277,ARAF,ARRB2,0.943
9606.ENSP00000290277,ARAF,RAP1B,0.939
9606.ENSP00000290277,ARAF,PXYLP1,0.932
9606.ENSP00000290277,ARAF,PRKACA,0.915
9606.ENSP00000290277,ARAF,PRKACB,0.914
9606.ENSP00000290277,ARAF,PRKACG,0.914
9606.ENSP00000290277,ARAF,ARRB1,0.91
9606.ENSP00000290277,ARAF,GSK3B,0.91
9606.ENSP00000290277,ARAF,PRKCB,0.904
9606.ENSP00000290277,ARAF,PRKCA,0.904
9606.ENSP00000290277,ARAF,PRKCG,0.902
9606.ENSP00000290551,BTG2,PRMT1,0.992
9606.ENSP00000290551,BTG2,CNOT7,0.963
9606.ENSP00000290551,BTG2,HOXB9,0.913
9606.ENSP00000290866,ACE,AGT,0.999
9606.ENSP00000290866,ACE,KNG1,0.995
9606.ENSP00000290866,ACE,REN,0.987
9606.ENSP00000290866,ACE,AGTR1,0.974
9606.ENSP00000290866,ACE,ACE2,0.956
9606.ENSP00000290866,ACE,AGTR2,0.948
9606.ENSP00000290866,ACE,BDKRB2,0.917
9606.ENSP00000290866,ACE,ALB,0.912
9606.ENSP00000292303,CCR5,CCL3L1,0.999
9606.ENSP00000292303,CCR5,CCL8,0.999
9606.ENSP00000292303,CCR5,CCL5,0.999
9606.ENSP00000292303,CCR5,ITIH4,0.999
9606.ENSP00000292303,CCR5,CD4,0.999
9606.ENSP00000292303,CCR5,CCL4,0.999
9606.ENSP00000292303,CCR5,CCL2,0.999
9606.ENSP00000292303,CCR5,CCL3,0.999
9606.ENSP00000292303,CCR5,CXCL10,0.999
9606.ENSP00000292303,CCR5,CCL11,0.998
9606.ENSP00000292303,CCR5,CXCL12,0.998
9606.ENSP00000292303,CCR5,CCL4L2,0.998
9606.ENSP00000292303,CCR5,CCR3,0.998
9606.ENSP00000292303,CCR5,CCL7,0.998
9606.ENSP00000292303,CCR5,CCR1,0.998
9606.ENSP00000292303,CCR5,CXCL9,0.998
9606.ENSP00000292303,CCR5,CCL13,0.996
9606.ENSP00000292303,CCR5,ERVW-1,0.996
9606.ENSP00000292303,CCR5,CXCR4,0.996
9606.ENSP00000292303,CCR5,CCL19,0.994
9606.ENSP00000292303,CCR5,CCL20,0.994
9606.ENSP00000292303,CCR5,CCR2,0.993
9606.ENSP00000292303,CCR5,GNAI1,0.991
9606.ENSP00000292303,CCR5,GNB1,0.99
9606.ENSP00000292303,CCR5,CXCL11,0.99
9606.ENSP00000292303,CCR5,CCL16,0.987
9606.ENSP00000292303,CCR5,CXCR3,0.983
9606.ENSP00000292303,CCR5,GNG2,0.982
9606.ENSP00000292303,CCR5,CCL17,0.981
9606.ENSP00000292303,CCR5,GNGT1,0.981
9606.ENSP00000292303,CCR5,CCL21,0.981
9606.ENSP00000292303,CCR5,CX3CL1,0.977
9606.ENSP00000292303,CCR5,CCL1,0.976
9606.ENSP00000292303,CCR5,CXCL1,0.974
9606.ENSP00000292303,CCR5,CCL14,0.973
9606.ENSP00000292303,CCR5,CCL22,0.972
9606.ENSP00000292303,CCR5,CXCL8,0.971
9606.ENSP00000292303,CCR5,CXCL2,0.957
9606.ENSP00000292303,CCR5,CCR7,0.956
9606.ENSP00000292303,CCR5,CXCL16,0.944
9606.ENSP00000292303,CCR5,GNAI2,0.942
9606.ENSP00000292303,CCR5,GNA11,0.942
9606.ENSP00000292303,CCR5,CD8A,0.941
9606.ENSP00000292303,CCR5,PF4,0.94
9606.ENSP00000292303,CCR5,ARRB1,0.936
9606.ENSP00000292303,CCR5,GNAQ,0.932
9606.ENSP00000292303,CCR5,CXCR6,0.931
9606.ENSP00000292303,CCR5,ENPEP,0.93
9606.ENSP00000292303,CCR5,CCL25,0.93
9606.ENSP00000292303,CCR5,CXCR2,0.925
9606.ENSP00000292303,CCR5,GNGT2,0.921
9606.ENSP00000292303,CCR5,IFNG,0.92
9606.ENSP00000292303,CCR5,PPBP,0.918
9606.ENSP00000292303,CCR5,CXCL13,0.917
9606.ENSP00000292303,CCR5,XCL1,0.916
9606.ENSP00000292303,CCR5,GNG11,0.915
9606.ENSP00000292303,CCR5,GNB3,0.913
9606.ENSP00000292303,CCR5,GNG4,0.913
9606.ENSP00000292303,CCR5,GNB4,0.913
9606.ENSP00000292303,CCR5,GNAI3,0.909
9606.ENSP00000292303,CCR5,GNB2,0.909
9606.ENSP00000292303,CCR5,GNB5,0.909
9606.ENSP00000292303,CCR5,GNG7,0.909
9606.ENSP00000292303,CCR5,GNG13,0.908
9606.ENSP00000292303,CCR5,GNG8,0.908
9606.ENSP00000292303,CCR5,GNG5,0.908
9606.ENSP00000292303,CCR5,GNG3,0.908
9606.ENSP00000292303,CCR5,GNG10,0.908
9606.ENSP00000292303,CCR5,GNG12,0.908
9606.ENSP00000292303,CCR5,PPIF,0.907
9606.ENSP00000292303,CCR5,CCL18,0.903
9606.ENSP00000292401,AZGP1,PIP,0.999
9606.ENSP00000293288,BAX,BCL2,0.999
9606.ENSP00000293288,BAX,BCL2L1,0.999
9606.ENSP00000293288,BAX,MCL1,0.999
9606.ENSP00000293288,BAX,BCL2L11,0.998
9606.ENSP00000293288,BAX,BID,0.998
9606.ENSP00000293288,BAX,BAK1,0.996
9606.ENSP00000293288,BAX,TP53,0.994
9606.ENSP00000293288,BAX,CYCS,0.993
9606.ENSP00000293288,BAX,VDAC1,0.983
9606.ENSP00000293288,BAX,XRCC6,0.972
9606.ENSP00000293288,BAX,TMBIM6,0.96
9606.ENSP00000293288,BAX,BBC3,0.951
9606.ENSP00000293288,BAX,SIRT1,0.942
9606.ENSP00000293288,BAX,PRKN,0.94
9606.ENSP00000293288,BAX,PPIF,0.931
9606.ENSP00000293288,BAX,BCL2L2,0.93
9606.ENSP00000293288,BAX,AIFM1,0.929
9606.ENSP00000293288,BAX,PRKACA,0.924
9606.ENSP00000293288,BAX,PRKACG,0.923
9606.ENSP00000293288,BAX,PRKACB,0.923
9606.ENSP00000293288,BAX,APAF1,0.922
9606.ENSP00000293288,BAX,HK2,0.919
9606.ENSP00000293288,BAX,CAPN1,0.916
9606.ENSP00000293288,BAX,CAPN2,0.912
9606.ENSP00000293288,BAX,HK1,0.904
9606.ENSP00000293288,BAX,PMAIP1,0.903
9606.ENSP00000293288,BAX,HKDC1,0.901
9606.ENSP00000293288,BAX,HK3,0.901
9606.ENSP00000295897,ALB,FCGRT,0.999
9606.ENSP00000295897,ALB,INS,0.999
9606.ENSP00000295897,ALB,AHSG,0.999
9606.ENSP00000295897,ALB,ORM1,0.998
9606.ENSP00000295897,ALB,APOA1,0.998
9606.ENSP00000295897,ALB,SERPINA1,0.998
9606.ENSP00000295897,ALB,ORM2,0.998
9606.ENSP00000295897,ALB,FN1,0.998
9606.ENSP00000295897,ALB,LALBA,0.997
9606.ENSP00000295897,ALB,SHBG,0.996
9606.ENSP00000295897,ALB,LTF,0.996
9606.ENSP00000295897,ALB,HP,0.995
9606.ENSP00000295897,ALB,TTR,0.994
9606.ENSP00000295897,ALB,LRP2,0.994
9606.ENSP00000295897,ALB,CUBN,0.992
9606.ENSP00000295897,ALB,MB,0.992
9606.ENSP00000295897,ALB,SPARC,0.991
9606.ENSP00000295897,ALB,F2,0.99
9606.ENSP00000295897,ALB,VTN,0.988
9606.ENSP00000295897,ALB,B2M,0.987
9606.ENSP00000295897,ALB,CYCS,0.986
9606.ENSP00000295897,ALB,HPX,0.981
9606.ENSP00000295897,ALB,A2M,0.98
9606.ENSP00000295897,ALB,GC,0.98
9606.ENSP00000295897,ALB,MYOM2,0.98
9606.ENSP00000295897,ALB,FGA,0.975
9606.ENSP00000295897,ALB,AMBP,0.97
9606.ENSP00000295897,ALB,PLG,0.963
9606.ENSP00000295897,ALB,APOA2,0.962
9606.ENSP00000295897,ALB,KNG1,0.962
9606.ENSP00000295897,ALB,C3,0.959
9606.ENSP00000295897,ALB,APOE,0.953
9606.ENSP00000295897,ALB,APOB,0.951
9606.ENSP00000295897,ALB,FGG,0.945
9606.ENSP00000295897,ALB,SERPINA7,0.945
9606.ENSP00000295897,ALB,PXDN,0.938
9606.ENSP00000295897,ALB,PXDNL,0.937
9606.ENSP00000295897,ALB,CP,0.936
9606.ENSP00000295897,ALB,GH1,0.936
9606.ENSP00000295897,ALB,APOH,0.933
9606.ENSP00000295897,ALB,SERPINC1,0.933
9606.ENSP00000295897,ALB,GPT,0.928
9606.ENSP00000295897,ALB,CRP,0.928
9606.ENSP00000295897,ALB,AFP,0.927
9606.ENSP00000295897,ALB,IL6,0.926
9606.ENSP00000295897,ALB,SERPINA3,0.914
9606.ENSP00000295897,ALB,ACE,0.912
9606.ENSP00000295897,ALB,BCHE,0.912
9606.ENSP00000295897,ALB,APOC3,0.912
9606.ENSP00000295897,ALB,TG,0.912
9606.ENSP00000295897,ALB,IGKV1-33,0.908
9606.ENSP00000295897,ALB,APP,0.901
9606.ENSP00000295897,ALB,ENSP00000497443,0.9
9606.ENSP00000295897,ALB,TF,0.9
9606.ENSP00000295897,ALB,IGHV3-16,0.9
9606.ENSP00000295897,ALB,IGKV1D-33,0.9
9606.ENSP00000295900,ATXN7,TAF12,0.999
9606.ENSP00000295900,ATXN7,TAF10,0.999
9606.ENSP00000295900,ATXN7,USP22,0.999
9606.ENSP00000295900,ATXN7,TAF9,0.999
9606.ENSP00000295900,ATXN7,TRRAP,0.999
9606.ENSP00000295900,ATXN7,ENY2,0.999
9606.ENSP00000295900,ATXN7,ATXN7L3,0.999
9606.ENSP00000295900,ATXN7,SUPT20H,0.999
9606.ENSP00000295900,ATXN7,SUPT3H,0.998
9606.ENSP00000295900,ATXN7,TADA1,0.998
9606.ENSP00000295900,ATXN7,TAF6L,0.998
9606.ENSP00000295900,ATXN7,KAT2A,0.997
9606.ENSP00000295900,ATXN7,TAF5L,0.996
9606.ENSP00000295900,ATXN7,SGF29,0.996
9606.ENSP00000295900,ATXN7,TADA3,0.996
9606.ENSP00000295900,ATXN7,SUPT7L,0.982
9606.ENSP00000295900,ATXN7,KAT2B,0.98
9606.ENSP00000295900,ATXN7,TAF9B,0.979
9606.ENSP00000295900,ATXN7,TADA2B,0.977
9606.ENSP00000295900,ATXN7,CACNA1A,0.964
9606.ENSP00000295900,ATXN7,TAF6,0.951
9606.ENSP00000295900,ATXN7,SF3B3,0.943
9606.ENSP00000295900,ATXN7,SF3B5,0.932
9606.ENSP00000295900,ATXN7,TADA2A,0.927
9606.ENSP00000295900,ATXN7,PPP2R2B,0.923
9606.ENSP00000295900,ATXN7,CRX,0.922
9606.ENSP00000295900,ATXN7,TBP,0.922
9606.ENSP00000295900,ATXN7,ATXN2,0.913
9606.ENSP00000295900,ATXN7,ATXN7-2,0.904
9606.ENSP00000295926,CCNL1,CDK11A,0.982
9606.ENSP00000295926,CCNL1,CDK19,0.979
9606.ENSP00000297323,ADCY1,GNAS,0.979
9606.ENSP00000297323,ADCY1,CALML5,0.976
9606.ENSP00000297323,ADCY1,CALML4,0.975
9606.ENSP00000297323,ADCY1,CALML6,0.975
9606.ENSP00000297323,ADCY1,CALM3,0.975
9606.ENSP00000297323,ADCY1,CALML3,0.974
9606.ENSP00000297323,ADCY1,PRKACG,0.963
9606.ENSP00000297323,ADCY1,RAPGEF3,0.958
9606.ENSP00000297323,ADCY1,PRKACB,0.949
9606.ENSP00000297323,ADCY1,PRKACA,0.948
9606.ENSP00000297323,ADCY1,RAPGEF4,0.946
9606.ENSP00000297323,ADCY1,GNAL,0.944
9606.ENSP00000297323,ADCY1,ADCY8,0.921
9606.ENSP00000297323,ADCY1,PRKCD,0.915
9606.ENSP00000297323,ADCY1,CNR1,0.912
9606.ENSP00000297323,ADCY1,ADCY3,0.91
9606.ENSP00000297323,ADCY1,NUDT2,0.908
9606.ENSP00000297323,ADCY1,ENTPD2,0.906
9606.ENSP00000297323,ADCY1,NTPCR,0.903
9606.ENSP00000297323,ADCY1,ITPA,0.901
9606.ENSP00000297988,AQP7,AQP11,0.954
9606.ENSP00000297988,AQP7,AQP12A,0.925
9606.ENSP00000298545,AK8,ADSL,0.961
9606.ENSP00000298545,AK8,APRT,0.953
9606.ENSP00000298545,AK8,ADK,0.952
9606.ENSP00000298545,AK8,NTPCR,0.941
9606.ENSP00000298545,AK8,DCK,0.921
9606.ENSP00000298545,AK8,PKM,0.917
9606.ENSP00000298545,AK8,PKLR,0.913
9606.ENSP00000298545,AK8,ENTPD2,0.912
9606.ENSP00000298545,AK8,ENPP3,0.909
9606.ENSP00000298545,AK8,ENPP1,0.909
9606.ENSP00000298545,AK8,TPK1,0.908
9606.ENSP00000300060,ANPEP,RTN4R,0.996
9606.ENSP00000300060,ANPEP,LAP3,0.965
9606.ENSP00000300060,ANPEP,CD7,0.964
9606.ENSP00000300060,ANPEP,SFN,0.96
9606.ENSP00000300060,ANPEP,GGT6,0.953
9606.ENSP00000300060,ANPEP,CD33,0.953
9606.ENSP00000300060,ANPEP,FCGR3A,0.951
9606.ENSP00000300060,ANPEP,GGT7,0.949
9606.ENSP00000300060,ANPEP,GGT1,0.946
9606.ENSP00000300060,ANPEP,GGT5,0.946
9606.ENSP00000300060,ANPEP,ACE2,0.939
9606.ENSP00000300060,ANPEP,FCGR3B,0.932
9606.ENSP00000300060,ANPEP,DPP4,0.931
9606.ENSP00000300060,ANPEP,GCLC,0.93
9606.ENSP00000300060,ANPEP,GCLM,0.924
9606.ENSP00000300060,ANPEP,GSS,0.921
9606.ENSP00000300060,ANPEP,KIT,0.921
9606.ENSP00000300060,ANPEP,ITGAM,0.916
9606.ENSP00000300060,ANPEP,AGT,0.91
9606.ENSP00000300060,ANPEP,NAT8,0.904
9606.ENSP00000300060,ANPEP,CHAC2,0.904
9606.ENSP00000300060,ANPEP,GGCT,0.902
9606.ENSP00000300060,ANPEP,CHAC1,0.9
9606.ENSP00000301178,AXL,GAS6,0.999
9606.ENSP00000301178,AXL,PROS1,0.997
9606.ENSP00000301178,AXL,SRC,0.983
9606.ENSP00000301178,AXL,SHC1,0.957
9606.ENSP00000301178,AXL,PLCG1,0.937
9606.ENSP00000301178,AXL,GRB2,0.931
9606.ENSP00000301178,AXL,GAB1,0.926
9606.ENSP00000301178,AXL,IFNAR1,0.925
9606.ENSP00000301178,AXL,PLCG2,0.918
9606.ENSP00000301178,AXL,JAK2,0.915
9606.ENSP00000301178,AXL,JAK1,0.914
9606.ENSP00000301178,AXL,TNS2,0.91
9606.ENSP00000301178,AXL,SHC4,0.91
9606.ENSP00000301178,AXL,SHC3,0.907
9606.ENSP00000301178,AXL,SHC2,0.905
9606.ENSP00000301587,ATP5PD,ATP5MF,0.999
9606.ENSP00000301587,ATP5PD,ATP5PB,0.999
9606.ENSP00000301587,ATP5PD,ATP5MG,0.999
9606.ENSP00000301587,ATP5PD,ATP5F1D,0.999
9606.ENSP00000301587,ATP5PD,ATP5F1E,0.999
9606.ENSP00000301587,ATP5PD,ATP5F1C,0.999
9606.ENSP00000301587,ATP5PD,ATP5MD,0.999
9606.ENSP00000301587,ATP5PD,ATP5F1B,0.999
9606.ENSP00000301587,ATP5PD,ATP5PO,0.999
9606.ENSP00000301587,ATP5PD,ATP5ME,0.999
9606.ENSP00000301587,ATP5PD,ATP5PF,0.999
9606.ENSP00000301587,ATP5PD,ATP5MC1,0.999
9606.ENSP00000301587,ATP5PD,ATP5F1A,0.999
9606.ENSP00000301587,ATP5PD,MT-ATP6,0.999
9606.ENSP00000301587,ATP5PD,MT-ATP8,0.998
9606.ENSP00000301587,ATP5PD,ATP5MPL,0.998
9606.ENSP00000301587,ATP5PD,ATP5MC3,0.998
9606.ENSP00000301587,ATP5PD,ATP5MC2,0.997
9606.ENSP00000301587,ATP5PD,ATP5MGL,0.994
9606.ENSP00000301587,ATP5PD,COX5A,0.994
9606.ENSP00000301587,ATP5PD,H7C0C1_HUMAN,0.994
9606.ENSP00000301587,ATP5PD,NDUFB9,0.985
9606.ENSP00000301587,ATP5PD,ATP5IF1,0.98
9606.ENSP00000301587,ATP5PD,CDCA8,0.979
9606.ENSP00000301587,ATP5PD,COX5B,0.979
9606.ENSP00000301587,ATP5PD,NDUFA2,0.978
9606.ENSP00000301587,ATP5PD,UQCRB,0.976
9606.ENSP00000301587,ATP5PD,COX6C,0.975
9606.ENSP00000301587,ATP5PD,NDUFB10,0.973
9606.ENSP00000301587,ATP5PD,NDUFA8,0.97
9606.ENSP00000301587,ATP5PD,UQCRQ,0.967
9606.ENSP00000301587,ATP5PD,NDUFA12,0.966
9606.ENSP00000301587,ATP5PD,COX7C,0.962
9606.ENSP00000301587,ATP5PD,UQCR10,0.957
9606.ENSP00000301587,ATP5PD,NDUFS4,0.957
9606.ENSP00000301587,ATP5PD,NDUFB5,0.955
9606.ENSP00000301587,ATP5PD,C17orf80,0.955
9606.ENSP00000301587,ATP5PD,NDUFS3,0.954
9606.ENSP00000301587,ATP5PD,COX4I1,0.952
9606.ENSP00000301587,ATP5PD,NDUFA5,0.951
9606.ENSP00000301587,ATP5PD,NDUFA6,0.947
9606.ENSP00000301587,ATP5PD,UQCR11,0.944
9606.ENSP00000301587,ATP5PD,NDUFB11,0.94
9606.ENSP00000301587,ATP5PD,NDUFB3,0.931
9606.ENSP00000301587,ATP5PD,NDUFB6,0.93
9606.ENSP00000301587,ATP5PD,NDUFB8,0.929
9606.ENSP00000301587,ATP5PD,COX7A2,0.929
9606.ENSP00000301587,ATP5PD,SDHB,0.925
9606.ENSP00000301587,ATP5PD,NDUFA13,0.918
9606.ENSP00000301587,ATP5PD,NDUFA7,0.913
9606.ENSP00000301587,ATP5PD,UQCRH,0.911
9606.ENSP00000301587,ATP5PD,ATP6V0B,0.905
9606.ENSP00000301587,ATP5PD,NDUFS6,0.901
9606.ENSP00000301587,ATP5PD,NDUFV2,0.9
9606.ENSP00000301956,ACSM1,LIPT1,0.939
9606.ENSP00000301956,ACSM1,ACADS,0.932
9606.ENSP00000302079,C3AR1,C3,0.998
9606.ENSP00000302079,C3AR1,C4A,0.987
9606.ENSP00000302079,C3AR1,C5AR1,0.987
9606.ENSP00000302194,ATP6V1G2,ATP6V1E1,0.998
9606.ENSP00000302194,ATP6V1G2,ATP6V1A,0.997
9606.ENSP00000302194,ATP6V1G2,ATP6V1F,0.997
9606.ENSP00000302194,ATP6V1G2,ATP6V1B1,0.997
9606.ENSP00000302194,ATP6V1G2,ATP6V0A1,0.997
9606.ENSP00000302194,ATP6V1G2,ATP6V1E2,0.997
9606.ENSP00000302194,ATP6V1G2,ATP6V1D,0.997
9606.ENSP00000302194,ATP6V1G2,ATP6V1C1,0.997
9606.ENSP00000302194,ATP6V1G2,ATP6V0B,0.995
9606.ENSP00000302194,ATP6V1G2,ATP6V1C2,0.994
9606.ENSP00000302194,ATP6V1G2,ATP6V1B2,0.993
9606.ENSP00000302194,ATP6V1G2,ATP6V0C,0.99
9606.ENSP00000302194,ATP6V1G2,ATP6V0D2,0.987
9606.ENSP00000302194,ATP6V1G2,ATP6V0A4,0.986
9606.ENSP00000302194,ATP6V1G2,ATP6V1H,0.981
9606.ENSP00000302194,ATP6V1G2,ATP6AP2,0.98
9606.ENSP00000302194,ATP6V1G2,ATP6V0D1,0.98
9606.ENSP00000302194,ATP6V1G2,ATP6AP1,0.978
9606.ENSP00000302194,ATP6V1G2,ATP6V0E1,0.973
9606.ENSP00000302194,ATP6V1G2,ATP6V0E2,0.971
9606.ENSP00000302194,ATP6V1G2,RNASEK,0.97
9606.ENSP00000302194,ATP6V1G2,ATP6V1G1,0.961
9606.ENSP00000302194,ATP6V1G2,TCIRG1,0.956
9606.ENSP00000302194,ATP6V1G2,ATP6V0A2,0.943
9606.ENSP00000302194,ATP6V1G2,NFKBIL1,0.916
9606.ENSP00000302625,AXIN2,AXIN1,0.999
9606.ENSP00000302625,AXIN2,APC,0.999
9606.ENSP00000302625,AXIN2,GSK3B,0.999
9606.ENSP00000302625,AXIN2,CTNNB1,0.999
9606.ENSP00000302625,AXIN2,CSNK1A1,0.997
9606.ENSP00000302625,AXIN2,DVL1,0.991
9606.ENSP00000302625,AXIN2,TCF7,0.983
9606.ENSP00000302625,AXIN2,APC2,0.977
9606.ENSP00000302625,AXIN2,DVL2,0.969
9606.ENSP00000302625,AXIN2,TNKS2,0.968
9606.ENSP00000302625,AXIN2,DVL3,0.967
9606.ENSP00000302625,AXIN2,LEF1,0.964
9606.ENSP00000302625,AXIN2,GSK3A,0.962
9606.ENSP00000302625,AXIN2,TNKS,0.955
9606.ENSP00000302625,AXIN2,CSNK1A1L,0.95
9606.ENSP00000302625,AXIN2,RLIM,0.935
9606.ENSP00000302625,AXIN2,BTRC,0.935
9606.ENSP00000302625,AXIN2,NKD1,0.927
9606.ENSP00000302625,AXIN2,CSNK1E,0.921
9606.ENSP00000302625,AXIN2,RNF146,0.918
9606.ENSP00000302625,AXIN2,TCF7L2,0.912
9606.ENSP00000302625,AXIN2,TCF7L1,0.906
9606.ENSP00000303507,BCR,ABL1,0.996
9606.ENSP00000303507,BCR,GRB2,0.994
9606.ENSP00000303507,BCR,CRKL,0.975
9606.ENSP00000303507,BCR,CBL,0.971
9606.ENSP00000303507,BCR,CRK,0.945
9606.ENSP00000303507,BCR,STAT5B,0.936
9606.ENSP00000303507,BCR,SHC1,0.925
9606.ENSP00000303507,BCR,STAT5A,0.924
9606.ENSP00000303507,BCR,SHC3,0.901
9606.ENSP00000303507,BCR,SHC2,0.9
9606.ENSP00000303507,BCR,SHC4,0.9
9606.ENSP00000304903,CD2BP2,SNRNP200,0.998
9606.ENSP00000304903,CD2BP2,TXNL4A,0.997
9606.ENSP00000304903,CD2BP2,DDX23,0.996
9606.ENSP00000304903,CD2BP2,PRPF6,0.994
9606.ENSP00000304903,CD2BP2,CD2,0.992
9606.ENSP00000304903,CD2BP2,SNRPB,0.982
9606.ENSP00000304903,CD2BP2,PRPF8,0.982
9606.ENSP00000304903,CD2BP2,SNRNP40,0.972
9606.ENSP00000304903,CD2BP2,AAR2,0.967
9606.ENSP00000304903,CD2BP2,EFTUD2,0.959
9606.ENSP00000304903,CD2BP2,SNRPN,0.941
9606.ENSP00000304903,CD2BP2,SNRPD1,0.92
9606.ENSP00000304903,CD2BP2,SNRPD2,0.917
9606.ENSP00000304903,CD2BP2,SNRPF,0.914
9606.ENSP00000304903,CD2BP2,SART1,0.909
9606.ENSP00000305918,BRD3,BRD2,0.992
9606.ENSP00000305918,BRD3,GATA1,0.986
9606.ENSP00000305918,BRD3,NSD3,0.986
9606.ENSP00000305918,BRD3,BRD4,0.96
9606.ENSP00000305918,BRD3,H4C6,0.937
9606.ENSP00000305918,BRD3,NSD2,0.917
9606.ENSP00000305918,BRD3,BRDT,0.915
9606.ENSP00000306606,ADH1B,ALDH2,0.995
9606.ENSP00000306606,ADH1B,ADH1A,0.989
9606.ENSP00000306606,ADH1B,CYP2E1,0.988
9606.ENSP00000306606,ADH1B,ADH1C,0.986
9606.ENSP00000306606,ADH1B,AVP,0.969
9606.ENSP00000306606,ADH1B,AOX1,0.952
9606.ENSP00000306606,ADH1B,ALDH1A1,0.949
9606.ENSP00000306606,ADH1B,MAOA,0.946
9606.ENSP00000306606,ADH1B,COMT,0.936
9606.ENSP00000306606,ADH1B,MAOB,0.934
9606.ENSP00000306606,ADH1B,CYP26A1,0.921
9606.ENSP00000306606,ADH1B,LRTOMT,0.917
9606.ENSP00000306606,ADH1B,BCO1,0.915
9606.ENSP00000306606,ADH1B,LRAT,0.913
9606.ENSP00000306606,ADH1B,RETSAT,0.91
9606.ENSP00000306606,ADH1B,AWAT2,0.905
9606.ENSP00000306606,ADH1B,DGAT1,0.905
9606.ENSP00000306606,ADH1B,CYP27C1,0.903
9606.ENSP00000306606,ADH1B,PNPLA4,0.9
9606.ENSP00000306625,ASPSCR1,VCP,0.998
9606.ENSP00000306625,ASPSCR1,NSFL1C,0.997
9606.ENSP00000306625,ASPSCR1,UBXN7,0.997
9606.ENSP00000306625,ASPSCR1,UBXN2A,0.997
9606.ENSP00000306625,ASPSCR1,NPLOC4,0.997
9606.ENSP00000306625,ASPSCR1,UBXN2B,0.997
9606.ENSP00000306625,ASPSCR1,UBXN6,0.996
9606.ENSP00000306625,ASPSCR1,UBXN10,0.996
9606.ENSP00000306625,ASPSCR1,FAF1,0.996
9606.ENSP00000306625,ASPSCR1,TFE3,0.985
9606.ENSP00000306625,ASPSCR1,PRCC,0.968
9606.ENSP00000306625,ASPSCR1,SLC2A4,0.968
9606.ENSP00000306662,ADRA1B,GNAQ,0.976
9606.ENSP00000306662,ADRA1B,ADRA1A,0.957
9606.ENSP00000306662,ADRA1B,ADRA1D,0.949
9606.ENSP00000306662,ADRA1B,GNA11,0.927
9606.ENSP00000306662,ADRA1B,GNA12,0.925
9606.ENSP00000306662,ADRA1B,GNA13,0.92
9606.ENSP00000307188,ASL,ASS1,0.999
9606.ENSP00000307188,ASL,NAGS,0.994
9606.ENSP00000307188,ASL,OAT,0.99
9606.ENSP00000307188,ASL,ARG2,0.975
9606.ENSP00000307188,ASL,ARG1,0.974
9606.ENSP00000307188,ASL,NOS3,0.969
9606.ENSP00000307188,ASL,OTC,0.963
9606.ENSP00000307188,ASL,ADSL,0.961
9606.ENSP00000307188,ASL,NOS1,0.956
9606.ENSP00000307188,ASL,NOS2,0.954
9606.ENSP00000307188,ASL,AZIN2,0.935
9606.ENSP00000307188,ASL,MDH2,0.903
9606.ENSP00000307188,ASL,FH,0.902
9606.ENSP00000307208,BPTF,SMARCA5,0.999
9606.ENSP00000307208,BPTF,SMARCA1,0.999
9606.ENSP00000307208,BPTF,H3-3B,0.998
9606.ENSP00000307208,BPTF,H3-4,0.997
9606.ENSP00000307208,BPTF,H3C13,0.997
9606.ENSP00000307208,BPTF,RBBP4,0.996
9606.ENSP00000307208,BPTF,H3C12,0.996
9606.ENSP00000307208,BPTF,H3-5,0.995
9606.ENSP00000307208,BPTF,H3-2,0.995
9606.ENSP00000307208,BPTF,C17orf49,0.99
9606.ENSP00000307208,BPTF,HMGXB4,0.97
9606.ENSP00000307208,BPTF,RBBP7,0.968
9606.ENSP00000307208,BPTF,H3C1,0.959
9606.ENSP00000307208,BPTF,H3C6,0.95
9606.ENSP00000307208,BPTF,H3C3,0.949
9606.ENSP00000307208,BPTF,BAZ1A,0.935
9606.ENSP00000307208,BPTF,CECR2,0.925
9606.ENSP00000307208,BPTF,RSF1,0.918
9606.ENSP00000307208,BPTF,H3C14,0.911
9606.ENSP00000307208,BPTF,H3-3A,0.909
9606.ENSP00000307208,BPTF,H3C7,0.907
9606.ENSP00000307208,BPTF,H3C8,0.907
9606.ENSP00000307208,BPTF,H3C11,0.907
9606.ENSP00000307208,BPTF,H3C15,0.907
9606.ENSP00000307208,BPTF,H3C4,0.907
9606.ENSP00000307208,BPTF,H3C2,0.907
9606.ENSP00000307208,BPTF,H3C10,0.907
9606.ENSP00000307208,BPTF,H4C6,0.904
9606.ENSP00000307479,ARNT2,HIF1A,0.999
9606.ENSP00000307479,ARNT2,EPAS1,0.998
9606.ENSP00000307479,ARNT2,NPAS4,0.998
9606.ENSP00000307479,ARNT2,SIM1,0.979
9606.ENSP00000307479,ARNT2,HIF3A,0.977
9606.ENSP00000307479,ARNT2,ARNT,0.968
9606.ENSP00000307479,ARNT2,AHR,0.94
9606.ENSP00000307479,ARNT2,SIM2,0.904
9606.ENSP00000307508,CALB2,PVALB,0.967
9606.ENSP00000307508,CALB2,SST,0.938
9606.ENSP00000307508,CALB2,NPY,0.902
9606.ENSP00000307674,CANT1,ENTPD6,0.942
9606.ENSP00000307674,CANT1,ATIC,0.942
9606.ENSP00000307674,CANT1,ENTPD3,0.938
9606.ENSP00000307674,CANT1,ENTPD8,0.937
9606.ENSP00000307674,CANT1,ENTPD5,0.929
9606.ENSP00000307674,CANT1,ADSS2,0.925
9606.ENSP00000307674,CANT1,ENTPD1,0.925
9606.ENSP00000307674,CANT1,RRM1,0.924
9606.ENSP00000307674,CANT1,RRM2,0.92
9606.ENSP00000307674,CANT1,ITPA,0.92
9606.ENSP00000307674,CANT1,UCK1,0.92
9606.ENSP00000307674,CANT1,RRM2B,0.92
9606.ENSP00000307674,CANT1,UCKL1,0.92
9606.ENSP00000307674,CANT1,AMPD2,0.917
9606.ENSP00000307674,CANT1,ENPP1,0.915
9606.ENSP00000307674,CANT1,AMPD3,0.915
9606.ENSP00000307674,CANT1,AMPD1,0.915
9606.ENSP00000307674,CANT1,ENPP3,0.912
9606.ENSP00000307674,CANT1,APRT,0.911
9606.ENSP00000307674,CANT1,UCK2,0.911
9606.ENSP00000307674,CANT1,PKLR,0.908
9606.ENSP00000307674,CANT1,GMPS,0.907
9606.ENSP00000307674,CANT1,IMPDH1,0.906
9606.ENSP00000307674,CANT1,ENTPD4,0.904
9606.ENSP00000307674,CANT1,ADSS1,0.903
9606.ENSP00000307674,CANT1,PKM,0.903
9606.ENSP00000307674,CANT1,HPRT1,0.901
9606.ENSP00000307674,CANT1,HDDC3,0.9
9606.ENSP00000307674,CANT1,UMPS,0.9
9606.ENSP00000307674,CANT1,IMPDH2,0.9
9606.ENSP00000307674,CANT1,UPRT,0.9
9606.ENSP00000307674,CANT1,GMPR,0.9
9606.ENSP00000309477,ACO1,CS,0.999
9606.ENSP00000309477,ACO1,IDH2,0.998
9606.ENSP00000309477,ACO1,IDH1,0.998
9606.ENSP00000309477,ACO1,ACLY,0.981
9606.ENSP00000309477,ACO1,IDH3A,0.98
9606.ENSP00000309477,ACO1,IDH3B,0.975
9606.ENSP00000309477,ACO1,IDH3G,0.975
9606.ENSP00000309477,ACO1,FXN,0.965
9606.ENSP00000309477,ACO1,FBXL5,0.945
9606.ENSP00000309477,ACO1,ACO2,0.943
9606.ENSP00000309477,ACO1,NFS1,0.937
9606.ENSP00000309477,ACO1,SOD2,0.937
9606.ENSP00000309477,ACO1,SOD2-2,0.937
9606.ENSP00000309477,ACO1,ISCU,0.936
9606.ENSP00000309477,ACO1,FH,0.936
9606.ENSP00000309477,ACO1,SLC11A2,0.927
9606.ENSP00000309477,ACO1,SENP8,0.914
9606.ENSP00000309477,ACO1,IREB2,0.907
9606.ENSP00000309477,ACO1,LYRM4,0.905
9606.ENSP00000309477,ACO1,SUCLG1,0.902
9606.ENSP00000309644,BOD1,SKA3,0.933
9606.ENSP00000309644,BOD1,SKA1,0.932
9606.ENSP00000309644,BOD1,SKA2,0.927
9606.ENSP00000309644,BOD1,BUB1B,0.924
9606.ENSP00000309644,BOD1,SPDL1,0.917
9606.ENSP00000309644,BOD1,CENPF,0.915
9606.ENSP00000309644,BOD1,CXXC1,0.908
9606.ENSP00000310561,ARHGAP32,CDC42,0.933
9606.ENSP00000310561,ARHGAP32,RHOA,0.911
9606.ENSP00000311032,CASP3,CASP8,0.999
9606.ENSP00000311032,CASP3,XIAP,0.999
9606.ENSP00000311032,CASP3,PARP1,0.999
9606.ENSP00000311032,CASP3,CASP9,0.999
9606.ENSP00000311032,CASP3,APAF1,0.999
9606.ENSP00000311032,CASP3,BIRC2,0.997
9606.ENSP00000311032,CASP3,CYCS,0.997
9606.ENSP00000311032,CASP3,BIRC3,0.997
9606.ENSP00000311032,CASP3,CDKN1A,0.996
9606.ENSP00000311032,CASP3,DFFA,0.992
9606.ENSP00000311032,CASP3,BIRC7,0.992
9606.ENSP00000311032,CASP3,ACTB,0.989
9606.ENSP00000311032,CASP3,BCL2,0.987
9606.ENSP00000311032,CASP3,GZMB,0.986
9606.ENSP00000311032,CASP3,MAPK3,0.985
9606.ENSP00000311032,CASP3,MAPT,0.98
9606.ENSP00000311032,CASP3,DFFB,0.978
9606.ENSP00000311032,CASP3,SPTAN1,0.972
9606.ENSP00000311032,CASP3,CASP10,0.969
9606.ENSP00000311032,CASP3,MDM2,0.966
9606.ENSP00000311032,CASP3,CTNNB1,0.965
9606.ENSP00000311032,CASP3,MAPK1,0.961
9606.ENSP00000311032,CASP3,ROCK1,0.959
9606.ENSP00000311032,CASP3,CDH1,0.956
9606.ENSP00000311032,CASP3,TP53,0.956
9606.ENSP00000311032,CASP3,CASP6,0.955
9606.ENSP00000311032,CASP3,PAK2,0.954
9606.ENSP00000311032,CASP3,FADD,0.951
9606.ENSP00000311032,CASP3,BCL2L1,0.95
9606.ENSP00000311032,CASP3,CASP7,0.95
9606.ENSP00000311032,CASP3,STK4,0.95
9606.ENSP00000311032,CASP3,PRKCA,0.948
9606.ENSP00000311032,CASP3,STK3,0.946
9606.ENSP00000311032,CASP3,AKT1,0.945
9606.ENSP00000311032,CASP3,MAPK8,0.943
9606.ENSP00000311032,CASP3,TNF,0.939
9606.ENSP00000311032,CASP3,MAP3K1,0.934
9606.ENSP00000311032,CASP3,DCC,0.932
9606.ENSP00000311032,CASP3,PRKCB,0.931
9606.ENSP00000311032,CASP3,DIABLO-2,0.929
9606.ENSP00000311032,CASP3,PRKCD,0.927
9606.ENSP00000311032,CASP3,PARP2,0.927
9606.ENSP00000311032,CASP3,BECN1,0.925
9606.ENSP00000311032,CASP3,APPL1,0.923
9606.ENSP00000311032,CASP3,PAK1,0.922
9606.ENSP00000311032,CASP3,ACTG1,0.922
9606.ENSP00000311032,CASP3,PRKCG,0.921
9606.ENSP00000311032,CASP3,ANXA5,0.921
9606.ENSP00000311032,CASP3,PARP3,0.92
9606.ENSP00000311032,CASP3,PXDNL,0.918
9606.ENSP00000311032,CASP3,GSDMD,0.918
9606.ENSP00000311032,CASP3,PXDN,0.918
9606.ENSP00000311032,CASP3,BIRC5,0.916
9606.ENSP00000311032,CASP3,PARP4,0.915
9606.ENSP00000311032,CASP3,SPTA1,0.913
9606.ENSP00000311032,CASP3,GSDME,0.913
9606.ENSP00000311032,CASP3,MCL1,0.911
9606.ENSP00000311032,CASP3,FAS,0.911
9606.ENSP00000311032,CASP3,VIM,0.908
9606.ENSP00000311032,CASP3,RIPK1,0.908
9606.ENSP00000311032,CASP3,APP,0.908
9606.ENSP00000311032,CASP3,GSN,0.907
9606.ENSP00000311032,CASP3,HSPA4,0.906
9606.ENSP00000311032,CASP3,IFT57,0.906
9606.ENSP00000311032,CASP3,HIP1,0.905
9606.ENSP00000311032,CASP3,OCLN,0.901
9606.ENSP00000311032,CASP3,CASP2,0.9
9606.ENSP00000312741,CAMKK2,CALM3,0.999
9606.ENSP00000312741,CAMKK2,CALML3,0.998
9606.ENSP00000312741,CAMKK2,CALML5,0.998
9606.ENSP00000312741,CAMKK2,CALML6,0.997
9606.ENSP00000312741,CAMKK2,CALML4,0.997
9606.ENSP00000312741,CAMKK2,PRKAB2,0.975
9606.ENSP00000312741,CAMKK2,PRKAG1,0.975
9606.ENSP00000312741,CAMKK2,PRKAG2,0.975
9606.ENSP00000312741,CAMKK2,PRKAB1,0.973
9606.ENSP00000312741,CAMKK2,PRKAA2,0.964
9606.ENSP00000312741,CAMKK2,PRKAG3,0.958
9606.ENSP00000312741,CAMKK2,PRKAA1,0.956
9606.ENSP00000312741,CAMKK2,CAMK4,0.945
9606.ENSP00000312741,CAMKK2,STK11,0.944
9606.ENSP00000312741,CAMKK2,CAMKK1,0.908
9606.ENSP00000313419,CD19,LYN,0.999
9606.ENSP00000313419,CD19,IFITM1,0.999
9606.ENSP00000313419,CD19,CR2,0.999
9606.ENSP00000313419,CD19,CD81,0.999
9606.ENSP00000313419,CD19,CD79A,0.998
9606.ENSP00000313419,CD19,FCGR3B,0.997
9606.ENSP00000313419,CD19,VAV1,0.997
9606.ENSP00000313419,CD19,FCGR3A,0.997
9606.ENSP00000313419,CD19,CD22,0.992
9606.ENSP00000313419,CD19,CD79B,0.991
9606.ENSP00000313419,CD19,SYK,0.983
9606.ENSP00000313419,CD19,CEP70,0.979
9606.ENSP00000313419,CD19,MS4A1,0.976
9606.ENSP00000313419,CD19,PIK3R1,0.976
9606.ENSP00000313419,CD19,NCAM1,0.972
9606.ENSP00000313419,CD19,PIK3CD,0.971
9606.ENSP00000313419,CD19,PIK3CA,0.967
9606.ENSP00000313419,CD19,CD27,0.955
9606.ENSP00000313419,CD19,MME,0.954
9606.ENSP00000313419,CD19,VAV2,0.947
9606.ENSP00000313419,CD19,CD38,0.946
9606.ENSP00000313419,CD19,PIK3R2,0.944
9606.ENSP00000313419,CD19,CD2,0.942
9606.ENSP00000313419,CD19,CD5,0.941
9606.ENSP00000313419,CD19,CD4,0.936
9606.ENSP00000313419,CD19,FCGR2B,0.933
9606.ENSP00000313419,CD19,PIK3R3,0.932
9606.ENSP00000313419,CD19,BLNK,0.932
9606.ENSP00000313419,CD19,FCRLA,0.931
9606.ENSP00000313419,CD19,SPN,0.929
9606.ENSP00000313419,CD19,VAV3,0.921
9606.ENSP00000313419,CD19,PTPRC,0.921
9606.ENSP00000313419,CD19,PIK3CB,0.918
9606.ENSP00000313419,CD19,PAX5,0.918
9606.ENSP00000313419,CD19,CD8A,0.913
9606.ENSP00000313419,CD19,ITGAM,0.912
9606.ENSP00000313419,CD19,CD9,0.912
9606.ENSP00000313419,CD19,ITGAX,0.909
9606.ENSP00000313419,CD19,CD34,0.9
9606.ENSP00000313419,CD19,CEACAM8,0.9
9606.ENSP00000313600,ATP10B,TMEM30A,0.989
9606.ENSP00000313600,ATP10B,ATP10A,0.942
9606.ENSP00000313600,ATP10B,ATP10D,0.939
9606.ENSP00000313600,ATP10B,ATP11A,0.921
9606.ENSP00000313600,ATP10B,ATP8A1,0.917
9606.ENSP00000313600,ATP10B,ATP8B1,0.91
9606.ENSP00000313601,CC2D1A,CHMP4C,0.932
9606.ENSP00000313601,CC2D1A,PRSS12,0.909
9606.ENSP00000313603,ABCF1,RPL11,0.98
9606.ENSP00000313603,ABCF1,RPS23,0.962
9606.ENSP00000313603,ABCF1,RPL10A,0.953
9606.ENSP00000313603,ABCF1,RPS29,0.952
9606.ENSP00000313603,ABCF1,RPL8,0.952
9606.ENSP00000313603,ABCF1,RPL19,0.947
9606.ENSP00000313603,ABCF1,RPS28,0.943
9606.ENSP00000313603,ABCF1,RPL18,0.934
9606.ENSP00000313603,ABCF1,RPL38,0.929
9606.ENSP00000313603,ABCF1,RPS21,0.924
9606.ENSP00000313603,ABCF1,RPL18A,0.923
9606.ENSP00000313603,ABCF1,RPL31,0.923
9606.ENSP00000313603,ABCF1,RPL36,0.922
9606.ENSP00000313603,ABCF1,DHX9,0.921
9606.ENSP00000313603,ABCF1,RPL6,0.921
9606.ENSP00000313603,ABCF1,RPL41,0.92
9606.ENSP00000313603,ABCF1,RPL24,0.919
9606.ENSP00000313603,ABCF1,RPS26,0.918
9606.ENSP00000313603,ABCF1,RPL30,0.918
9606.ENSP00000313603,ABCF1,RPL39,0.917
9606.ENSP00000313603,ABCF1,RPL32,0.912
9606.ENSP00000313603,ABCF1,LARP4B,0.911
9606.ENSP00000313603,ABCF1,RPL36A,0.909
9606.ENSP00000313670,ALS2CL,RAB5A,0.91
9606.ENSP00000313950,AURKB,BUB1B,0.999
9606.ENSP00000313950,AURKB,BIRC5,0.999
9606.ENSP00000313950,AURKB,INCENP,0.999
9606.ENSP00000313950,AURKB,CDCA8,0.999
9606.ENSP00000313950,AURKB,CDC20,0.998
9606.ENSP00000313950,AURKB,BUB1,0.997
9606.ENSP00000313950,AURKB,CDK1,0.997
9606.ENSP00000313950,AURKB,CENPA,0.997
9606.ENSP00000313950,AURKB,KIF2C,0.996
9606.ENSP00000313950,AURKB,CCNA2,0.991
9606.ENSP00000313950,AURKB,CCNB2,0.99
9606.ENSP00000313950,AURKB,KIF20A,0.99
9606.ENSP00000313950,AURKB,ESPL1,0.985
9606.ENSP00000313950,AURKB,NDC80,0.979
9606.ENSP00000313950,AURKB,CENPE,0.975
9606.ENSP00000313950,AURKB,H3-4,0.974
9606.ENSP00000313950,AURKB,RCC2,0.973
9606.ENSP00000313950,AURKB,TOP2A,0.97
9606.ENSP00000313950,AURKB,SGO1,0.969
9606.ENSP00000313950,AURKB,CDCA5,0.968
9606.ENSP00000313950,AURKB,RACGAP1,0.966
9606.ENSP00000313950,AURKB,KIF11,0.964
9606.ENSP00000313950,AURKB,CCNB1,0.962
9606.ENSP00000313950,AURKB,KIF23,0.961
9606.ENSP00000313950,AURKB,HASPIN,0.956
9606.ENSP00000313950,AURKB,UBE2C,0.955
9606.ENSP00000313950,AURKB,DLGAP5,0.95
9606.ENSP00000313950,AURKB,NUF2,0.95
9606.ENSP00000313950,AURKB,PTTG1,0.949
9606.ENSP00000313950,AURKB,BUB3,0.943
9606.ENSP00000313950,AURKB,KIF4A,0.942
9606.ENSP00000313950,AURKB,TPX2,0.94
9606.ENSP00000313950,AURKB,PLK1,0.939
9606.ENSP00000313950,AURKB,CDCA3,0.933
9606.ENSP00000313950,AURKB,OGA,0.93
9606.ENSP00000313950,AURKB,MAD2L1,0.93
9606.ENSP00000313950,AURKB,CUL3,0.927
9606.ENSP00000313950,AURKB,HJURP,0.927
9606.ENSP00000313950,AURKB,ZWINT,0.927
9606.ENSP00000313950,AURKB,CDC45,0.926
9606.ENSP00000313950,AURKB,AURKC,0.926
9606.ENSP00000313950,AURKB,CENPF,0.925
9606.ENSP00000313950,AURKB,H3C13,0.922
9606.ENSP00000313950,AURKB,AURKA,0.922
9606.ENSP00000313950,AURKB,H3-5,0.922
9606.ENSP00000313950,AURKB,MAPRE1,0.917
9606.ENSP00000313950,AURKB,KNL1,0.916
9606.ENSP00000313950,AURKB,PPP1CC,0.916
9606.ENSP00000313950,AURKB,NCAPG,0.913
9606.ENSP00000313950,AURKB,H3C12,0.909
9606.ENSP00000313950,AURKB,KLHL9,0.909
9606.ENSP00000313950,AURKB,NUSAP1,0.909
9606.ENSP00000313950,AURKB,NCAPH,0.909
9606.ENSP00000313950,AURKB,TP53,0.908
9606.ENSP00000313950,AURKB,KIFC1,0.906
9606.ENSP00000313950,AURKB,KCNJ6,0.904
9606.ENSP00000313950,AURKB,H3-3B,0.902
9606.ENSP00000313950,AURKB,KLHL13,0.902
9606.ENSP00000313950,AURKB,MELK,0.902
9606.ENSP00000314132,BOK,MCL1,0.985
9606.ENSP00000314649,ALDH5A1,ABAT,0.994
9606.ENSP00000314649,ALDH5A1,CS,0.93
9606.ENSP00000314649,ALDH5A1,OGDH,0.923
9606.ENSP00000314649,ALDH5A1,MDH2,0.91
9606.ENSP00000315477,CD209,ICAM2,0.999
9606.ENSP00000315477,CD209,ICAM3,0.999
9606.ENSP00000315477,CD209,ITIH4,0.998
9606.ENSP00000315477,CD209,CLEC4M,0.996
9606.ENSP00000315477,CD209,LSP1,0.991
9606.ENSP00000315477,CD209,BTN2A1,0.978
9606.ENSP00000315477,CD209,ERVW-1,0.975
9606.ENSP00000315477,CD209,MUC1,0.965
9606.ENSP00000315477,CD209,ITGAM,0.961
9606.ENSP00000315477,CD209,KSR1,0.951
9606.ENSP00000315477,CD209,ARHGEF12,0.94
9606.ENSP00000315477,CD209,RHOA,0.918
9606.ENSP00000315477,CD209,CEACAM5,0.916
9606.ENSP00000315477,CD209,PLK3,0.9
9606.ENSP00000315568,AVL9,DENND10,0.94
9606.ENSP00000315568,AVL9,DENND11,0.938
9606.ENSP00000315568,AVL9,DENND6A,0.92
9606.ENSP00000315931,AHCYL2,BHMT,0.975
9606.ENSP00000315931,AHCYL2,CBS,0.975
9606.ENSP00000315931,AHCYL2,BHMT2,0.973
9606.ENSP00000315931,AHCYL2,MTR,0.972
9606.ENSP00000315931,AHCYL2,CTH,0.971
9606.ENSP00000315931,AHCYL2,AHCYL1,0.964
9606.ENSP00000315931,AHCYL2,AHCY,0.921
9606.ENSP00000315931,AHCYL2,KYAT1,0.92
9606.ENSP00000315931,AHCYL2,DNMT1,0.919
9606.ENSP00000315931,AHCYL2,DNMT3B,0.913
9606.ENSP00000315931,AHCYL2,DNMT3A,0.913
9606.ENSP00000315931,AHCYL2,KYAT3,0.912
9606.ENSP00000320084,CD276,CD28,0.998
9606.ENSP00000320084,CD276,CD86,0.988
9606.ENSP00000320084,CD276,CD80,0.987
9606.ENSP00000320084,CD276,CTLA4,0.985
9606.ENSP00000320084,CD276,TREML2,0.955
9606.ENSP00000320084,CD276,CD40LG,0.935
9606.ENSP00000320084,CD276,TNFRSF9,0.924
9606.ENSP00000320485,ARID1A,SMARCC1,0.999
9606.ENSP00000320485,ARID1A,ARID1B,0.999
9606.ENSP00000320485,ARID1A,DPF2,0.999
9606.ENSP00000320485,ARID1A,ACTL6A,0.999
9606.ENSP00000320485,ARID1A,SMARCD1,0.999
9606.ENSP00000320485,ARID1A,SMARCD3,0.999
9606.ENSP00000320485,ARID1A,SMARCA4,0.999
9606.ENSP00000320485,ARID1A,SMARCE1,0.999
9606.ENSP00000320485,ARID1A,SMARCB1,0.999
9606.ENSP00000320485,ARID1A,SMARCC2,0.999
9606.ENSP00000320485,ARID1A,SMARCA2,0.999
9606.ENSP00000320485,ARID1A,PBRM1,0.999
9606.ENSP00000320485,ARID1A,ARID2,0.998
9606.ENSP00000320485,ARID1A,DPF1,0.998
9606.ENSP00000320485,ARID1A,SMARCD2,0.997
9606.ENSP00000320485,ARID1A,BRD9,0.996
9606.ENSP00000320485,ARID1A,BCL7A,0.996
9606.ENSP00000320485,ARID1A,DPF3,0.995
9606.ENSP00000320485,ARID1A,ACTB,0.995
9606.ENSP00000320485,ARID1A,BCL7C,0.995
9606.ENSP00000320485,ARID1A,SS18,0.993
9606.ENSP00000320485,ARID1A,BCL7B,0.992
9606.ENSP00000320485,ARID1A,PHF10,0.991
9606.ENSP00000320485,ARID1A,BICRA,0.98
9606.ENSP00000320485,ARID1A,ACTL6B,0.978
9606.ENSP00000320485,ARID1A,BCL11A,0.975
9606.ENSP00000320485,ARID1A,MSH2,0.974
9606.ENSP00000320485,ARID1A,BRD7,0.972
9606.ENSP00000320485,ARID1A,TP53,0.961
9606.ENSP00000320485,ARID1A,H4C6,0.954
9606.ENSP00000320485,ARID1A,BICRAL,0.952
9606.ENSP00000320485,ARID1A,BCL11B,0.944
9606.ENSP00000320485,ARID1A,PPP2R1A,0.914
9606.ENSP00000320485,ARID1A,PPARG,0.914
9606.ENSP00000320485,ARID1A,PIK3CA,0.913
9606.ENSP00000320866,CALR,TAPBP,0.999
9606.ENSP00000320866,CALR,B2M,0.999
9606.ENSP00000320866,CALR,PDIA3,0.999
9606.ENSP00000320866,CALR,CANX,0.999
9606.ENSP00000320866,CALR,HSP90B1,0.999
9606.ENSP00000320866,CALR,LRP1,0.998
9606.ENSP00000320866,CALR,HLA-A,0.997
9606.ENSP00000320866,CALR,HSPA5,0.995
9606.ENSP00000320866,CALR,P4HB,0.994
9606.ENSP00000320866,CALR,THBS1,0.988
9606.ENSP00000320866,CALR,PPIB,0.987
9606.ENSP00000320866,CALR,MBL2,0.986
9606.ENSP00000320866,CALR,HSP90AB1,0.975
9606.ENSP00000320866,CALR,PDIA4,0.973
9606.ENSP00000320866,CALR,HLA-B,0.969
9606.ENSP00000320866,CALR,HSP90AA1,0.968
9606.ENSP00000320866,CALR,NCL,0.966
9606.ENSP00000320866,CALR,TAP1,0.962
9606.ENSP00000320866,CALR,C1QB,0.96
9606.ENSP00000320866,CALR,HSPA4,0.955
9606.ENSP00000320866,CALR,TLR4,0.953
9606.ENSP00000320866,CALR,HLA-F,0.949
9606.ENSP00000320866,CALR,GABARAP,0.948
9606.ENSP00000320866,CALR,HYOU1,0.947
9606.ENSP00000320866,CALR,HLA-E,0.944
9606.ENSP00000320866,CALR,C1QA,0.943
9606.ENSP00000320866,CALR,GANAB,0.943
9606.ENSP00000320866,CALR,PDIA6,0.937
9606.ENSP00000320866,CALR,ATF6,0.933
9606.ENSP00000320866,CALR,HLA-C,0.93
9606.ENSP00000320866,CALR,TAP2,0.924
9606.ENSP00000320866,CALR,ANXA2,0.923
9606.ENSP00000320866,CALR,HLA-G,0.923
9606.ENSP00000320866,CALR,PRKCSH,0.915
9606.ENSP00000320866,CALR,FCN2,0.912
9606.ENSP00000320866,CALR,CALU,0.909
9606.ENSP00000320866,CALR,C1QC,0.908
9606.ENSP00000320866,CALR,EDEM1,0.903
9606.ENSP00000322061,C7,C5,0.999
9606.ENSP00000322061,C7,C6,0.995
9606.ENSP00000322061,C7,C8G,0.994
9606.ENSP00000322061,C7,C8B,0.991
9606.ENSP00000322061,C7,C9,0.986
9606.ENSP00000322061,C7,C8A,0.984
9606.ENSP00000322061,C7,VDAC1,0.902
9606.ENSP00000322061,C7,SPG7,0.9
9606.ENSP00000322061,C7,PPIF,0.9
9606.ENSP00000323099,ATRIP,ATR,0.999
9606.ENSP00000323099,ATRIP,RPA1,0.999
9606.ENSP00000323099,ATRIP,TOPBP1,0.999
9606.ENSP00000323099,ATRIP,ATM,0.998
9606.ENSP00000323099,ATRIP,RAD9A,0.992
9606.ENSP00000323099,ATRIP,CHEK1,0.981
9606.ENSP00000323099,ATRIP,RAD17,0.98
9606.ENSP00000323099,ATRIP,RPA2,0.979
9606.ENSP00000323099,ATRIP,MCM7,0.978
9606.ENSP00000323099,ATRIP,CLSPN,0.974
9606.ENSP00000323099,ATRIP,HUS1,0.974
9606.ENSP00000323099,ATRIP,PRKDC,0.973
9606.ENSP00000323099,ATRIP,BRCA1,0.972
9606.ENSP00000323099,ATRIP,FANCI,0.956
9606.ENSP00000323099,ATRIP,FANCM,0.955
9606.ENSP00000323099,ATRIP,FANCA,0.955
9606.ENSP00000323099,ATRIP,FANCG,0.945
9606.ENSP00000323099,ATRIP,ETAA1,0.913
9606.ENSP00000323099,ATRIP,RPA3,0.907
9606.ENSP00000324890,CD28,LOC102723996,0.999
9606.ENSP00000324890,CD28,CD80,0.999
9606.ENSP00000324890,CD28,GRB2,0.999
9606.ENSP00000324890,CD28,CD86,0.999
9606.ENSP00000324890,CD28,LCK,0.998
9606.ENSP00000324890,CD28,CD40LG,0.998
9606.ENSP00000324890,CD28,CD276,0.998
9606.ENSP00000324890,CD28,CD40,0.997
9606.ENSP00000324890,CD28,ICOSLG,0.997
9606.ENSP00000324890,CD28,CD274,0.997
9606.ENSP00000324890,CD28,PRKCQ,0.994
9606.ENSP00000324890,CD28,PIK3R1,0.993
9606.ENSP00000324890,CD28,TNFSF9,0.992
9606.ENSP00000324890,CD28,CTLA4,0.991
9606.ENSP00000324890,CD28,CD2,0.985
9606.ENSP00000324890,CD28,GRAP2,0.983
9606.ENSP00000324890,CD28,CD247,0.981
9606.ENSP00000324890,CD28,TNFSF4,0.981
9606.ENSP00000324890,CD28,ICOS,0.979
9606.ENSP00000324890,CD28,CD70,0.979
9606.ENSP00000324890,CD28,ICAM1,0.977
9606.ENSP00000324890,CD28,PDCD1LG2,0.976
9606.ENSP00000324890,CD28,ITK,0.973
9606.ENSP00000324890,CD28,CD4,0.971
9606.ENSP00000324890,CD28,CD58,0.967
9606.ENSP00000324890,CD28,IL2,0.965
9606.ENSP00000324890,CD28,CD8A,0.961
9606.ENSP00000324890,CD28,IFNG,0.954
9606.ENSP00000324890,CD28,PIK3CD,0.943
9606.ENSP00000324890,CD28,ZAP70,0.941
9606.ENSP00000324890,CD28,PIK3CA,0.94
9606.ENSP00000324890,CD28,PDCD1,0.936
9606.ENSP00000324890,CD28,FOXP3,0.935
9606.ENSP00000324890,CD28,TNFRSF4,0.934
9606.ENSP00000324890,CD28,PIK3R2,0.933
9606.ENSP00000324890,CD28,TNFRSF9,0.93
9606.ENSP00000324890,CD28,IL10,0.922
9606.ENSP00000324890,CD28,PIK3CB,0.917
9606.ENSP00000324890,CD28,IGKV1-33,0.909
9606.ENSP00000324890,CD28,IGKV2D-29,0.909
9606.ENSP00000324890,CD28,IGKV1D-33,0.909
9606.ENSP00000324890,CD28,PIK3R3,0.906
9606.ENSP00000325690,CARM1,EP300,0.999
9606.ENSP00000325690,CARM1,NCOA3,0.997
9606.ENSP00000325690,CARM1,H3C13,0.994
9606.ENSP00000325690,CARM1,H3C12,0.994
9606.ENSP00000325690,CARM1,NCOA2,0.994
9606.ENSP00000325690,CARM1,PRMT1,0.982
9606.ENSP00000325690,CARM1,H3C1,0.982
9606.ENSP00000325690,CARM1,CREBBP,0.981
9606.ENSP00000325690,CARM1,H3-2,0.978
9606.ENSP00000325690,CARM1,NCOA1,0.976
9606.ENSP00000325690,CARM1,H3-3B,0.975
9606.ENSP00000325690,CARM1,H3-5,0.974
9606.ENSP00000325690,CARM1,ESR1,0.972
9606.ENSP00000325690,CARM1,SRC,0.957
9606.ENSP00000325690,CARM1,PABPC1,0.957
9606.ENSP00000325690,CARM1,JUN,0.95
9606.ENSP00000325690,CARM1,APOE,0.948
9606.ENSP00000325690,CARM1,MED1,0.944
9606.ENSP00000325690,CARM1,FOS,0.941
9606.ENSP00000325690,CARM1,H3C6,0.931
9606.ENSP00000325690,CARM1,TP53,0.93
9606.ENSP00000325690,CARM1,H3C3,0.93
9606.ENSP00000325690,CARM1,H3C14,0.927
9606.ENSP00000325690,CARM1,H3C15,0.927
9606.ENSP00000325690,CARM1,KAT2B,0.926
9606.ENSP00000325690,CARM1,ESR2,0.922
9606.ENSP00000325690,CARM1,SP1,0.922
9606.ENSP00000325690,CARM1,H3C4,0.922
9606.ENSP00000325690,CARM1,H3C2,0.922
9606.ENSP00000325690,CARM1,H3C10,0.922
9606.ENSP00000325690,CARM1,H3C7,0.922
9606.ENSP00000325690,CARM1,H3C11,0.922
9606.ENSP00000325690,CARM1,H3C8,0.922
9606.ENSP00000325690,CARM1,MAPK12,0.921
9606.ENSP00000325690,CARM1,MAPK14,0.919
9606.ENSP00000325690,CARM1,PRKACA,0.918
9606.ENSP00000325690,CARM1,PRKACB,0.915
9606.ENSP00000325690,CARM1,PRKACG,0.915
9606.ENSP00000325690,CARM1,MAPK8,0.915
9606.ENSP00000325690,CARM1,RPS6KB1,0.915
9606.ENSP00000325690,CARM1,H3-3A,0.914
9606.ENSP00000325690,CARM1,MAPK11,0.914
9606.ENSP00000325690,CARM1,RPS6KB2,0.912
9606.ENSP00000325690,CARM1,MAPK13,0.911
9606.ENSP00000325690,CARM1,MAPK9,0.91
9606.ENSP00000327191,CCT6B,CCT5,0.999
9606.ENSP00000327191,CCT6B,CCT2,0.999
9606.ENSP00000327191,CCT6B,CCT3,0.999
9606.ENSP00000327191,CCT6B,TCP1,0.999
9606.ENSP00000327191,CCT6B,CCT4,0.999
9606.ENSP00000327191,CCT6B,CCT7,0.998
9606.ENSP00000327191,CCT6B,CCT8,0.996
9606.ENSP00000327191,CCT6B,MOB4,0.994
9606.ENSP00000327191,CCT6B,CCT8L2,0.953
9606.ENSP00000327191,CCT6B,CCT6A,0.947
9606.ENSP00000327191,CCT6B,TSC1,0.942
9606.ENSP00000327191,CCT6B,DNAJC9,0.934
9606.ENSP00000327191,CCT6B,PTGES3,0.918
9606.ENSP00000327191,CCT6B,CDC37,0.911
9606.ENSP00000327191,CCT6B,STIP1,0.91
9606.ENSP00000327191,CCT6B,PPP5C,0.905
9606.ENSP00000327191,CCT6B,PSMG2,0.901
9606.ENSP00000327191,CCT6B,PSMG1,0.901
9606.ENSP00000327459,APOBEC3B,APOBEC3A,0.939
9606.ENSP00000327459,APOBEC3B,CUL5,0.91
9606.ENSP00000328938,AFMID,TDO2,0.989
9606.ENSP00000328938,AFMID,KYNU,0.988
9606.ENSP00000328938,AFMID,KMO,0.985
9606.ENSP00000328938,AFMID,IDO2,0.974
9606.ENSP00000328938,AFMID,IDO1,0.968
9606.ENSP00000328938,AFMID,KYAT1,0.965
9606.ENSP00000328938,AFMID,KYAT3,0.964
9606.ENSP00000328938,AFMID,AADAT,0.955
9606.ENSP00000328938,AFMID,DDC,0.928
9606.ENSP00000330237,CASP9,CASP3,0.999
9606.ENSP00000330237,CASP9,XIAP,0.999
9606.ENSP00000330237,CASP9,BIRC2,0.999
9606.ENSP00000330237,CASP9,CYCS,0.999
9606.ENSP00000330237,CASP9,APAF1,0.999
9606.ENSP00000330237,CASP9,BIRC7,0.998
9606.ENSP00000330237,CASP9,BIRC3,0.996
9606.ENSP00000330237,CASP9,BCL2L1,0.992
9606.ENSP00000330237,CASP9,PARP1,0.991
9606.ENSP00000330237,CASP9,AKT1,0.989
9606.ENSP00000330237,CASP9,DIABLO-2,0.981
9606.ENSP00000330237,CASP9,CARD8,0.976
9606.ENSP00000330237,CASP9,DCC,0.973
9606.ENSP00000330237,CASP9,DIABLO,0.959
9606.ENSP00000330237,CASP9,TP53,0.953
9606.ENSP00000330237,CASP9,CASP7,0.952
9606.ENSP00000330237,CASP9,CASP6,0.952
9606.ENSP00000330237,CASP9,BCL2,0.946
9606.ENSP00000330237,CASP9,CASP8,0.944
9606.ENSP00000330237,CASP9,AKT2,0.942
9606.ENSP00000330237,CASP9,AKT3,0.937
9606.ENSP00000330237,CASP9,BIRC6,0.931
9606.ENSP00000330237,CASP9,BECN1,0.928
9606.ENSP00000330237,CASP9,PARP2,0.917
9606.ENSP00000330237,CASP9,PARP3,0.914
9606.ENSP00000330237,CASP9,BIRC5,0.911
9606.ENSP00000330237,CASP9,PARP4,0.911
9606.ENSP00000332659,CCR4,CCL22,0.997
9606.ENSP00000332659,CCR4,CCL17,0.996
9606.ENSP00000332659,CCR4,CCL5,0.977
9606.ENSP00000332659,CCR4,CCL2,0.92
9606.ENSP00000332659,CCR4,GNAQ,0.908
9606.ENSP00000333919,BTLA,TNFRSF14,0.999
9606.ENSP00000333919,BTLA,PTPN11,0.996
9606.ENSP00000333919,BTLA,VTCN1,0.988
9606.ENSP00000333919,BTLA,CD160,0.953
9606.ENSP00000333919,BTLA,CD274,0.943
9606.ENSP00000333926,ABCC5,MRPS7,0.944
9606.ENSP00000334198,CACNA1H,CACNA1I,0.979
9606.ENSP00000334198,CACNA1H,CALM3,0.957
9606.ENSP00000334198,CACNA1H,CACNA1G,0.944
9606.ENSP00000334198,CACNA1H,CALML5,0.943
9606.ENSP00000334198,CACNA1H,CALML3,0.943
9606.ENSP00000334198,CACNA1H,CALML4,0.941
9606.ENSP00000334198,CACNA1H,CALML6,0.94
9606.ENSP00000334198,CACNA1H,TRPC1,0.937
9606.ENSP00000334198,CACNA1H,TRPC5,0.924
9606.ENSP00000334198,CACNA1H,TRPC4,0.924
9606.ENSP00000334198,CACNA1H,NOS1,0.92
9606.ENSP00000334198,CACNA1H,CACNA2D1,0.919
9606.ENSP00000334198,CACNA1H,CACNA1C,0.917
9606.ENSP00000334198,CACNA1H,ESR2,0.914
9606.ENSP00000334198,CACNA1H,CAV3,0.908
9606.ENSP00000335044,ARID2,PBRM1,0.999
9606.ENSP00000335044,ARID2,PHF10,0.999
9606.ENSP00000335044,ARID2,BRD7,0.999
9606.ENSP00000335044,ARID2,SMARCB1,0.999
9606.ENSP00000335044,ARID2,SMARCC2,0.999
9606.ENSP00000335044,ARID2,SMARCE1,0.999
9606.ENSP00000335044,ARID2,SMARCA4,0.999
9606.ENSP00000335044,ARID2,SMARCD1,0.999
9606.ENSP00000335044,ARID2,ARID1A,0.998
9606.ENSP00000335044,ARID2,ARID1B,0.997
9606.ENSP00000335044,ARID2,ACTL6A,0.997
9606.ENSP00000335044,ARID2,SMARCC1,0.996
9606.ENSP00000335044,ARID2,SMARCA2,0.994
9606.ENSP00000335044,ARID2,DPF3,0.991
9606.ENSP00000335044,ARID2,BRD9,0.987
9606.ENSP00000335044,ARID2,ACTB,0.983
9606.ENSP00000335044,ARID2,DPF2,0.977
9606.ENSP00000335044,ARID2,BCL7C,0.968
9606.ENSP00000335044,ARID2,ACTL6B,0.968
9606.ENSP00000335044,ARID2,SMARCD2,0.964
9606.ENSP00000335044,ARID2,BCL7A,0.963
9606.ENSP00000335044,ARID2,SMARCD3,0.963
9606.ENSP00000335044,ARID2,SS18,0.961
9606.ENSP00000335044,ARID2,BICRA,0.953
9606.ENSP00000335044,ARID2,H4C6,0.931
9606.ENSP00000335044,ARID2,DPF1,0.928
9606.ENSP00000335044,ARID2,BCL11A,0.916
9606.ENSP00000335044,ARID2,H3C12,0.914
9606.ENSP00000335044,ARID2,BCL11B,0.911
9606.ENSP00000335320,BCL9L,PYGO2,0.993
9606.ENSP00000335320,BCL9L,CTNNB1,0.992
9606.ENSP00000335320,BCL9L,BCL9,0.963
9606.ENSP00000335320,BCL9L,TCF4,0.935
9606.ENSP00000335320,BCL9L,LDB1,0.926
9606.ENSP00000335320,BCL9L,PYGO1,0.92
9606.ENSP00000335320,BCL9L,TLE1,0.911
9606.ENSP00000335320,BCL9L,TLE3,0.907
9606.ENSP00000335320,BCL9L,TLE4,0.902
9606.ENSP00000335560,ARHGEF25,RHOA,0.997
9606.ENSP00000335560,ARHGEF25,GNAQ,0.997
9606.ENSP00000336666,AP1S1,AP1M1,0.999
9606.ENSP00000336666,AP1S1,AP1B1,0.999
9606.ENSP00000336666,AP1S1,AP1G1,0.998
9606.ENSP00000336666,AP1S1,AP1M2,0.996
9606.ENSP00000336666,AP1S1,AP1G2,0.995
9606.ENSP00000336666,AP1S1,AP2B1,0.991
9606.ENSP00000336666,AP1S1,AP4M1,0.969
9606.ENSP00000336666,AP1S1,AP2M1,0.965
9606.ENSP00000336666,AP1S1,AP4B1,0.964
9606.ENSP00000336666,AP1S1,AP4E1,0.961
9606.ENSP00000336666,AP1S1,AP5M1,0.957
9606.ENSP00000336666,AP1S1,AP1S2,0.945
9606.ENSP00000336666,AP1S1,AP2A1,0.944
9606.ENSP00000336666,AP1S1,AP5S1,0.938
9606.ENSP00000336666,AP1S1,CLTC,0.934
9606.ENSP00000336666,AP1S1,CLTA,0.932
9606.ENSP00000336666,AP1S1,AP5Z1,0.923
9606.ENSP00000336666,AP1S1,AP2S1,0.921
9606.ENSP00000336666,AP1S1,AP2A2,0.92
9606.ENSP00000336666,AP1S1,AP5B1,0.916
9606.ENSP00000336666,AP1S1,AP4S1,0.914
9606.ENSP00000336666,AP1S1,AP3S1,0.91
9606.ENSP00000336666,AP1S1,AP3S2,0.908
9606.ENSP00000336666,AP1S1,AFTPH,0.906
9606.ENSP00000336666,AP1S1,AP1S3,0.902
9606.ENSP00000336666,AP1S1,NCALD,0.901
9606.ENSP00000336666,AP1S1,KCNQ5,0.901
9606.ENSP00000336762,ANG,RNH1,0.999
9606.ENSP00000336762,ANG,RNASE4,0.988
9606.ENSP00000336762,ANG,RNASE2,0.926
9606.ENSP00000336762,ANG,RNASE8,0.901
9606.ENSP00000337180,AZIN1,OAZ1,0.999
9606.ENSP00000337180,AZIN1,OAZ3,0.994
9606.ENSP00000337180,AZIN1,OAZ2,0.992
9606.ENSP00000338728,CCDC88A,GNAI3,0.918
9606.ENSP00000340361,ACVR2B,MSTN,0.999
9606.ENSP00000340361,ACVR2B,ACVR1B,0.999
9606.ENSP00000340361,ACVR2B,INHBA,0.999
9606.ENSP00000340361,ACVR2B,GDF11,0.999
9606.ENSP00000340361,ACVR2B,TGFBR1,0.999
9606.ENSP00000340361,ACVR2B,BMP2,0.999
9606.ENSP00000340361,ACVR2B,BMP7,0.998
9606.ENSP00000340361,ACVR2B,ACVR2A,0.998
9606.ENSP00000340361,ACVR2B,ACVR1C,0.997
9606.ENSP00000340361,ACVR2B,GDF2,0.997
9606.ENSP00000340361,ACVR2B,BMP6,0.997
9606.ENSP00000340361,ACVR2B,BMPR1A,0.995
9606.ENSP00000340361,ACVR2B,NODAL,0.993
9606.ENSP00000340361,ACVR2B,ACVR1,0.993
9606.ENSP00000340361,ACVR2B,BMP4,0.993
9606.ENSP00000340361,ACVR2B,BMP3,0.989
9606.ENSP00000340361,ACVR2B,TDGF1,0.988
9606.ENSP00000340361,ACVR2B,INHBB,0.987
9606.ENSP00000340361,ACVR2B,GDF5,0.985
9606.ENSP00000340361,ACVR2B,SMAD2,0.983
9606.ENSP00000340361,ACVR2B,BMP5,0.979
9606.ENSP00000340361,ACVR2B,BMPR1B,0.978
9606.ENSP00000340361,ACVR2B,GDF1,0.973
9606.ENSP00000340361,ACVR2B,SMAD3,0.968
9606.ENSP00000340361,ACVR2B,INHA,0.962
9606.ENSP00000340361,ACVR2B,GDF6,0.961
9606.ENSP00000340361,ACVR2B,CFC1,0.959
9606.ENSP00000340361,ACVR2B,BMP8A,0.956
9606.ENSP00000340361,ACVR2B,ACVRL1,0.956
9606.ENSP00000340361,ACVR2B,GDF3,0.956
9606.ENSP00000340361,ACVR2B,GDF7,0.953
9606.ENSP00000340361,ACVR2B,LEFTY2,0.951
9606.ENSP00000340361,ACVR2B,BMPR2,0.951
9606.ENSP00000340361,ACVR2B,INHBE,0.937
9606.ENSP00000340361,ACVR2B,INHBC,0.937
9606.ENSP00000340361,ACVR2B,BMP8B,0.936
9606.ENSP00000340361,ACVR2B,LOC102723407,0.923
9606.ENSP00000340361,ACVR2B,LEFTY1,0.921
9606.ENSP00000340361,ACVR2B,ZIC3,0.909
9606.ENSP00000340688,ADGRL1,TENM2,0.999
9606.ENSP00000340688,ADGRL1,TENM4,0.994
9606.ENSP00000340688,ADGRL1,TENM1,0.986
9606.ENSP00000340688,ADGRL1,TENM3,0.981
9606.ENSP00000340688,ADGRL1,UNC5A,0.977
9606.ENSP00000340688,ADGRL1,UNC5C,0.974
9606.ENSP00000340688,ADGRL1,UNC5D,0.973
9606.ENSP00000340688,ADGRL1,UNC5CL,0.97
9606.ENSP00000340688,ADGRL1,SLC35A1,0.969
9606.ENSP00000340688,ADGRL1,VEGFB,0.969
9606.ENSP00000340688,ADGRL1,SZRD1,0.969
9606.ENSP00000340688,ADGRL1,GNB2,0.968
9606.ENSP00000340688,ADGRL1,GNB3,0.968
9606.ENSP00000340688,ADGRL1,FRMD6,0.967
9606.ENSP00000340688,ADGRL1,GNB5,0.967
9606.ENSP00000340688,ADGRL1,GNB4,0.967
9606.ENSP00000340688,ADGRL1,GNB1,0.967
9606.ENSP00000341071,ARHGEF3,RHOB,0.948
9606.ENSP00000341071,ARHGEF3,RHOC,0.908
9606.ENSP00000341610,C15orf48,NDUFA4,0.983
9606.ENSP00000341787,BTNL3,XDH,0.969
9606.ENSP00000341787,BTNL3,PLIN2,0.922
9606.ENSP00000342952,ADCY2,GNAS,0.978
9606.ENSP00000342952,ADCY2,GNAL,0.968
9606.ENSP00000342952,ADCY2,RAPGEF4,0.928
9606.ENSP00000342952,ADCY2,RAPGEF3,0.92
9606.ENSP00000342952,ADCY2,PRKCD,0.91
9606.ENSP00000342952,ADCY2,CNR1,0.909
9606.ENSP00000342952,ADCY2,ENTPD2,0.905
9606.ENSP00000342952,ADCY2,NUDT2,0.903
9606.ENSP00000342952,ADCY2,NTPCR,0.903
9606.ENSP00000342952,ADCY2,ITPA,0.901
9606.ENSP00000343002,B3GLCT,POFUT2,0.958
9606.ENSP00000343412,BABAM2,BRCC3,0.999
9606.ENSP00000343412,BABAM2,ABRAXAS2,0.999
9606.ENSP00000343412,BABAM2,BABAM1,0.999
9606.ENSP00000343412,BABAM2,BRCA1,0.999
9606.ENSP00000343412,BABAM2,ABRAXAS1,0.999
9606.ENSP00000343412,BABAM2,BARD1,0.999
9606.ENSP00000343412,BABAM2,UIMC1,0.999
9606.ENSP00000343412,BABAM2,SHMT2,0.998
9606.ENSP00000343412,BABAM2,RAD51,0.975
9606.ENSP00000343412,BABAM2,BRCA2,0.96
9606.ENSP00000343412,BABAM2,ANAPC5,0.928
9606.ENSP00000343412,BABAM2,RNF2,0.913
9606.ENSP00000343412,BABAM2,BMI1,0.911
9606.ENSP00000343412,BABAM2,UBE2S,0.909
9606.ENSP00000343412,BABAM2,BCOR,0.908
9606.ENSP00000343412,BABAM2,CDC27,0.906
9606.ENSP00000343412,BABAM2,UBE2C,0.905
9606.ENSP00000343412,BABAM2,ANAPC1,0.904
9606.ENSP00000343412,BABAM2,RING1,0.903
9606.ENSP00000343412,BABAM2,CUL7,0.903
9606.ENSP00000343412,BABAM2,CDC16,0.902
9606.ENSP00000343412,BABAM2,CBX2,0.902
9606.ENSP00000343412,BABAM2,CBX8,0.902
9606.ENSP00000343412,BABAM2,CBX4,0.902
9606.ENSP00000343412,BABAM2,ANAPC7,0.902
9606.ENSP00000343412,BABAM2,PHC2,0.902
9606.ENSP00000343412,BABAM2,PCGF2,0.901
9606.ENSP00000343412,BABAM2,CDC23,0.901
9606.ENSP00000343412,BABAM2,PCGF6,0.901
9606.ENSP00000343412,BABAM2,PHC1,0.901
9606.ENSP00000343412,BABAM2,ANAPC10,0.901
9606.ENSP00000343412,BABAM2,ANAPC11,0.9
9606.ENSP00000343412,BABAM2,ANAPC13,0.9
9606.ENSP00000343412,BABAM2,ANAPC4,0.9
9606.ENSP00000343412,BABAM2,ANAPC16,0.9
9606.ENSP00000343412,BABAM2,ANAPC2,0.9
9606.ENSP00000343412,BABAM2,CDC26,0.9
9606.ENSP00000343412,BABAM2,ANAPC15,0.9
9606.ENSP00000343412,BABAM2,PHC3,0.9
9606.ENSP00000343741,ATR,CHEK1,0.999
9606.ENSP00000343741,ATR,ATM,0.999
9606.ENSP00000343741,ATR,ATRIP,0.999
9606.ENSP00000343741,ATR,CHEK2,0.998
9606.ENSP00000343741,ATR,TP53,0.996
9606.ENSP00000343741,ATR,BRCA1,0.996
9606.ENSP00000343741,ATR,TOPBP1,0.996
9606.ENSP00000343741,ATR,RAD9A,0.994
9606.ENSP00000343741,ATR,HUS1,0.992
9606.ENSP00000343741,ATR,CDC7,0.992
9606.ENSP00000343741,ATR,TELO2,0.989
9606.ENSP00000343741,ATR,RAD17,0.988
9606.ENSP00000343741,ATR,RPA1,0.983
9606.ENSP00000343741,ATR,FANCM,0.978
9606.ENSP00000343741,ATR,TP53BP1,0.975
9606.ENSP00000343741,ATR,RAD1,0.971
9606.ENSP00000343741,ATR,MRE11,0.968
9606.ENSP00000343741,ATR,WRN,0.966
9606.ENSP00000343741,ATR,NBN,0.964
9606.ENSP00000343741,ATR,BLM,0.962
9606.ENSP00000343741,ATR,FANCI,0.96
9606.ENSP00000343741,ATR,RPA2,0.958
9606.ENSP00000343741,ATR,RAD52,0.955
9606.ENSP00000343741,ATR,FANCA,0.953
9606.ENSP00000343741,ATR,EXO1,0.947
9606.ENSP00000343741,ATR,RAD51,0.942
9606.ENSP00000343741,ATR,RAD9B,0.938
9606.ENSP00000343741,ATR,CLSPN,0.935
9606.ENSP00000343741,ATR,FANCD2,0.93
9606.ENSP00000343741,ATR,FANCG,0.919
9606.ENSP00000343741,ATR,SQSTM1,0.915
9606.ENSP00000343741,ATR,CDC45,0.914
9606.ENSP00000343741,ATR,H2AX,0.914
9606.ENSP00000343741,ATR,MSH2,0.91
9606.ENSP00000343741,ATR,RAD50,0.905
9606.ENSP00000343782,ADRB3,UCP1,0.943
9606.ENSP00000343782,ADRB3,GNAS,0.941
9606.ENSP00000343782,ADRB3,ADRB2,0.94
9606.ENSP00000343782,ADRB3,GNAI1,0.915
9606.ENSP00000343782,ADRB3,GNAI3,0.914
9606.ENSP00000343782,ADRB3,GNAI2,0.912
9606.ENSP00000343782,ADRB3,ADRB1,0.907
9606.ENSP00000345436,CASKIN1,CASK,0.972
9606.ENSP00000345436,CASKIN1,NRXN1,0.924
9606.ENSP00000346032,ANXA2,S100A4,0.999
9606.ENSP00000346032,ANXA2,S100A10,0.999
9606.ENSP00000346032,ANXA2,AHNAK,0.999
9606.ENSP00000346032,ANXA2,PLAT,0.997
9606.ENSP00000346032,ANXA2,PLG,0.997
9606.ENSP00000346032,ANXA2,ANXA2R,0.997
9606.ENSP00000346032,ANXA2,S100A11,0.996
9606.ENSP00000346032,ANXA2,ANXA1,0.989
9606.ENSP00000346032,ANXA2,DYSF,0.989
9606.ENSP00000346032,ANXA2,CD63,0.985
9606.ENSP00000346032,ANXA2,CTSB,0.978
9606.ENSP00000346032,ANXA2,TP53,0.977
9606.ENSP00000346032,ANXA2,AHNAK2,0.971
9606.ENSP00000346032,ANXA2,TLR4,0.968
9606.ENSP00000346032,ANXA2,EGFR,0.958
9606.ENSP00000346032,ANXA2,S100A6,0.952
9606.ENSP00000346032,ANXA2,MYC,0.951
9606.ENSP00000346032,ANXA2,S100A1,0.947
9606.ENSP00000346032,ANXA2,APOH,0.943
9606.ENSP00000346032,ANXA2,CALR,0.923
9606.ENSP00000346032,ANXA2,CAV1,0.922
9606.ENSP00000346032,ANXA2,CDC42,0.921
9606.ENSP00000346032,ANXA2,ANXA6,0.91
9606.ENSP00000346032,ANXA2,RPS6KA1,0.904
9606.ENSP00000346437,ATG7,ATG12,0.999
9606.ENSP00000346437,ATG7,GABARAP,0.999
9606.ENSP00000346437,ATG7,GABARAPL2,0.999
9606.ENSP00000346437,ATG7,ATG5,0.999
9606.ENSP00000346437,ATG7,ATG10,0.999
9606.ENSP00000346437,ATG7,ATG3,0.999
9606.ENSP00000346437,ATG7,GABARAPL1,0.999
9606.ENSP00000346437,ATG7,MAP1LC3A,0.998
9606.ENSP00000346437,ATG7,MAP1LC3B,0.998
9606.ENSP00000346437,ATG7,FOXO1,0.998
9606.ENSP00000346437,ATG7,ATG16L1,0.995
9606.ENSP00000346437,ATG7,SIRT1,0.993
9606.ENSP00000346437,ATG7,BECN1,0.983
9606.ENSP00000346437,ATG7,ATG4B,0.977
9606.ENSP00000346437,ATG7,MAP1LC3C,0.972
9606.ENSP00000346437,ATG7,ULK1,0.963
9606.ENSP00000346437,ATG7,ATG14,0.951
9606.ENSP00000346437,ATG7,SQSTM1,0.938
9606.ENSP00000346437,ATG7,PIK3R4,0.937
9606.ENSP00000346437,ATG7,PIK3C3,0.927
9606.ENSP00000346437,ATG7,ATG4D,0.916
9606.ENSP00000346437,ATG7,RB1CC1,0.915
9606.ENSP00000346437,ATG7,TP53,0.907
9606.ENSP00000346437,ATG7,WIPI2,0.902
9606.ENSP00000347232,BLM,FANCM,0.999
9606.ENSP00000347232,BLM,RPA1,0.999
9606.ENSP00000347232,BLM,FANCA,0.999
9606.ENSP00000347232,BLM,FANCG,0.999
9606.ENSP00000347232,BLM,RMI1,0.999
9606.ENSP00000347232,BLM,TOP3A,0.999
9606.ENSP00000347232,BLM,MLH1,0.999
9606.ENSP00000347232,BLM,RAD51,0.998
9606.ENSP00000347232,BLM,EXO1,0.998
9606.ENSP00000347232,BLM,RPA3,0.998
9606.ENSP00000347232,BLM,RPA2,0.998
9606.ENSP00000347232,BLM,RMI2,0.996
9606.ENSP00000347232,BLM,CENPS,0.994
9606.ENSP00000347232,BLM,CENPX,0.994
9606.ENSP00000347232,BLM,FAAP100,0.994
9606.ENSP00000347232,BLM,ATM,0.991
9606.ENSP00000347232,BLM,DNA2,0.987
9606.ENSP00000347232,BLM,TP53BP1,0.978
9606.ENSP00000347232,BLM,BRCA1,0.974
9606.ENSP00000347232,BLM,MSH6,0.972
9606.ENSP00000347232,BLM,MRE11,0.969
9606.ENSP00000347232,BLM,MUS81,0.964
9606.ENSP00000347232,BLM,ATR,0.962
9606.ENSP00000347232,BLM,XRCC3,0.962
9606.ENSP00000347232,BLM,RAD52,0.958
9606.ENSP00000347232,BLM,ERCC6L,0.952
9606.ENSP00000347232,BLM,BRIP1,0.95
9606.ENSP00000347232,BLM,TOP3B,0.945
9606.ENSP00000347232,BLM,BRCA2,0.935
9606.ENSP00000347232,BLM,FANCD2,0.933
9606.ENSP00000347232,BLM,CHEK1,0.932
9606.ENSP00000347232,BLM,TP53,0.932
9606.ENSP00000347232,BLM,NBN,0.925
9606.ENSP00000347232,BLM,FEN1,0.921
9606.ENSP00000347232,BLM,RAD50,0.92
9606.ENSP00000347232,BLM,XRCC6,0.91
9606.ENSP00000347232,BLM,MSH2,0.907
9606.ENSP00000347602,ARID4A,BRMS1,0.999
9606.ENSP00000347602,ARID4A,BRMS1L,0.997
9606.ENSP00000347602,ARID4A,SIN3A,0.995
9606.ENSP00000347602,ARID4A,SAP30,0.992
9606.ENSP00000347602,ARID4A,SIN3B,0.99
9606.ENSP00000347602,ARID4A,SUDS3,0.987
9606.ENSP00000347602,ARID4A,HDAC1,0.986
9606.ENSP00000347602,ARID4A,ING2,0.986
9606.ENSP00000347602,ARID4A,RB1,0.984
9606.ENSP00000347602,ARID4A,ING1,0.981
9606.ENSP00000347602,ARID4A,PHF12,0.969
9606.ENSP00000347602,ARID4A,RBBP7,0.945
9606.ENSP00000347602,ARID4A,HDAC2,0.944
9606.ENSP00000347602,ARID4A,SINHCAF,0.944
9606.ENSP00000347602,ARID4A,ARID4B,0.925
9606.ENSP00000347602,ARID4A,RBBP4,0.916
9606.ENSP00000347602,ARID4A,SAP30L,0.909
9606.ENSP00000348381,ADD3,EPB41,0.993
9606.ENSP00000348381,ADD3,DMTN,0.993
9606.ENSP00000348381,ADD3,ANK2,0.986
9606.ENSP00000348381,ADD3,ANK1,0.984
9606.ENSP00000348381,ADD3,ADD1,0.981
9606.ENSP00000348381,ADD3,ANK3,0.979
9606.ENSP00000348381,ADD3,TMOD4,0.946
9606.ENSP00000348381,ADD3,TMOD1,0.939
9606.ENSP00000348381,ADD3,TMOD3,0.939
9606.ENSP00000348381,ADD3,TMOD2,0.937
9606.ENSP00000348381,ADD3,CALML4,0.913
9606.ENSP00000348381,ADD3,CALML5,0.913
9606.ENSP00000348381,ADD3,CALML6,0.913
9606.ENSP00000348381,ADD3,CALML3,0.913
9606.ENSP00000348573,AKAP9,KCNQ1,0.999
9606.ENSP00000348573,AKAP9,PRKACA,0.993
9606.ENSP00000348573,AKAP9,PRKACB,0.991
9606.ENSP00000348573,AKAP9,PRKACG,0.986
9606.ENSP00000348573,AKAP9,KCNE1,0.983
9606.ENSP00000348573,AKAP9,PDE4DIP,0.977
9606.ENSP00000348573,AKAP9,GOLGA2,0.968
9606.ENSP00000348573,AKAP9,CDK5RAP2,0.943
9606.ENSP00000348573,AKAP9,KCNE2,0.932
9606.ENSP00000348573,AKAP9,KCNE3,0.909
9606.ENSP00000348573,AKAP9,PRKAR2B,0.902
9606.ENSP00000348602,AMPH,SYNJ1,0.997
9606.ENSP00000348602,AMPH,DNM1,0.996
9606.ENSP00000348602,AMPH,DNM2,0.992
9606.ENSP00000348602,AMPH,BIN1,0.984
9606.ENSP00000348602,AMPH,CLTC,0.961
9606.ENSP00000348602,AMPH,SYNJ2,0.953
9606.ENSP00000348602,AMPH,AP2B1,0.947
9606.ENSP00000348602,AMPH,SH3GL2,0.93
9606.ENSP00000348602,AMPH,ITSN1,0.929
9606.ENSP00000348602,AMPH,CLTCL1,0.928
9606.ENSP00000348602,AMPH,GRB2,0.919
9606.ENSP00000348602,AMPH,ITSN2,0.908
9606.ENSP00000349320,CACNA2D1,CACNB1,0.999
9606.ENSP00000349320,CACNA2D1,CACNA1S,0.999
9606.ENSP00000349320,CACNA2D1,CACNA1D,0.999
9606.ENSP00000349320,CACNA2D1,CACNG1,0.998
9606.ENSP00000349320,CACNA2D1,CACNA1C,0.998
9606.ENSP00000349320,CACNA2D1,CACNB2,0.995
9606.ENSP00000349320,CACNA2D1,CACNB3,0.995
9606.ENSP00000349320,CACNA2D1,CACNA1B,0.991
9606.ENSP00000349320,CACNA2D1,CACNA1E,0.99
9606.ENSP00000349320,CACNA2D1,CACNA1F,0.987
9606.ENSP00000349320,CACNA2D1,CACNB4,0.983
9606.ENSP00000349320,CACNA2D1,CACNG3,0.978
9606.ENSP00000349320,CACNA2D1,CACNG4,0.972
9606.ENSP00000349320,CACNA2D1,CACNG8,0.965
9606.ENSP00000349320,CACNA2D1,CACNG7,0.965
9606.ENSP00000349320,CACNA2D1,CACNA1A,0.951
9606.ENSP00000349320,CACNA2D1,RYR1,0.929
9606.ENSP00000349320,CACNA2D1,CACNA2D4,0.928
9606.ENSP00000349320,CACNA2D1,CACNA1H,0.919
9606.ENSP00000349320,CACNA2D1,CACNG6,0.916
9606.ENSP00000349320,CACNA2D1,CACNG2,0.912
9606.ENSP00000349588,ANK2,SPTBN1,0.997
9606.ENSP00000349588,ANK2,EPB41,0.996
9606.ENSP00000349588,ANK2,SPTAN1,0.995
9606.ENSP00000349588,ANK2,ITPR3,0.995
9606.ENSP00000349588,ANK2,L1CAM,0.99
9606.ENSP00000349588,ANK2,ADD1,0.988
9606.ENSP00000349588,ANK2,ADD3,0.986
9606.ENSP00000349588,ANK2,ITPR1,0.986
9606.ENSP00000349588,ANK2,SPTBN4,0.986
9606.ENSP00000349588,ANK2,CD44,0.98
9606.ENSP00000349588,ANK2,ADD2,0.979
9606.ENSP00000349588,ANK2,NFASC,0.966
9606.ENSP00000349588,ANK2,OBSCN,0.96
9606.ENSP00000349588,ANK2,GABARAP,0.957
9606.ENSP00000349588,ANK2,TIAM1,0.957
9606.ENSP00000349588,ANK2,SPTBN5,0.943
9606.ENSP00000349588,ANK2,SPTB,0.939
9606.ENSP00000349588,ANK2,NRCAM,0.938
9606.ENSP00000349588,ANK2,TTN,0.935
9606.ENSP00000349588,ANK2,NDEL1,0.93
9606.ENSP00000349588,ANK2,ITPR2,0.923
9606.ENSP00000349588,ANK2,ANK3,0.911
9606.ENSP00000349588,ANK2,SLC4A1,0.908
9606.ENSP00000349588,ANK2,ANK1,0.906
9606.ENSP00000349723,BCL11B,NR2F1,0.991
9606.ENSP00000349723,BCL11B,BCL11A,0.989
9606.ENSP00000349723,BCL11B,SMARCA4,0.967
9606.ENSP00000349723,BCL11B,ARID1B,0.966
9606.ENSP00000349723,BCL11B,BCL7A,0.954
9606.ENSP00000349723,BCL11B,SMARCA2,0.951
9606.ENSP00000349723,BCL11B,BRD9,0.95
9606.ENSP00000349723,BCL11B,SUV39H1,0.948
9606.ENSP00000349723,BCL11B,HDAC1,0.947
9606.ENSP00000349723,BCL11B,ACTL6A,0.947
9606.ENSP00000349723,BCL11B,SMARCC2,0.945
9606.ENSP00000349723,BCL11B,ARID1A,0.944
9606.ENSP00000349723,BCL11B,BCL7B,0.94
9606.ENSP00000349723,BCL11B,SMARCD1,0.94
9606.ENSP00000349723,BCL11B,SMARCC1,0.929
9606.ENSP00000349723,BCL11B,BCL7C,0.928
9606.ENSP00000349723,BCL11B,HDAC2,0.922
9606.ENSP00000349723,BCL11B,SMARCE1,0.922
9606.ENSP00000349723,BCL11B,SMARCB1,0.921
9606.ENSP00000349723,BCL11B,SMARCD2,0.92
9606.ENSP00000349723,BCL11B,SMARCD3,0.919
9606.ENSP00000349723,BCL11B,HEXIM1,0.918
9606.ENSP00000349723,BCL11B,ARID2,0.911
9606.ENSP00000349723,BCL11B,BICRA,0.91
9606.ENSP00000349723,BCL11B,BICRAL,0.908
9606.ENSP00000349723,BCL11B,SS18,0.904
9606.ENSP00000350012,ACSL3,FASN,0.964
9606.ENSP00000350012,ACSL3,CPT1A,0.955
9606.ENSP00000350012,ACSL3,LPL,0.914
9606.ENSP00000350012,ACSL3,AASDH,0.908
9606.ENSP00000350199,AP1B1,AP1S1,0.999
9606.ENSP00000350199,AP1B1,AP1M1,0.999
9606.ENSP00000350199,AP1B1,AP1G1,0.999
9606.ENSP00000350199,AP1B1,AP1S2,0.998
9606.ENSP00000350199,AP1B1,AP1S3,0.997
9606.ENSP00000350199,AP1B1,AP1G2,0.994
9606.ENSP00000350199,AP1B1,AP1M2,0.993
9606.ENSP00000350199,AP1B1,ARF1,0.992
9606.ENSP00000350199,AP1B1,AP2M1,0.99
9606.ENSP00000350199,AP1B1,AP2S1,0.969
9606.ENSP00000350199,AP1B1,AP2A1,0.969
9606.ENSP00000350199,AP1B1,KIF13A,0.959
9606.ENSP00000350199,AP1B1,AP2A2,0.93
9606.ENSP00000350199,AP1B1,HLA-A,0.927
9606.ENSP00000350199,AP1B1,NECAP2,0.919
9606.ENSP00000350199,AP1B1,AP4M1,0.919
9606.ENSP00000350199,AP1B1,CLINT1,0.917
9606.ENSP00000350199,AP1B1,CLTC,0.917
9606.ENSP00000350267,BRPF3,KAT7,0.998
9606.ENSP00000350267,BRPF3,MEAF6,0.997
9606.ENSP00000350267,BRPF3,KAT6A,0.992
9606.ENSP00000350267,BRPF3,ING5,0.99
9606.ENSP00000350267,BRPF3,BRD1,0.987
9606.ENSP00000350267,BRPF3,KAT6B,0.986
9606.ENSP00000350267,BRPF3,BRPF1,0.964
9606.ENSP00000350267,BRPF3,ING4,0.908
9606.ENSP00000350686,ANKLE2,VRK1,0.92
9606.ENSP00000351273,CASP8,CASP3,0.999
9606.ENSP00000351273,CASP8,CASP1,0.999
9606.ENSP00000351273,CASP8,RIPK1,0.999
9606.ENSP00000351273,CASP8,TNFRSF10B,0.999
9606.ENSP00000351273,CASP8,TNF,0.999
9606.ENSP00000351273,CASP8,TRADD,0.999
9606.ENSP00000351273,CASP8,RIPK3,0.999
9606.ENSP00000351273,CASP8,CASP10,0.999
9606.ENSP00000351273,CASP8,FADD,0.999
9606.ENSP00000351273,CASP8,FAS,0.999
9606.ENSP00000351273,CASP8,CFLAR,0.999
9606.ENSP00000351273,CASP8,FASLG,0.999
9606.ENSP00000351273,CASP8,CARD9,0.998
9606.ENSP00000351273,CASP8,BCL10,0.998
9606.ENSP00000351273,CASP8,TNFRSF1A,0.998
9606.ENSP00000351273,CASP8,MALT1,0.998
9606.ENSP00000351273,CASP8,TNFRSF10A,0.997
9606.ENSP00000351273,CASP8,CASP6,0.997
9606.ENSP00000351273,CASP8,TRAF2,0.994
9606.ENSP00000351273,CASP8,TNFSF10,0.994
9606.ENSP00000351273,CASP8,CASP7,0.992
9606.ENSP00000351273,CASP8,BID,0.992
9606.ENSP00000351273,CASP8,PYCARD,0.992
9606.ENSP00000351273,CASP8,TP53,0.991
9606.ENSP00000351273,CASP8,FAF1,0.991
9606.ENSP00000351273,CASP8,BCAP31,0.989
9606.ENSP00000351273,CASP8,BCL2,0.984
9606.ENSP00000351273,CASP8,SQSTM1,0.982
9606.ENSP00000351273,CASP8,TRAF6,0.978
9606.ENSP00000351273,CASP8,TICAM1,0.977
9606.ENSP00000351273,CASP8,ATG5,0.975
9606.ENSP00000351273,CASP8,TRAF1,0.973
9606.ENSP00000351273,CASP8,CYLD,0.972
9606.ENSP00000351273,CASP8,BIRC2,0.971
9606.ENSP00000351273,CASP8,XIAP,0.97
9606.ENSP00000351273,CASP8,APAF1,0.97
9606.ENSP00000351273,CASP8,MLKL,0.969
9606.ENSP00000351273,CASP8,CASP8AP2,0.966
9606.ENSP00000351273,CASP8,IFT57,0.963
9606.ENSP00000351273,CASP8,GZMB,0.962
9606.ENSP00000351273,CASP8,ATM,0.961
9606.ENSP00000351273,CASP8,IKBKG,0.961
9606.ENSP00000351273,CASP8,CYCS,0.952
9606.ENSP00000351273,CASP8,CHUK,0.95
9606.ENSP00000351273,CASP8,NLRP3,0.948
9606.ENSP00000351273,CASP8,NLRC4,0.946
9606.ENSP00000351273,CASP8,CASP9,0.944
9606.ENSP00000351273,CASP8,IL1B,0.943
9606.ENSP00000351273,CASP8,BCL2L1,0.933
9606.ENSP00000351273,CASP8,TLR3,0.923
9606.ENSP00000351273,CASP8,BIRC3,0.922
9606.ENSP00000351273,CASP8,BECN1,0.914
9606.ENSP00000351273,CASP8,DIABLO,0.903
9606.ENSP00000351407,ARNT,HIF3A,0.999
9606.ENSP00000351407,ARNT,EP300,0.999
9606.ENSP00000351407,ARNT,HIF1A,0.999
9606.ENSP00000351407,ARNT,AHR,0.999
9606.ENSP00000351407,ARNT,EPAS1,0.999
9606.ENSP00000351407,ARNT,NPAS4,0.992
9606.ENSP00000351407,ARNT,ENSP00000490530,0.984
9606.ENSP00000351407,ARNT,ARNT2,0.968
9606.ENSP00000351407,ARNT,CREBBP,0.968
9606.ENSP00000351407,ARNT,SIM2,0.962
9606.ENSP00000351407,ARNT,EIF5B,0.956
9606.ENSP00000351407,ARNT,EGLN1,0.943
9606.ENSP00000351407,ARNT,SIM1,0.93
9606.ENSP00000351407,ARNT,EGLN3,0.929
9606.ENSP00000351407,ARNT,VHL,0.925
9606.ENSP00000351407,ARNT,CYP1A1,0.908
9606.ENSP00000351926,AP2A1,AP2S1,0.999
9606.ENSP00000351926,AP2A1,AP2B1,0.999
9606.ENSP00000351926,AP2A1,AP2M1,0.999
9606.ENSP00000351926,AP2A1,CLTB,0.992
9606.ENSP00000351926,AP2A1,EPS15,0.991
9606.ENSP00000351926,AP2A1,NECAP2,0.99
9606.ENSP00000351926,AP2A1,CLTC,0.989
9606.ENSP00000351926,AP2A1,AP4B1,0.986
9606.ENSP00000351926,AP2A1,CLTA,0.983
9606.ENSP00000351926,AP2A1,CLTCL1,0.98
9606.ENSP00000351926,AP2A1,AP4M1,0.973
9606.ENSP00000351926,AP2A1,AP1B1,0.969
9606.ENSP00000351926,AP2A1,AP3S1,0.968
9606.ENSP00000351926,AP2A1,AP4S1,0.966
9606.ENSP00000351926,AP2A1,AP3S2,0.962
9606.ENSP00000351926,AP2A1,EPN1,0.958
9606.ENSP00000351926,AP2A1,NECAP1,0.955
9606.ENSP00000351926,AP2A1,AP2A2,0.955
9606.ENSP00000351926,AP2A1,AP5M1,0.948
9606.ENSP00000351926,AP2A1,PICALM,0.947
9606.ENSP00000351926,AP2A1,SGIP1,0.944
9606.ENSP00000351926,AP2A1,AP1S1,0.944
9606.ENSP00000351926,AP2A1,CLINT1,0.941
9606.ENSP00000351926,AP2A1,HTT,0.939
9606.ENSP00000351926,AP2A1,EPN2,0.931
9606.ENSP00000351926,AP2A1,EGFR,0.927
9606.ENSP00000351926,AP2A1,AP4E1,0.927
9606.ENSP00000351926,AP2A1,NUMB,0.919
9606.ENSP00000351926,AP2A1,EPN3,0.917
9606.ENSP00000351926,AP2A1,EHD2,0.911
9606.ENSP00000351926,AP2A1,AP5Z1,0.91
9606.ENSP00000351926,AP2A1,EPS15L1,0.907
9606.ENSP00000351926,AP2A1,AFTPH,0.907
9606.ENSP00000351926,AP2A1,AP5B1,0.906
9606.ENSP00000351926,AP2A1,SYNJ1,0.906
9606.ENSP00000351926,AP2A1,AP5S1,0.903
9606.ENSP00000351926,AP2A1,KCNQ5,0.9
9606.ENSP00000351926,AP2A1,NCALD,0.9
9606.ENSP00000352408,BABAM1,UIMC1,0.999
9606.ENSP00000352408,BABAM1,ABRAXAS1,0.999
9606.ENSP00000352408,BABAM1,BABAM2,0.999
9606.ENSP00000352408,BABAM1,BRCA1,0.999
9606.ENSP00000352408,BABAM1,ABRAXAS2,0.999
9606.ENSP00000352408,BABAM1,BRCC3,0.999
9606.ENSP00000352408,BABAM1,BARD1,0.998
9606.ENSP00000352408,BABAM1,SHMT2,0.997
9606.ENSP00000352408,BABAM1,TNKS,0.913
9606.ENSP00000352561,CALCR,CALCA,0.999
9606.ENSP00000352561,CALCR,IAPP,0.999
9606.ENSP00000352561,CALCR,RAMP2,0.999
9606.ENSP00000352561,CALCR,RAMP1,0.999
9606.ENSP00000352561,CALCR,RAMP3,0.999
9606.ENSP00000352561,CALCR,ADM,0.991
9606.ENSP00000352561,CALCR,GNAS,0.987
9606.ENSP00000352561,CALCR,CALCB,0.987
9606.ENSP00000352561,CALCR,GNB1,0.969
9606.ENSP00000352561,CALCR,GNG2,0.931
9606.ENSP00000352561,CALCR,CALCRL,0.906
9606.ENSP00000352584,AKR1B10,CBR1,0.959
9606.ENSP00000352584,AKR1B10,SORD,0.954
9606.ENSP00000352584,AKR1B10,ALDH3A2,0.951
9606.ENSP00000352584,AKR1B10,DHDH,0.943
9606.ENSP00000352584,AKR1B10,ALDH1B1,0.935
9606.ENSP00000352584,AKR1B10,DCXR,0.932
9606.ENSP00000352584,AKR1B10,ALDH7A1,0.932
9606.ENSP00000352584,AKR1B10,ALDH9A1,0.931
9606.ENSP00000352584,AKR1B10,ALDH2,0.93
9606.ENSP00000352584,AKR1B10,AKR1C3,0.925
9606.ENSP00000352584,AKR1B10,GK2,0.924
9606.ENSP00000352584,AKR1B10,GK,0.924
9606.ENSP00000352584,AKR1B10,QDPR,0.921
9606.ENSP00000352584,AKR1B10,TH,0.921
9606.ENSP00000352584,AKR1B10,SPR,0.915
9606.ENSP00000352584,AKR1B10,GALM,0.913
9606.ENSP00000352584,AKR1B10,MGLL,0.911
9606.ENSP00000352584,AKR1B10,DHFR,0.909
9606.ENSP00000352584,AKR1B10,AKR1B1,0.909
9606.ENSP00000352584,AKR1B10,DHFR2,0.909
9606.ENSP00000352584,AKR1B10,PAH,0.908
9606.ENSP00000352584,AKR1B10,LCT,0.907
9606.ENSP00000352584,AKR1B10,GLA,0.905
9606.ENSP00000352584,AKR1B10,TPH1,0.902
9606.ENSP00000352584,AKR1B10,GLB1,0.902
9606.ENSP00000352584,AKR1B10,TPH2,0.902
9606.ENSP00000352584,AKR1B10,PTS,0.901
9606.ENSP00000353048,CCT8L2,CCT5,0.994
9606.ENSP00000353048,CCT8L2,CCT7,0.993
9606.ENSP00000353048,CCT8L2,CCT2,0.99
9606.ENSP00000353048,CCT8L2,TCP1,0.99
9606.ENSP00000353048,CCT8L2,CCT4,0.986
9606.ENSP00000353048,CCT8L2,CCT3,0.974
9606.ENSP00000353048,CCT8L2,CCT6B,0.953
9606.ENSP00000353048,CCT8L2,CCT6A,0.951
9606.ENSP00000353048,CCT8L2,ERMARD,0.917
9606.ENSP00000353114,AHNAK2,ANXA2,0.971
9606.ENSP00000353114,AHNAK2,S100A10,0.949
9606.ENSP00000353114,AHNAK2,AHNAK,0.944
9606.ENSP00000354504,ASTN2,MIPOL1,0.999
9606.ENSP00000354504,ASTN2,FRK,0.999
9606.ENSP00000354504,ASTN2,KIAA1328,0.999
9606.ENSP00000354504,ASTN2,ADAMTSL3,0.998
9606.ENSP00000354610,AMY2B,MGAM,0.998
9606.ENSP00000354610,AMY2B,MGAM2,0.998
9606.ENSP00000354610,AMY2B,SI,0.992
9606.ENSP00000354610,AMY2B,GBE1,0.978
9606.ENSP00000354610,AMY2B,PYGB,0.972
9606.ENSP00000354610,AMY2B,PYGM,0.97
9606.ENSP00000354610,AMY2B,PYGL,0.97
9606.ENSP00000354610,AMY2B,AGL,0.962
9606.ENSP00000354610,AMY2B,AMY2A,0.96
9606.ENSP00000354610,AMY2B,GAA,0.943
9606.ENSP00000354610,AMY2B,AMY1B,0.915
9606.ENSP00000354610,AMY2B,GANC,0.9
9606.ENSP00000354718,AKAP13,RHOA,0.999
9606.ENSP00000354718,AKAP13,GNA12,0.973
9606.ENSP00000354718,AKAP13,GNA13,0.933
9606.ENSP00000354718,AKAP13,ARHGEF1,0.926
9606.ENSP00000354718,AKAP13,AKAP1,0.92
9606.ENSP00000354718,AKAP13,ARHGEF11,0.92
9606.ENSP00000354718,AKAP13,PRKACA,0.908
9606.ENSP00000354826,CALD1,CALML4,0.996
9606.ENSP00000354826,CALD1,CALM3,0.996
9606.ENSP00000354826,CALD1,CALML5,0.996
9606.ENSP00000354826,CALD1,CALML6,0.996
9606.ENSP00000354826,CALD1,CALML3,0.996
9606.ENSP00000354826,CALD1,MAPK1,0.95
9606.ENSP00000354826,CALD1,MYH11,0.946
9606.ENSP00000354826,CALD1,MAPK3,0.926
9606.ENSP00000355465,AHCTF1,NUP37,0.999
9606.ENSP00000355465,AHCTF1,NUP107,0.999
9606.ENSP00000355465,AHCTF1,NUP160,0.999
9606.ENSP00000355465,AHCTF1,SEC13,0.999
9606.ENSP00000355465,AHCTF1,NUP133,0.999
9606.ENSP00000355465,AHCTF1,NUP43,0.998
9606.ENSP00000355465,AHCTF1,NUP98,0.998
9606.ENSP00000355465,AHCTF1,SEH1L,0.998
9606.ENSP00000355465,AHCTF1,NUP85,0.995
9606.ENSP00000355465,AHCTF1,RANBP2,0.992
9606.ENSP00000355465,AHCTF1,NUP35,0.991
9606.ENSP00000355465,AHCTF1,NUP93,0.989
9606.ENSP00000355465,AHCTF1,NUP62,0.989
9606.ENSP00000355465,AHCTF1,NUP155,0.987
9606.ENSP00000355465,AHCTF1,NUP205,0.983
9606.ENSP00000355465,AHCTF1,NUP153,0.977
9606.ENSP00000355465,AHCTF1,NUP188,0.974
9606.ENSP00000355465,AHCTF1,NUP58,0.969
9606.ENSP00000355465,AHCTF1,NUP214,0.965
9606.ENSP00000355465,AHCTF1,NUP54,0.961
9606.ENSP00000355465,AHCTF1,NUP88,0.949
9606.ENSP00000355465,AHCTF1,NDC1,0.945
9606.ENSP00000355465,AHCTF1,NUP210,0.943
9606.ENSP00000355465,AHCTF1,POM121,0.903
9606.ENSP00000355771,AFDN,NECTIN3,0.999
9606.ENSP00000355771,AFDN,TJP2,0.999
9606.ENSP00000355771,AFDN,NECTIN2,0.999
9606.ENSP00000355771,AFDN,TJP1,0.999
9606.ENSP00000355771,AFDN,NECTIN1,0.999
9606.ENSP00000355771,AFDN,HRAS,0.998
9606.ENSP00000355771,AFDN,CTNND1,0.998
9606.ENSP00000355771,AFDN,NECTIN4,0.997
9606.ENSP00000355771,AFDN,F11R,0.997
9606.ENSP00000355771,AFDN,SORBS1,0.996
9606.ENSP00000355771,AFDN,SSX2IP,0.986
9606.ENSP00000355771,AFDN,CTNNA1,0.984
9606.ENSP00000355771,AFDN,LMO7,0.983
9606.ENSP00000355771,AFDN,CGN,0.978
9606.ENSP00000355771,AFDN,RAP1A,0.978
9606.ENSP00000355771,AFDN,NRAS,0.975
9606.ENSP00000355771,AFDN,OCLN,0.973
9606.ENSP00000355771,AFDN,RAP1B,0.971
9606.ENSP00000355771,AFDN,MRAS,0.97
9606.ENSP00000355771,AFDN,CTNNA2,0.967
9606.ENSP00000355771,AFDN,SIPA1,0.965
9606.ENSP00000355771,AFDN,ACTB,0.958
9606.ENSP00000355771,AFDN,RRAS,0.957
9606.ENSP00000355771,AFDN,RRAS2,0.956
9606.ENSP00000355771,AFDN,KRAS,0.945
9606.ENSP00000355771,AFDN,TJP3,0.941
9606.ENSP00000355771,AFDN,CTNNA3,0.934
9606.ENSP00000355771,AFDN,ACTG1,0.915
9606.ENSP00000355771,AFDN,PLEKHA7,0.908
9606.ENSP00000356379,ASPM,TOP2A,0.996
9606.ENSP00000356379,ASPM,DLGAP5,0.994
9606.ENSP00000356379,ASPM,KIF11,0.989
9606.ENSP00000356379,ASPM,MCPH1,0.988
9606.ENSP00000356379,ASPM,CENPF,0.987
9606.ENSP00000356379,ASPM,KIF23,0.987
9606.ENSP00000356379,ASPM,CENPE,0.981
9606.ENSP00000356379,ASPM,NUF2,0.98
9606.ENSP00000356379,ASPM,BUB1,0.976
9606.ENSP00000356379,ASPM,KIF20A,0.975
9606.ENSP00000356379,ASPM,BUB1B,0.974
9606.ENSP00000356379,ASPM,CDC20,0.972
9606.ENSP00000356379,ASPM,STIL,0.972
9606.ENSP00000356379,ASPM,NCAPG,0.972
9606.ENSP00000356379,ASPM,KIF15,0.971
9606.ENSP00000356379,ASPM,NDC80,0.969
9606.ENSP00000356379,ASPM,WDR62,0.968
9606.ENSP00000356379,ASPM,KIF14,0.963
9606.ENSP00000356379,ASPM,MKI67,0.962
9606.ENSP00000356379,ASPM,TTK,0.957
9606.ENSP00000356379,ASPM,KIF4A,0.952
9606.ENSP00000356379,ASPM,CCNB1,0.952
9606.ENSP00000356379,ASPM,CCNB2,0.951
9606.ENSP00000356379,ASPM,PBK,0.951
9606.ENSP00000356379,ASPM,CEP55,0.95
9606.ENSP00000356379,ASPM,CDCA8,0.95
9606.ENSP00000356379,ASPM,TPX2,0.949
9606.ENSP00000356379,ASPM,MELK,0.946
9606.ENSP00000356379,ASPM,SPAG5,0.945
9606.ENSP00000356379,ASPM,CCNA2,0.944
9606.ENSP00000356379,ASPM,UBE2C,0.943
9606.ENSP00000356379,ASPM,CENPJ,0.942
9606.ENSP00000356379,ASPM,CDK1,0.942
9606.ENSP00000356379,ASPM,NUSAP1,0.94
9606.ENSP00000356379,ASPM,KIF2C,0.936
9606.ENSP00000356379,ASPM,CDK5RAP2,0.934
9606.ENSP00000356379,ASPM,KNTC1,0.931
9606.ENSP00000356379,ASPM,HJURP,0.931
9606.ENSP00000356379,ASPM,AURKA,0.93
9606.ENSP00000356379,ASPM,HMMR,0.928
9606.ENSP00000356379,ASPM,ECT2,0.924
9606.ENSP00000356379,ASPM,PRC1,0.921
9606.ENSP00000356379,ASPM,CEP152,0.917
9606.ENSP00000356379,ASPM,NEK2,0.916
9606.ENSP00000356379,ASPM,PCLAF,0.909
9606.ENSP00000356379,ASPM,ANLN,0.9
9606.ENSP00000356545,CACNA1E,CACNA2D1,0.99
9606.ENSP00000356545,CACNA1E,CACNB3,0.982
9606.ENSP00000356545,CACNA1E,CALM3,0.971
9606.ENSP00000356545,CACNA1E,CACNA2D2,0.97
9606.ENSP00000356545,CACNA1E,CACNA1B,0.956
9606.ENSP00000356545,CACNA1E,CACNA1A,0.95
9606.ENSP00000356545,CACNA1E,CACNG4,0.933
9606.ENSP00000356545,CACNA1E,CALM1,0.932
9606.ENSP00000356545,CACNA1E,CALM2,0.929
9606.ENSP00000356545,CACNA1E,INS,0.919
9606.ENSP00000357150,CD1B,B2M,0.999
9606.ENSP00000357150,CD1B,CD1E,0.998
9606.ENSP00000357150,CD1B,CD83,0.962
9606.ENSP00000357150,CD1B,CD207,0.94
9606.ENSP00000357150,CD1B,CD1A,0.926
9606.ENSP00000357150,CD1B,CD1C,0.916
9606.ENSP00000357150,CD1B,CD68,0.9
9606.ENSP00000357177,ARHGEF11,GNA12,0.999
9606.ENSP00000357177,ARHGEF11,RHOA,0.999
9606.ENSP00000357177,ARHGEF11,GNA13,0.998
9606.ENSP00000357177,ARHGEF11,PLXNB1,0.994
9606.ENSP00000357177,ARHGEF11,PLXNB2,0.986
9606.ENSP00000357177,ARHGEF11,ARHGEF12,0.965
9606.ENSP00000357177,ARHGEF11,RHOC,0.95
9606.ENSP00000357177,ARHGEF11,ARHGEF1,0.925
9606.ENSP00000357177,ARHGEF11,AKAP13,0.92
9606.ENSP00000357177,ARHGEF11,SLC1A6,0.914
9606.ENSP00000358072,ATG5,DDX58,0.999
9606.ENSP00000358072,ATG5,ATG3,0.999
9606.ENSP00000358072,ATG5,TECPR1,0.999
9606.ENSP00000358072,ATG5,GABARAPL1,0.999
9606.ENSP00000358072,ATG5,ATG12,0.999
9606.ENSP00000358072,ATG5,ATG16L1,0.999
9606.ENSP00000358072,ATG5,ATG7,0.999
9606.ENSP00000358072,ATG5,ATG16L2,0.999
9606.ENSP00000358072,ATG5,GABARAPL2,0.999
9606.ENSP00000358072,ATG5,MAVS,0.999
9606.ENSP00000358072,ATG5,ATG10,0.998
9606.ENSP00000358072,ATG5,WIPI2,0.997
9606.ENSP00000358072,ATG5,ULK1,0.997
9606.ENSP00000358072,ATG5,FADD,0.994
9606.ENSP00000358072,ATG5,GABARAP,0.994
9606.ENSP00000358072,ATG5,SIRT1,0.993
9606.ENSP00000358072,ATG5,WDFY3,0.992
9606.ENSP00000358072,ATG5,BCL2L1,0.992
9606.ENSP00000358072,ATG5,IRGM,0.991
9606.ENSP00000358072,ATG5,SQSTM1,0.991
9606.ENSP00000358072,ATG5,VIPR1,0.988
9606.ENSP00000358072,ATG5,MAP1LC3B,0.987
9606.ENSP00000358072,ATG5,BECN1,0.986
9606.ENSP00000358072,ATG5,IFIH1,0.985
9606.ENSP00000358072,ATG5,MAP1LC3A,0.977
9606.ENSP00000358072,ATG5,CASP8,0.975
9606.ENSP00000358072,ATG5,PIK3C3,0.972
9606.ENSP00000358072,ATG5,RB1CC1,0.97
9606.ENSP00000358072,ATG5,NOD2,0.967
9606.ENSP00000358072,ATG5,ULK2,0.966
9606.ENSP00000358072,ATG5,ATG14,0.96
9606.ENSP00000358072,ATG5,RAB33B,0.949
9606.ENSP00000358072,ATG5,ATG13,0.945
9606.ENSP00000358072,ATG5,PIK3R4,0.944
9606.ENSP00000358072,ATG5,TUFM,0.941
9606.ENSP00000358072,ATG5,ATG101,0.932
9606.ENSP00000358072,ATG5,STX17,0.92
9606.ENSP00000358072,ATG5,ATG4B,0.915
9606.ENSP00000358072,ATG5,WIPI1,0.906
9606.ENSP00000358072,ATG5,NLRX1,0.905
9606.ENSP00000358072,ATG5,MAP1A,0.904
9606.ENSP00000358105,APH1A,NCSTN,0.999
9606.ENSP00000358105,APH1A,PSENEN,0.999
9606.ENSP00000358105,APH1A,PSEN2,0.999
9606.ENSP00000358105,APH1A,PSEN1,0.999
9606.ENSP00000358105,APH1A,TMED10,0.996
9606.ENSP00000358105,APH1A,APP,0.986
9606.ENSP00000358105,APH1A,NOTCH1,0.979
9606.ENSP00000358105,APH1A,APH1B,0.975
9606.ENSP00000358159,ASCC3,TRIP4,0.999
9606.ENSP00000358159,ASCC3,ASCC2,0.999
9606.ENSP00000358159,ASCC3,ASCC1,0.999
9606.ENSP00000358159,ASCC3,ALKBH3,0.978
9606.ENSP00000358474,BRCC3,UIMC1,0.999
9606.ENSP00000358474,BRCC3,BARD1,0.999
9606.ENSP00000358474,BRCC3,SHMT2,0.999
9606.ENSP00000358474,BRCC3,ABRAXAS2,0.999
9606.ENSP00000358474,BRCC3,ABRAXAS1,0.999
9606.ENSP00000358474,BRCC3,BRCA1,0.999
9606.ENSP00000358474,BRCC3,BABAM2,0.999
9606.ENSP00000358474,BRCC3,BABAM1,0.999
9606.ENSP00000358474,BRCC3,BRCA2,0.984
9606.ENSP00000358474,BRCC3,NLRP3,0.979
9606.ENSP00000358474,BRCC3,RAD51,0.969
9606.ENSP00000358474,BRCC3,UBE2S,0.926
9606.ENSP00000358474,BRCC3,RNF2,0.924
9606.ENSP00000358474,BRCC3,BMI1,0.917
9606.ENSP00000358474,BRCC3,UBE2C,0.916
9606.ENSP00000358474,BRCC3,RING1,0.915
9606.ENSP00000358474,BRCC3,CDC23,0.913
9606.ENSP00000358474,BRCC3,BCOR,0.912
9606.ENSP00000358474,BRCC3,PCGF2,0.91
9606.ENSP00000358474,BRCC3,ANAPC4,0.91
9606.ENSP00000358474,BRCC3,ANAPC7,0.909
9606.ENSP00000358474,BRCC3,CDC26,0.909
9606.ENSP00000358474,BRCC3,ANAPC11,0.908
9606.ENSP00000358474,BRCC3,CBX4,0.907
9606.ENSP00000358474,BRCC3,ANAPC10,0.905
9606.ENSP00000358474,BRCC3,ANAPC16,0.905
9606.ENSP00000358474,BRCC3,CDC16,0.905
9606.ENSP00000358474,BRCC3,CDC27,0.904
9606.ENSP00000358474,BRCC3,ANAPC1,0.904
9606.ENSP00000358474,BRCC3,CUL7,0.904
9606.ENSP00000358474,BRCC3,ANAPC5,0.904
9606.ENSP00000358474,BRCC3,PHC2,0.903
9606.ENSP00000358474,BRCC3,PCGF6,0.903
9606.ENSP00000358474,BRCC3,ANAPC15,0.903
9606.ENSP00000358474,BRCC3,PHC3,0.903
9606.ENSP00000358474,BRCC3,ANAPC2,0.902
9606.ENSP00000358474,BRCC3,ANAPC13,0.902
9606.ENSP00000358474,BRCC3,PHC1,0.901
9606.ENSP00000358474,BRCC3,CBX8,0.9
9606.ENSP00000358474,BRCC3,CBX2,0.9
9606.ENSP00000358501,CD58,CD2,0.999
9606.ENSP00000358501,CD58,ICAM1,0.996
9606.ENSP00000358501,CD58,CD80,0.994
9606.ENSP00000358501,CD58,CD28,0.967
9606.ENSP00000358501,CD58,CD48,0.909
9606.ENSP00000358501,CD58,ITGAL,0.905
9606.ENSP00000358777,ATP6AP1,ATP6V0C,0.999
9606.ENSP00000358777,ATP6AP1,ATP6V0D1,0.999
9606.ENSP00000358777,ATP6AP1,ATP6V0B,0.999
9606.ENSP00000358777,ATP6AP1,ATP6AP2,0.999
9606.ENSP00000358777,ATP6AP1,ATP6V0A1,0.999
9606.ENSP00000358777,ATP6AP1,ATP6V1H,0.999
9606.ENSP00000358777,ATP6AP1,RNASEK,0.999
9606.ENSP00000358777,ATP6AP1,ATP6V0A4,0.998
9606.ENSP00000358777,ATP6AP1,ATP6V1D,0.997
9606.ENSP00000358777,ATP6AP1,ATP6V0A2,0.997
9606.ENSP00000358777,ATP6AP1,ATP6V1C1,0.996
9606.ENSP00000358777,ATP6AP1,ATP6V0D2,0.996
9606.ENSP00000358777,ATP6AP1,ATP6V1G1,0.996
9606.ENSP00000358777,ATP6AP1,ATP6V1A,0.996
9606.ENSP00000358777,ATP6AP1,ATP6V1E1,0.995
9606.ENSP00000358777,ATP6AP1,ATP6V1B2,0.995
9606.ENSP00000358777,ATP6AP1,ATP6V0E1,0.991
9606.ENSP00000358777,ATP6AP1,TCIRG1,0.991
9606.ENSP00000358777,ATP6AP1,ATP6V1F,0.987
9606.ENSP00000358777,ATP6AP1,ATP6V1G2,0.978
9606.ENSP00000358777,ATP6AP1,ATP6V1C2,0.967
9606.ENSP00000358777,ATP6AP1,ATP6V1E2,0.964
9606.ENSP00000358777,ATP6AP1,ATP6V1B1,0.947
9606.ENSP00000358777,ATP6AP1,ATP6V0E2,0.944
9606.ENSP00000358777,ATP6AP1,ATP6V1G3,0.941
9606.ENSP00000358777,ATP6AP1,MEAK7,0.925
9606.ENSP00000358777,ATP6AP1,PRKCB,0.903
9606.ENSP00000358777,ATP6AP1,PRKCA,0.9
9606.ENSP00000358777,ATP6AP1,PRKCG,0.9
9606.ENSP00000358965,C1orf194,CFAP126,0.931
9606.ENSP00000359050,ARMH3,PI4KB,0.925
9606.ENSP00000359489,AFF2,TMEM185A,0.95
9606.ENSP00000359489,AFF2,FMR1,0.95
9606.ENSP00000359630,ADGRB3,RANBP2,0.9
9606.ENSP00000359765,ADGRL2,TENM2,0.998
9606.ENSP00000359765,ADGRL2,TENM4,0.993
9606.ENSP00000359765,ADGRL2,TENM1,0.986
9606.ENSP00000359765,ADGRL2,TENM3,0.983
9606.ENSP00000359765,ADGRL2,UNC5D,0.974
9606.ENSP00000359765,ADGRL2,UNC5A,0.972
9606.ENSP00000359765,ADGRL2,UNC5C,0.971
9606.ENSP00000359765,ADGRL2,GNB2,0.97
9606.ENSP00000359765,ADGRL2,UNC5CL,0.97
9606.ENSP00000359765,ADGRL2,SZRD1,0.969
9606.ENSP00000359765,ADGRL2,GNB1,0.969
9606.ENSP00000359765,ADGRL2,VEGFB,0.969
9606.ENSP00000359765,ADGRL2,GNB4,0.968
9606.ENSP00000359765,ADGRL2,FRMD6,0.968
9606.ENSP00000359765,ADGRL2,GNB5,0.967
9606.ENSP00000359765,ADGRL2,GNB3,0.967
9606.ENSP00000359765,ADGRL2,MGAT1,0.925
9606.ENSP00000359866,BMP5,BMPR1A,0.991
9606.ENSP00000359866,BMP5,BMPR2,0.99
9606.ENSP00000359866,BMP5,NOG,0.985
9606.ENSP00000359866,BMP5,CHRD,0.98
9606.ENSP00000359866,BMP5,ACVR2A,0.98
9606.ENSP00000359866,BMP5,ACVR2B,0.979
9606.ENSP00000359866,BMP5,BMPR1B,0.977
9606.ENSP00000359866,BMP5,ACVR1,0.977
9606.ENSP00000359866,BMP5,NBL1,0.91
9606.ENSP00000360423,CACNA1B,CACNB3,0.998
9606.ENSP00000360423,CACNA1B,CACNA2D1,0.991
9606.ENSP00000360423,CACNA1B,STX1A,0.99
9606.ENSP00000360423,CACNA1B,CACNB1,0.982
9606.ENSP00000360423,CACNA1B,CALM3,0.978
9606.ENSP00000360423,CACNA1B,CACNA1E,0.956
9606.ENSP00000360423,CACNA1B,CACNA1A,0.945
9606.ENSP00000360423,CACNA1B,CALM1,0.936
9606.ENSP00000360423,CACNA1B,CACNA2D2,0.931
9606.ENSP00000360423,CACNA1B,CALM2,0.93
9606.ENSP00000360423,CACNA1B,DPYSL2,0.924
9606.ENSP00000360423,CACNA1B,INS,0.919
9606.ENSP00000360423,CACNA1B,CACNB2,0.911
9606.ENSP00000360423,CACNA1B,PRNP,0.906
9606.ENSP00000360662,ADNP,CHD4,0.991
9606.ENSP00000360973,AGTR2,AGT,0.999
9606.ENSP00000360973,AGTR2,AGTR1,0.982
9606.ENSP00000360973,AGTR2,ACE2,0.954
9606.ENSP00000360973,AGTR2,ACE,0.948
9606.ENSP00000360973,AGTR2,REN,0.935
9606.ENSP00000360973,AGTR2,GNAQ,0.921
9606.ENSP00000361027,AMOT,ARHGAP17,0.999
9606.ENSP00000361027,AMOT,PATJ,0.999
9606.ENSP00000361027,AMOT,MPP5,0.999
9606.ENSP00000361027,AMOT,YAP1,0.998
9606.ENSP00000361027,AMOT,NF2,0.998
9606.ENSP00000361027,AMOT,WWTR1,0.995
9606.ENSP00000361027,AMOT,MPDZ,0.995
9606.ENSP00000361027,AMOT,PLG,0.993
9606.ENSP00000361027,AMOT,NEDD4L,0.992
9606.ENSP00000361027,AMOT,AMOTL1,0.986
9606.ENSP00000361027,AMOT,LATS1,0.982
9606.ENSP00000361027,AMOT,AMOTL2,0.966
9606.ENSP00000361027,AMOT,LATS2,0.948
9606.ENSP00000361027,AMOT,PRKCZ,0.941
9606.ENSP00000361027,AMOT,SFN,0.941
9606.ENSP00000361027,AMOT,PRKCI,0.926
9606.ENSP00000361027,AMOT,SAV1,0.906
9606.ENSP00000361107,BMPR1A,ACVR1,0.999
9606.ENSP00000361107,BMPR1A,BMP6,0.999
9606.ENSP00000361107,BMPR1A,BMP7,0.999
9606.ENSP00000361107,BMPR1A,BMPR2,0.999
9606.ENSP00000361107,BMPR1A,BMP4,0.999
9606.ENSP00000361107,BMPR1A,BMP2,0.999
9606.ENSP00000361107,BMPR1A,GDF5,0.998
9606.ENSP00000361107,BMPR1A,ACVR2A,0.998
9606.ENSP00000361107,BMPR1A,BMPR1B,0.997
9606.ENSP00000361107,BMPR1A,ACVR2B,0.995
9606.ENSP00000361107,BMPR1A,BMP5,0.991
9606.ENSP00000361107,BMPR1A,SMAD5,0.988
9606.ENSP00000361107,BMPR1A,GDF6,0.985
9606.ENSP00000361107,BMPR1A,GDF7,0.977
9606.ENSP00000361107,BMPR1A,SMAD9,0.976
9606.ENSP00000361107,BMPR1A,HJV,0.973
9606.ENSP00000361107,BMPR1A,SMAD1,0.967
9606.ENSP00000361107,BMPR1A,SMAD2,0.965
9606.ENSP00000361107,BMPR1A,NEO1,0.965
9606.ENSP00000361107,BMPR1A,SMAD3,0.957
9606.ENSP00000361107,BMPR1A,SMAD4,0.957
9606.ENSP00000361107,BMPR1A,BAMBI,0.956
9606.ENSP00000361107,BMPR1A,AMH,0.956
9606.ENSP00000361107,BMPR1A,RGMB,0.945
9606.ENSP00000361107,BMPR1A,BMP8B,0.942
9606.ENSP00000361107,BMPR1A,INHBB,0.941
9606.ENSP00000361107,BMPR1A,BMP8A,0.938
9606.ENSP00000361107,BMPR1A,AMHR2,0.925
9606.ENSP00000361107,BMPR1A,RGMA,0.922
9606.ENSP00000361107,BMPR1A,IGLL5,0.904
9606.ENSP00000361107,BMPR1A,GDF2,0.902
9606.ENSP00000361107,BMPR1A,SMAD7,0.902
9606.ENSP00000361107,BMPR1A,IGHV3OR16-9,0.9
9606.ENSP00000361423,ABL1,GRB2,0.999
9606.ENSP00000361423,ABL1,CRK,0.999
9606.ENSP00000361423,ABL1,ABI1,0.998
9606.ENSP00000361423,ABL1,CRKL,0.998
9606.ENSP00000361423,ABL1,RIN1,0.997
9606.ENSP00000361423,ABL1,CBL,0.996
9606.ENSP00000361423,ABL1,BCR,0.996
9606.ENSP00000361423,ABL1,SHC1,0.991
9606.ENSP00000361423,ABL1,ATM,0.988
9606.ENSP00000361423,ABL1,HSP90AA1,0.983
9606.ENSP00000361423,ABL1,STAT5B,0.983
9606.ENSP00000361423,ABL1,ABI2,0.981
9606.ENSP00000361423,ABL1,ABL2,0.981
9606.ENSP00000361423,ABL1,STAT5A,0.98
9606.ENSP00000361423,ABL1,RB1,0.98
9606.ENSP00000361423,ABL1,FN1,0.963
9606.ENSP00000361423,ABL1,EPHA5,0.963
9606.ENSP00000361423,ABL1,ENAH,0.963
9606.ENSP00000361423,ABL1,EVPL,0.96
9606.ENSP00000361423,ABL1,EPHB2,0.958
9606.ENSP00000361423,ABL1,EPHA3,0.958
9606.ENSP00000361423,ABL1,NTRK1,0.958
9606.ENSP00000361423,ABL1,BRCA1,0.956
9606.ENSP00000361423,ABL1,EPHA2,0.951
9606.ENSP00000361423,ABL1,CTNNB1,0.949
9606.ENSP00000361423,ABL1,FYN,0.949
9606.ENSP00000361423,ABL1,EPHB4,0.947
9606.ENSP00000361423,ABL1,PIK3C3,0.947
9606.ENSP00000361423,ABL1,EPHA4,0.945
9606.ENSP00000361423,ABL1,EPHA1,0.945
9606.ENSP00000361423,ABL1,EPHB3,0.943
9606.ENSP00000361423,ABL1,EPHB1,0.94
9606.ENSP00000361423,ABL1,RAC2,0.94
9606.ENSP00000361423,ABL1,EPHA8,0.94
9606.ENSP00000361423,ABL1,DOK1,0.934
9606.ENSP00000361423,ABL1,EPHA7,0.933
9606.ENSP00000361423,ABL1,ETV6,0.932
9606.ENSP00000361423,ABL1,HSP90AB1,0.93
9606.ENSP00000361423,ABL1,ROBO1,0.928
9606.ENSP00000361423,ABL1,PRDX1,0.927
9606.ENSP00000361423,ABL1,EPHA6,0.926
9606.ENSP00000361423,ABL1,ROBO2,0.925
9606.ENSP00000361423,ABL1,RAC3,0.919
9606.ENSP00000361423,ABL1,NTRK3,0.915
9606.ENSP00000361423,ABL1,RAD51,0.915
9606.ENSP00000361423,ABL1,SHC3,0.912
9606.ENSP00000361423,ABL1,NTRK2,0.91
9606.ENSP00000361423,ABL1,TP53,0.909
9606.ENSP00000361423,ABL1,TP73,0.909
9606.ENSP00000361423,ABL1,SHC2,0.908
9606.ENSP00000361423,ABL1,EPHB6,0.907
9606.ENSP00000361423,ABL1,NUP214,0.907
9606.ENSP00000361423,ABL1,SHC4,0.905
9606.ENSP00000361423,ABL1,CDK5,0.9
9606.ENSP00000361524,C9orf78,SNRNP200,0.971
9606.ENSP00000361524,C9orf78,PRPF8,0.951
9606.ENSP00000362082,CCND3,CDK4,0.999
9606.ENSP00000362082,CCND3,CDK6,0.999
9606.ENSP00000362082,CCND3,CDKN1A,0.999
9606.ENSP00000362082,CCND3,CDK2,0.999
9606.ENSP00000362082,CCND3,CDKN1B,0.999
9606.ENSP00000362082,CCND3,RBL2,0.995
9606.ENSP00000362082,CCND3,CDKN2C,0.993
9606.ENSP00000362082,CCND3,CDKN1C,0.992
9606.ENSP00000362082,CCND3,RB1,0.989
9606.ENSP00000362082,CCND3,PCNA,0.978
9606.ENSP00000362082,CCND3,CDKN2D,0.978
9606.ENSP00000362082,CCND3,CDKN2A,0.975
9606.ENSP00000362082,CCND3,CDC25A,0.953
9606.ENSP00000362082,CCND3,CDK1,0.949
9606.ENSP00000362082,CCND3,CDKN2B,0.946
9606.ENSP00000362082,CCND3,CCND1,0.939
9606.ENSP00000362082,CCND3,CCND2,0.937
9606.ENSP00000362082,CCND3,GSK3B,0.935
9606.ENSP00000362082,CCND3,MAPK6,0.931
9606.ENSP00000362082,CCND3,RBL1,0.927
9606.ENSP00000362082,CCND3,CCNL2,0.909
9606.ENSP00000362300,AGO1,AGO2,0.999
9606.ENSP00000362300,AGO1,TNRC6A,0.999
9606.ENSP00000362300,AGO1,DICER1,0.999
9606.ENSP00000362300,AGO1,TARBP2,0.998
9606.ENSP00000362300,AGO1,DDX6,0.998
9606.ENSP00000362300,AGO1,TNRC6B,0.994
9606.ENSP00000362300,AGO1,AGO4,0.993
9606.ENSP00000362300,AGO1,DROSHA,0.989
9606.ENSP00000362300,AGO1,TNRC6C,0.989
9606.ENSP00000362300,AGO1,MOV10,0.988
9606.ENSP00000362300,AGO1,AGO3,0.988
9606.ENSP00000362300,AGO1,EIF4E,0.983
9606.ENSP00000362300,AGO1,FMR1,0.983
9606.ENSP00000362300,AGO1,XPO5,0.978
9606.ENSP00000362300,AGO1,DCP2,0.972
9606.ENSP00000362300,AGO1,HSP90AA1,0.953
9606.ENSP00000362300,AGO1,DHX9,0.952
9606.ENSP00000362300,AGO1,DGCR8,0.952
9606.ENSP00000362300,AGO1,LIMD1,0.941
9606.ENSP00000362300,AGO1,PRKRA,0.936
9606.ENSP00000362300,AGO1,DDX20,0.931
9606.ENSP00000362300,AGO1,EZH2,0.921
9606.ENSP00000362300,AGO1,HSP90AB1,0.913
9606.ENSP00000362300,AGO1,HDAC1,0.909
9606.ENSP00000362306,AGO4,AGO1,0.993
9606.ENSP00000362306,AGO4,TNRC6A,0.99
9606.ENSP00000362306,AGO4,DICER1,0.99
9606.ENSP00000362306,AGO4,AGO2,0.988
9606.ENSP00000362306,AGO4,AGO3,0.966
9606.ENSP00000362306,AGO4,DROSHA,0.952
9606.ENSP00000362306,AGO4,TARBP2,0.948
9606.ENSP00000362306,AGO4,TNRC6B,0.935
9606.ENSP00000362306,AGO4,TNRC6C,0.927
9606.ENSP00000362306,AGO4,DGCR8,0.902
9606.ENSP00000362441,ATRX,RAD51,0.999
9606.ENSP00000362441,ATRX,DAXX,0.999
9606.ENSP00000362441,ATRX,H3-3B,0.999
9606.ENSP00000362441,ATRX,H3-4,0.995
9606.ENSP00000362441,ATRX,H3C12,0.995
9606.ENSP00000362441,ATRX,RAD52,0.993
9606.ENSP00000362441,ATRX,H3C13,0.992
9606.ENSP00000362441,ATRX,H3-5,0.991
9606.ENSP00000362441,ATRX,SP100,0.991
9606.ENSP00000362441,ATRX,H3-2,0.991
9606.ENSP00000362441,ATRX,H3C14,0.984
9606.ENSP00000362441,ATRX,MECP2,0.981
9606.ENSP00000362441,ATRX,TP53,0.981
9606.ENSP00000362441,ATRX,RAD54B,0.98
9606.ENSP00000362441,ATRX,DNMT3L,0.978
9606.ENSP00000362441,ATRX,H3-3A,0.976
9606.ENSP00000362441,ATRX,H3C3,0.966
9606.ENSP00000362441,ATRX,H3C1,0.964
9606.ENSP00000362441,ATRX,H3C2,0.964
9606.ENSP00000362441,ATRX,FSBP,0.964
9606.ENSP00000362441,ATRX,H3C6,0.964
9606.ENSP00000362441,ATRX,EZH2,0.933
9606.ENSP00000362441,ATRX,H3C10,0.921
9606.ENSP00000362441,ATRX,H3C7,0.918
9606.ENSP00000362441,ATRX,H3C11,0.918
9606.ENSP00000362441,ATRX,H3C15,0.918
9606.ENSP00000362441,ATRX,H3C8,0.918
9606.ENSP00000362441,ATRX,H3C4,0.918
9606.ENSP00000363708,BMPR2,BMP10,0.999
9606.ENSP00000363708,BMPR2,BMP4,0.999
9606.ENSP00000363708,BMPR2,BMP2,0.999
9606.ENSP00000363708,BMPR2,BMPR1B,0.999
9606.ENSP00000363708,BMPR2,ACVR1,0.999
9606.ENSP00000363708,BMPR2,BMPR1A,0.999
9606.ENSP00000363708,BMPR2,BMP7,0.999
9606.ENSP00000363708,BMPR2,BMP6,0.999
9606.ENSP00000363708,BMPR2,GDF2,0.999
9606.ENSP00000363708,BMPR2,GDF9,0.998
9606.ENSP00000363708,BMPR2,ACVRL1,0.997
9606.ENSP00000363708,BMPR2,BMP15,0.995
9606.ENSP00000363708,BMPR2,GDF5,0.995
9606.ENSP00000363708,BMPR2,ACVR2A,0.994
9606.ENSP00000363708,BMPR2,BMP5,0.99
9606.ENSP00000363708,BMPR2,SMAD9,0.99
9606.ENSP00000363708,BMPR2,LIMK1,0.989
9606.ENSP00000363708,BMPR2,SMAD5,0.984
9606.ENSP00000363708,BMPR2,ENG,0.979
9606.ENSP00000363708,BMPR2,GDF6,0.973
9606.ENSP00000363708,BMPR2,BMP8A,0.973
9606.ENSP00000363708,BMPR2,INHBB,0.97
9606.ENSP00000363708,BMPR2,GDF7,0.966
9606.ENSP00000363708,BMPR2,SMAD2,0.965
9606.ENSP00000363708,BMPR2,SMAD3,0.958
9606.ENSP00000363708,BMPR2,BMP8B,0.957
9606.ENSP00000363708,BMPR2,DYNLT1,0.957
9606.ENSP00000363708,BMPR2,ACVR2B,0.951
9606.ENSP00000363708,BMPR2,SMAD4,0.946
9606.ENSP00000363708,BMPR2,SMAD1,0.942
9606.ENSP00000363708,BMPR2,TRPC6,0.929
9606.ENSP00000363708,BMPR2,TRPC1,0.924
9606.ENSP00000363708,BMPR2,AMHR2,0.916
9606.ENSP00000363708,BMPR2,TRPC4,0.914
9606.ENSP00000363708,BMPR2,TRPC5,0.907
9606.ENSP00000363708,BMPR2,TRPC3,0.907
9606.ENSP00000363799,ACTL7B,CTNNAL1,0.936
9606.ENSP00000363822,AR,NCOA2,0.999
9606.ENSP00000363822,AR,NCOA4,0.999
9606.ENSP00000363822,AR,HSP90AB1,0.999
9606.ENSP00000363822,AR,HSP90AA1,0.999
9606.ENSP00000363822,AR,MDM2,0.998
9606.ENSP00000363822,AR,NCOA3,0.997
9606.ENSP00000363822,AR,KDM1A,0.996
9606.ENSP00000363822,AR,FOXA1,0.996
9606.ENSP00000363822,AR,CTNNB1,0.996
9606.ENSP00000363822,AR,KLK3,0.995
9606.ENSP00000363822,AR,NCOR1,0.991
9606.ENSP00000363822,AR,SRC,0.985
9606.ENSP00000363822,AR,NCOA1,0.984
9606.ENSP00000363822,AR,ESR1,0.981
9606.ENSP00000363822,AR,EZH2,0.978
9606.ENSP00000363822,AR,TMPRSS2,0.974
9606.ENSP00000363822,AR,NCOR2,0.971
9606.ENSP00000363822,AR,BRD4,0.969
9606.ENSP00000363822,AR,RNF14,0.967
9606.ENSP00000363822,AR,HDAC1,0.964
9606.ENSP00000363822,AR,PAK6,0.962
9606.ENSP00000363822,AR,CREBBP,0.96
9606.ENSP00000363822,AR,CCND1,0.955
9606.ENSP00000363822,AR,SPOP,0.953
9606.ENSP00000363822,AR,SMAD3,0.953
9606.ENSP00000363822,AR,EP300,0.952
9606.ENSP00000363822,AR,NKX3-1,0.95
9606.ENSP00000363822,AR,PTGES3,0.946
9606.ENSP00000363822,AR,TGFB1I1,0.942
9606.ENSP00000363822,AR,PRKACA,0.939
9606.ENSP00000363822,AR,RCHY1,0.939
9606.ENSP00000363822,AR,PRKACG,0.938
9606.ENSP00000363822,AR,PRKACB,0.938
9606.ENSP00000363822,AR,HSP90B1,0.935
9606.ENSP00000363822,AR,STUB1,0.931
9606.ENSP00000363822,AR,FKBP4,0.928
9606.ENSP00000363822,AR,HSPA4,0.925
9606.ENSP00000363822,AR,PIAS1,0.924
9606.ENSP00000363822,AR,FOXO1,0.921
9606.ENSP00000363822,AR,KLK2,0.919
9606.ENSP00000363822,AR,BUD31,0.912
9606.ENSP00000363822,AR,BRCA1,0.908
9606.ENSP00000363822,AR,STAT3,0.907
9606.ENSP00000363822,AR,FKBP5,0.905
9606.ENSP00000363822,AR,USP14,0.905
9606.ENSP00000363822,AR,TP53,0.905
9606.ENSP00000363832,AOX1,MOCOS,0.978
9606.ENSP00000363832,AOX1,MAOB,0.969
9606.ENSP00000363832,AOX1,SUOX,0.966
9606.ENSP00000363832,AOX1,CYP2C9,0.964
9606.ENSP00000363832,AOX1,CYP2B6,0.963
9606.ENSP00000363832,AOX1,MOCS1,0.962
9606.ENSP00000363832,AOX1,NNMT,0.957
9606.ENSP00000363832,AOX1,CYP3A4,0.956
9606.ENSP00000363832,AOX1,CYP2A6,0.956
9606.ENSP00000363832,AOX1,ADH1B,0.952
9606.ENSP00000363832,AOX1,ALDH1A3,0.952
9606.ENSP00000363832,AOX1,ALDH1A1,0.951
9606.ENSP00000363832,AOX1,CYP2C8,0.95
9606.ENSP00000363832,AOX1,CYP1A2,0.948
9606.ENSP00000363832,AOX1,MAOA,0.947
9606.ENSP00000363832,AOX1,UGT1A4,0.946
9606.ENSP00000363832,AOX1,UGT2B10,0.946
9606.ENSP00000363832,AOX1,UGT1A6,0.946
9606.ENSP00000363832,AOX1,MOCS2,0.945
9606.ENSP00000363832,AOX1,UGT2B7,0.943
9606.ENSP00000363832,AOX1,UGT1A9,0.942
9606.ENSP00000363832,AOX1,ADH1A,0.942
9606.ENSP00000363832,AOX1,UGT1A8,0.941
9606.ENSP00000363832,AOX1,UGT1A3,0.941
9606.ENSP00000363832,AOX1,UGT1A1,0.941
9606.ENSP00000363832,AOX1,UGT1A10,0.941
9606.ENSP00000363832,AOX1,UGT2B15,0.941
9606.ENSP00000363832,AOX1,DHRS4,0.941
9606.ENSP00000363832,AOX1,CYP1A1,0.941
9606.ENSP00000363832,AOX1,UGT1A7,0.941
9606.ENSP00000363832,AOX1,UGT1A5,0.94
9606.ENSP00000363832,AOX1,UGT2A3,0.94
9606.ENSP00000363832,AOX1,UGT2B17,0.939
9606.ENSP00000363832,AOX1,ADH5,0.938
9606.ENSP00000363832,AOX1,UGT2B28,0.938
9606.ENSP00000363832,AOX1,ALDH1A2,0.938
9606.ENSP00000363832,AOX1,ADH4,0.937
9606.ENSP00000363832,AOX1,CYP3A5,0.937
9606.ENSP00000363832,AOX1,UGT2B11,0.937
9606.ENSP00000363832,AOX1,UGT2B4,0.937
9606.ENSP00000363832,AOX1,UGT2A2,0.936
9606.ENSP00000363832,AOX1,ADH6,0.933
9606.ENSP00000363832,AOX1,PNPO,0.932
9606.ENSP00000363832,AOX1,ADH1C,0.932
9606.ENSP00000363832,AOX1,ADH7,0.93
9606.ENSP00000363832,AOX1,CYP2S1,0.929
9606.ENSP00000363832,AOX1,ACOX1,0.928
9606.ENSP00000363832,AOX1,PDXK,0.928
9606.ENSP00000363832,AOX1,BCO1,0.927
9606.ENSP00000363832,AOX1,CYP26A1,0.926
9606.ENSP00000363832,AOX1,CYP3A7,0.925
9606.ENSP00000363832,AOX1,ENSP00000480571,0.924
9606.ENSP00000363832,AOX1,CYP4A11,0.924
9606.ENSP00000363832,AOX1,CYP26B1,0.921
9606.ENSP00000363832,AOX1,RDH16,0.921
9606.ENSP00000363832,AOX1,EHHADH,0.92
9606.ENSP00000363832,AOX1,ACSF3,0.92
9606.ENSP00000363832,AOX1,PDXP,0.919
9606.ENSP00000363832,AOX1,HSD17B6,0.918
9606.ENSP00000363832,AOX1,ASMT,0.918
9606.ENSP00000363832,AOX1,CYP4A22,0.917
9606.ENSP00000363832,AOX1,ALDH6A1,0.917
9606.ENSP00000363832,AOX1,RDH8,0.917
9606.ENSP00000363832,AOX1,CYP26C1,0.917
9606.ENSP00000363832,AOX1,DHRS9,0.916
9606.ENSP00000363832,AOX1,CYP2C18,0.916
9606.ENSP00000363832,AOX1,RDH11,0.914
9606.ENSP00000363832,AOX1,RDH12,0.914
9606.ENSP00000363832,AOX1,RDH10,0.91
9606.ENSP00000363832,AOX1,DHRS3,0.91
9606.ENSP00000363832,AOX1,AGXT2,0.91
9606.ENSP00000363832,AOX1,RDH5,0.91
9606.ENSP00000363832,AOX1,SDR16C5,0.909
9606.ENSP00000363832,AOX1,ABAT,0.905
9606.ENSP00000363832,AOX1,HIBADH,0.903
9606.ENSP00000363832,AOX1,PHOSPHO2,0.9
9606.ENSP00000364003,AMER1,AXIN1,0.999
9606.ENSP00000364003,AMER1,APC,0.998
9606.ENSP00000364003,AMER1,GSK3B,0.993
9606.ENSP00000364003,AMER1,CTNNB1,0.992
9606.ENSP00000364003,AMER1,KEAP1,0.978
9606.ENSP00000364003,AMER1,CSNK1A1,0.96
9606.ENSP00000364003,AMER1,BTRC,0.952
9606.ENSP00000364839,ASXL1,BAP1,0.999
9606.ENSP00000364839,ASXL1,EZH2,0.998
9606.ENSP00000364839,ASXL1,SUZ12,0.995
9606.ENSP00000364839,ASXL1,FOXK1,0.987
9606.ENSP00000364839,ASXL1,OGT,0.982
9606.ENSP00000364839,ASXL1,TET2,0.975
9606.ENSP00000364839,ASXL1,RBBP4,0.973
9606.ENSP00000364839,ASXL1,HCFC1,0.967
9606.ENSP00000364839,ASXL1,RNF2,0.945
9606.ENSP00000364839,ASXL1,BMI1,0.944
9606.ENSP00000364839,ASXL1,FOXK2,0.942
9606.ENSP00000364839,ASXL1,DNMT3A,0.939
9606.ENSP00000364839,ASXL1,EED,0.939
9606.ENSP00000364839,ASXL1,EZH1,0.924
9606.ENSP00000364839,ASXL1,RING1,0.92
9606.ENSP00000364839,ASXL1,HDAC2,0.917
9606.ENSP00000364839,ASXL1,AEBP2,0.917
9606.ENSP00000364839,ASXL1,PCGF3,0.915
9606.ENSP00000364839,ASXL1,PCGF1,0.915
9606.ENSP00000364839,ASXL1,CBX7,0.914
9606.ENSP00000364839,ASXL1,PCGF6,0.913
9606.ENSP00000364839,ASXL1,PCGF2,0.912
9606.ENSP00000364839,ASXL1,RBBP7,0.911
9606.ENSP00000364839,ASXL1,PHC1,0.91
9606.ENSP00000364839,ASXL1,UBAP2L,0.91
9606.ENSP00000364839,ASXL1,CBX2,0.91
9606.ENSP00000364839,ASXL1,CBX8,0.909
9606.ENSP00000364839,ASXL1,KDM1B,0.909
9606.ENSP00000364839,ASXL1,CBX6,0.908
9606.ENSP00000364839,ASXL1,CBX4,0.907
9606.ENSP00000364839,ASXL1,PCGF5,0.904
9606.ENSP00000364839,ASXL1,PHC2,0.902
9606.ENSP00000364839,ASXL1,SCML2,0.902
9606.ENSP00000364839,ASXL1,PHC3,0.9
9606.ENSP00000365210,CCNB3,CDK1,0.989
9606.ENSP00000365210,CCNB3,PLK1,0.968
9606.ENSP00000365210,CCNB3,CDK2,0.954
9606.ENSP00000365210,CCNB3,CDC25A,0.937
9606.ENSP00000365210,CCNB3,CCNB1,0.934
9606.ENSP00000365210,CCNB3,CCNB2,0.929
9606.ENSP00000365210,CCNB3,GADD45G,0.916
9606.ENSP00000365210,CCNB3,GADD45B,0.91
9606.ENSP00000365210,CCNB3,GADD45A,0.907
9606.ENSP00000365210,CCNB3,SFN,0.906
9606.ENSP00000365210,CCNB3,FZR1,0.905
9606.ENSP00000365230,BCL2L1,BID,0.999
9606.ENSP00000365230,BCL2L1,HRK,0.999
9606.ENSP00000365230,BCL2L1,PMAIP1,0.999
9606.ENSP00000365230,BCL2L1,TP53,0.999
9606.ENSP00000365230,BCL2L1,BECN1,0.999
9606.ENSP00000365230,BCL2L1,BCL2,0.999
9606.ENSP00000365230,BCL2L1,BIK,0.999
9606.ENSP00000365230,BCL2L1,BAX,0.999
9606.ENSP00000365230,BCL2L1,BBC3,0.999
9606.ENSP00000365230,BCL2L1,BAD,0.999
9606.ENSP00000365230,BCL2L1,BCL2L11,0.999
9606.ENSP00000365230,BCL2L1,BAK1,0.999
9606.ENSP00000365230,BCL2L1,NLRP1,0.998
9606.ENSP00000365230,BCL2L1,CYCS,0.998
9606.ENSP00000365230,BCL2L1,BNIP3,0.998
9606.ENSP00000365230,BCL2L1,VDAC1,0.998
9606.ENSP00000365230,BCL2L1,PGAM5,0.997
9606.ENSP00000365230,BCL2L1,APAF1,0.996
9606.ENSP00000365230,BCL2L1,BMF,0.994
9606.ENSP00000365230,BCL2L1,BECN2,0.992
9606.ENSP00000365230,BCL2L1,ATG5,0.992
9606.ENSP00000365230,BCL2L1,CASP9,0.992
9606.ENSP00000365230,BCL2L1,AKT1,0.991
9606.ENSP00000365230,BCL2L1,SIVA1,0.99
9606.ENSP00000365230,BCL2L1,MCL1,0.989
9606.ENSP00000365230,BCL2L1,PINK1,0.986
9606.ENSP00000365230,BCL2L1,MAPK8,0.986
9606.ENSP00000365230,BCL2L1,KRAS,0.982
9606.ENSP00000365230,BCL2L1,RTL10,0.979
9606.ENSP00000365230,BCL2L1,PARK7,0.97
9606.ENSP00000365230,BCL2L1,AVEN,0.967
9606.ENSP00000365230,BCL2L1,MFN2,0.959
9606.ENSP00000365230,BCL2L1,MAPK9,0.956
9606.ENSP00000365230,BCL2L1,TMBIM6,0.954
9606.ENSP00000365230,BCL2L1,BNIP3L,0.951
9606.ENSP00000365230,BCL2L1,CASP3,0.95
9606.ENSP00000365230,BCL2L1,STAT3,0.949
9606.ENSP00000365230,BCL2L1,ITPR3,0.942
9606.ENSP00000365230,BCL2L1,XIAP,0.939
9606.ENSP00000365230,BCL2L1,AKT2,0.939
9606.ENSP00000365230,BCL2L1,CTSB,0.938
9606.ENSP00000365230,BCL2L1,CTSS,0.936
9606.ENSP00000365230,BCL2L1,FKBP8,0.935
9606.ENSP00000365230,BCL2L1,CTSD,0.934
9606.ENSP00000365230,BCL2L1,CASP8,0.933
9606.ENSP00000365230,BCL2L1,BCL2L2,0.933
9606.ENSP00000365230,BCL2L1,AKT3,0.931
9606.ENSP00000365230,BCL2L1,TP73,0.929
9606.ENSP00000365230,BCL2L1,DNM1L,0.919
9606.ENSP00000365230,BCL2L1,CTSL,0.919
9606.ENSP00000365230,BCL2L1,CTSK,0.917
9606.ENSP00000365230,BCL2L1,IL2,0.912
9606.ENSP00000365230,BCL2L1,CTSC,0.91
9606.ENSP00000365230,BCL2L1,CTSZ,0.909
9606.ENSP00000365230,BCL2L1,CTSH,0.908
9606.ENSP00000365230,BCL2L1,BCL2L10,0.905
9606.ENSP00000365230,BCL2L1,CTSF,0.905
9606.ENSP00000365230,BCL2L1,CTSV,0.902
9606.ENSP00000365230,BCL2L1,CTSW,0.902
9606.ENSP00000365230,BCL2L1,CTSO,0.902
9606.ENSP00000365312,ABI1,WASF2,0.999
9606.ENSP00000365312,ABI1,BRK1,0.999
9606.ENSP00000365312,ABI1,NCKAP1,0.999
9606.ENSP00000365312,ABI1,NCKAP1L,0.999
9606.ENSP00000365312,ABI1,EPS8,0.999
9606.ENSP00000365312,ABI1,CYFIP2,0.999
9606.ENSP00000365312,ABI1,WASF1,0.999
9606.ENSP00000365312,ABI1,CYFIP1,0.999
9606.ENSP00000365312,ABI1,ABL1,0.998
9606.ENSP00000365312,ABI1,SOS1,0.998
9606.ENSP00000365312,ABI1,WASF3,0.997
9606.ENSP00000365312,ABI1,ABI2,0.996
9606.ENSP00000365312,ABI1,BAIAP2,0.984
9606.ENSP00000365312,ABI1,WASL,0.98
9606.ENSP00000365312,ABI1,ARF1,0.947
9606.ENSP00000365312,ABI1,NCK1,0.947
9606.ENSP00000365312,ABI1,NCK2,0.901
9606.ENSP00000365312,ABI1,SRA1,0.901
9606.ENSP00000366475,ATG2A,WIPI1,0.998
9606.ENSP00000366475,ATG2A,WDR45,0.998
9606.ENSP00000366475,ATG2A,WIPI2,0.995
9606.ENSP00000366475,ATG2A,ULK1,0.991
9606.ENSP00000366475,ATG2A,ULK2,0.989
9606.ENSP00000366475,ATG2A,ATG2B,0.959
9606.ENSP00000366475,ATG2A,ATG9A,0.938
9606.ENSP00000366937,BTN3A2,BTN3A1,0.993
9606.ENSP00000366937,BTN3A2,XDH,0.968
9606.ENSP00000366937,BTN3A2,BTN3A3,0.96
9606.ENSP00000366937,BTN3A2,PLIN2,0.913
9606.ENSP00000367263,AHNAK,S100A10,0.999
9606.ENSP00000367263,AHNAK,ANXA2,0.999
9606.ENSP00000367263,AHNAK,DYSF,0.982
9606.ENSP00000367263,AHNAK,PPL,0.963
9606.ENSP00000367263,AHNAK,EZR,0.958
9606.ENSP00000367263,AHNAK,AHNAK2,0.944
9606.ENSP00000367263,AHNAK,PRX,0.941
9606.ENSP00000367433,AJAP1,CDH1,0.965
9606.ENSP00000367433,AJAP1,BSG,0.93
9606.ENSP00000367705,BCOR,PCGF1,0.999
9606.ENSP00000367705,BCOR,BCL6,0.999
9606.ENSP00000367705,BCOR,RNF2,0.995
9606.ENSP00000367705,BCOR,RING1,0.994
9606.ENSP00000367705,BCOR,MLLT3,0.994
9606.ENSP00000367705,BCOR,KDM2B,0.986
9606.ENSP00000367705,BCOR,CBX8,0.971
9606.ENSP00000367705,BCOR,RYBP,0.96
9606.ENSP00000367705,BCOR,PCGF2,0.958
9606.ENSP00000367705,BCOR,BMI1,0.958
9606.ENSP00000367705,BCOR,CBX4,0.956
9606.ENSP00000367705,BCOR,PHC1,0.956
9606.ENSP00000367705,BCOR,YAF2,0.956
9606.ENSP00000367705,BCOR,CBX2,0.942
9606.ENSP00000367705,BCOR,PCGF6,0.932
9606.ENSP00000367705,BCOR,PHC2,0.928
9606.ENSP00000367705,BCOR,PHC3,0.928
9606.ENSP00000367705,BCOR,CDC16,0.921
9606.ENSP00000367705,BCOR,PCGF3,0.919
9606.ENSP00000367705,BCOR,BRCC3,0.912
9606.ENSP00000367705,BCOR,ANAPC4,0.909
9606.ENSP00000367705,BCOR,ANAPC2,0.908
9606.ENSP00000367705,BCOR,BABAM2,0.908
9606.ENSP00000367705,BCOR,CDC27,0.907
9606.ENSP00000367705,BCOR,CUL7,0.907
9606.ENSP00000367705,BCOR,CDC23,0.906
9606.ENSP00000367705,BCOR,BARD1,0.905
9606.ENSP00000367705,BCOR,BRCA1,0.904
9606.ENSP00000367705,BCOR,UBE2S,0.904
9606.ENSP00000367705,BCOR,UBE2C,0.904
9606.ENSP00000367705,BCOR,ANAPC11,0.903
9606.ENSP00000367705,BCOR,ANAPC7,0.902
9606.ENSP00000367705,BCOR,ANAPC1,0.902
9606.ENSP00000367705,BCOR,ANAPC5,0.901
9606.ENSP00000367705,BCOR,ANAPC10,0.901
9606.ENSP00000367705,BCOR,ANAPC16,0.9
9606.ENSP00000367705,BCOR,CDC26,0.9
9606.ENSP00000367705,BCOR,ANAPC13,0.9
9606.ENSP00000367705,BCOR,ANAPC15,0.9
9606.ENSP00000367878,C11orf49,LRRC49,0.906
9606.ENSP00000368152,ALKBH6,ALKBH1,0.954
9606.ENSP00000368496,B3GALT6,B4GALT7,0.988
9606.ENSP00000368496,B3GALT6,B3GAT3,0.981
9606.ENSP00000369217,ARIH1,UBE2L3,0.995
9606.ENSP00000369217,ARIH1,RBX1,0.984
9606.ENSP00000369217,ARIH1,NEDD8,0.981
9606.ENSP00000369217,ARIH1,CUL1,0.977
9606.ENSP00000369217,ARIH1,UBC,0.972
9606.ENSP00000369217,ARIH1,UBE2L6,0.967
9606.ENSP00000369217,ARIH1,CDKN1B,0.949
9606.ENSP00000369217,ARIH1,RPS27A,0.946
9606.ENSP00000369217,ARIH1,UBE2L5,0.939
9606.ENSP00000369217,ARIH1,CUL3,0.932
9606.ENSP00000369217,ARIH1,EIF4E2,0.923
9606.ENSP00000369217,ARIH1,UBE2D1,0.92
9606.ENSP00000369217,ARIH1,UBB,0.92
9606.ENSP00000369217,ARIH1,UBA52,0.909
9606.ENSP00000369497,BRCA2,SEM1,0.999
9606.ENSP00000369497,BRCA2,RAD51,0.999
9606.ENSP00000369497,BRCA2,PALB2,0.999
9606.ENSP00000369497,BRCA2,BARD1,0.999
9606.ENSP00000369497,BRCA2,FANCD2,0.999
9606.ENSP00000369497,BRCA2,BRCA1,0.999
9606.ENSP00000369497,BRCA2,RAD51C,0.999
9606.ENSP00000369497,BRCA2,XRCC3,0.999
9606.ENSP00000369497,BRCA2,BRIP1,0.998
9606.ENSP00000369497,BRCA2,BCCIP,0.997
9606.ENSP00000369497,BRCA2,FANCG,0.997
9606.ENSP00000369497,BRCA2,EMSY,0.997
9606.ENSP00000369497,BRCA2,FANCI,0.996
9606.ENSP00000369497,BRCA2,PLK1,0.996
9606.ENSP00000369497,BRCA2,TP53,0.995
9606.ENSP00000369497,BRCA2,ATM,0.995
9606.ENSP00000369497,BRCA2,RAD52,0.993
9606.ENSP00000369497,BRCA2,PARP1,0.985
9606.ENSP00000369497,BRCA2,CHEK2,0.985
9606.ENSP00000369497,BRCA2,BRCC3,0.984
9606.ENSP00000369497,BRCA2,RBBP8,0.983
9606.ENSP00000369497,BRCA2,RAD51D,0.983
9606.ENSP00000369497,BRCA2,XRCC2,0.982
9606.ENSP00000369497,BRCA2,DMC1,0.979
9606.ENSP00000369497,BRCA2,FLNA,0.977
9606.ENSP00000369497,BRCA2,H2AX,0.973
9606.ENSP00000369497,BRCA2,SYCP3,0.969
9606.ENSP00000369497,BRCA2,MSH2,0.968
9606.ENSP00000369497,BRCA2,FANCA,0.968
9606.ENSP00000369497,BRCA2,RAD51D-2,0.967
9606.ENSP00000369497,BRCA2,MSH6,0.967
9606.ENSP00000369497,BRCA2,MRE11,0.967
9606.ENSP00000369497,BRCA2,CHEK1,0.963
9606.ENSP00000369497,BRCA2,RAD51B,0.961
9606.ENSP00000369497,BRCA2,BABAM2,0.96
9606.ENSP00000369497,BRCA2,MLH1,0.954
9606.ENSP00000369497,BRCA2,BUB1B,0.953
9606.ENSP00000369497,BRCA2,KAT2B,0.953
9606.ENSP00000369497,BRCA2,HSF2BP,0.951
9606.ENSP00000369497,BRCA2,EXO1,0.951
9606.ENSP00000369497,BRCA2,PMS2,0.947
9606.ENSP00000369497,BRCA2,CDK2,0.946
9606.ENSP00000369497,BRCA2,CDK4,0.943
9606.ENSP00000369497,BRCA2,HMG20B,0.942
9606.ENSP00000369497,BRCA2,PDS5B,0.939
9606.ENSP00000369497,BRCA2,FANCM,0.937
9606.ENSP00000369497,BRCA2,BLM,0.935
9606.ENSP00000369497,BRCA2,USP11,0.934
9606.ENSP00000369497,BRCA2,RAD9A,0.931
9606.ENSP00000369497,BRCA2,HMMR,0.929
9606.ENSP00000369497,BRCA2,TP53BP1,0.922
9606.ENSP00000369497,BRCA2,FANCC,0.919
9606.ENSP00000369497,BRCA2,MUS81,0.919
9606.ENSP00000369497,BRCA2,TOP3A,0.915
9606.ENSP00000369497,BRCA2,ERCC5,0.913
9606.ENSP00000369497,BRCA2,FANCB,0.91
9606.ENSP00000369497,BRCA2,FANCF,0.908
9606.ENSP00000369497,BRCA2,FANCL,0.902
9606.ENSP00000369497,BRCA2,NBN,0.901
9606.ENSP00000369855,ASB9,ELOC,0.998
9606.ENSP00000369855,ASB9,CKB,0.997
9606.ENSP00000369855,ASB9,ELOB,0.996
9606.ENSP00000369855,ASB9,CUL5,0.969
9606.ENSP00000369855,ASB9,CKMT1B,0.932
9606.ENSP00000369857,ABRAXAS1,UIMC1,0.999
9606.ENSP00000369857,ABRAXAS1,BARD1,0.999
9606.ENSP00000369857,ABRAXAS1,BABAM1,0.999
9606.ENSP00000369857,ABRAXAS1,BRCA1,0.999
9606.ENSP00000369857,ABRAXAS1,BABAM2,0.999
9606.ENSP00000369857,ABRAXAS1,BRCC3,0.999
9606.ENSP00000369857,ABRAXAS1,MDC1,0.923
9606.ENSP00000369897,CARS1,LARS1,0.95
9606.ENSP00000369897,CARS1,EEF1G,0.941
9606.ENSP00000369897,CARS1,LARS2,0.923
9606.ENSP00000369897,CARS1,CARS2,0.913
9606.ENSP00000369897,CARS1,SARS1,0.913
9606.ENSP00000369897,CARS1,IARS1,0.905
9606.ENSP00000369897,CARS1,IARS2,0.901
9606.ENSP00000369897,CARS1,PARS2,0.9
9606.ENSP00000369960,ADRA1A,GNAQ,0.987
9606.ENSP00000369960,ADRA1A,GNA11,0.969
9606.ENSP00000369960,ADRA1A,GNA13,0.968
9606.ENSP00000369960,ADRA1A,GNA12,0.968
9606.ENSP00000369960,ADRA1A,ADRA1B,0.957
9606.ENSP00000369960,ADRA1A,ADRA1D,0.909
9606.ENSP00000369996,ATXN3L,ITPR1,0.996
9606.ENSP00000369996,ATXN3L,BECN1,0.978
9606.ENSP00000369996,ATXN3L,UBC,0.976
9606.ENSP00000369996,ATXN3L,RAD23B,0.965
9606.ENSP00000369996,ATXN3L,RAD23A,0.964
9606.ENSP00000369996,ATXN3L,ATXN2,0.961
9606.ENSP00000369996,ATXN3L,VCP,0.956
9606.ENSP00000369996,ATXN3L,UBB,0.95
9606.ENSP00000369996,ATXN3L,RPS27A,0.945
9606.ENSP00000369996,ATXN3L,ITPR3,0.941
9606.ENSP00000369996,ATXN3L,UBA52,0.94
9606.ENSP00000369996,ATXN3L,UBQLN1,0.921
9606.ENSP00000369996,ATXN3L,BECN2,0.914
9606.ENSP00000369996,ATXN3L,ITPR2,0.905
9606.ENSP00000369996,ATXN3L,ATXN2L,0.903
9606.ENSP00000369996,ATXN3L,ATXN3,0.903
9606.ENSP00000370129,AKR1C2,AKR1C1,0.998
9606.ENSP00000370129,AKR1C2,AKR1C3,0.997
9606.ENSP00000370129,AKR1C2,SRD5A1,0.977
9606.ENSP00000370129,AKR1C2,SRD5A2,0.964
9606.ENSP00000370129,AKR1C2,SRD5A3,0.96
9606.ENSP00000370129,AKR1C2,UGT2B15,0.948
9606.ENSP00000370129,AKR1C2,UGT1A6,0.935
9606.ENSP00000370129,AKR1C2,DHRS9,0.933
9606.ENSP00000370129,AKR1C2,UGT2B17,0.931
9606.ENSP00000370129,AKR1C2,UGT1A1,0.929
9606.ENSP00000370129,AKR1C2,UGT1A9,0.928
9606.ENSP00000370129,AKR1C2,UGT1A3,0.924
9606.ENSP00000370129,AKR1C2,UGT2B7,0.924
9606.ENSP00000370129,AKR1C2,UGT1A8,0.922
9606.ENSP00000370129,AKR1C2,UGT1A10,0.921
9606.ENSP00000370129,AKR1C2,UGT1A7,0.92
9606.ENSP00000370129,AKR1C2,UGT1A4,0.92
9606.ENSP00000370129,AKR1C2,UGT2B28,0.92
9606.ENSP00000370129,AKR1C2,UGT2B10,0.919
9606.ENSP00000370129,AKR1C2,UGT2B4,0.918
9606.ENSP00000370129,AKR1C2,CYP2A13,0.915
9606.ENSP00000370129,AKR1C2,CYP2A6,0.915
9606.ENSP00000370129,AKR1C2,UGT2A3,0.915
9606.ENSP00000370129,AKR1C2,UGT2B11,0.914
9606.ENSP00000370129,AKR1C2,DHDH,0.912
9606.ENSP00000370129,AKR1C2,UGT2A2,0.911
9606.ENSP00000370129,AKR1C2,UGT1A5,0.909
9606.ENSP00000370718,ASMTL,AKAP17A,0.91
9606.ENSP00000370803,CCP110,CEP97,0.999
9606.ENSP00000370803,CCP110,CEP290,0.997
9606.ENSP00000370803,CCP110,CCNF,0.984
9606.ENSP00000370803,CCP110,CENPJ,0.98
9606.ENSP00000370803,CCP110,RAB8A,0.972
9606.ENSP00000370803,CCP110,CEP135,0.964
9606.ENSP00000370803,CCP110,PLK4,0.964
9606.ENSP00000370803,CCP110,SASS6,0.961
9606.ENSP00000370803,CCP110,KIF24,0.958
9606.ENSP00000370803,CCP110,CEP76,0.937
9606.ENSP00000370803,CCP110,NEURL4,0.903
9606.ENSP00000370803,CCP110,USP33,0.902
9606.ENSP00000370803,CCP110,CALM3,0.901
9606.ENSP00000370989,CD274,CD80,0.999
9606.ENSP00000370989,CD274,CTLA4,0.999
9606.ENSP00000370989,CD274,PDCD1,0.999
9606.ENSP00000370989,CD274,HAVCR2,0.998
9606.ENSP00000370989,CD274,CD28,0.997
9606.ENSP00000370989,CD274,PDCD1LG2,0.996
9606.ENSP00000370989,CD274,ICOS,0.995
9606.ENSP00000370989,CD274,STAT3,0.992
9606.ENSP00000370989,CD274,LAG3,0.976
9606.ENSP00000370989,CD274,TIGIT,0.973
9606.ENSP00000370989,CD274,CD86,0.972
9606.ENSP00000370989,CD274,PTPN11,0.95
9606.ENSP00000370989,CD274,BTLA,0.943
9606.ENSP00000370989,CD274,CD8A,0.939
9606.ENSP00000370989,CD274,CD4,0.938
9606.ENSP00000370989,CD274,FOXP3,0.912
9606.ENSP00000370989,CD274,MTUS2,0.909
9606.ENSP00000370989,CD274,MTUS1,0.909
9606.ENSP00000370989,CD274,IGHV3-43D,0.903
9606.ENSP00000370989,CD274,IDO1,0.902
9606.ENSP00000371859,BAZ1A,SMARCA1,0.999
9606.ENSP00000371859,BAZ1A,POLE3,0.999
9606.ENSP00000371859,BAZ1A,SMARCA5,0.999
9606.ENSP00000371859,BAZ1A,CHRAC1,0.998
9606.ENSP00000371859,BAZ1A,BAZ1B,0.946
9606.ENSP00000371859,BAZ1A,RBBP4,0.943
9606.ENSP00000371859,BAZ1A,CECR2,0.941
9606.ENSP00000371859,BAZ1A,BPTF,0.935
9606.ENSP00000371859,BAZ1A,C17orf49,0.921
9606.ENSP00000371859,BAZ1A,RSF1,0.907
9606.ENSP00000371859,BAZ1A,HMGXB4,0.903
9606.ENSP00000371897,ARHGAP5,RHOA,0.992
9606.ENSP00000371897,ARHGAP5,SRC,0.969
9606.ENSP00000371897,ARHGAP5,RND3,0.92
9606.ENSP00000371897,ARHGAP5,ARHGAP35,0.906
9606.ENSP00000371897,ARHGAP5,THY1,0.9
9606.ENSP00000373340,BRPF1,MEAF6,0.999
9606.ENSP00000373340,BRPF1,ING5,0.999
9606.ENSP00000373340,BRPF1,KAT6A,0.999
9606.ENSP00000373340,BRPF1,KAT6B,0.999
9606.ENSP00000373340,BRPF1,KAT7,0.997
9606.ENSP00000373340,BRPF1,H3C13,0.978
9606.ENSP00000373340,BRPF1,H3C12,0.978
9606.ENSP00000373340,BRPF1,H3-2,0.965
9606.ENSP00000373340,BRPF1,H3-4,0.965
9606.ENSP00000373340,BRPF1,BRPF3,0.964
9606.ENSP00000373340,BRPF1,H3C14,0.955
9606.ENSP00000373340,BRPF1,H3C1,0.952
9606.ENSP00000373340,BRPF1,BRD1,0.947
9606.ENSP00000373340,BRPF1,ING4,0.94
9606.ENSP00000373340,BRPF1,H3C15,0.92
9606.ENSP00000373340,BRPF1,H3C4,0.911
9606.ENSP00000373340,BRPF1,H3C2,0.911
9606.ENSP00000373340,BRPF1,H3C10,0.911
9606.ENSP00000373340,BRPF1,H3C7,0.911
9606.ENSP00000373340,BRPF1,H3C11,0.911
9606.ENSP00000373340,BRPF1,H3C8,0.911
9606.ENSP00000373340,BRPF1,H3C6,0.911
9606.ENSP00000373340,BRPF1,H3C3,0.911
9606.ENSP00000373700,ALK,EML4,0.999
9606.ENSP00000373700,ALK,PTN,0.999
9606.ENSP00000373700,ALK,MDK,0.997
9606.ENSP00000373700,ALK,NPM1,0.994
9606.ENSP00000373700,ALK,KRAS,0.989
9606.ENSP00000373700,ALK,NRAS,0.986
9606.ENSP00000373700,ALK,PIK3CA,0.979
9606.ENSP00000373700,ALK,PLCG1,0.977
9606.ENSP00000373700,ALK,PIK3R1,0.973
9606.ENSP00000373700,ALK,ALKAL2,0.968
9606.ENSP00000373700,ALK,HRAS,0.966
9606.ENSP00000373700,ALK,GRB2,0.965
9606.ENSP00000373700,ALK,SHC1,0.953
9606.ENSP00000373700,ALK,JAK3,0.95
9606.ENSP00000373700,ALK,TGFBR2,0.947
9606.ENSP00000373700,ALK,JAK1,0.944
9606.ENSP00000373700,ALK,JAK2,0.936
9606.ENSP00000373700,ALK,PIK3CB,0.935
9606.ENSP00000373700,ALK,MYCN,0.932
9606.ENSP00000373700,ALK,ACVR1B,0.932
9606.ENSP00000373700,ALK,ATIC,0.932
9606.ENSP00000373700,ALK,PIK3R2,0.927
9606.ENSP00000373700,ALK,PIK3CD,0.927
9606.ENSP00000373700,ALK,PLCG2,0.915
9606.ENSP00000373700,ALK,FRS3,0.914
9606.ENSP00000373700,ALK,PIK3R3,0.914
9606.ENSP00000373700,ALK,KIF5B,0.913
9606.ENSP00000373700,ALK,TPM3,0.905
9606.ENSP00000375892,AKT2,PHLPP1,0.994
9606.ENSP00000375892,AKT2,TBC1D4,0.994
9606.ENSP00000375892,AKT2,AKT1,0.991
9606.ENSP00000375892,AKT2,FOXO1,0.986
9606.ENSP00000375892,AKT2,PHLPP2,0.986
9606.ENSP00000375892,AKT2,PIK3CA,0.984
9606.ENSP00000375892,AKT2,PIK3CB,0.983
9606.ENSP00000375892,AKT2,FOXO3,0.98
9606.ENSP00000375892,AKT2,PIK3R1,0.979
9606.ENSP00000375892,AKT2,GSK3B,0.977
9606.ENSP00000375892,AKT2,RPTOR,0.976
9606.ENSP00000375892,AKT2,PIK3CG,0.974
9606.ENSP00000375892,AKT2,TP53,0.973
9606.ENSP00000375892,AKT2,TCL1A,0.969
9606.ENSP00000375892,AKT2,TSC2,0.969
9606.ENSP00000375892,AKT2,AKT1S1,0.967
9606.ENSP00000375892,AKT2,MTOR,0.967
9606.ENSP00000375892,AKT2,JUN,0.967
9606.ENSP00000375892,AKT2,TRIB3,0.965
9606.ENSP00000375892,AKT2,AKT3,0.965
9606.ENSP00000375892,AKT2,PIK3R2,0.963
9606.ENSP00000375892,AKT2,MAPK3,0.962
9606.ENSP00000375892,AKT2,PDPK1,0.962
9606.ENSP00000375892,AKT2,PIK3CD,0.962
9606.ENSP00000375892,AKT2,TCL1B,0.959
9606.ENSP00000375892,AKT2,FOXO4,0.957
9606.ENSP00000375892,AKT2,CDKN1B,0.956
9606.ENSP00000375892,AKT2,CDKN1A,0.955
9606.ENSP00000375892,AKT2,PIK3R3,0.953
9606.ENSP00000375892,AKT2,BCL2,0.95
9606.ENSP00000375892,AKT2,TSC1,0.95
9606.ENSP00000375892,AKT2,APPL1,0.949
9606.ENSP00000375892,AKT2,HSP90AA1,0.948
9606.ENSP00000375892,AKT2,MDM2,0.947
9606.ENSP00000375892,AKT2,HSP90AB1,0.946
9606.ENSP00000375892,AKT2,ILK,0.946
9606.ENSP00000375892,AKT2,CRTC2,0.945
9606.ENSP00000375892,AKT2,MAP3K5,0.944
9606.ENSP00000375892,AKT2,CDC37,0.944
9606.ENSP00000375892,AKT2,CASP9,0.942
9606.ENSP00000375892,AKT2,NOS2,0.942
9606.ENSP00000375892,AKT2,THEM4,0.941
9606.ENSP00000375892,AKT2,RPS6KB1,0.94
9606.ENSP00000375892,AKT2,OGT,0.939
9606.ENSP00000375892,AKT2,BCL2L1,0.939
9606.ENSP00000375892,AKT2,BRCA1,0.938
9606.ENSP00000375892,AKT2,GSK3A,0.937
9606.ENSP00000375892,AKT2,PIK3R5,0.937
9606.ENSP00000375892,AKT2,HSP90B1,0.932
9606.ENSP00000375892,AKT2,MAPK14,0.932
9606.ENSP00000375892,AKT2,MAPK1,0.929
9606.ENSP00000375892,AKT2,PRKCZ,0.929
9606.ENSP00000375892,AKT2,MAPK13,0.928
9606.ENSP00000375892,AKT2,MAPK11,0.927
9606.ENSP00000375892,AKT2,MAPK12,0.927
9606.ENSP00000375892,AKT2,NOS3,0.925
9606.ENSP00000375892,AKT2,IKBKB,0.925
9606.ENSP00000375892,AKT2,RPS6KB2,0.923
9606.ENSP00000375892,AKT2,TBC1D7,0.923
9606.ENSP00000375892,AKT2,RAF1,0.923
9606.ENSP00000375892,AKT2,IKBKG,0.92
9606.ENSP00000375892,AKT2,MTCP1,0.919
9606.ENSP00000375892,AKT2,BAD,0.919
9606.ENSP00000375892,AKT2,MAP2K4,0.918
9606.ENSP00000375892,AKT2,PDE3B,0.918
9606.ENSP00000375892,AKT2,PFKFB2,0.916
9606.ENSP00000375892,AKT2,CHUK,0.916
9606.ENSP00000375892,AKT2,MAP3K8,0.913
9606.ENSP00000375892,AKT2,PIK3R6,0.912
9606.ENSP00000375892,AKT2,NR4A1,0.91
9606.ENSP00000375892,AKT2,GNRH1,0.91
9606.ENSP00000375892,AKT2,NKX3-1,0.907
9606.ENSP00000375892,AKT2,NOS1,0.906
9606.ENSP00000375892,AKT2,GNRH2,0.9
9606.ENSP00000376204,ASH1L,MORF4L1,0.986
9606.ENSP00000376204,ASH1L,GON4L,0.959
9606.ENSP00000376204,ASH1L,YY1AP1,0.945
9606.ENSP00000376395,CD300E,TYROBP,0.905
9606.ENSP00000376534,BAZ2B,ZNF215,0.942
9606.ENSP00000376534,BAZ2B,SMARCA1,0.931
9606.ENSP00000376534,BAZ2B,SMARCA5,0.923
9606.ENSP00000376943,BCL2L11,MCL1,0.999
9606.ENSP00000376943,BCL2L11,BCL2L1,0.999
9606.ENSP00000376943,BCL2L11,BCL2,0.999
9606.ENSP00000376943,BCL2L11,DYNLL1,0.999
9606.ENSP00000376943,BCL2L11,BCL2A1,0.999
9606.ENSP00000376943,BCL2L11,BCL2L2,0.999
9606.ENSP00000376943,BCL2L11,BAK1,0.998
9606.ENSP00000376943,BCL2L11,BAX,0.998
9606.ENSP00000376943,BCL2L11,PMAIP1,0.996
9606.ENSP00000376943,BCL2L11,BCL2L10,0.993
9606.ENSP00000376943,BCL2L11,BECN1,0.987
9606.ENSP00000376943,BCL2L11,FOXO3,0.984
9606.ENSP00000376943,BCL2L11,BID,0.982
9606.ENSP00000376943,BCL2L11,BBC3,0.971
9606.ENSP00000376943,BCL2L11,MAPK3,0.97
9606.ENSP00000376943,BCL2L11,BIK,0.968
9606.ENSP00000376943,BCL2L11,DDIT3,0.956
9606.ENSP00000376943,BCL2L11,MAPK1,0.953
9606.ENSP00000376943,BCL2L11,MAPK8,0.948
9606.ENSP00000376943,BCL2L11,BAD,0.918
9606.ENSP00000376943,BCL2L11,BMF,0.901
9606.ENSP00000378181,BRD7,SMARCE1,0.999
9606.ENSP00000378181,BRD7,SMARCA4,0.999
9606.ENSP00000378181,BRD7,SMARCD1,0.999
9606.ENSP00000378181,BRD7,ACTL6A,0.999
9606.ENSP00000378181,BRD7,PBRM1,0.999
9606.ENSP00000378181,BRD7,PHF10,0.999
9606.ENSP00000378181,BRD7,ARID2,0.999
9606.ENSP00000378181,BRD7,SMARCC2,0.999
9606.ENSP00000378181,BRD7,SMARCB1,0.998
9606.ENSP00000378181,BRD7,SMARCC1,0.994
9606.ENSP00000378181,BRD7,TP53,0.99
9606.ENSP00000378181,BRD7,ACTB,0.985
9606.ENSP00000378181,BRD7,DPF3,0.984
9606.ENSP00000378181,BRD7,SMARCA2,0.977
9606.ENSP00000378181,BRD7,ARID1A,0.972
9606.ENSP00000378181,BRD7,SMARCD2,0.97
9606.ENSP00000378181,BRD7,SMARCD3,0.961
9606.ENSP00000378181,BRD7,ACTL6B,0.96
9606.ENSP00000378181,BRD7,ARID1B,0.952
9606.ENSP00000378181,BRD7,H3C12,0.945
9606.ENSP00000378181,BRD7,BCL7C,0.926
9606.ENSP00000378181,BRD7,EP300,0.925
9606.ENSP00000378181,BRD7,H4C6,0.924
9606.ENSP00000378181,BRD7,DPF1,0.921
9606.ENSP00000378365,CCL26,CCR3,0.999
9606.ENSP00000378365,CCL26,CCL2,0.998
9606.ENSP00000378365,CCL26,CXCL10,0.998
9606.ENSP00000378365,CCL26,CCL11,0.997
9606.ENSP00000378365,CCL26,CCL17,0.997
9606.ENSP00000378365,CCL26,CCL21,0.997
9606.ENSP00000378365,CCL26,CXCL11,0.997
9606.ENSP00000378365,CCL26,CXCL9,0.997
9606.ENSP00000378365,CCL26,CXCL12,0.996
9606.ENSP00000378365,CCL26,CXCL14,0.996
9606.ENSP00000378365,CCL26,CCL28,0.995
9606.ENSP00000378365,CCL26,CCL13,0.995
9606.ENSP00000378365,CCL26,PF4,0.995
9606.ENSP00000378365,CCL26,CCL8,0.995
9606.ENSP00000378365,CCL26,CXCL17,0.995
9606.ENSP00000378365,CCL26,CCL5,0.995
9606.ENSP00000378365,CCL26,PPBP,0.995
9606.ENSP00000378365,CCL26,XCL2,0.995
9606.ENSP00000378365,CCL26,XCL1,0.994
9606.ENSP00000378365,CCL26,PF4V1,0.994
9606.ENSP00000378365,CCL26,CX3CR1,0.988
9606.ENSP00000378365,CCL26,CCR1,0.96
9606.ENSP00000378365,CCL26,CCR2,0.937
9606.ENSP00000378365,CCL26,CXCR3,0.905
9606.ENSP00000378578,AFF1,MLLT1,0.999
9606.ENSP00000378578,AFF1,CDK9,0.999
9606.ENSP00000378578,AFF1,MLLT3,0.999
9606.ENSP00000378578,AFF1,AFF4,0.999
9606.ENSP00000378578,AFF1,ELL,0.999
9606.ENSP00000378578,AFF1,CCNT1,0.999
9606.ENSP00000378578,AFF1,ELL2,0.999
9606.ENSP00000378578,AFF1,ELL3,0.998
9606.ENSP00000378578,AFF1,EAF1,0.997
9606.ENSP00000378578,AFF1,CCNT2,0.991
9606.ENSP00000378578,AFF1,KMT2A,0.99
9606.ENSP00000378578,AFF1,MLLT10,0.985
9606.ENSP00000378578,AFF1,DOT1L,0.951
9606.ENSP00000378578,AFF1,SUPT5H,0.939
9606.ENSP00000378578,AFF1,LEO1,0.926
9606.ENSP00000378578,AFF1,CTR9,0.926
9606.ENSP00000378578,AFF1,NELFE,0.923
9606.ENSP00000378578,AFF1,ICE2,0.923
9606.ENSP00000378578,AFF1,RTF1,0.922
9606.ENSP00000378578,AFF1,SUPT4H1,0.921
9606.ENSP00000378578,AFF1,CDC73,0.92
9606.ENSP00000378578,AFF1,EAF2,0.919
9606.ENSP00000378578,AFF1,TCEA2,0.919
9606.ENSP00000378578,AFF1,ELOA,0.915
9606.ENSP00000378578,AFF1,WDR61,0.915
9606.ENSP00000378578,AFF1,ICE1,0.913
9606.ENSP00000378578,AFF1,ERCC6,0.91
9606.ENSP00000378578,AFF1,CPZ,0.908
9606.ENSP00000378578,AFF1,NELFB,0.907
9606.ENSP00000378578,AFF1,ZC3H8,0.907
9606.ENSP00000378578,AFF1,PAF1,0.905
9606.ENSP00000378578,AFF1,NELFA,0.905
9606.ENSP00000378578,AFF1,ELOC,0.903
9606.ENSP00000378578,AFF1,ELP4,0.903
9606.ENSP00000378578,AFF1,NELFCD,0.9
9606.ENSP00000378578,AFF1,PEX2,0.9
9606.ENSP00000378578,AFF1,ELOB,0.9
9606.ENSP00000378868,A1CF,APOBEC1,0.998
9606.ENSP00000379097,AREG,EGFR,0.999
9606.ENSP00000379097,AREG,EGF,0.998
9606.ENSP00000379097,AREG,EREG,0.998
9606.ENSP00000379097,AREG,ERBB3,0.993
9606.ENSP00000379097,AREG,ERBB4,0.992
9606.ENSP00000379097,AREG,BTC,0.991
9606.ENSP00000379097,AREG,TGFA,0.96
9606.ENSP00000379097,AREG,ERBB2,0.959
9606.ENSP00000379097,AREG,ICAM1,0.947
9606.ENSP00000379097,AREG,EPGN,0.931
9606.ENSP00000379204,BMP7,BMPR2,0.999
9606.ENSP00000379204,BMP7,NOG,0.999
9606.ENSP00000379204,BMP7,BMPR1B,0.999
9606.ENSP00000379204,BMP7,ACVR2A,0.999
9606.ENSP00000379204,BMP7,ACVR1,0.999
9606.ENSP00000379204,BMP7,BMPR1A,0.999
9606.ENSP00000379204,BMP7,ACVR2B,0.998
9606.ENSP00000379204,BMP7,CHRD,0.991
9606.ENSP00000379204,BMP7,FST,0.989
9606.ENSP00000379204,BMP7,BMP2,0.988
9606.ENSP00000379204,BMP7,BMP4,0.978
9606.ENSP00000379204,BMP7,GDF7,0.944
9606.ENSP00000379204,BMP7,GREM2,0.921
9606.ENSP00000379204,BMP7,NBL1,0.916
9606.ENSP00000379204,BMP7,GREM1,0.911
9606.ENSP00000379472,CCK,CCKBR,0.999
9606.ENSP00000379472,CCK,CCKAR,0.999
9606.ENSP00000379472,CCK,CCL28,0.995
9606.ENSP00000379472,CCK,GAST,0.993
9606.ENSP00000379472,CCK,GRP,0.972
9606.ENSP00000379472,CCK,GHRL,0.958
9606.ENSP00000379472,CCK,SST,0.933
9606.ENSP00000379472,CCK,NTS,0.928
9606.ENSP00000379472,CCK,PTK7,0.923
9606.ENSP00000379472,CCK,TAC1,0.92
9606.ENSP00000379472,CCK,NPY,0.916
9606.ENSP00000379472,CCK,MLN,0.903
9606.ENSP00000379472,CCK,PYY,0.903
9606.ENSP00000379842,SGK3,PDPK1,0.962
9606.ENSP00000379842,SGK3,SGK2,0.934
9606.ENSP00000379842,SGK3,FOXO3,0.932
9606.ENSP00000379842,SGK3,FOXO1,0.93
9606.ENSP00000379842,SGK3,FOXO4,0.911
9606.ENSP00000379842,SGK3,SGK1,0.906
9606.ENSP00000379865,ADHFE1,MRTFA,0.955
9606.ENSP00000379946,BICRA,BRD9,0.999
9606.ENSP00000379946,BICRA,SMARCD1,0.995
9606.ENSP00000379946,BICRA,SMARCA4,0.99
9606.ENSP00000379946,BICRA,SS18,0.988
9606.ENSP00000379946,BICRA,BCL7A,0.987
9606.ENSP00000379946,BICRA,SMARCA2,0.986
9606.ENSP00000379946,BICRA,BCL7C,0.984
9606.ENSP00000379946,BICRA,SMARCB1,0.983
9606.ENSP00000379946,BICRA,SMARCC1,0.98
9606.ENSP00000379946,BICRA,ARID1A,0.98
9606.ENSP00000379946,BICRA,ACTL6A,0.979
9606.ENSP00000379946,BICRA,ARID1B,0.978
9606.ENSP00000379946,BICRA,SMARCE1,0.977
9606.ENSP00000379946,BICRA,BICRAL,0.974
9606.ENSP00000379946,BICRA,SMARCC2,0.968
9606.ENSP00000379946,BICRA,SMARCD2,0.962
9606.ENSP00000379946,BICRA,BCL7B,0.961
9606.ENSP00000379946,BICRA,SMARCD3,0.954
9606.ENSP00000379946,BICRA,ARID2,0.953
9606.ENSP00000379946,BICRA,PBRM1,0.928
9606.ENSP00000379946,BICRA,BRD4,0.927
9606.ENSP00000379946,BICRA,BCL11A,0.918
9606.ENSP00000379946,BICRA,BCL11B,0.91
9606.ENSP00000379946,BICRA,DPF2,0.902
9606.ENSP00000380150,CARD11,BCL10,0.999
9606.ENSP00000380150,CARD11,MALT1,0.999
9606.ENSP00000380150,CARD11,PRKCQ,0.998
9606.ENSP00000380150,CARD11,IKBKG,0.998
9606.ENSP00000380150,CARD11,PRKCB,0.972
9606.ENSP00000380150,CARD11,TRAF6,0.955
9606.ENSP00000380150,CARD11,CARD10,0.949
9606.ENSP00000380150,CARD11,CHUK,0.924
9606.ENSP00000380150,CARD11,MAP3K7,0.922
9606.ENSP00000380150,CARD11,CARD14,0.92
9606.ENSP00000380877,ASCC2,ASCC1,0.999
9606.ENSP00000380877,ASCC2,ASCC3,0.999
9606.ENSP00000380877,ASCC2,TRIP4,0.999
9606.ENSP00000380877,ASCC2,ALKBH3,0.957
9606.ENSP00000380942,ARHGEF12,RHOA,0.999
9606.ENSP00000380942,ARHGEF12,GNA12,0.999
9606.ENSP00000380942,ARHGEF12,GNA13,0.999
9606.ENSP00000380942,ARHGEF12,PLXNB1,0.997
9606.ENSP00000380942,ARHGEF12,PLXNB2,0.994
9606.ENSP00000380942,ARHGEF12,GNAQ,0.993
9606.ENSP00000380942,ARHGEF12,CD44,0.985
9606.ENSP00000380942,ARHGEF12,PLXNB3,0.979
9606.ENSP00000380942,ARHGEF12,ARHGEF11,0.965
9606.ENSP00000380942,ARHGEF12,ARHGEF7,0.961
9606.ENSP00000380942,ARHGEF12,RHOC,0.941
9606.ENSP00000380942,ARHGEF12,CD209,0.94
9606.ENSP00000380942,ARHGEF12,ARHGEF28,0.936
9606.ENSP00000380942,ARHGEF12,RRAS,0.934
9606.ENSP00000380942,ARHGEF12,NEO1,0.933
9606.ENSP00000380942,ARHGEF12,PTK2,0.929
9606.ENSP00000380942,ARHGEF12,ARHGEF6,0.926
9606.ENSP00000380942,ARHGEF12,MRAS,0.926
9606.ENSP00000380942,ARHGEF12,PTK2B,0.925
9606.ENSP00000380942,ARHGEF12,KRAS,0.919
9606.ENSP00000380942,ARHGEF12,LSP1,0.919
9606.ENSP00000380942,ARHGEF12,ARHGEF1,0.916
9606.ENSP00000380942,ARHGEF12,HRAS,0.916
9606.ENSP00000380942,ARHGEF12,NRAS,0.913
9606.ENSP00000380942,ARHGEF12,RRAS2,0.912
9606.ENSP00000380942,ARHGEF12,CLEC4M,0.9
9606.ENSP00000381185,BCL2,BIK,0.999
9606.ENSP00000381185,BCL2,BECN1,0.999
9606.ENSP00000381185,BCL2,BNIP3,0.999
9606.ENSP00000381185,BCL2,BCL2L1,0.999
9606.ENSP00000381185,BCL2,NLRP1,0.999
9606.ENSP00000381185,BCL2,BECN2,0.999
9606.ENSP00000381185,BCL2,TP53,0.999
9606.ENSP00000381185,BCL2,PMAIP1,0.999
9606.ENSP00000381185,BCL2,NR4A1,0.999
9606.ENSP00000381185,BCL2,BCL2L11,0.999
9606.ENSP00000381185,BCL2,BAK1,0.999
9606.ENSP00000381185,BCL2,BAD,0.999
9606.ENSP00000381185,BCL2,BBC3,0.999
9606.ENSP00000381185,BCL2,BAX,0.999
9606.ENSP00000381185,BCL2,SOD1,0.998
9606.ENSP00000381185,BCL2,BID,0.998
9606.ENSP00000381185,BCL2,VDAC1,0.998
9606.ENSP00000381185,BCL2,BMF,0.998
9606.ENSP00000381185,BCL2,CYCS,0.997
9606.ENSP00000381185,BCL2,HRK,0.997
9606.ENSP00000381185,BCL2,FKBP8,0.996
9606.ENSP00000381185,BCL2,BAG1,0.996
9606.ENSP00000381185,BCL2,ITPR1,0.996
9606.ENSP00000381185,BCL2,BNIP3L,0.995
9606.ENSP00000381185,BCL2,ITPR3,0.993
9606.ENSP00000381185,BCL2,AKT1,0.993
9606.ENSP00000381185,BCL2,APAF1,0.993
9606.ENSP00000381185,BCL2,RTL10,0.991
9606.ENSP00000381185,BCL2,TP53BP2,0.99
9606.ENSP00000381185,BCL2,ATG12,0.989
9606.ENSP00000381185,BCL2,HSPB3,0.988
9606.ENSP00000381185,BCL2,CASP3,0.987
9606.ENSP00000381185,BCL2,BAG3,0.986
9606.ENSP00000381185,BCL2,MAPK3,0.985
9606.ENSP00000381185,BCL2,CASP8,0.984
9606.ENSP00000381185,BCL2,BNIP2,0.982
9606.ENSP00000381185,BCL2,MAPK8,0.979
9606.ENSP00000381185,BCL2,PIK3C3,0.976
9606.ENSP00000381185,BCL2,UVRAG,0.974
9606.ENSP00000381185,BCL2,DDIT3,0.972
9606.ENSP00000381185,BCL2,MAPK1,0.969
9606.ENSP00000381185,BCL2,PPP2R5A,0.964
9606.ENSP00000381185,BCL2,PPP2CA,0.962
9606.ENSP00000381185,BCL2,PPIF,0.961
9606.ENSP00000381185,BCL2,STAT3,0.959
9606.ENSP00000381185,BCL2,CCND1,0.958
9606.ENSP00000381185,BCL2,MAPK9,0.957
9606.ENSP00000381185,BCL2,MYC,0.955
9606.ENSP00000381185,BCL2,AMBRA1,0.954
9606.ENSP00000381185,BCL2,MDM2,0.953
9606.ENSP00000381185,BCL2,XIAP,0.951
9606.ENSP00000381185,BCL2,AKT2,0.95
9606.ENSP00000381185,BCL2,CTSD,0.949
9606.ENSP00000381185,BCL2,MFN2,0.948
9606.ENSP00000381185,BCL2,AKT3,0.947
9606.ENSP00000381185,BCL2,CTSB,0.947
9606.ENSP00000381185,BCL2,PPID,0.947
9606.ENSP00000381185,BCL2,CTSS,0.946
9606.ENSP00000381185,BCL2,HIF1A,0.946
9606.ENSP00000381185,BCL2,CASP9,0.946
9606.ENSP00000381185,BCL2,BCLAF1,0.945
9606.ENSP00000381185,BCL2,CD34,0.945
9606.ENSP00000381185,BCL2,SIVA1,0.938
9606.ENSP00000381185,BCL2,HRAS,0.938
9606.ENSP00000381185,BCL2,RAD9A,0.934
9606.ENSP00000381185,BCL2,CTSL,0.931
9606.ENSP00000381185,BCL2,LOC102723407,0.929
9606.ENSP00000381185,BCL2,HSP90AA1,0.929
9606.ENSP00000381185,BCL2,ATG14,0.929
9606.ENSP00000381185,BCL2,CTSK,0.928
9606.ENSP00000381185,BCL2,JUN,0.927
9606.ENSP00000381185,BCL2,CTSV,0.926
9606.ENSP00000381185,BCL2,CREB1,0.925
9606.ENSP00000381185,BCL2,TMBIM6,0.924
9606.ENSP00000381185,BCL2,CREM,0.922
9606.ENSP00000381185,BCL2,PPP2R2A,0.921
9606.ENSP00000381185,BCL2,KEAP1,0.92
9606.ENSP00000381185,BCL2,CDK1,0.92
9606.ENSP00000381185,BCL2,BCL2L10,0.92
9606.ENSP00000381185,BCL2,PARP1,0.917
9606.ENSP00000381185,BCL2,PPP2R1A,0.916
9606.ENSP00000381185,BCL2,LGALS3,0.915
9606.ENSP00000381185,BCL2,CTSC,0.914
9606.ENSP00000381185,BCL2,PPP2R1B,0.913
9606.ENSP00000381185,BCL2,CTSZ,0.912
9606.ENSP00000381185,BCL2,PPP2R3A,0.912
9606.ENSP00000381185,BCL2,VDAC2,0.911
9606.ENSP00000381185,BCL2,PPP2R5C,0.911
9606.ENSP00000381185,BCL2,CTSH,0.911
9606.ENSP00000381185,BCL2,PPP2R2B,0.91
9606.ENSP00000381185,BCL2,PPP2R5E,0.909
9606.ENSP00000381185,BCL2,PPP2R5D,0.909
9606.ENSP00000381185,BCL2,RRAS,0.907
9606.ENSP00000381185,BCL2,CTSF,0.907
9606.ENSP00000381185,BCL2,PPP2R2D,0.907
9606.ENSP00000381185,BCL2,PPP2R2C,0.906
9606.ENSP00000381185,BCL2,PPP2R5B,0.906
9606.ENSP00000381185,BCL2,BCL6,0.906
9606.ENSP00000381185,BCL2,CTSW,0.904
9606.ENSP00000381185,BCL2,PPP2CB,0.904
9606.ENSP00000381185,BCL2,CTSO,0.904
9606.ENSP00000381185,BCL2,PPP2R3B,0.901
9606.ENSP00000381185,BCL2,PPP2R3C,0.901
9606.ENSP00000381364,CABIN1,HIRA,0.999
9606.ENSP00000381364,CABIN1,UBN1,0.999
9606.ENSP00000381364,CABIN1,ASF1A,0.998
9606.ENSP00000381364,CABIN1,MEF2B,0.996
9606.ENSP00000381364,CABIN1,MEF2D,0.94
9606.ENSP00000382349,ACSM4,ACADS,0.944
9606.ENSP00000383920,ASXL2,BAP1,0.999
9606.ENSP00000383920,ASXL2,FOXK2,0.968
9606.ENSP00000383920,ASXL2,FOXK1,0.962
9606.ENSP00000383920,ASXL2,KDM1B,0.953
9606.ENSP00000383920,ASXL2,HCFC1,0.94
9606.ENSP00000383920,ASXL2,MBD6,0.939
9606.ENSP00000383920,ASXL2,OGT,0.937
9606.ENSP00000383920,ASXL2,ZNF462,0.915
9606.ENSP00000383920,ASXL2,MBD5,0.903
9606.ENSP00000384259,ATG4B,GABARAPL2,0.999
9606.ENSP00000384259,ATG4B,GABARAP,0.999
9606.ENSP00000384259,ATG4B,MAP1LC3B,0.999
9606.ENSP00000384259,ATG4B,GABARAPL1,0.999
9606.ENSP00000384259,ATG4B,MAP1LC3A,0.993
9606.ENSP00000384259,ATG4B,MAP1LC3C,0.99
9606.ENSP00000384259,ATG4B,ATG3,0.979
9606.ENSP00000384259,ATG4B,ATG7,0.977
9606.ENSP00000384259,ATG4B,ULK1,0.95
9606.ENSP00000384259,ATG4B,ULK2,0.938
9606.ENSP00000384259,ATG4B,ATG12,0.923
9606.ENSP00000384259,ATG4B,ATG5,0.915
9606.ENSP00000384371,BCL6,BCOR,0.999
9606.ENSP00000384371,BCL6,NCOR1,0.999
9606.ENSP00000384371,BCL6,NCOR2,0.999
9606.ENSP00000384371,BCL6,HDAC4,0.966
9606.ENSP00000384371,BCL6,TP53,0.957
9606.ENSP00000384371,BCL6,IRF4,0.942
9606.ENSP00000384371,BCL6,HDAC1,0.935
9606.ENSP00000384371,BCL6,PAX5,0.931
9606.ENSP00000384371,BCL6,MME,0.926
9606.ENSP00000384371,BCL6,MYC,0.922
9606.ENSP00000384371,BCL6,TBX21,0.915
9606.ENSP00000384371,BCL6,LOC102723407,0.913
9606.ENSP00000384371,BCL6,BCL6B,0.91
9606.ENSP00000384371,BCL6,MTA3,0.908
9606.ENSP00000384371,BCL6,BCL2,0.906
9606.ENSP00000384371,BCL6,STAT3,0.903
9606.ENSP00000384484,ADCY3,GNAL,0.977
9606.ENSP00000384484,ADCY3,PRKACA,0.968
9606.ENSP00000384484,ADCY3,RGS2,0.963
9606.ENSP00000384484,ADCY3,GNAS,0.948
9606.ENSP00000384484,ADCY3,PRKACB,0.947
9606.ENSP00000384484,ADCY3,PRKACG,0.946
9606.ENSP00000384484,ADCY3,CALM3,0.945
9606.ENSP00000384484,ADCY3,CALML4,0.944
9606.ENSP00000384484,ADCY3,CALML3,0.943
9606.ENSP00000384484,ADCY3,CALML5,0.942
9606.ENSP00000384484,ADCY3,CNGA2,0.941
9606.ENSP00000384484,ADCY3,CALML6,0.94
9606.ENSP00000384484,ADCY3,GNG13,0.937
9606.ENSP00000384484,ADCY3,GNB1,0.935
9606.ENSP00000384484,ADCY3,RAPGEF4,0.933
9606.ENSP00000384484,ADCY3,ADCY9,0.933
9606.ENSP00000384484,ADCY3,RAPGEF3,0.931
9606.ENSP00000384484,ADCY3,CAMK2A,0.929
9606.ENSP00000384484,ADCY3,CAMK2B,0.922
9606.ENSP00000384484,ADCY3,ADCY6,0.919
9606.ENSP00000384484,ADCY3,SLC12A2,0.914
9606.ENSP00000384484,ADCY3,ADCY8,0.914
9606.ENSP00000384484,ADCY3,KCNQ1,0.913
9606.ENSP00000384484,ADCY3,ADCY1,0.91
9606.ENSP00000384484,ADCY3,CNR1,0.906
9606.ENSP00000384484,ADCY3,NTPCR,0.906
9606.ENSP00000384484,ADCY3,PRKCD,0.905
9606.ENSP00000384484,ADCY3,NUDT2,0.903
9606.ENSP00000384484,ADCY3,ITPA,0.903
9606.ENSP00000384484,ADCY3,GNG7,0.902
9606.ENSP00000384484,ADCY3,ENTPD2,0.902
9606.ENSP00000384490,CBX6,RING1,0.997
9606.ENSP00000384490,CBX6,RNF2,0.995
9606.ENSP00000384490,CBX6,BMI1,0.995
9606.ENSP00000384490,CBX6,CBX8,0.994
9606.ENSP00000384490,CBX6,PHC2,0.993
9606.ENSP00000384490,CBX6,PHC3,0.993
9606.ENSP00000384490,CBX6,PCGF2,0.992
9606.ENSP00000384490,CBX6,PCGF1,0.989
9606.ENSP00000384490,CBX6,CBX4,0.989
9606.ENSP00000384490,CBX6,PHC1,0.989
9606.ENSP00000384490,CBX6,H3-4,0.983
9606.ENSP00000384490,CBX6,H3C12,0.983
9606.ENSP00000384490,CBX6,H3-3B,0.982
9606.ENSP00000384490,CBX6,H3C13,0.982
9606.ENSP00000384490,CBX6,PCGF3,0.982
9606.ENSP00000384490,CBX6,PCGF5,0.979
9606.ENSP00000384490,CBX6,CBX2,0.977
9606.ENSP00000384490,CBX6,PCGF6,0.975
9606.ENSP00000384490,CBX6,CBX7,0.969
9606.ENSP00000384490,CBX6,SCML2,0.969
9606.ENSP00000384490,CBX6,H3-2,0.959
9606.ENSP00000384490,CBX6,H3-5,0.958
9606.ENSP00000384490,CBX6,EZH2,0.948
9606.ENSP00000384490,CBX6,EZH1,0.945
9606.ENSP00000384490,CBX6,EED,0.942
9606.ENSP00000384490,CBX6,SUZ12,0.94
9606.ENSP00000384490,CBX6,H3C14,0.934
9606.ENSP00000384490,CBX6,RBBP7,0.931
9606.ENSP00000384490,CBX6,AEBP2,0.929
9606.ENSP00000384490,CBX6,H3C1,0.927
9606.ENSP00000384490,CBX6,RBBP4,0.926
9606.ENSP00000384490,CBX6,HDAC2,0.923
9606.ENSP00000384490,CBX6,H3C6,0.909
9606.ENSP00000384490,CBX6,H3-3A,0.909
9606.ENSP00000384490,CBX6,H3C3,0.909
9606.ENSP00000384490,CBX6,H3C4,0.909
9606.ENSP00000384490,CBX6,H3C2,0.909
9606.ENSP00000384490,CBX6,H3C10,0.909
9606.ENSP00000384490,CBX6,H3C7,0.909
9606.ENSP00000384490,CBX6,H3C11,0.909
9606.ENSP00000384490,CBX6,H3C15,0.909
9606.ENSP00000384490,CBX6,H3C8,0.909
9606.ENSP00000384490,CBX6,ASXL1,0.908
9606.ENSP00000384490,CBX6,BAP1,0.902
9606.ENSP00000384490,CBX6,UBAP2L,0.9
9606.ENSP00000384517,ARNTL,CRY1,0.999
9606.ENSP00000384517,ARNTL,NPAS2,0.999
9606.ENSP00000384517,ARNTL,CLOCK,0.999
9606.ENSP00000384517,ARNTL,CRY2,0.999
9606.ENSP00000384517,ARNTL,PER2,0.997
9606.ENSP00000384517,ARNTL,SIRT1,0.997
9606.ENSP00000384517,ARNTL,CSNK1E,0.997
9606.ENSP00000384517,ARNTL,NPAS4,0.99
9606.ENSP00000384517,ARNTL,BHLHE41,0.989
9606.ENSP00000384517,ARNTL,NR1D1,0.989
9606.ENSP00000384517,ARNTL,EP300,0.986
9606.ENSP00000384517,ARNTL,PER1,0.985
9606.ENSP00000384517,ARNTL,BHLHE40,0.985
9606.ENSP00000384517,ARNTL,CREBBP,0.983
9606.ENSP00000384517,ARNTL,KDM5A,0.982
9606.ENSP00000384517,ARNTL,PER3,0.98
9606.ENSP00000384517,ARNTL,CSNK1D,0.975
9606.ENSP00000384517,ARNTL,HIF1A,0.963
9606.ENSP00000384517,ARNTL,RORA,0.962
9606.ENSP00000384517,ARNTL,NR1D2,0.959
9606.ENSP00000384517,ARNTL,NFIL3,0.951
9606.ENSP00000384517,ARNTL,ARNTL2,0.94
9606.ENSP00000384517,ARNTL,RORB,0.93
9606.ENSP00000384517,ARNTL,EPAS1,0.922
9606.ENSP00000384517,ARNTL,FBXL3,0.921
9606.ENSP00000384517,ARNTL,RORC,0.912
9606.ENSP00000384517,ARNTL,EZH2,0.91
9606.ENSP00000384517,ARNTL,TIMELESS,0.906
9606.ENSP00000384517,ARNTL,PASD1,0.903
9606.ENSP00000384517,ARNTL,NAMPT,0.901
9606.ENSP00000384570,CARD10,BCL10,0.999
9606.ENSP00000384570,CARD10,MALT1,0.999
9606.ENSP00000384570,CARD10,CARD14,0.957
9606.ENSP00000384570,CARD10,PRKCQ,0.949
9606.ENSP00000384570,CARD10,CARD11,0.949
9606.ENSP00000384570,CARD10,PRKCB,0.921
9606.ENSP00000384582,ADGRV1,WHRN,0.999
9606.ENSP00000384582,ADGRV1,PDZD7,0.997
9606.ENSP00000384582,ADGRV1,USH2A,0.996
9606.ENSP00000384582,ADGRV1,USH1C,0.99
9606.ENSP00000384582,ADGRV1,CDH23,0.97
9606.ENSP00000384582,ADGRV1,USH1G,0.964
9606.ENSP00000384582,ADGRV1,MYO7A,0.944
9606.ENSP00000384582,ADGRV1,PCDH15,0.929
9606.ENSP00000386834,AFF3,MLLT3,0.964
9606.ENSP00000386834,AFF3,MLLT1,0.959
9606.ENSP00000386834,AFF3,CDK9,0.947
9606.ENSP00000386834,AFF3,EAF1,0.9
9606.ENSP00000387356,ACAN,FN1,0.994
9606.ENSP00000387356,ACAN,PTPRZ1,0.99
9606.ENSP00000387356,ACAN,BCAN,0.989
9606.ENSP00000387356,ACAN,VCAN,0.988
9606.ENSP00000387356,ACAN,HAPLN1,0.981
9606.ENSP00000387356,ACAN,ADAMTS4,0.981
9606.ENSP00000387356,ACAN,COMP,0.98
9606.ENSP00000387356,ACAN,ADAMTS5,0.972
9606.ENSP00000387356,ACAN,NCAN,0.97
9606.ENSP00000387356,ACAN,DCN,0.962
9606.ENSP00000387356,ACAN,ADAMTS3,0.961
9606.ENSP00000387356,ACAN,FBLN1,0.954
9606.ENSP00000387356,ACAN,FMOD,0.953
9606.ENSP00000387356,ACAN,TNR,0.947
9606.ENSP00000387356,ACAN,MMP13,0.944
9606.ENSP00000387356,ACAN,FBLN2,0.931
9606.ENSP00000387356,ACAN,BGN,0.928
9606.ENSP00000387356,ACAN,LUM,0.92
9606.ENSP00000387356,ACAN,ELN,0.917
9606.ENSP00000387356,ACAN,MMP3,0.902
9606.ENSP00000387356,ACAN,PRG4,0.9
9606.ENSP00000387739,AMOTL1,NF2,0.991
9606.ENSP00000387739,AMOTL1,AKT1,0.986
9606.ENSP00000387739,AMOTL1,AMOT,0.986
9606.ENSP00000387739,AMOTL1,MPDZ,0.977
9606.ENSP00000387739,AMOTL1,PATJ,0.973
9606.ENSP00000387739,AMOTL1,MYC,0.972
9606.ENSP00000387739,AMOTL1,STAT3,0.965
9606.ENSP00000387739,AMOTL1,YAP1,0.963
9606.ENSP00000387739,AMOTL1,ARHGAP17,0.938
9606.ENSP00000387739,AMOTL1,AMOTL2,0.917
9606.ENSP00000387739,AMOTL1,PRKCZ,0.912
9606.ENSP00000387739,AMOTL1,PRKCI,0.907
9606.ENSP00000387822,BRDT,H4C7,0.989
9606.ENSP00000387822,BRDT,H4C6,0.988
9606.ENSP00000387822,BRDT,BRD2,0.946
9606.ENSP00000387822,BRDT,DEFB1,0.93
9606.ENSP00000387822,BRDT,BRD4,0.926
9606.ENSP00000387822,BRDT,BRD3,0.915
9606.ENSP00000387822,BRDT,CDK9,0.913
9606.ENSP00000387822,BRDT,CCNT1,0.909
9606.ENSP00000389009,CARNS1,CNDP1,0.979
9606.ENSP00000389009,CARNS1,CARNMT1,0.976
9606.ENSP00000389009,CARNS1,CNDP2,0.963
9606.ENSP00000389009,CARNS1,ABAT,0.927
9606.ENSP00000389009,CARNS1,GADL1,0.925
9606.ENSP00000389009,CARNS1,HDC,0.921
9606.ENSP00000389009,CARNS1,ALDH3B2,0.918
9606.ENSP00000389009,CARNS1,ALDH9A1,0.914
9606.ENSP00000389009,CARNS1,GAD2,0.912
9606.ENSP00000389009,CARNS1,UPB1,0.911
9606.ENSP00000389009,CARNS1,GAD1,0.91
9606.ENSP00000389009,CARNS1,HAL,0.906
9606.ENSP00000389009,CARNS1,ALDH2,0.906
9606.ENSP00000389009,CARNS1,ALDH3B1,0.906
9606.ENSP00000389009,CARNS1,ALDH3A2,0.904
9606.ENSP00000389009,CARNS1,ALDH1B1,0.904
9606.ENSP00000389009,CARNS1,ALDH7A1,0.904
9606.ENSP00000389009,CARNS1,ALDH3A1,0.904
9606.ENSP00000389009,CARNS1,GATM,0.903
9606.ENSP00000389631,ARPC1B,ACTR3,0.999
9606.ENSP00000389631,ARPC1B,ARPC3,0.999
9606.ENSP00000389631,ARPC1B,ARPC2,0.999
9606.ENSP00000389631,ARPC1B,ACTR2,0.999
9606.ENSP00000389631,ARPC1B,ARPC5,0.999
9606.ENSP00000389631,ARPC1B,WASL,0.999
9606.ENSP00000389631,ARPC1B,ARPC4,0.999
9606.ENSP00000389631,ARPC1B,ARPC5L,0.999
9606.ENSP00000389631,ARPC1B,WAS,0.995
9606.ENSP00000389631,ARPC1B,ARPC1A,0.985
9606.ENSP00000389631,ARPC1B,ACTR3B,0.964
9606.ENSP00000389631,ARPC1B,ACTG1,0.962
9606.ENSP00000389631,ARPC1B,ACTB,0.958
9606.ENSP00000389631,ARPC1B,HCLS1,0.949
9606.ENSP00000389631,ARPC1B,ACTA1,0.939
9606.ENSP00000389631,ARPC1B,WASF2,0.937
9606.ENSP00000389631,ARPC1B,WASF1,0.934
9606.ENSP00000389631,ARPC1B,BRK1,0.928
9606.ENSP00000389631,ARPC1B,GMFG,0.927
9606.ENSP00000389631,ARPC1B,NCKIPSD,0.91
9606.ENSP00000389814,ADIPOQ,ADIPOR2,0.999
9606.ENSP00000389814,ADIPOQ,ADIPOR1,0.999
9606.ENSP00000389814,ADIPOQ,CDH13,0.996
9606.ENSP00000389814,ADIPOQ,LEP,0.994
9606.ENSP00000389814,ADIPOQ,CFD,0.988
9606.ENSP00000389814,ADIPOQ,RETN,0.967
9606.ENSP00000389814,ADIPOQ,PPARG,0.965
9606.ENSP00000389814,ADIPOQ,INS,0.961
9606.ENSP00000389814,ADIPOQ,PLIN1,0.947
9606.ENSP00000389814,ADIPOQ,PPARGC1A,0.944
9606.ENSP00000389814,ADIPOQ,CEBPA,0.942
9606.ENSP00000389814,ADIPOQ,FABP4,0.942
9606.ENSP00000389814,ADIPOQ,RETNLB,0.933
9606.ENSP00000389814,ADIPOQ,PPARA,0.914
9606.ENSP00000389814,ADIPOQ,CEBPB,0.904
9606.ENSP00000393511,ABLIM2,ABRA,0.956
9606.ENSP00000393596,BIRC6,DIABLO,0.976
9606.ENSP00000393596,BIRC6,RNF41,0.967
9606.ENSP00000393596,BIRC6,CASP9,0.931
9606.ENSP00000393596,BIRC6,BIRC7,0.922
9606.ENSP00000393596,BIRC6,HTRA2,0.919
9606.ENSP00000393596,BIRC6,USP8,0.903
9606.ENSP00000395294,CD70,CD27,0.999
9606.ENSP00000395294,CD70,TNFRSF4,0.994
9606.ENSP00000395294,CD70,TNFRSF9,0.986
9606.ENSP00000395294,CD70,CD28,0.979
9606.ENSP00000395294,CD70,CD40LG,0.964
9606.ENSP00000395294,CD70,TNFSF9,0.933
9606.ENSP00000395294,CD70,ICOS,0.903
9606.ENSP00000397172,BLCAP,NNAT,0.968
9606.ENSP00000397925,ATP2C2,CMIP,0.942
9606.ENSP00000401191,BUD23,TRMT112,0.999
9606.ENSP00000401191,BUD23,LTV1,0.989
9606.ENSP00000401191,BUD23,RPS2,0.987
9606.ENSP00000401191,BUD23,BYSL,0.985
9606.ENSP00000401191,BUD23,DIMT1,0.985
9606.ENSP00000401191,BUD23,TSR1,0.984
9606.ENSP00000401191,BUD23,NOB1,0.976
9606.ENSP00000401191,BUD23,RPS13,0.971
9606.ENSP00000401191,BUD23,PNO1,0.964
9606.ENSP00000401191,BUD23,RPS23,0.964
9606.ENSP00000401191,BUD23,UTP14A,0.959
9606.ENSP00000401191,BUD23,RPS15,0.959
9606.ENSP00000401191,BUD23,RRP12,0.95
9606.ENSP00000401191,BUD23,RPS5,0.942
9606.ENSP00000401191,BUD23,RPS6,0.942
9606.ENSP00000401191,BUD23,RPS3A,0.939
9606.ENSP00000401191,BUD23,RPS8,0.938
9606.ENSP00000401191,BUD23,RPS7,0.937
9606.ENSP00000401191,BUD23,RPS14,0.937
9606.ENSP00000401191,BUD23,RPS9,0.937
9606.ENSP00000401191,BUD23,RPS24,0.932
9606.ENSP00000401191,BUD23,RPS11,0.929
9606.ENSP00000401191,BUD23,RPS27,0.927
9606.ENSP00000401191,BUD23,RPS15A,0.923
9606.ENSP00000401191,BUD23,RPS4X,0.912
9606.ENSP00000401191,BUD23,FAU,0.912
9606.ENSP00000401191,BUD23,RPS19,0.911
9606.ENSP00000401770,ATP5MPL,ATP5MD,0.999
9606.ENSP00000401770,ATP5MPL,ATP5PD,0.998
9606.ENSP00000401770,ATP5MPL,MT-ATP8,0.997
9606.ENSP00000401770,ATP5MPL,ATP5ME,0.997
9606.ENSP00000401770,ATP5MPL,MT-ATP6,0.997
9606.ENSP00000401770,ATP5MPL,ATP5PB,0.997
9606.ENSP00000401770,ATP5MPL,ATP5MF,0.996
9606.ENSP00000401770,ATP5MPL,ATP5F1E,0.996
9606.ENSP00000401770,ATP5MPL,ATP5F1B,0.995
9606.ENSP00000401770,ATP5MPL,ATP5F1D,0.995
9606.ENSP00000401770,ATP5MPL,ATP5MC1,0.995
9606.ENSP00000401770,ATP5MPL,ATP5F1A,0.994
9606.ENSP00000401770,ATP5MPL,ATP5PF,0.991
9606.ENSP00000401770,ATP5MPL,ATP5PO,0.989
9606.ENSP00000401770,ATP5MPL,ATP5MG,0.989
9606.ENSP00000401770,ATP5MPL,ATP5F1C,0.982
9606.ENSP00000401770,ATP5MPL,H7C0C1_HUMAN,0.962
9606.ENSP00000401770,ATP5MPL,ATP5MGL,0.958
9606.ENSP00000401770,ATP5MPL,ATP5MC3,0.946
9606.ENSP00000401770,ATP5MPL,ATP5MC2,0.928
9606.ENSP00000403302,ANKRD36C,ANKRD36,0.999
9606.ENSP00000404503,BBC3,BCL2,0.999
9606.ENSP00000404503,BBC3,BCL2L1,0.999
9606.ENSP00000404503,BBC3,MCL1,0.998
9606.ENSP00000404503,BBC3,PMAIP1,0.987
9606.ENSP00000404503,BBC3,BCL2L2,0.979
9606.ENSP00000404503,BBC3,BCL2L11,0.971
9606.ENSP00000404503,BBC3,BID,0.961
9606.ENSP00000404503,BBC3,TP53,0.959
9606.ENSP00000404503,BBC3,BAX,0.951
9606.ENSP00000404503,BBC3,BAK1,0.923
9606.ENSP00000405004,ACVR1,BMP6,0.999
9606.ENSP00000405004,ACVR1,BMPR1A,0.999
9606.ENSP00000405004,ACVR1,BMP7,0.999
9606.ENSP00000405004,ACVR1,ACVR2A,0.999
9606.ENSP00000405004,ACVR1,BMPR2,0.999
9606.ENSP00000405004,ACVR1,FKBP1A,0.998
9606.ENSP00000405004,ACVR1,BMP4,0.998
9606.ENSP00000405004,ACVR1,BMPR1B,0.995
9606.ENSP00000405004,ACVR1,SMAD5,0.994
9606.ENSP00000405004,ACVR1,ACVR2B,0.993
9606.ENSP00000405004,ACVR1,BMP2,0.992
9606.ENSP00000405004,ACVR1,SMAD9,0.99
9606.ENSP00000405004,ACVR1,GDF2,0.99
9606.ENSP00000405004,ACVR1,ACVR1B,0.979
9606.ENSP00000405004,ACVR1,SMAD1,0.978
9606.ENSP00000405004,ACVR1,BMP5,0.977
9606.ENSP00000405004,ACVR1,BAMBI,0.972
9606.ENSP00000405004,ACVR1,SMAD2,0.97
9606.ENSP00000405004,ACVR1,ACVRL1,0.966
9606.ENSP00000405004,ACVR1,FKBP1B,0.966
9606.ENSP00000405004,ACVR1,CUL1,0.964
9606.ENSP00000405004,ACVR1,AMH,0.964
9606.ENSP00000405004,ACVR1,BMP8A,0.962
9606.ENSP00000405004,ACVR1,SMAD3,0.961
9606.ENSP00000405004,ACVR1,TGFBR1,0.96
9606.ENSP00000405004,ACVR1,HJV,0.958
9606.ENSP00000405004,ACVR1,INHBB,0.95
9606.ENSP00000405004,ACVR1,RGMB,0.944
9606.ENSP00000405004,ACVR1,BMP8B,0.943
9606.ENSP00000405004,ACVR1,AMHR2,0.942
9606.ENSP00000405004,ACVR1,NEO1,0.93
9606.ENSP00000405004,ACVR1,RGMA,0.924
9606.ENSP00000405004,ACVR1,ACVR1C,0.908
9606.ENSP00000405899,AQP12A,MIP,0.947
9606.ENSP00000405899,AQP12A,AQP10,0.943
9606.ENSP00000405899,AQP12A,AQP8,0.942
9606.ENSP00000405899,AQP12A,AQP7,0.925
9606.ENSP00000405899,AQP12A,AQP5,0.903
9606.ENSP00000406367,ADGRA2,LRP5,0.908
9606.ENSP00000409896,CCNB1IP1,RNF212,0.905
9606.ENSP00000415151,CBFB,RUNX3,0.999
9606.ENSP00000415151,CBFB,ELOC,0.999
9606.ENSP00000415151,CBFB,ELOB,0.999
9606.ENSP00000415151,CBFB,RUNX1,0.999
9606.ENSP00000415151,CBFB,CUL5,0.999
9606.ENSP00000415151,CBFB,RUNX2,0.999
9606.ENSP00000415151,CBFB,RNF7,0.993
9606.ENSP00000415151,CBFB,MYH11,0.978
9606.ENSP00000415151,CBFB,APOBEC3F,0.967
9606.ENSP00000415151,CBFB,APOBEC3G,0.957
9606.ENSP00000415151,CBFB,TCF3,0.932
9606.ENSP00000415151,CBFB,LYL1,0.921
9606.ENSP00000415151,CBFB,FOXP3,0.918
9606.ENSP00000415743,CD36,THBS1,0.999
9606.ENSP00000415743,CD36,TLR4,0.998
9606.ENSP00000415743,CD36,TLR2,0.998
9606.ENSP00000415743,CD36,TLR6,0.997
9606.ENSP00000415743,CD36,THBS2,0.995
9606.ENSP00000415743,CD36,CD47,0.994
9606.ENSP00000415743,CD36,GP2,0.994
9606.ENSP00000415743,CD36,GP5,0.991
9606.ENSP00000415743,CD36,LYN,0.987
9606.ENSP00000415743,CD36,FYN,0.983
9606.ENSP00000415743,CD36,CD163,0.981
9606.ENSP00000415743,CD36,APOB,0.98
9606.ENSP00000415743,CD36,FABP4,0.969
9606.ENSP00000415743,CD36,TLR1,0.968
9606.ENSP00000415743,CD36,THBS4,0.96
9606.ENSP00000415743,CD36,CAV1,0.956
9606.ENSP00000415743,CD36,COMP,0.953
9606.ENSP00000415743,CD36,ITGA2B,0.952
9606.ENSP00000415743,CD36,PPARA,0.952
9606.ENSP00000415743,CD36,PPARG,0.942
9606.ENSP00000415743,CD36,FABP1,0.938
9606.ENSP00000415743,CD36,FCGR3A,0.928
9606.ENSP00000415743,CD36,THBS3,0.928
9606.ENSP00000415743,CD36,FCGR3B,0.923
9606.ENSP00000415743,CD36,APOA1,0.917
9606.ENSP00000415743,CD36,CD9,0.902
9606.ENSP00000417132,BAP1,ASXL2,0.999
9606.ENSP00000417132,BAP1,ASXL1,0.999
9606.ENSP00000417132,BAP1,HCFC1,0.998
9606.ENSP00000417132,BAP1,BRCA1,0.995
9606.ENSP00000417132,BAP1,BARD1,0.994
9606.ENSP00000417132,BAP1,FOXK1,0.982
9606.ENSP00000417132,BAP1,OGT,0.978
9606.ENSP00000417132,BAP1,RBBP7,0.969
9606.ENSP00000417132,BAP1,KDM1B,0.96
9606.ENSP00000417132,BAP1,FOXK2,0.941
9606.ENSP00000417132,BAP1,EZH2,0.937
9606.ENSP00000417132,BAP1,RBBP4,0.93
9606.ENSP00000417132,BAP1,TNPO1,0.928
9606.ENSP00000417132,BAP1,RNF2,0.923
9606.ENSP00000417132,BAP1,ASXL3,0.917
9606.ENSP00000417132,BAP1,RING1,0.915
9606.ENSP00000417132,BAP1,BMI1,0.915
9606.ENSP00000417132,BAP1,CBX4,0.914
9606.ENSP00000417132,BAP1,SUZ12,0.913
9606.ENSP00000417132,BAP1,HDAC2,0.913
9606.ENSP00000417132,BAP1,PCGF1,0.911
9606.ENSP00000417132,BAP1,PCGF6,0.911
9606.ENSP00000417132,BAP1,PCGF2,0.909
9606.ENSP00000417132,BAP1,PCGF3,0.909
9606.ENSP00000417132,BAP1,EZH1,0.907
9606.ENSP00000417132,BAP1,PCGF5,0.906
9606.ENSP00000417132,BAP1,EED,0.905
9606.ENSP00000417132,BAP1,PHC2,0.905
9606.ENSP00000417132,BAP1,PHC1,0.905
9606.ENSP00000417132,BAP1,CBX7,0.904
9606.ENSP00000417132,BAP1,CBX2,0.903
9606.ENSP00000417132,BAP1,CBX8,0.903
9606.ENSP00000417132,BAP1,CBX6,0.902
9606.ENSP00000417132,BAP1,UBAP2L,0.902
9606.ENSP00000417132,BAP1,SCML2,0.9
9606.ENSP00000417132,BAP1,PHC3,0.9
9606.ENSP00000417132,BAP1,AEBP2,0.9
9606.ENSP00000418960,BRCA1,MDC1,0.999
9606.ENSP00000418960,BRCA1,PALB2,0.999
9606.ENSP00000418960,BRCA1,BRCA2,0.999
9606.ENSP00000418960,BRCA1,RAD50,0.999
9606.ENSP00000418960,BRCA1,BARD1,0.999
9606.ENSP00000418960,BRCA1,TP53,0.999
9606.ENSP00000418960,BRCA1,MRE11,0.999
9606.ENSP00000418960,BRCA1,ABRAXAS1,0.999
9606.ENSP00000418960,BRCA1,FANCD2,0.999
9606.ENSP00000418960,BRCA1,H2AX,0.999
9606.ENSP00000418960,BRCA1,BABAM1,0.999
9606.ENSP00000418960,BRCA1,BABAM2,0.999
9606.ENSP00000418960,BRCA1,ESR1,0.999
9606.ENSP00000418960,BRCA1,BRIP1,0.999
9606.ENSP00000418960,BRCA1,BRCC3,0.999
9606.ENSP00000418960,BRCA1,ATM,0.999
9606.ENSP00000418960,BRCA1,CHEK2,0.999
9606.ENSP00000418960,BRCA1,MYC,0.999
9606.ENSP00000418960,BRCA1,UIMC1,0.999
9606.ENSP00000418960,BRCA1,TP53BP1,0.999
9606.ENSP00000418960,BRCA1,TOPBP1,0.999
9606.ENSP00000418960,BRCA1,RAD51,0.999
9606.ENSP00000418960,BRCA1,RBBP8,0.999
9606.ENSP00000418960,BRCA1,ZNF350,0.998
9606.ENSP00000418960,BRCA1,UBE2D3,0.997
9606.ENSP00000418960,BRCA1,BRAP,0.997
9606.ENSP00000418960,BRCA1,MSH6,0.996
9606.ENSP00000418960,BRCA1,CHEK1,0.996
9606.ENSP00000418960,BRCA1,ATR,0.996
9606.ENSP00000418960,BRCA1,BAP1,0.995
9606.ENSP00000418960,BRCA1,FANCA,0.995
9606.ENSP00000418960,BRCA1,ACACA,0.995
9606.ENSP00000418960,BRCA1,MSH2,0.994
9606.ENSP00000418960,BRCA1,MLH1,0.994
9606.ENSP00000418960,BRCA1,FANCI,0.993
9606.ENSP00000418960,BRCA1,NBN,0.993
9606.ENSP00000418960,BRCA1,AKT1,0.993
9606.ENSP00000418960,BRCA1,SETX,0.99
9606.ENSP00000418960,BRCA1,RAD52,0.987
9606.ENSP00000418960,BRCA1,EP300,0.986
9606.ENSP00000418960,BRCA1,CDK2,0.984
9606.ENSP00000418960,BRCA1,SMARCA4,0.983
9606.ENSP00000418960,BRCA1,DHX9,0.983
9606.ENSP00000418960,BRCA1,WRN,0.983
9606.ENSP00000418960,BRCA1,RNF168,0.982
9606.ENSP00000418960,BRCA1,EXO1,0.981
9606.ENSP00000418960,BRCA1,RAD51C,0.98
9606.ENSP00000418960,BRCA1,CSTF1,0.974
9606.ENSP00000418960,BRCA1,BLM,0.974
9606.ENSP00000418960,BRCA1,PARP1,0.974
9606.ENSP00000418960,BRCA1,UBE2D1,0.973
9606.ENSP00000418960,BRCA1,XRCC5,0.972
9606.ENSP00000418960,BRCA1,CDK4,0.972
9606.ENSP00000418960,BRCA1,ATRIP,0.972
9606.ENSP00000418960,BRCA1,RNF8,0.97
9606.ENSP00000418960,BRCA1,BMI1,0.97
9606.ENSP00000418960,BRCA1,CREBBP,0.968
9606.ENSP00000418960,BRCA1,HMMR,0.964
9606.ENSP00000418960,BRCA1,PGR,0.963
9606.ENSP00000418960,BRCA1,UBE2S,0.963
9606.ENSP00000418960,BRCA1,PLK1,0.96
9606.ENSP00000418960,BRCA1,RPA1,0.96
9606.ENSP00000418960,BRCA1,HDAC1,0.958
9606.ENSP00000418960,BRCA1,STAT1,0.958
9606.ENSP00000418960,BRCA1,CCNA2,0.956
9606.ENSP00000418960,BRCA1,ABL1,0.956
9606.ENSP00000418960,BRCA1,H2AC20,0.955
9606.ENSP00000418960,BRCA1,PRKDC,0.955
9606.ENSP00000418960,BRCA1,UBE2N,0.955
9606.ENSP00000418960,BRCA1,XRCC2,0.954
9606.ENSP00000418960,BRCA1,POLR2A,0.954
9606.ENSP00000418960,BRCA1,XRCC6,0.953
9606.ENSP00000418960,BRCA1,RAD51D,0.953
9606.ENSP00000418960,BRCA1,XRCC3,0.953
9606.ENSP00000418960,BRCA1,IFI16,0.953
9606.ENSP00000418960,BRCA1,HDAC2,0.953
9606.ENSP00000418960,BRCA1,UBE2C,0.951
9606.ENSP00000418960,BRCA1,PMS2,0.95
9606.ENSP00000418960,BRCA1,DROSHA,0.944
9606.ENSP00000418960,BRCA1,PIAS1,0.943
9606.ENSP00000418960,BRCA1,AURKA,0.942
9606.ENSP00000418960,BRCA1,BRAT1,0.941
9606.ENSP00000418960,BRCA1,CBX2,0.94
9606.ENSP00000418960,BRCA1,RFC2,0.94
9606.ENSP00000418960,BRCA1,RFC4,0.94
9606.ENSP00000418960,BRCA1,FANCG,0.939
9606.ENSP00000418960,BRCA1,H2BC21,0.938
9606.ENSP00000418960,BRCA1,AKT2,0.938
9606.ENSP00000418960,BRCA1,POLD1,0.937
9606.ENSP00000418960,BRCA1,TERF2,0.935
9606.ENSP00000418960,BRCA1,AKT3,0.934
9606.ENSP00000418960,BRCA1,RBBP7,0.93
9606.ENSP00000418960,BRCA1,ERCC1,0.93
9606.ENSP00000418960,BRCA1,SMC1A,0.93
9606.ENSP00000418960,BRCA1,CDC25A,0.929
9606.ENSP00000418960,BRCA1,TUBG1,0.928
9606.ENSP00000418960,BRCA1,CDC16,0.927
9606.ENSP00000418960,BRCA1,EZH2,0.926
9606.ENSP00000418960,BRCA1,FANCC,0.926
9606.ENSP00000418960,BRCA1,H2AC8,0.925
9606.ENSP00000418960,BRCA1,RNF2,0.923
9606.ENSP00000418960,BRCA1,CDC27,0.923
9606.ENSP00000418960,BRCA1,TPX2,0.922
9606.ENSP00000418960,BRCA1,RAD51B,0.922
9606.ENSP00000418960,BRCA1,CCND1,0.922
9606.ENSP00000418960,BRCA1,CENPJ,0.92
9606.ENSP00000418960,BRCA1,FANCE,0.92
9606.ENSP00000418960,BRCA1,TUBGCP5,0.919
9606.ENSP00000418960,BRCA1,POU2F1,0.919
9606.ENSP00000418960,BRCA1,POLE,0.919
9606.ENSP00000418960,BRCA1,ERBB2,0.918
9606.ENSP00000418960,BRCA1,FLNA,0.917
9606.ENSP00000418960,BRCA1,RING1,0.917
9606.ENSP00000418960,BRCA1,ANAPC1,0.917
9606.ENSP00000418960,BRCA1,CCNB1,0.916
9606.ENSP00000418960,BRCA1,PCGF2,0.916
9606.ENSP00000418960,BRCA1,FANCM,0.916
9606.ENSP00000418960,BRCA1,RMI1,0.915
9606.ENSP00000418960,BRCA1,CBX4,0.915
9606.ENSP00000418960,BRCA1,ERCC4,0.914
9606.ENSP00000418960,BRCA1,ANAPC11,0.913
9606.ENSP00000418960,BRCA1,CUL7,0.913
9606.ENSP00000418960,BRCA1,SUMO2,0.912
9606.ENSP00000418960,BRCA1,ANAPC2,0.912
9606.ENSP00000418960,BRCA1,CDC23,0.911
9606.ENSP00000418960,BRCA1,ANAPC5,0.911
9606.ENSP00000418960,BRCA1,MUS81,0.911
9606.ENSP00000418960,BRCA1,TERF1,0.911
9606.ENSP00000418960,BRCA1,ERCC5,0.911
9606.ENSP00000418960,BRCA1,PHC3,0.911
9606.ENSP00000418960,BRCA1,MSH3,0.91
9606.ENSP00000418960,BRCA1,ANAPC4,0.91
9606.ENSP00000418960,BRCA1,BLOC1S2,0.909
9606.ENSP00000418960,BRCA1,ANAPC10,0.909
9606.ENSP00000418960,BRCA1,TUBGCP4,0.908
9606.ENSP00000418960,BRCA1,AR,0.908
9606.ENSP00000418960,BRCA1,CBX8,0.908
9606.ENSP00000418960,BRCA1,UBE2K,0.908
9606.ENSP00000418960,BRCA1,PCGF6,0.907
9606.ENSP00000418960,BRCA1,CDC26,0.906
9606.ENSP00000418960,BRCA1,ANAPC7,0.906
9606.ENSP00000418960,BRCA1,BUB1B,0.905
9606.ENSP00000418960,BRCA1,SLX4,0.905
9606.ENSP00000418960,BRCA1,ANAPC13,0.905
9606.ENSP00000418960,BRCA1,PHC1,0.905
9606.ENSP00000418960,BRCA1,BCOR,0.904
9606.ENSP00000418960,BRCA1,MZT1,0.904
9606.ENSP00000418960,BRCA1,UBE2I,0.904
9606.ENSP00000418960,BRCA1,RAD51D-2,0.904
9606.ENSP00000418960,BRCA1,MARK4,0.903
9606.ENSP00000418960,BRCA1,TUBGCP6,0.902
9606.ENSP00000418960,BRCA1,NELFB,0.902
9606.ENSP00000418960,BRCA1,PHC2,0.901
9606.ENSP00000418960,BRCA1,ANAPC16,0.9
9606.ENSP00000418960,BRCA1,MZT2B,0.9
9606.ENSP00000418960,BRCA1,ANAPC15,0.9
9606.ENSP00000419060,BRAF,YWHAZ,0.999
9606.ENSP00000419060,BRAF,HRAS,0.999
9606.ENSP00000419060,BRAF,RAF1,0.999
9606.ENSP00000419060,BRAF,KRAS,0.999
9606.ENSP00000419060,BRAF,NRAS,0.999
9606.ENSP00000419060,BRAF,MAP2K1,0.999
9606.ENSP00000419060,BRAF,HSP90AB1,0.998
9606.ENSP00000419060,BRAF,MAP2K2,0.998
9606.ENSP00000419060,BRAF,ARAF,0.998
9606.ENSP00000419060,BRAF,YWHAQ,0.997
9606.ENSP00000419060,BRAF,YWHAE,0.994
9606.ENSP00000419060,BRAF,YWHAB,0.994
9606.ENSP00000419060,BRAF,YWHAG,0.993
9606.ENSP00000419060,BRAF,YWHAH,0.993
9606.ENSP00000419060,BRAF,CDC37,0.991
9606.ENSP00000419060,BRAF,RAP1A,0.989
9606.ENSP00000419060,BRAF,HSP90AA1,0.984
9606.ENSP00000419060,BRAF,IQGAP1,0.983
9606.ENSP00000419060,BRAF,PPP5C,0.979
9606.ENSP00000419060,BRAF,SPRY2,0.97
9606.ENSP00000419060,BRAF,MRAS,0.965
9606.ENSP00000419060,BRAF,RAP1B,0.96
9606.ENSP00000419060,BRAF,MAPK3,0.96
9606.ENSP00000419060,BRAF,ARRB2,0.959
9606.ENSP00000419060,BRAF,RRAS,0.956
9606.ENSP00000419060,BRAF,KIAA1549,0.954
9606.ENSP00000419060,BRAF,RRAS2,0.951
9606.ENSP00000419060,BRAF,MAPK1,0.949
9606.ENSP00000419060,BRAF,PIK3CA,0.947
9606.ENSP00000419060,BRAF,PRKCG,0.943
9606.ENSP00000419060,BRAF,PTEN,0.943
9606.ENSP00000419060,BRAF,KSR1,0.939
9606.ENSP00000419060,BRAF,PRKCA,0.937
9606.ENSP00000419060,BRAF,RPS6KB2,0.927
9606.ENSP00000419060,BRAF,GSK3B,0.925
9606.ENSP00000419060,BRAF,PRKACB,0.922
9606.ENSP00000419060,BRAF,PRKACA,0.922
9606.ENSP00000419060,BRAF,PRKACG,0.922
9606.ENSP00000419060,BRAF,ARRB1,0.919
9606.ENSP00000419060,BRAF,PRKCE,0.91
9606.ENSP00000419060,BRAF,PRKCB,0.909
9606.ENSP00000419060,BRAF,NF1,0.903
9606.ENSP00000419060,BRAF,SOS1,0.9
9606.ENSP00000419101,CACNA2D3,CACNG1,0.941
9606.ENSP00000419101,CACNA2D3,CACNB2,0.939
9606.ENSP00000419101,CACNA2D3,CACNA1A,0.936
9606.ENSP00000419101,CACNA2D3,CACNB1,0.926
9606.ENSP00000419361,ADCY5,PRKACA,0.983
9606.ENSP00000419361,ADCY5,AKAP5,0.982
9606.ENSP00000419361,ADCY5,RAPGEF3,0.981
9606.ENSP00000419361,ADCY5,GNAS,0.981
9606.ENSP00000419361,ADCY5,GNAL,0.975
9606.ENSP00000419361,ADCY5,PRKACB,0.974
9606.ENSP00000419361,ADCY5,PRKACG,0.973
9606.ENSP00000419361,ADCY5,ADCY6,0.96
9606.ENSP00000419361,ADCY5,PDE4C-2,0.96
9606.ENSP00000419361,ADCY5,RAPGEF4,0.955
9606.ENSP00000419361,ADCY5,GNAI1,0.955
9606.ENSP00000419361,ADCY5,GNAI2,0.933
9606.ENSP00000419361,ADCY5,GNAI3,0.933
9606.ENSP00000419361,ADCY5,PKD2,0.932
9606.ENSP00000419361,ADCY5,DGKB,0.928
9606.ENSP00000419361,ADCY5,CNR1,0.922
9606.ENSP00000419361,ADCY5,PRKCD,0.913
9606.ENSP00000419361,ADCY5,MTNR1B,0.911
9606.ENSP00000419361,ADCY5,ENTPD2,0.911
9606.ENSP00000419361,ADCY5,NTPCR,0.908
9606.ENSP00000419361,ADCY5,NUDT2,0.903
9606.ENSP00000419361,ADCY5,ITPA,0.901
9606.ENSP00000419371,AZI2,TBK1,0.999
9606.ENSP00000419371,AZI2,TNF,0.994
9606.ENSP00000419371,AZI2,IKBKE,0.986
9606.ENSP00000419371,AZI2,TANK,0.978
9606.ENSP00000419371,AZI2,IKBKG,0.966
9606.ENSP00000419371,AZI2,TAX1BP1,0.965
9606.ENSP00000419371,AZI2,CALCOCO2,0.96
9606.ENSP00000419371,AZI2,TBKBP1,0.937
9606.ENSP00000420298,CD200,CD200R1,0.999
9606.ENSP00000420298,CD200,SIRPA,0.983
9606.ENSP00000420298,CD200,CX3CR1,0.974
9606.ENSP00000420298,CD200,PTPRC,0.937
9606.ENSP00000421592,ALYREF,THOC1,0.999
9606.ENSP00000421592,ALYREF,DDX39B,0.999
9606.ENSP00000421592,ALYREF,EIF4A3,0.999
9606.ENSP00000421592,ALYREF,THOC3,0.999
9606.ENSP00000421592,ALYREF,THOC2,0.999
9606.ENSP00000421592,ALYREF,SARNP,0.999
9606.ENSP00000421592,ALYREF,NXF1,0.999
9606.ENSP00000421592,ALYREF,UPF3A,0.998
9606.ENSP00000421592,ALYREF,NCBP1,0.998
9606.ENSP00000421592,ALYREF,UPF1,0.998
9606.ENSP00000421592,ALYREF,THOC5,0.998
9606.ENSP00000421592,ALYREF,THOC7,0.995
9606.ENSP00000421592,ALYREF,RNPS1,0.995
9606.ENSP00000421592,ALYREF,THOC6,0.994
9606.ENSP00000421592,ALYREF,DDX39A,0.994
9606.ENSP00000421592,ALYREF,SRRM1,0.993
9606.ENSP00000421592,ALYREF,MAGOH,0.992
9606.ENSP00000421592,ALYREF,CHTOP,0.992
9606.ENSP00000421592,ALYREF,SRRT,0.99
9606.ENSP00000421592,ALYREF,RBM8A,0.984
9606.ENSP00000421592,ALYREF,SRSF1,0.984
9606.ENSP00000421592,ALYREF,MAGOHB,0.981
9606.ENSP00000421592,ALYREF,UPF3B,0.981
9606.ENSP00000421592,ALYREF,SAP18,0.974
9606.ENSP00000421592,ALYREF,NCBP2,0.965
9606.ENSP00000421592,ALYREF,NXF3,0.965
9606.ENSP00000421592,ALYREF,NXF2B,0.964
9606.ENSP00000421592,ALYREF,U2AF2,0.959
9606.ENSP00000421592,ALYREF,SRSF7,0.958
9606.ENSP00000421592,ALYREF,HNRNPA1,0.957
9606.ENSP00000421592,ALYREF,NXF5,0.957
9606.ENSP00000421592,ALYREF,DHX9,0.953
9606.ENSP00000421592,ALYREF,PRPF19,0.952
9606.ENSP00000421592,ALYREF,SRSF3,0.95
9606.ENSP00000421592,ALYREF,MTREX,0.947
9606.ENSP00000421592,ALYREF,RBMX,0.946
9606.ENSP00000421592,ALYREF,RAE1,0.942
9606.ENSP00000421592,ALYREF,PCF11,0.939
9606.ENSP00000421592,ALYREF,FYTTD1,0.93
9606.ENSP00000421592,ALYREF,DDX5,0.929
9606.ENSP00000421592,ALYREF,POLDIP3,0.929
9606.ENSP00000421592,ALYREF,SRSF2,0.928
9606.ENSP00000421592,ALYREF,ACIN1,0.92
9606.ENSP00000421592,ALYREF,TOP1,0.918
9606.ENSP00000421592,ALYREF,SNRPF,0.915
9606.ENSP00000421592,ALYREF,HNRNPH1,0.914
9606.ENSP00000421592,ALYREF,NXT1,0.91
9606.ENSP00000421592,ALYREF,ZC3H13,0.909
9606.ENSP00000421592,ALYREF,RBM39,0.906
9606.ENSP00000422176,CAST,CAPN2,0.999
9606.ENSP00000422176,CAST,CAPN1,0.999
9606.ENSP00000422176,CAST,CAPNS1,0.995
9606.ENSP00000422176,CAST,CAPN8,0.955
9606.ENSP00000422176,CAST,CAPNS2,0.929
9606.ENSP00000422176,CAST,CAPN3,0.918
9606.ENSP00000422533,ADGRL3,FLRT3,0.999
9606.ENSP00000422533,ADGRL3,TENM2,0.999
9606.ENSP00000422533,ADGRL3,TENM1,0.988
9606.ENSP00000422533,ADGRL3,UNC5D,0.987
9606.ENSP00000422533,ADGRL3,TENM4,0.987
9606.ENSP00000422533,ADGRL3,TENM3,0.986
9606.ENSP00000422533,ADGRL3,UNC5C,0.974
9606.ENSP00000422533,ADGRL3,UNC5A,0.973
9606.ENSP00000422533,ADGRL3,SZRD1,0.969
9606.ENSP00000422533,ADGRL3,UNC5CL,0.969
9606.ENSP00000422533,ADGRL3,VEGFB,0.969
9606.ENSP00000422533,ADGRL3,GNB3,0.967
9606.ENSP00000422533,ADGRL3,GNB1,0.967
9606.ENSP00000422533,ADGRL3,FRMD6,0.967
9606.ENSP00000422533,ADGRL3,GNB2,0.967
9606.ENSP00000422533,ADGRL3,GNB4,0.967
9606.ENSP00000422533,ADGRL3,GNB5,0.967
9606.ENSP00000422533,ADGRL3,KIR3DL2,0.937
9606.ENSP00000422533,ADGRL3,FLRT2,0.905
9606.ENSP00000425658,ANKRD50,C12orf57,0.994
9606.ENSP00000427562,ABL2,CRK,0.99
9606.ENSP00000427562,ABL2,RIN1,0.984
9606.ENSP00000427562,ABL2,ABL1,0.981
9606.ENSP00000427562,ABL2,CRKL,0.962
9606.ENSP00000427562,ABL2,RAC3,0.926
9606.ENSP00000427562,ABL2,RAC2,0.926
9606.ENSP00000428340,ANGPT1,TEK,0.999
9606.ENSP00000428340,ANGPT1,TIE1,0.998
9606.ENSP00000428340,ANGPT1,NTRK1,0.996
9606.ENSP00000428340,ANGPT1,KDR,0.994
9606.ENSP00000428340,ANGPT1,FLT1,0.984
9606.ENSP00000428340,ANGPT1,ANGPT4,0.924
9606.ENSP00000428340,ANGPT1,ANGPT2,0.92
9606.ENSP00000428340,ANGPT1,FLT4,0.916
9606.ENSP00000428340,ANGPT1,PDGFRB,0.916
9606.ENSP00000428982,CCNC,MED28,0.999
9606.ENSP00000428982,CCNC,MED18,0.999
9606.ENSP00000428982,CCNC,CDK8,0.999
9606.ENSP00000428982,CCNC,MED12L,0.999
9606.ENSP00000428982,CCNC,MED1,0.999
9606.ENSP00000428982,CCNC,MED13L,0.999
9606.ENSP00000428982,CCNC,MED13,0.999
9606.ENSP00000428982,CCNC,CDK19,0.999
9606.ENSP00000428982,CCNC,MED12,0.999
9606.ENSP00000428982,CCNC,MED14,0.997
9606.ENSP00000428982,CCNC,MED6,0.997
9606.ENSP00000428982,CCNC,CDK3,0.997
9606.ENSP00000428982,CCNC,MED17,0.996
9606.ENSP00000428982,CCNC,MED21,0.996
9606.ENSP00000428982,CCNC,ZC3H13,0.994
9606.ENSP00000428982,CCNC,MED7,0.99
9606.ENSP00000428982,CCNC,MED10,0.99
9606.ENSP00000428982,CCNC,MED19,0.989
9606.ENSP00000428982,CCNC,MED31,0.987
9606.ENSP00000428982,CCNC,MED22,0.987
9606.ENSP00000428982,CCNC,MED15,0.987
9606.ENSP00000428982,CCNC,MED23,0.986
9606.ENSP00000428982,CCNC,MED4,0.986
9606.ENSP00000428982,CCNC,MED27,0.983
9606.ENSP00000428982,CCNC,MED29,0.982
9606.ENSP00000428982,CCNC,MED16,0.982
9606.ENSP00000428982,CCNC,MED20,0.98
9606.ENSP00000428982,CCNC,MED8,0.979
9606.ENSP00000428982,CCNC,MED24,0.978
9606.ENSP00000428982,CCNC,MED9,0.977
9606.ENSP00000428982,CCNC,MED26,0.976
9606.ENSP00000428982,CCNC,MED11,0.975
9606.ENSP00000428982,CCNC,MED30,0.974
9606.ENSP00000428982,CCNC,MED25,0.965
9606.ENSP00000428982,CCNC,CDK7,0.938
9606.ENSP00000429690,ATP6V0E1,ATP6V1D,0.998
9606.ENSP00000429690,ATP6V0E1,ATP6V0B,0.998
9606.ENSP00000429690,ATP6V0E1,ATP6V1F,0.998
9606.ENSP00000429690,ATP6V0E1,ATP6V0C,0.998
9606.ENSP00000429690,ATP6V0E1,ATP6V1H,0.997
9606.ENSP00000429690,ATP6V0E1,ATP6V1A,0.997
9606.ENSP00000429690,ATP6V0E1,ATP6V1C1,0.997
9606.ENSP00000429690,ATP6V0E1,ATP6V0A1,0.995
9606.ENSP00000429690,ATP6V0E1,ATP6AP2,0.995
9606.ENSP00000429690,ATP6V0E1,RNASEK,0.994
9606.ENSP00000429690,ATP6V0E1,ATP6V1B2,0.993
9606.ENSP00000429690,ATP6V0E1,ATP6V1E1,0.993
9606.ENSP00000429690,ATP6V0E1,ATP6AP1,0.991
9606.ENSP00000429690,ATP6V0E1,ATP6V0D1,0.99
9606.ENSP00000429690,ATP6V0E1,ATP6V0A4,0.989
9606.ENSP00000429690,ATP6V0E1,ATP6V1G1,0.983
9606.ENSP00000429690,ATP6V0E1,ATP6V1G2,0.973
9606.ENSP00000429690,ATP6V0E1,ATP6V1E2,0.956
9606.ENSP00000429690,ATP6V0E1,ATP6V1B1,0.951
9606.ENSP00000429690,ATP6V0E1,ATP6V0A2,0.95
9606.ENSP00000429690,ATP6V0E1,ATP6V0D2,0.947
9606.ENSP00000429690,ATP6V0E1,ATP6V0E2,0.942
9606.ENSP00000429690,ATP6V0E1,ATP6V1C2,0.937
9606.ENSP00000429690,ATP6V0E1,MEAK7,0.93
9606.ENSP00000431391,API5,POLR2B,0.999
9606.ENSP00000431391,API5,FGF2,0.955
9606.ENSP00000431445,CD3G,CD3E,0.999
9606.ENSP00000431445,CD3G,CD3D,0.999
9606.ENSP00000431445,CD3G,CD247,0.999
9606.ENSP00000431445,CD3G,ZAP70,0.994
9606.ENSP00000431445,CD3G,SYK,0.989
9606.ENSP00000431445,CD3G,CD8A,0.989
9606.ENSP00000431445,CD3G,CD8B,0.988
9606.ENSP00000431445,CD3G,CD4,0.985
9606.ENSP00000431445,CD3G,TRAT1,0.97
9606.ENSP00000431445,CD3G,B2M,0.943
9606.ENSP00000431445,CD3G,CD2,0.93
9606.ENSP00000431445,CD3G,LCK,0.928
9606.ENSP00000431445,CD3G,HLA-A,0.919
9606.ENSP00000431445,CD3G,ITK,0.908
9606.ENSP00000432412,ATG13,ATG101,0.999
9606.ENSP00000432412,ATG13,RB1CC1,0.999
9606.ENSP00000432412,ATG13,ULK1,0.999
9606.ENSP00000432412,ATG13,ULK2,0.998
9606.ENSP00000432412,ATG13,ATG14,0.989
9606.ENSP00000432412,ATG13,GABARAPL1,0.987
9606.ENSP00000432412,ATG13,GABARAPL2,0.987
9606.ENSP00000432412,ATG13,BECN1,0.986
9606.ENSP00000432412,ATG13,PIK3C3,0.985
9606.ENSP00000432412,ATG13,ATG10,0.978
9606.ENSP00000432412,ATG13,MAP1LC3A,0.969
9606.ENSP00000432412,ATG13,GABARAP,0.968
9606.ENSP00000432412,ATG13,MAP1LC3B,0.96
9606.ENSP00000432412,ATG13,PIK3R4,0.957
9606.ENSP00000432412,ATG13,RPTOR,0.953
9606.ENSP00000432412,ATG13,ATG16L1,0.949
9606.ENSP00000432412,ATG13,ATG5,0.945
9606.ENSP00000432412,ATG13,CIB1,0.939
9606.ENSP00000432412,ATG13,AMBRA1,0.938
9606.ENSP00000432412,ATG13,MTOR,0.917
9606.ENSP00000432412,ATG13,ATG12,0.911
9606.ENSP00000432412,ATG13,MAP1LC3C,0.906
9606.ENSP00000433490,CALCB,CALCRL,0.999
9606.ENSP00000433490,CALCB,RAMP1,0.999
9606.ENSP00000433490,CALCB,IAPP,0.994
9606.ENSP00000433490,CALCB,RAMP3,0.993
9606.ENSP00000433490,CALCB,ADM,0.991
9606.ENSP00000433490,CALCB,RAMP2,0.99
9606.ENSP00000433490,CALCB,CALCR,0.987
9606.ENSP00000433490,CALCB,CALCA,0.973
9606.ENSP00000434729,ATP6V0B,ATP6V1F,0.999
9606.ENSP00000434729,ATP6V0B,ATP6AP2,0.999
9606.ENSP00000434729,ATP6V0B,ATP6V0A4,0.999
9606.ENSP00000434729,ATP6V0B,ATP6V0A1,0.999
9606.ENSP00000434729,ATP6V0B,ATP6V1E1,0.999
9606.ENSP00000434729,ATP6V0B,ATP6AP1,0.999
9606.ENSP00000434729,ATP6V0B,ATP6V1A,0.999
9606.ENSP00000434729,ATP6V0B,ATP6V1B2,0.999
9606.ENSP00000434729,ATP6V0B,ATP6V1H,0.999
9606.ENSP00000434729,ATP6V0B,ATP6V0D1,0.999
9606.ENSP00000434729,ATP6V0B,ATP6V0C,0.999
9606.ENSP00000434729,ATP6V0B,ATP6V1C1,0.999
9606.ENSP00000434729,ATP6V0B,ATP6V1D,0.999
9606.ENSP00000434729,ATP6V0B,ATP6V1G1,0.998
9606.ENSP00000434729,ATP6V0B,ATP6V0D2,0.998
9606.ENSP00000434729,ATP6V0B,ATP6V0E1,0.998
9606.ENSP00000434729,ATP6V0B,RNASEK,0.997
9606.ENSP00000434729,ATP6V0B,ATP6V0A2,0.997
9606.ENSP00000434729,ATP6V0B,TCIRG1,0.996
9606.ENSP00000434729,ATP6V0B,ATP6V1B1,0.995
9606.ENSP00000434729,ATP6V0B,ATP6V1G2,0.995
9606.ENSP00000434729,ATP6V0B,ATP6V1E2,0.994
9606.ENSP00000434729,ATP6V0B,ATP6V0E2,0.991
9606.ENSP00000434729,ATP6V0B,ATP6V1C2,0.984
9606.ENSP00000434729,ATP6V0B,MT-ATP6,0.981
9606.ENSP00000434729,ATP6V0B,LIM2,0.975
9606.ENSP00000434729,ATP6V0B,CNST,0.971
9606.ENSP00000434729,ATP6V0B,ATP6V1G3,0.97
9606.ENSP00000434729,ATP6V0B,ATP5F1D,0.961
9606.ENSP00000434729,ATP6V0B,ATP5F1A,0.959
9606.ENSP00000434729,ATP6V0B,ATP6AP1L,0.958
9606.ENSP00000434729,ATP6V0B,ATP5F1C,0.953
9606.ENSP00000434729,ATP6V0B,ATP5PO,0.95
9606.ENSP00000434729,ATP6V0B,H7C0C1_HUMAN,0.947
9606.ENSP00000434729,ATP6V0B,ATP5PD,0.905
9606.ENSP00000435210,BCLAF1,THRAP3,0.993
9606.ENSP00000435210,BCLAF1,EMD,0.971
9606.ENSP00000435210,BCLAF1,BCL2,0.945
9606.ENSP00000435210,BCLAF1,CCNB1,0.94
9606.ENSP00000435210,BCLAF1,H2AX,0.924
9606.ENSP00000435534,CCKBR,CCK,0.999
9606.ENSP00000435534,CCKBR,GAST,0.999
9606.ENSP00000435534,CCKBR,PTK7,0.937
9606.ENSP00000435534,CCKBR,GNAQ,0.927
9606.ENSP00000437775,BCORL1,PCGF1,0.996
9606.ENSP00000437775,BCORL1,KDM2B,0.988
9606.ENSP00000437775,BCORL1,SKP1,0.966
9606.ENSP00000437775,BCORL1,RYBP,0.92
9606.ENSP00000437775,BCORL1,YAF2,0.908
9606.ENSP00000437775,BCORL1,CTBP1,0.901
9606.ENSP00000439128,BANF2,EMD,0.996
9606.ENSP00000439128,BANF2,LEMD3,0.968
9606.ENSP00000440045,ATP2A2,PLN,0.998
9606.ENSP00000440045,ATP2A2,SLN,0.975
9606.ENSP00000440045,ATP2A2,HRC,0.97
9606.ENSP00000440045,ATP2A2,ATP2A1,0.935
9606.ENSP00000440045,ATP2A2,ATP2A3,0.918
9606.ENSP00000440045,ATP2A2,ITPR3,0.908
9606.ENSP00000440045,ATP2A2,KAT5,0.906
9606.ENSP00000440045,ATP2A2,RORA,0.903
9606.ENSP00000440440,ATF7IP,SETDB1,0.999
9606.ENSP00000440440,ATF7IP,SUMO2,0.979
9606.ENSP00000440440,ATF7IP,ARL14EP,0.942
9606.ENSP00000440440,ATF7IP,MBD1,0.905
9606.ENSP00000441913,ARHGEF28,RHOA,0.989
9606.ENSP00000441913,ARHGEF28,ARHGEF12,0.936
9606.ENSP00000441913,ARHGEF28,PTK2B,0.925
9606.ENSP00000441913,ARHGEF28,ARHGEF1,0.925
9606.ENSP00000441913,ARHGEF28,PTK2,0.922
9606.ENSP00000441913,ARHGEF28,GNAQ,0.919
9606.ENSP00000442656,ACVR1B,ACVR2B,0.999
9606.ENSP00000442656,ACVR1B,TDGF1,0.998
9606.ENSP00000442656,ACVR1B,ACVR2A,0.998
9606.ENSP00000442656,ACVR1B,INHBA,0.996
9606.ENSP00000442656,ACVR1B,MSTN,0.995
9606.ENSP00000442656,ACVR1B,TGFBR1,0.988
9606.ENSP00000442656,ACVR1B,ACVR1,0.979
9606.ENSP00000442656,ACVR1B,SMAD2,0.972
9606.ENSP00000442656,ACVR1B,ACVR1C,0.967
9606.ENSP00000442656,ACVR1B,SMAD4,0.957
9606.ENSP00000442656,ACVR1B,SMAD3,0.936
9606.ENSP00000442656,ACVR1B,GDF11,0.932
9606.ENSP00000442656,ACVR1B,ALK,0.932
9606.ENSP00000442656,ACVR1B,NODAL,0.93
9606.ENSP00000442656,ACVR1B,SMAD7,0.902
9606.ENSP00000442656,ACVR1B,INHBB,0.902
9606.ENSP00000443204,C2CD5,FIBP,0.935
9606.ENSP00000443204,C2CD5,CDK5,0.919
9606.ENSP00000444425,ADGRD1,GNB1,0.926
9606.ENSP00000444425,ADGRD1,RANBP2,0.908
9606.ENSP00000445306,ATP1A1,ATP1B1,0.999
9606.ENSP00000445306,ATP1A1,FXYD2,0.996
9606.ENSP00000445306,ATP1A1,ATP1B3,0.995
9606.ENSP00000445306,ATP1A1,ATP1B2,0.985
9606.ENSP00000445306,ATP1A1,ATP1B4,0.951
9606.ENSP00000445306,ATP1A1,ATP1A3,0.947
9606.ENSP00000445306,ATP1A1,MAPK1,0.943
9606.ENSP00000445306,ATP1A1,FXYD1,0.942
9606.ENSP00000445306,ATP1A1,MAPK3,0.942
9606.ENSP00000445306,ATP1A1,ATP1A2,0.936
9606.ENSP00000445306,ATP1A1,PRKG1,0.909
9606.ENSP00000445306,ATP1A1,PRKG2,0.904
9606.ENSP00000445306,ATP1A1,ATP1A4,0.902
9606.ENSP00000445868,BCL7A,SMARCA4,0.997
9606.ENSP00000445868,BCL7A,SMARCB1,0.996
9606.ENSP00000445868,BCL7A,ARID1A,0.996
9606.ENSP00000445868,BCL7A,SMARCD1,0.996
9606.ENSP00000445868,BCL7A,ACTL6A,0.994
9606.ENSP00000445868,BCL7A,SMARCC1,0.993
9606.ENSP00000445868,BCL7A,SMARCA2,0.993
9606.ENSP00000445868,BCL7A,SMARCE1,0.993
9606.ENSP00000445868,BCL7A,BRD9,0.992
9606.ENSP00000445868,BCL7A,SMARCD2,0.991
9606.ENSP00000445868,BCL7A,BCL7C,0.99
9606.ENSP00000445868,BCL7A,ARID1B,0.989
9606.ENSP00000445868,BCL7A,SMARCC2,0.989
9606.ENSP00000445868,BCL7A,SMARCD3,0.989
9606.ENSP00000445868,BCL7A,SS18,0.987
9606.ENSP00000445868,BCL7A,BICRA,0.987
9606.ENSP00000445868,BCL7A,DPF2,0.984
9606.ENSP00000445868,BCL7A,BICRAL,0.983
9606.ENSP00000445868,BCL7A,PBRM1,0.972
9606.ENSP00000445868,BCL7A,BCL11A,0.965
9606.ENSP00000445868,BCL7A,BCL7B,0.964
9606.ENSP00000445868,BCL7A,ARID2,0.963
9606.ENSP00000445868,BCL7A,BCL11B,0.954
9606.ENSP00000445868,BCL7A,DPF3,0.952
9606.ENSP00000445868,BCL7A,ACTL6B,0.945
9606.ENSP00000445868,BCL7A,PHF10,0.944
9606.ENSP00000445868,BCL7A,DPF1,0.939
9606.ENSP00000446576,ATXN2,PABPC1,0.998
9606.ENSP00000446576,ATXN2,ITPR1,0.996
9606.ENSP00000446576,ATXN2,RBFOX1,0.995
9606.ENSP00000446576,ATXN2,ATXN3,0.993
9606.ENSP00000446576,ATXN2,DDX6,0.993
9606.ENSP00000446576,ATXN2,TARDBP,0.992
9606.ENSP00000446576,ATXN2,LSM12,0.985
9606.ENSP00000446576,ATXN2,ATXN1,0.969
9606.ENSP00000446576,ATXN2,ATXN3L,0.961
9606.ENSP00000446576,ATXN2,ATXN2L,0.953
9606.ENSP00000446576,ATXN2,G3BP1,0.948
9606.ENSP00000446576,ATXN2,FUS,0.924
9606.ENSP00000446576,ATXN2,SH3GL2,0.924
9606.ENSP00000446576,ATXN2,ITPR2,0.916
9606.ENSP00000446576,ATXN2,ATXN7-2,0.914
9606.ENSP00000446576,ATXN2,ATXN7,0.913
9606.ENSP00000446576,ATXN2,ITPR3,0.913
9606.ENSP00000446576,ATXN2,FMR1,0.901
9606.ENSP00000446880,BAZ2A,SMARCA5,0.999
9606.ENSP00000446880,BAZ2A,TTF1,0.977
9606.ENSP00000446880,BAZ2A,HDAC1,0.967
9606.ENSP00000446880,BAZ2A,ZNF215,0.942
9606.ENSP00000446880,BAZ2A,DNMT3B,0.906
9606.ENSP00000450480,ATP10A,TMEM30A,0.989
9606.ENSP00000450480,ATP10A,ATP10B,0.942
9606.ENSP00000450480,ATP10A,ATP10D,0.939
9606.ENSP00000450480,ATP10A,ATP8A1,0.917
9606.ENSP00000450480,ATP10A,ATP11A,0.914
9606.ENSP00000450480,ATP10A,ATP8B1,0.91
9606.ENSP00000451828,AKT1,MTOR,0.999
9606.ENSP00000451828,AKT1,PHLPP1,0.999
9606.ENSP00000451828,AKT1,CDC42,0.999
9606.ENSP00000451828,AKT1,MDM2,0.999
9606.ENSP00000451828,AKT1,PDPK1,0.999
9606.ENSP00000451828,AKT1,HSP90AB1,0.999
9606.ENSP00000451828,AKT1,HSP90AA1,0.999
9606.ENSP00000451828,AKT1,FOXO1,0.999
9606.ENSP00000451828,AKT1,ILK,0.998
9606.ENSP00000451828,AKT1,FOXO3,0.998
9606.ENSP00000451828,AKT1,TRIB3,0.998
9606.ENSP00000451828,AKT1,PIK3CA,0.998
9606.ENSP00000451828,AKT1,ARRB2,0.997
9606.ENSP00000451828,AKT1,NOS3,0.997
9606.ENSP00000451828,AKT1,RPTOR,0.996
9606.ENSP00000451828,AKT1,CDKN1B,0.996
9606.ENSP00000451828,AKT1,CHUK,0.996
9606.ENSP00000451828,AKT1,GSK3B,0.996
9606.ENSP00000451828,AKT1,SMAD3,0.996
9606.ENSP00000451828,AKT1,TCL1A,0.995
9606.ENSP00000451828,AKT1,AKT1S1,0.995
9606.ENSP00000451828,AKT1,PIK3R1,0.995
9606.ENSP00000451828,AKT1,CDKN1A,0.995
9606.ENSP00000451828,AKT1,SRC,0.995
9606.ENSP00000451828,AKT1,CDC37,0.995
9606.ENSP00000451828,AKT1,PAK1,0.994
9606.ENSP00000451828,AKT1,CYBB,0.994
9606.ENSP00000451828,AKT1,PIK3CG,0.994
9606.ENSP00000451828,AKT1,NCF2,0.994
9606.ENSP00000451828,AKT1,TP53,0.994
9606.ENSP00000451828,AKT1,BAD,0.993
9606.ENSP00000451828,AKT1,NCF1,0.993
9606.ENSP00000451828,AKT1,BCL2,0.993
9606.ENSP00000451828,AKT1,BRCA1,0.993
9606.ENSP00000451828,AKT1,GSK3A,0.993
9606.ENSP00000451828,AKT1,APPL1,0.993
9606.ENSP00000451828,AKT1,NCF4,0.993
9606.ENSP00000451828,AKT1,RICTOR,0.992
9606.ENSP00000451828,AKT1,FOXO4,0.992
9606.ENSP00000451828,AKT1,CYBA,0.992
9606.ENSP00000451828,AKT1,RAF1,0.992
9606.ENSP00000451828,AKT1,PIK3CB,0.992
9606.ENSP00000451828,AKT1,AKT2,0.991
9606.ENSP00000451828,AKT1,HSPB1,0.991
9606.ENSP00000451828,AKT1,PI3,0.991
9606.ENSP00000451828,AKT1,JUN,0.991
9606.ENSP00000451828,AKT1,BCL2L1,0.991
9606.ENSP00000451828,AKT1,THEM4,0.991
9606.ENSP00000451828,AKT1,ARRB1,0.99
9606.ENSP00000451828,AKT1,TSC2,0.99
9606.ENSP00000451828,AKT1,MAPK14,0.99
9606.ENSP00000451828,AKT1,IKBKB,0.99
9606.ENSP00000451828,AKT1,CASP9,0.989
9606.ENSP00000451828,AKT1,PTEN,0.988
9606.ENSP00000451828,AKT1,MAPK1,0.988
9606.ENSP00000451828,AKT1,PHLPP2,0.987
9606.ENSP00000451828,AKT1,AMOTL1,0.986
9606.ENSP00000451828,AKT1,MAP3K5,0.985
9606.ENSP00000451828,AKT1,TBC1D4,0.985
9606.ENSP00000451828,AKT1,TSC1,0.985
9606.ENSP00000451828,AKT1,ARHGDIA,0.984
9606.ENSP00000451828,AKT1,IKBKG,0.982
9606.ENSP00000451828,AKT1,RPS6KB1,0.982
9606.ENSP00000451828,AKT1,ITPR1,0.981
9606.ENSP00000451828,AKT1,HSP90B1,0.981
9606.ENSP00000451828,AKT1,PPP2CA,0.98
9606.ENSP00000451828,AKT1,CTNNB1,0.979
9606.ENSP00000451828,AKT1,MAPKAP1,0.976
9606.ENSP00000451828,AKT1,PIK3CD,0.976
9606.ENSP00000451828,AKT1,NOS2,0.976
9606.ENSP00000451828,AKT1,IQGAP1,0.975
9606.ENSP00000451828,AKT1,PRKCZ,0.974
9606.ENSP00000451828,AKT1,TBC1D7,0.974
9606.ENSP00000451828,AKT1,WAS,0.974
9606.ENSP00000451828,AKT1,TCL1B,0.972
9606.ENSP00000451828,AKT1,IRS1,0.972
9606.ENSP00000451828,AKT1,PIK3R2,0.971
9606.ENSP00000451828,AKT1,HSPA5,0.971
9606.ENSP00000451828,AKT1,MTCP1,0.97
9606.ENSP00000451828,AKT1,ITPR3,0.967
9606.ENSP00000451828,AKT1,STAT3,0.966
9606.ENSP00000451828,AKT1,CREB1,0.965
9606.ENSP00000451828,AKT1,MAP2K4,0.965
9606.ENSP00000451828,AKT1,FKBP5,0.964
9606.ENSP00000451828,AKT1,HSPA4,0.964
9606.ENSP00000451828,AKT1,PIK3R3,0.962
9606.ENSP00000451828,AKT1,STAT1,0.961
9606.ENSP00000451828,AKT1,AKT3,0.958
9606.ENSP00000451828,AKT1,MAPK3,0.957
9606.ENSP00000451828,AKT1,MLST8,0.956
9606.ENSP00000451828,AKT1,NR4A1,0.956
9606.ENSP00000451828,AKT1,TRAF6,0.954
9606.ENSP00000451828,AKT1,EP300,0.954
9606.ENSP00000451828,AKT1,NOS1,0.953
9606.ENSP00000451828,AKT1,INS,0.953
9606.ENSP00000451828,AKT1,RPS6KB2,0.949
9606.ENSP00000451828,AKT1,NOX1,0.949
9606.ENSP00000451828,AKT1,VAV1,0.949
9606.ENSP00000451828,AKT1,WASL,0.947
9606.ENSP00000451828,AKT1,RHEB,0.947
9606.ENSP00000451828,AKT1,PIK3R5,0.945
9606.ENSP00000451828,AKT1,CASP3,0.945
9606.ENSP00000451828,AKT1,PDE3B,0.943
9606.ENSP00000451828,AKT1,GNRH1,0.942
9606.ENSP00000451828,AKT1,MAP3K8,0.942
9606.ENSP00000451828,AKT1,MAPK11,0.94
9606.ENSP00000451828,AKT1,NKX3-1,0.94
9606.ENSP00000451828,AKT1,CRTC2,0.939
9606.ENSP00000451828,AKT1,XIAP,0.939
9606.ENSP00000451828,AKT1,MAPK13,0.937
9606.ENSP00000451828,AKT1,CAV1,0.937
9606.ENSP00000451828,AKT1,MAPK12,0.937
9606.ENSP00000451828,AKT1,PFKFB2,0.936
9606.ENSP00000451828,AKT1,OGT,0.935
9606.ENSP00000451828,AKT1,IGF1,0.935
9606.ENSP00000451828,AKT1,EGF,0.933
9606.ENSP00000451828,AKT1,HIF1A,0.932
9606.ENSP00000451828,AKT1,DOCK1,0.93
9606.ENSP00000451828,AKT1,MAPKAPK2,0.93
9606.ENSP00000451828,AKT1,MYC,0.928
9606.ENSP00000451828,AKT1,PTK6,0.927
9606.ENSP00000451828,AKT1,HSPB2,0.927
9606.ENSP00000451828,AKT1,FGF2,0.926
9606.ENSP00000451828,AKT1,EIF4EBP1,0.925
9606.ENSP00000451828,AKT1,RABIF,0.924
9606.ENSP00000451828,AKT1,HSPB3,0.923
9606.ENSP00000451828,AKT1,CCND1,0.923
9606.ENSP00000451828,AKT1,ACTB,0.923
9606.ENSP00000451828,AKT1,NFE2L2,0.923
9606.ENSP00000451828,AKT1,NOXA1,0.922
9606.ENSP00000451828,AKT1,SMAD2,0.918
9606.ENSP00000451828,AKT1,BECN1,0.918
9606.ENSP00000451828,AKT1,PPP2R1A,0.917
9606.ENSP00000451828,AKT1,FKBP4,0.914
9606.ENSP00000451828,AKT1,SMAD4,0.914
9606.ENSP00000451828,AKT1,ESR1,0.913
9606.ENSP00000451828,AKT1,AXIN1,0.912
9606.ENSP00000451828,AKT1,PIK3R6,0.912
9606.ENSP00000451828,AKT1,GAPDH,0.911
9606.ENSP00000451828,AKT1,GNRH2,0.91
9606.ENSP00000451828,AKT1,VAV3,0.91
9606.ENSP00000451828,AKT1,GRB2,0.907
9606.ENSP00000451828,AKT1,TNF,0.907
9606.ENSP00000451828,AKT1,KRAS,0.904
9606.ENSP00000451828,AKT1,RHOA,0.904
9606.ENSP00000451828,AKT1,CDH1,0.903
9606.ENSP00000451828,AKT1,TERT,0.903
9606.ENSP00000451828,AKT1,RASA1,0.902
9606.ENSP00000453562,BCL2L10,BCL2L11,0.993
9606.ENSP00000453562,BCL2L10,BCL2,0.92
9606.ENSP00000453562,BCL2L10,BCL2L1,0.905
9606.ENSP00000457539,APOBR,APOB,0.969
9606.ENSP00000458162,ACTG1,ACTB,0.999
9606.ENSP00000458162,ACTG1,CFL1,0.998
9606.ENSP00000458162,ACTG1,CFL2,0.996
9606.ENSP00000458162,ACTG1,PFN1,0.992
9606.ENSP00000458162,ACTG1,MYH14,0.992
9606.ENSP00000458162,ACTG1,PFN4,0.991
9606.ENSP00000458162,ACTG1,VCL,0.99
9606.ENSP00000458162,ACTG1,PFN3,0.987
9606.ENSP00000458162,ACTG1,WASL,0.978
9606.ENSP00000458162,ACTG1,MYH9,0.978
9606.ENSP00000458162,ACTG1,TMSB4X,0.977
9606.ENSP00000458162,ACTG1,TLN1,0.976
9606.ENSP00000458162,ACTG1,ARPC5L,0.975
9606.ENSP00000458162,ACTG1,VASP,0.974
9606.ENSP00000458162,ACTG1,ACTN1,0.972
9606.ENSP00000458162,ACTG1,ACTN4,0.97
9606.ENSP00000458162,ACTG1,DMD,0.966
9606.ENSP00000458162,ACTG1,ARPC2,0.966
9606.ENSP00000458162,ACTG1,ARPC3,0.964
9606.ENSP00000458162,ACTG1,EZR,0.962
9606.ENSP00000458162,ACTG1,ARPC1B,0.962
9606.ENSP00000458162,ACTG1,TLN2,0.961
9606.ENSP00000458162,ACTG1,MYH10,0.959
9606.ENSP00000458162,ACTG1,MSN,0.959
9606.ENSP00000458162,ACTG1,HCLS1,0.958
9606.ENSP00000458162,ACTG1,CDC42,0.957
9606.ENSP00000458162,ACTG1,MYL6,0.956
9606.ENSP00000458162,ACTG1,ITGB1,0.955
9606.ENSP00000458162,ACTG1,ARPC5,0.953
9606.ENSP00000458162,ACTG1,WASF2,0.953
9606.ENSP00000458162,ACTG1,CTNNA1,0.953
9606.ENSP00000458162,ACTG1,WAS,0.949
9606.ENSP00000458162,ACTG1,ACTR2,0.949
9606.ENSP00000458162,ACTG1,CCT7,0.947
9606.ENSP00000458162,ACTG1,RHOA,0.944
9606.ENSP00000458162,ACTG1,IQGAP1,0.943
9606.ENSP00000458162,ACTG1,TCP1,0.943
9606.ENSP00000458162,ACTG1,MYH11,0.942
9606.ENSP00000458162,ACTG1,MYL12B,0.942
9606.ENSP00000458162,ACTG1,MYL9,0.94
9606.ENSP00000458162,ACTG1,ARPC1A,0.94
9606.ENSP00000458162,ACTG1,CCT3,0.94
9606.ENSP00000458162,ACTG1,ARPC4,0.939
9606.ENSP00000458162,ACTG1,ACTL6A,0.939
9606.ENSP00000458162,ACTG1,CCT8,0.939
9606.ENSP00000458162,ACTG1,MYL12A,0.937
9606.ENSP00000458162,ACTG1,DIAPH1,0.936
9606.ENSP00000458162,ACTG1,ACTR3,0.936
9606.ENSP00000458162,ACTG1,MYLPF,0.936
9606.ENSP00000458162,ACTG1,CCT6A,0.934
9606.ENSP00000458162,ACTG1,WASF1,0.934
9606.ENSP00000458162,ACTG1,ACTR3C,0.932
9606.ENSP00000458162,ACTG1,ACTR3B,0.931
9606.ENSP00000458162,ACTG1,ZYX,0.931
9606.ENSP00000458162,ACTG1,MYL6B,0.929
9606.ENSP00000458162,ACTG1,ILK,0.928
9606.ENSP00000458162,ACTG1,MYL2,0.928
9606.ENSP00000458162,ACTG1,ENAH,0.927
9606.ENSP00000458162,ACTG1,MYO1A,0.926
9606.ENSP00000458162,ACTG1,RDX,0.925
9606.ENSP00000458162,ACTG1,PDCL3,0.925
9606.ENSP00000458162,ACTG1,BAIAP2,0.923
9606.ENSP00000458162,ACTG1,WASF3,0.922
9606.ENSP00000458162,ACTG1,CASP3,0.922
9606.ENSP00000458162,ACTG1,WHAMM,0.922
9606.ENSP00000458162,ACTG1,MYL7,0.921
9606.ENSP00000458162,ACTG1,SYNPO,0.92
9606.ENSP00000458162,ACTG1,LMOD2,0.92
9606.ENSP00000458162,ACTG1,EVL,0.92
9606.ENSP00000458162,ACTG1,ACTA1,0.92
9606.ENSP00000458162,ACTG1,PRKCA,0.918
9606.ENSP00000458162,ACTG1,PARVA,0.918
9606.ENSP00000458162,ACTG1,MYBPC3,0.918
9606.ENSP00000458162,ACTG1,MYL10,0.917
9606.ENSP00000458162,ACTG1,SMARCE1,0.915
9606.ENSP00000458162,ACTG1,CASP7,0.915
9606.ENSP00000458162,ACTG1,AFDN,0.915
9606.ENSP00000458162,ACTG1,SETD3,0.915
9606.ENSP00000458162,ACTG1,ITGB4,0.915
9606.ENSP00000458162,ACTG1,ITGB5,0.914
9606.ENSP00000458162,ACTG1,ACTL6B,0.914
9606.ENSP00000458162,ACTG1,MYL5,0.914
9606.ENSP00000458162,ACTG1,ITGB6,0.914
9606.ENSP00000458162,ACTG1,TJP1,0.913
9606.ENSP00000458162,ACTG1,ITGB3,0.913
9606.ENSP00000458162,ACTG1,ITGB8,0.912
9606.ENSP00000458162,ACTG1,PARVB,0.912
9606.ENSP00000458162,ACTG1,DSTN,0.911
9606.ENSP00000458162,ACTG1,TMSB4Y,0.911
9606.ENSP00000458162,ACTG1,ITGB7,0.911
9606.ENSP00000458162,ACTG1,CASP6,0.911
9606.ENSP00000458162,ACTG1,PIP5K1C,0.911
9606.ENSP00000458162,ACTG1,CTNNA2,0.909
9606.ENSP00000458162,ACTG1,CTNNA3,0.907
9606.ENSP00000458162,ACTG1,PPARG,0.906
9606.ENSP00000458162,ACTG1,PIP5K1A,0.906
9606.ENSP00000458162,ACTG1,PIP5K1B,0.905
9606.ENSP00000458162,ACTG1,ITGA2B,0.904
9606.ENSP00000458162,ACTG1,THRA,0.903
9606.ENSP00000458162,ACTG1,ARHGAP10,0.902
9606.ENSP00000458162,ACTG1,PARVG,0.901
9606.ENSP00000459451,ACSM2A,ACSM2B,0.999
9606.ENSP00000459451,ACSM2A,ACADS,0.946
9606.ENSP00000471455,CCDC124,FAU,0.952
9606.ENSP00000471455,CCDC124,RPS5,0.924
9606.ENSP00000471455,CCDC124,RPS19,0.922
9606.ENSP00000471455,CCDC124,RPS15,0.918
9606.ENSP00000471455,CCDC124,RPL5,0.918
9606.ENSP00000471455,CCDC124,RPL23A,0.917
9606.ENSP00000471455,CCDC124,RPL11,0.917
9606.ENSP00000471455,CCDC124,RACK1,0.916
9606.ENSP00000471455,CCDC124,RPL8,0.91
9606.ENSP00000471455,CCDC124,RPS7,0.908
9606.ENSP00000471455,CCDC124,RPS21,0.905
9606.ENSP00000471455,CCDC124,RPS3,0.903
9606.ENSP00000471455,CCDC124,RPS11,0.901
9606.ENSP00000471455,CCDC124,RPS2,0.901
9606.ENSP00000471455,CCDC124,RPS6,0.9
9606.ENSP00000471455,CCDC124,RPL35,0.9
9606.ENSP00000474071,CCDC120,CCDC68,0.976
9606.ENSP00000474071,CCDC120,CEP170,0.972
9606.ENSP00000474071,CCDC120,CEP128,0.97
9606.ENSP00000474071,CCDC120,NIN,0.957
9606.ENSP00000474071,CCDC120,CNTRL,0.924
9606.ENSP00000475344,APLNR,APLN,0.999
9606.ENSP00000475344,APLNR,APELA,0.998
9606.ENSP00000475344,APLNR,GNB4,0.958
9606.ENSP00000475344,APLNR,GNB1,0.958
9606.ENSP00000475344,APLNR,GNB3,0.952
9606.ENSP00000475344,APLNR,GNB2,0.949
9606.ENSP00000475344,APLNR,GNB5,0.943
9606.ENSP00000475344,APLNR,GNAQ,0.938
9606.ENSP00000475344,APLNR,GNA13,0.937
9606.ENSP00000475344,APLNR,GNGT1,0.933
9606.ENSP00000475344,APLNR,GNG11,0.919
9606.ENSP00000475344,APLNR,JAK1,0.916
9606.ENSP00000475344,APLNR,GNG7,0.915
9606.ENSP00000475344,APLNR,GNG12,0.911
9606.ENSP00000475344,APLNR,GNG3,0.911
9606.ENSP00000475344,APLNR,GNG2,0.911
9606.ENSP00000475344,APLNR,GNG13,0.911
9606.ENSP00000475344,APLNR,GNG4,0.91
9606.ENSP00000475344,APLNR,GNG5,0.908
9606.ENSP00000475344,APLNR,GNGT2,0.908
9606.ENSP00000475344,APLNR,GNG10,0.908
9606.ENSP00000475344,APLNR,GNG8,0.908
9606.ENSP00000478255,ABCB1,CYP3A5,0.92
9606.ENSP00000478255,ABCB1,IGKV2D-29,0.907
9606.ENSP00000479266,BORA,PLK1,0.997
9606.ENSP00000479266,BORA,AURKA,0.976
9606.ENSP00000479266,BORA,CDK1,0.911
9606.ENSP00000480428,B4GALT3,FUT8,0.946
9606.ENSP00000480428,B4GALT3,ST6GAL1,0.945
9606.ENSP00000480428,B4GALT3,B3GNT2,0.944
9606.ENSP00000480428,B4GALT3,MGAT5B,0.941
9606.ENSP00000480428,B4GALT3,ST3GAL6,0.94
9606.ENSP00000480428,B4GALT3,POMGNT1,0.939
9606.ENSP00000480428,B4GALT3,B3GNT3,0.938
9606.ENSP00000480428,B4GALT3,B3GALT5,0.935
9606.ENSP00000480428,B4GALT3,B3GALNT1,0.928
9606.ENSP00000480428,B4GALT3,FUT9,0.926
9606.ENSP00000480428,B4GALT3,ST6GAL2,0.925
9606.ENSP00000480428,B4GALT3,B3GNT5,0.924
9606.ENSP00000480428,B4GALT3,B3GALT1,0.922
9606.ENSP00000480428,B4GALT3,A4GALT,0.922
9606.ENSP00000480428,B4GALT3,B4GALT1,0.922
9606.ENSP00000480428,B4GALT3,FUT1,0.921
9606.ENSP00000480428,B4GALT3,B4GALNT3,0.921
9606.ENSP00000480428,B4GALT3,B3GALT2,0.918
9606.ENSP00000480428,B4GALT3,B3GAT2,0.917
9606.ENSP00000480428,B4GALT3,FUT6,0.916
9606.ENSP00000480428,B4GALT3,FUT3,0.916
9606.ENSP00000480428,B4GALT3,FUT2,0.914
9606.ENSP00000480428,B4GALT3,B3GAT1,0.913
9606.ENSP00000480428,B4GALT3,B4GALT2,0.912
9606.ENSP00000480428,B4GALT3,B4GALT4,0.912
9606.ENSP00000480428,B4GALT3,FUT4,0.91
9606.ENSP00000480428,B4GALT3,GCNT2,0.91
9606.ENSP00000480428,B4GALT3,B3GNT4,0.908
9606.ENSP00000480428,B4GALT3,FUT5,0.908
9606.ENSP00000480428,B4GALT3,B4GALNT4,0.9
9606.ENSP00000482647,ARHGEF18,CGN,0.991
9606.ENSP00000482647,ARHGEF18,RHOA,0.985
9606.ENSP00000482647,ARHGEF18,EPB41L4B,0.958
9606.ENSP00000482647,ARHGEF18,STK11,0.951
9606.ENSP00000482647,ARHGEF18,PATJ,0.937
9606.ENSP00000483117,ACD,TERF1,0.999
9606.ENSP00000483117,ACD,TERF2IP,0.999
9606.ENSP00000483117,ACD,TINF2,0.999
9606.ENSP00000483117,ACD,TERF2,0.999
9606.ENSP00000483117,ACD,POT1,0.999
9606.ENSP00000483117,ACD,TERT,0.982
9606.ENSP00000483117,ACD,STN1,0.927
9606.ENSP00000483117,ACD,CTC1,0.906
9606.ENSP00000483486,ARFRP1,SYS1,0.99
9606.ENSP00000483570,BTK,LCP2,0.999
9606.ENSP00000483570,BTK,SYK,0.999
9606.ENSP00000483570,BTK,PLCG2,0.999
9606.ENSP00000483570,BTK,BLNK,0.999
9606.ENSP00000483570,BTK,LYN,0.997
9606.ENSP00000483570,BTK,VAV1,0.996
9606.ENSP00000483570,BTK,MYD88,0.984
9606.ENSP00000483570,BTK,GRB2,0.984
9606.ENSP00000483570,BTK,GTF2I,0.978
9606.ENSP00000483570,BTK,PIK3CD,0.978
9606.ENSP00000483570,BTK,WAS,0.976
9606.ENSP00000483570,BTK,CD79B,0.965
9606.ENSP00000483570,BTK,CD79A,0.955
9606.ENSP00000483570,BTK,PTPN6,0.953
9606.ENSP00000483570,BTK,BIRC2,0.951
9606.ENSP00000483570,BTK,PLCG1,0.95
9606.ENSP00000483570,BTK,IBTK,0.95
9606.ENSP00000483570,BTK,PIK3R1,0.947
9606.ENSP00000483570,BTK,PIK3CA,0.946
9606.ENSP00000483570,BTK,PIK3CB,0.943
9606.ENSP00000483570,BTK,TRAF3,0.939
9606.ENSP00000483570,BTK,IKBKG,0.932
9606.ENSP00000483570,BTK,SH3BP5,0.931
9606.ENSP00000483570,BTK,GRAP2,0.929
9606.ENSP00000483570,BTK,PLEK,0.929
9606.ENSP00000483570,BTK,PIK3R3,0.927
9606.ENSP00000483570,BTK,PIK3R2,0.925
9606.ENSP00000483570,BTK,IKBKB,0.92
9606.ENSP00000483570,BTK,CHUK,0.917
9606.ENSP00000483570,BTK,TEC,0.916
9606.ENSP00000483570,BTK,IRAK1,0.915
9606.ENSP00000483570,BTK,TRAF2,0.915
9606.ENSP00000483570,BTK,TLR9,0.911
9606.ENSP00000489829,CACNA1A,CACNB4,0.995
9606.ENSP00000489829,CACNA1A,CACNA2D2,0.982
9606.ENSP00000489829,CACNA1A,PRKCG,0.98
9606.ENSP00000489829,CACNA1A,CALM3,0.977
9606.ENSP00000489829,CACNA1A,ATXN7-2,0.964
9606.ENSP00000489829,CACNA1A,ATXN7,0.964
9606.ENSP00000489829,CACNA1A,CACNB2,0.955
9606.ENSP00000489829,CACNA1A,CACNA1C,0.952
9606.ENSP00000489829,CACNA1A,CACNA2D1,0.951
9606.ENSP00000489829,CACNA1A,CACNA1E,0.95
9606.ENSP00000489829,CACNA1A,RYR1,0.946
9606.ENSP00000489829,CACNA1A,CACNA1B,0.945
9606.ENSP00000489829,CACNA1A,ATP1A2,0.941
9606.ENSP00000489829,CACNA1A,CALM2,0.938
9606.ENSP00000489829,CACNA1A,CALM1,0.937
9606.ENSP00000489829,CACNA1A,CACNA2D3,0.936
9606.ENSP00000489829,CACNA1A,CACNA2D4,0.932
9606.ENSP00000489829,CACNA1A,PPP2R2B,0.929
9606.ENSP00000489829,CACNA1A,INS,0.926
9606.ENSP00000489829,CACNA1A,PRKCB,0.919
9606.ENSP00000489829,CACNA1A,CACNB1,0.919
9606.ENSP00000489829,CACNA1A,PRKCA,0.915
9606.ENSP00000489829,CACNA1A,CACNG2,0.912
9606.ENSP00000490491,ARID1B,SMARCB1,0.999
9606.ENSP00000490491,ARID1B,SMARCA2,0.999
9606.ENSP00000490491,ARID1B,SMARCC2,0.999
9606.ENSP00000490491,ARID1B,DPF2,0.999
9606.ENSP00000490491,ARID1B,SMARCC1,0.999
9606.ENSP00000490491,ARID1B,SMARCA4,0.999
9606.ENSP00000490491,ARID1B,ARID1A,0.999
9606.ENSP00000490491,ARID1B,SMARCE1,0.999
9606.ENSP00000490491,ARID1B,PBRM1,0.998
9606.ENSP00000490491,ARID1B,SMARCD1,0.998
9606.ENSP00000490491,ARID1B,ARID2,0.997
9606.ENSP00000490491,ARID1B,SMARCD2,0.995
9606.ENSP00000490491,ARID1B,DPF3,0.995
9606.ENSP00000490491,ARID1B,ACTL6A,0.995
9606.ENSP00000490491,ARID1B,SMARCD3,0.993
9606.ENSP00000490491,ARID1B,DPF1,0.991
9606.ENSP00000490491,ARID1B,BCL7C,0.991
9606.ENSP00000490491,ARID1B,BCL7A,0.989
9606.ENSP00000490491,ARID1B,BRD9,0.989
9606.ENSP00000490491,ARID1B,SS18,0.989
9606.ENSP00000490491,ARID1B,BCL7B,0.984
9606.ENSP00000490491,ARID1B,BICRA,0.978
9606.ENSP00000490491,ARID1B,PHF10,0.969
9606.ENSP00000490491,ARID1B,BCL11A,0.967
9606.ENSP00000490491,ARID1B,BCL11B,0.966
9606.ENSP00000490491,ARID1B,ACTL6B,0.964
9606.ENSP00000490491,ARID1B,BRD7,0.952
9606.ENSP00000490491,ARID1B,BICRAL,0.951
9606.ENSP00000490491,ARID1B,ACTB,0.947
9606.ENSP00000490491,ARID1B,PPARG,0.906
9606.ENSP00000494162,CBLC,EGFR,0.997
9606.ENSP00000494162,CBLC,SRC,0.979
9606.ENSP00000494162,CBLC,FYN,0.954
9606.ENSP00000494162,CBLC,YES1,0.924
9606.ENSP00000494162,CBLC,CBLB,0.913
9606.ENSP00000494162,CBLC,CBL,0.912
9606.ENSP00000494750,ACTB,PFN3,0.999
9606.ENSP00000494750,ACTB,ACTL6A,0.999
9606.ENSP00000494750,ACTB,PFN1,0.999
9606.ENSP00000494750,ACTB,ACTG1,0.999
9606.ENSP00000494750,ACTB,CFL1,0.999
9606.ENSP00000494750,ACTB,PFN4,0.999
9606.ENSP00000494750,ACTB,SMARCA4,0.999
9606.ENSP00000494750,ACTB,SMARCE1,0.996
9606.ENSP00000494750,ACTB,CFL2,0.996
9606.ENSP00000494750,ACTB,RUVBL2,0.995
9606.ENSP00000494750,ACTB,ARID1A,0.995
9606.ENSP00000494750,ACTB,RUVBL1,0.993
9606.ENSP00000494750,ACTB,MYH9,0.991
9606.ENSP00000494750,ACTB,CASP3,0.989
9606.ENSP00000494750,ACTB,ACTR10,0.987
9606.ENSP00000494750,ACTB,SMARCD1,0.986
9606.ENSP00000494750,ACTB,TJP1,0.985
9606.ENSP00000494750,ACTB,ACTN1,0.985
9606.ENSP00000494750,ACTB,BRD7,0.985
9606.ENSP00000494750,ACTB,IQGAP1,0.985
9606.ENSP00000494750,ACTB,PBRM1,0.984
9606.ENSP00000494750,ACTB,ITGB1,0.984
9606.ENSP00000494750,ACTB,VCL,0.984
9606.ENSP00000494750,ACTB,ARID2,0.983
9606.ENSP00000494750,ACTB,SMARCC2,0.983
9606.ENSP00000494750,ACTB,EZR,0.983
9606.ENSP00000494750,ACTB,PHF10,0.98
9606.ENSP00000494750,ACTB,KAT5,0.979
9606.ENSP00000494750,ACTB,WASL,0.979
9606.ENSP00000494750,ACTB,RHOA,0.978
9606.ENSP00000494750,ACTB,ACTR1A,0.977
9606.ENSP00000494750,ACTB,SMARCB1,0.977
9606.ENSP00000494750,ACTB,CAPZB,0.976
9606.ENSP00000494750,ACTB,ACTR3C,0.976
9606.ENSP00000494750,ACTB,CDC42,0.975
9606.ENSP00000494750,ACTB,ACTR3B,0.975
9606.ENSP00000494750,ACTB,MSN,0.975
9606.ENSP00000494750,ACTB,GAPDH,0.975
9606.ENSP00000494750,ACTB,ACTN2,0.974
9606.ENSP00000494750,ACTB,H4C6,0.973
9606.ENSP00000494750,ACTB,MYL6,0.973
9606.ENSP00000494750,ACTB,ACTN4,0.971
9606.ENSP00000494750,ACTB,PPARG,0.971
9606.ENSP00000494750,ACTB,DCTN1,0.971
9606.ENSP00000494750,ACTB,MYO1C,0.97
9606.ENSP00000494750,ACTB,ARPC3,0.968
9606.ENSP00000494750,ACTB,DMAP1,0.968
9606.ENSP00000494750,ACTB,ACTR2,0.968
9606.ENSP00000494750,ACTB,IGF2BP1,0.968
9606.ENSP00000494750,ACTB,HSP90AA1,0.967
9606.ENSP00000494750,ACTB,CASP7,0.967
9606.ENSP00000494750,ACTB,EP400,0.965
9606.ENSP00000494750,ACTB,CAPZA1,0.964
9606.ENSP00000494750,ACTB,ARPC2,0.962
9606.ENSP00000494750,ACTB,H3-3B,0.962
9606.ENSP00000494750,ACTB,MYL12B,0.962
9606.ENSP00000494750,ACTB,TMSB4X,0.961
9606.ENSP00000494750,ACTB,ARPC4,0.961
9606.ENSP00000494750,ACTB,MYH11,0.961
9606.ENSP00000494750,ACTB,H3C12,0.96
9606.ENSP00000494750,ACTB,TLN1,0.96
9606.ENSP00000494750,ACTB,TRRAP,0.96
9606.ENSP00000494750,ACTB,ARPC1B,0.958
9606.ENSP00000494750,ACTB,AFDN,0.958
9606.ENSP00000494750,ACTB,CTNNA1,0.957
9606.ENSP00000494750,ACTB,ACTR3,0.957
9606.ENSP00000494750,ACTB,PARVA,0.957
9606.ENSP00000494750,ACTB,MYH10,0.957
9606.ENSP00000494750,ACTB,TLN2,0.957
9606.ENSP00000494750,ACTB,VASP,0.955
9606.ENSP00000494750,ACTB,PRKCA,0.955
9606.ENSP00000494750,ACTB,HSPA8,0.955
9606.ENSP00000494750,ACTB,WAS,0.954
9606.ENSP00000494750,ACTB,SPTBN2,0.954
9606.ENSP00000494750,ACTB,ARPC5,0.952
9606.ENSP00000494750,ACTB,DMD,0.952
9606.ENSP00000494750,ACTB,BAIAP2,0.951
9606.ENSP00000494750,ACTB,MYL12A,0.951
9606.ENSP00000494750,ACTB,SYNPO,0.951
9606.ENSP00000494750,ACTB,ILK,0.951
9606.ENSP00000494750,ACTB,ANXA5,0.95
9606.ENSP00000494750,ACTB,DCTN2,0.95
9606.ENSP00000494750,ACTB,ACTL6B,0.95
9606.ENSP00000494750,ACTB,EEF1A1,0.95
9606.ENSP00000494750,ACTB,ITGB3,0.949
9606.ENSP00000494750,ACTB,NAA80,0.948
9606.ENSP00000494750,ACTB,MYL2,0.948
9606.ENSP00000494750,ACTB,EPC1,0.947
9606.ENSP00000494750,ACTB,ARID1B,0.947
9606.ENSP00000494750,ACTB,HCLS1,0.947
9606.ENSP00000494750,ACTB,ESR1,0.947
9606.ENSP00000494750,ACTB,ARPC1A,0.947
9606.ENSP00000494750,ACTB,CASP6,0.946
9606.ENSP00000494750,ACTB,DCTN4,0.945
9606.ENSP00000494750,ACTB,RDX,0.945
9606.ENSP00000494750,ACTB,MYL9,0.945
9606.ENSP00000494750,ACTB,ARPC5L,0.945
9606.ENSP00000494750,ACTB,H2BC21,0.943
9606.ENSP00000494750,ACTB,ZYX,0.942
9606.ENSP00000494750,ACTB,YEATS4,0.942
9606.ENSP00000494750,ACTB,MORF4L1,0.942
9606.ENSP00000494750,ACTB,WASF2,0.941
9606.ENSP00000494750,ACTB,DYNC1H1,0.938
9606.ENSP00000494750,ACTB,ITGA2B,0.937
9606.ENSP00000494750,ACTB,ITGB4,0.936
9606.ENSP00000494750,ACTB,DIAPH1,0.934
9606.ENSP00000494750,ACTB,MYL7,0.934
9606.ENSP00000494750,ACTB,ENAH,0.932
9606.ENSP00000494750,ACTB,ERBB2,0.932
9606.ENSP00000494750,ACTB,MEAF6,0.931
9606.ENSP00000494750,ACTB,MYLPF,0.931
9606.ENSP00000494750,ACTB,ITGB5,0.931
9606.ENSP00000494750,ACTB,KAT8,0.93
9606.ENSP00000494750,ACTB,ING3,0.93
9606.ENSP00000494750,ACTB,ITGB6,0.928
9606.ENSP00000494750,ACTB,BRD8,0.927
9606.ENSP00000494750,ACTB,MYL6B,0.926
9606.ENSP00000494750,ACTB,MBTD1,0.926
9606.ENSP00000494750,ACTB,PXDN,0.925
9606.ENSP00000494750,ACTB,PXDNL,0.924
9606.ENSP00000494750,ACTB,WASF1,0.924
9606.ENSP00000494750,ACTB,AKT1,0.923
9606.ENSP00000494750,ACTB,ITGB8,0.923
9606.ENSP00000494750,ACTB,DCTN5,0.922
9606.ENSP00000494750,ACTB,WASF3,0.921
9606.ENSP00000494750,ACTB,ITGB7,0.92
9606.ENSP00000494750,ACTB,THRA,0.92
9606.ENSP00000494750,ACTB,MYL10,0.917
9606.ENSP00000494750,ACTB,CTNNA2,0.917
9606.ENSP00000494750,ACTB,MYL5,0.916
9606.ENSP00000494750,ACTB,SETD3,0.916
9606.ENSP00000494750,ACTB,YY1,0.916
9606.ENSP00000494750,ACTB,DCTN6,0.916
9606.ENSP00000494750,ACTB,CTNNA3,0.915
9606.ENSP00000494750,ACTB,PARVB,0.915
9606.ENSP00000494750,ACTB,TUBGCP6,0.915
9606.ENSP00000494750,ACTB,PIP5K1A,0.915
9606.ENSP00000494750,ACTB,PIP5K1C,0.915
9606.ENSP00000494750,ACTB,MYH14,0.914
9606.ENSP00000494750,ACTB,ACTC1,0.914
9606.ENSP00000494750,ACTB,H3C3,0.913
9606.ENSP00000494750,ACTB,MSL3,0.912
9606.ENSP00000494750,ACTB,PIP5K1B,0.911
9606.ENSP00000494750,ACTB,HSP90AB1,0.911
9606.ENSP00000494750,ACTB,H3C6,0.911
9606.ENSP00000494750,ACTB,TMSB4Y,0.911
9606.ENSP00000494750,ACTB,WHAMM,0.911
9606.ENSP00000494750,ACTB,MSL1,0.91
9606.ENSP00000494750,ACTB,DSTN,0.91
9606.ENSP00000494750,ACTB,EVL,0.909
9606.ENSP00000494750,ACTB,MZT1,0.909
9606.ENSP00000494750,ACTB,YWHAB,0.908
9606.ENSP00000494750,ACTB,MSL2,0.908
9606.ENSP00000494750,ACTB,H3C2,0.908
9606.ENSP00000494750,ACTB,H3C4,0.908
9606.ENSP00000494750,ACTB,H3C11,0.907
9606.ENSP00000494750,ACTB,H3C10,0.906
9606.ENSP00000494750,ACTB,H3C1,0.906
9606.ENSP00000494750,ACTB,H3C8,0.906
9606.ENSP00000494750,ACTB,LMOD2,0.906
9606.ENSP00000494750,ACTB,CCT2,0.905
9606.ENSP00000494750,ACTB,H3C7,0.905
9606.ENSP00000494750,ACTB,TBP,0.905
9606.ENSP00000494750,ACTB,PARVG,0.905
9606.ENSP00000494750,ACTB,ARHGAP10,0.903
9606.ENSP00000494750,ACTB,SMARCD3,0.903
9606.ENSP00000494750,ACTB,H2BC4,0.903
9606.ENSP00000494750,ACTB,ACTR8,0.902
9606.ENSP00000494750,ACTB,H4C14,0.901
9606.ENSP00000494750,ACTB,ACTA1,0.901
9606.ENSP00000494750,ACTB,VPS72,0.901
9606.ENSP00000494750,ACTB,H4-16,0.901
9606.ENSP00000494750,ACTB,INO80C,0.901
9606.ENSP00000494750,ACTB,H4C4,0.9
9606.ENSP00000494750,ACTB,H4C5,0.9
9606.ENSP00000494750,ACTB,H4C3,0.9
9606.ENSP00000494750,ACTB,H4C2,0.9
9606.ENSP00000495274,AP3D1,AP3S1,0.999
9606.ENSP00000495274,AP3D1,AP3M1,0.999
9606.ENSP00000495274,AP3D1,AP3B1,0.999
9606.ENSP00000495274,AP3D1,AP3S2,0.997
9606.ENSP00000495274,AP3D1,AP3M2,0.996
9606.ENSP00000495274,AP3D1,AP3B2,0.979
9606.ENSP00000495274,AP3D1,AP4B1,0.912
9606.ENSP00000496166,ALDOA,GAPDH,0.999
9606.ENSP00000496166,ALDOA,TPI1,0.997
9606.ENSP00000496166,ALDOA,ALDOC,0.993
9606.ENSP00000496166,ALDOA,PFKL,0.992
9606.ENSP00000496166,ALDOA,PFKM,0.99
9606.ENSP00000496166,ALDOA,PFKP,0.988
9606.ENSP00000496166,ALDOA,ENO1,0.988
9606.ENSP00000496166,ALDOA,GPI,0.987
9606.ENSP00000496166,ALDOA,PKM,0.983
9606.ENSP00000496166,ALDOA,PGAM1,0.982
9606.ENSP00000496166,ALDOA,FBP1,0.977
9606.ENSP00000496166,ALDOA,GAPDHS,0.977
9606.ENSP00000496166,ALDOA,ALDOB,0.976
9606.ENSP00000496166,ALDOA,LDHA,0.973
9606.ENSP00000496166,ALDOA,TKT,0.973
9606.ENSP00000496166,ALDOA,ENO3,0.972
9606.ENSP00000496166,ALDOA,TALDO1,0.972
9606.ENSP00000496166,ALDOA,FBP2,0.97
9606.ENSP00000496166,ALDOA,PGAM4,0.969
9606.ENSP00000496166,ALDOA,TKTL2,0.969
9606.ENSP00000496166,ALDOA,TKTL1,0.968
9606.ENSP00000496166,ALDOA,PGK1,0.962
9606.ENSP00000496166,ALDOA,PGAM2,0.944
9606.ENSP00000496166,ALDOA,ENO2,0.942
9606.ENSP00000496166,ALDOA,HK1,0.939
9606.ENSP00000496166,ALDOA,KHK,0.935
9606.ENSP00000496166,ALDOA,PDHB,0.93
9606.ENSP00000496166,ALDOA,PKLR,0.928
9606.ENSP00000496166,ALDOA,DERA,0.924
9606.ENSP00000496166,ALDOA,HK2,0.921
9606.ENSP00000496166,ALDOA,TKFC,0.92
9606.ENSP00000496166,ALDOA,ADPGK,0.917
9606.ENSP00000496166,ALDOA,ENO4,0.912
9606.ENSP00000496166,ALDOA,BPGM,0.906
9606.ENSP00000496166,ALDOA,H6PD,0.905
9606.ENSP00000496168,BCL11A,RBBP4,0.991
9606.ENSP00000496168,BCL11A,BCL11B,0.989
9606.ENSP00000496168,BCL11A,ARID1A,0.975
9606.ENSP00000496168,BCL11A,SMARCC2,0.974
9606.ENSP00000496168,BCL11A,SMARCC1,0.97
9606.ENSP00000496168,BCL11A,ARID1B,0.967
9606.ENSP00000496168,BCL11A,BCL7A,0.965
9606.ENSP00000496168,BCL11A,SMARCB1,0.962
9606.ENSP00000496168,BCL11A,SMARCE1,0.957
9606.ENSP00000496168,BCL11A,HBG1,0.956
9606.ENSP00000496168,BCL11A,SMARCA4,0.956
9606.ENSP00000496168,BCL11A,ACTL6A,0.954
9606.ENSP00000496168,BCL11A,BRD9,0.952
9606.ENSP00000496168,BCL11A,SMARCA2,0.948
9606.ENSP00000496168,BCL11A,SOX6,0.942
9606.ENSP00000496168,BCL11A,BCL7C,0.934
9606.ENSP00000496168,BCL11A,SMARCD1,0.931
9606.ENSP00000496168,BCL11A,BCL7B,0.931
9606.ENSP00000496168,BCL11A,NR2F2,0.929
9606.ENSP00000496168,BCL11A,SMARCD2,0.923
9606.ENSP00000496168,BCL11A,MTA1,0.922
9606.ENSP00000496168,BCL11A,SMARCD3,0.921
9606.ENSP00000496168,BCL11A,BICRA,0.918
9606.ENSP00000496168,BCL11A,BICRAL,0.916
9606.ENSP00000496168,BCL11A,ARID2,0.916
9606.ENSP00000496168,BCL11A,HDAC1,0.913
9606.ENSP00000496168,BCL11A,RBBP7,0.909
9606.ENSP00000496168,BCL11A,SS18,0.908
9606.ENSP00000496695,ATXN3,VCP,0.999
9606.ENSP00000496695,ATXN3,RAD23A,0.999
9606.ENSP00000496695,ATXN3,RAD23B,0.997
9606.ENSP00000496695,ATXN3,PRKN,0.996
9606.ENSP00000496695,ATXN3,UBC,0.996
9606.ENSP00000496695,ATXN3,ITPR1,0.996
9606.ENSP00000496695,ATXN3,ATXN2,0.993
9606.ENSP00000496695,ATXN3,BECN1,0.989
9606.ENSP00000496695,ATXN3,STUB1,0.983
9606.ENSP00000496695,ATXN3,RPS27A,0.978
9606.ENSP00000496695,ATXN3,FOXO4,0.974
9606.ENSP00000496695,ATXN3,UBB,0.958
9606.ENSP00000496695,ATXN3,JOSD1,0.954
9606.ENSP00000496695,ATXN3,UBQLN1,0.943
9606.ENSP00000496695,ATXN3,UBA52,0.942
9606.ENSP00000496695,ATXN3,ITPR3,0.942
9606.ENSP00000496695,ATXN3,HDAC6,0.921
9606.ENSP00000496695,ATXN3,ATXN2L,0.917
9606.ENSP00000496695,ATXN3,BECN2,0.913
9606.ENSP00000496695,ATXN3,ATXN1,0.912
9606.ENSP00000496695,ATXN3,ITPR2,0.906
9606.ENSP00000496695,ATXN3,ATXN3L,0.903
9606.ENSP00000497784,ALOX12B,CYP4F2,0.929
9606.ENSP00000497784,ALOX12B,CYP4F3,0.921
9606.ENSP00000497784,ALOX12B,ALOX12,0.921
9606.ENSP00000497784,ALOX12B,PTGS2,0.92
9606.ENSP00000497784,ALOX12B,PTGS1,0.92
9606.ENSP00000497784,ALOX12B,NIPAL4,0.918
9606.ENSP00000497784,ALOX12B,ALOX15,0.918
9606.ENSP00000497784,ALOX12B,CYP4A22,0.917
9606.ENSP00000497784,ALOX12B,ALOX5,0.912
9606.ENSP00000497784,ALOX12B,CYP2J2,0.91
9606.ENSP00000497784,ALOX12B,CYP4A11,0.91
9606.ENSP00000497784,ALOX12B,CYP4F8,0.91
9606.ENSP00000497784,ALOX12B,CYP2U1,0.909
9606.ENSP00000497784,ALOX12B,ALOX15B,0.909
9606.ENSP00000497784,ALOX12B,TGM1,0.907
9606.ENSP00000497784,ALOX12B,CYP2E1,0.907
9606.ENSP00000497784,ALOX12B,CYP2C9,0.906
9606.ENSP00000497784,ALOX12B,CYP2C8,0.906
9606.ENSP00000497784,ALOX12B,CYP2C19,0.905
9606.ENSP00000497784,ALOX12B,CYP2B6,0.904
9606.ENSP00000497896,ATP8B1,TMEM30A,0.999
9606.ENSP00000497896,ATP8B1,TMEM30B,0.997
9606.ENSP00000497896,ATP8B1,ABCB11,0.991
9606.ENSP00000497896,ATP8B1,ABCB4,0.928
9606.ENSP00000497896,ATP8B1,ATP11A,0.914
9606.ENSP00000497896,ATP8B1,ATP10D,0.911
9606.ENSP00000497896,ATP8B1,ATP10B,0.91
9606.ENSP00000497896,ATP8B1,ATP10A,0.91
9606.ENSP00000497896,ATP8B1,ATP8A1,0.91
9606.ENSP00000497910,B2M,CD1C,0.999
9606.ENSP00000497910,B2M,HLA-E,0.999
9606.ENSP00000497910,B2M,CD1A,0.999
9606.ENSP00000497910,B2M,FCGRT,0.999
9606.ENSP00000497910,B2M,HLA-C,0.999
9606.ENSP00000497910,B2M,HLA-B,0.999
9606.ENSP00000497910,B2M,CD1D,0.999
9606.ENSP00000497910,B2M,PDIA3,0.999
9606.ENSP00000497910,B2M,HLA-A,0.999
9606.ENSP00000497910,B2M,HFE,0.999
9606.ENSP00000497910,B2M,HLA-G,0.999
9606.ENSP00000497910,B2M,HLA-F,0.999
9606.ENSP00000497910,B2M,LILRB1,0.999
9606.ENSP00000497910,B2M,CALR,0.999
9606.ENSP00000497910,B2M,TAPBP,0.999
9606.ENSP00000497910,B2M,CD1B,0.999
9606.ENSP00000497910,B2M,CD8A,0.998
9606.ENSP00000497910,B2M,TFRC,0.998
9606.ENSP00000497910,B2M,LILRB2,0.994
9606.ENSP00000497910,B2M,KLRC1,0.99
9606.ENSP00000497910,B2M,MR1,0.988
9606.ENSP00000497910,B2M,ALB,0.987
9606.ENSP00000497910,B2M,TAP1,0.984
9606.ENSP00000497910,B2M,KIR3DL1,0.983
9606.ENSP00000497910,B2M,KLRD1,0.98
9606.ENSP00000497910,B2M,CD247,0.977
9606.ENSP00000497910,B2M,TTR,0.968
9606.ENSP00000497910,B2M,TAP2,0.96
9606.ENSP00000497910,B2M,CST3,0.95
9606.ENSP00000497910,B2M,CD3G,0.943
9606.ENSP00000497910,B2M,CD80,0.939
9606.ENSP00000497910,B2M,TAPBPL,0.937
9606.ENSP00000497910,B2M,CD3E,0.935
9606.ENSP00000497910,B2M,IGLL5,0.934
9606.ENSP00000497910,B2M,CD3D,0.928
9606.ENSP00000497910,B2M,TRDV1,0.924
9606.ENSP00000497910,B2M,KIR2DL3,0.92
9606.ENSP00000497910,B2M,AMBP,0.915
9606.ENSP00000497910,B2M,APOA1,0.913
9606.ENSP00000497910,B2M,KLRC2,0.901
9606.ENSP00000497910,B2M,IGHV3-16,0.9
9606.ENSP00000498104,BCL10,CARD10,0.999
9606.ENSP00000498104,BCL10,IKBKG,0.999
9606.ENSP00000498104,BCL10,CARD11,0.999
9606.ENSP00000498104,BCL10,MALT1,0.999
9606.ENSP00000498104,BCL10,TRAF6,0.999
9606.ENSP00000498104,BCL10,CARD9,0.999
9606.ENSP00000498104,BCL10,CASP8,0.998
9606.ENSP00000498104,BCL10,IKBKB,0.996
9606.ENSP00000498104,BCL10,CHUK,0.994
9606.ENSP00000498104,BCL10,CARD14,0.988
9606.ENSP00000498104,BCL10,PRKCQ,0.973
9606.ENSP00000498104,BCL10,MAP3K7,0.972
9606.ENSP00000498104,BCL10,MAPK9,0.964
9606.ENSP00000498104,BCL10,MIB2,0.938
9606.ENSP00000498104,BCL10,BIRC3,0.935
9606.ENSP00000498104,BCL10,NFKB1,0.929
9606.ENSP00000498104,BCL10,MAPK3,0.927
9606.ENSP00000498104,BCL10,MAPK8,0.926
9606.ENSP00000498104,BCL10,MAPK14,0.921
9606.ENSP00000498104,BCL10,MAPK1,0.917
9606.ENSP00000498104,BCL10,MAPK13,0.916
9606.ENSP00000498104,BCL10,MAPK12,0.914
9606.ENSP00000498104,BCL10,MAPK11,0.911
9606.ENSP00000498104,BCL10,RNF181,0.902
9606.ENSP00000498217,ALX4,EXT2,0.912
9606.ENSP00000498246,ABCG2,ABCC2,0.979
9606.ENSP00000498246,ABCG2,ABCC1,0.971
9606.ENSP00000498260,ACSL6,FASN,0.948
9606.ENSP00000498260,ACSL6,CPT1A,0.946
9606.ENSP00000498374,ALPK1,TIFA,0.934
9606.ENSP00000498611,ANKRD36,ANKRD36C,0.999
9606.ENSP00000498611,ANKRD36,ANKRD36B,0.983
9606.ENSP00000499037,CBLB,ZAP70,0.996
9606.ENSP00000499037,CBLB,EGFR,0.995
9606.ENSP00000499037,CBLB,SH3KBP1,0.989
9606.ENSP00000499037,CBLB,UBC,0.98
9606.ENSP00000499037,CBLB,PIK3R1,0.974
9606.ENSP00000499037,CBLB,GRB2,0.965
9606.ENSP00000499037,CBLB,UBE2D2,0.965
9606.ENSP00000499037,CBLB,SYK,0.96
9606.ENSP00000499037,CBLB,CBL,0.948
9606.ENSP00000499037,CBLB,RPS27A,0.942
9606.ENSP00000499037,CBLB,LCK,0.94
9606.ENSP00000499037,CBLB,FYN,0.938
9606.ENSP00000499037,CBLB,PIK3R2,0.937
9606.ENSP00000499037,CBLB,INSR,0.919
9606.ENSP00000499037,CBLB,CBLC,0.913
9606.ENSP00000499037,CBLB,PIK3CD,0.908
9606.ENSP00000499037,CBLB,PIK3R3,0.906
9606.ENSP00000499037,CBLB,PIK3CA,0.904
9606.ENSP00000499037,CBLB,PIK3CB,0.904
9606.ENSP00000499037,CBLB,RAPGEF1,0.903
9606.ENSP00000499037,CBLB,SH2B2,0.903
9606.ENSP00000499037,CBLB,UBB,0.902
9606.ENSP00000499037,CBLB,UBA52,0.902
9606.ENSP00000499037,CBLB,CLEC7A,0.9
9606.ENSP00000499037,CBLB,CLEC6A,0.9
9606.ENSP00000500034,ATP8B2,TMEM30A,0.975
9606.ENSP00000500034,ATP8B2,TMEM30B,0.965
9606.ENSP00000500094,ATAD3B,NDUFAF1,0.994
9606.ENSP00000500094,ATAD3B,ECSIT,0.994
9606.ENSP00000500409,ARHGAP35,RASA1,0.999
9606.ENSP00000500409,ARHGAP35,RHOA,0.998
9606.ENSP00000500409,ARHGAP35,RND3,0.986
9606.ENSP00000500409,ARHGAP35,RND1,0.975
9606.ENSP00000500409,ARHGAP35,SRC,0.96
9606.ENSP00000500409,ARHGAP35,CTNND1,0.944
9606.ENSP00000500409,ARHGAP35,PTK6,0.941
9606.ENSP00000500409,ARHGAP35,RND2,0.931
9606.ENSP00000500409,ARHGAP35,THY1,0.908
9606.ENSP00000500409,ARHGAP35,ARHGAP5,0.906
9606.ENSP00000500582,AKT3,PHLPP2,0.996
9606.ENSP00000500582,AKT3,PHLPP1,0.993
9606.ENSP00000500582,AKT3,PIK3CA,0.984
9606.ENSP00000500582,AKT3,PIK3R1,0.977
9606.ENSP00000500582,AKT3,PIK3CG,0.973
9606.ENSP00000500582,AKT3,PIK3R3,0.973
9606.ENSP00000500582,AKT3,TSC2,0.968
9606.ENSP00000500582,AKT3,PIK3R2,0.967
9606.ENSP00000500582,AKT3,FOXO1,0.966
9606.ENSP00000500582,AKT3,MDM2,0.966
9606.ENSP00000500582,AKT3,FOXO3,0.966
9606.ENSP00000500582,AKT3,AKT2,0.965
9606.ENSP00000500582,AKT3,PIK3CB,0.964
9606.ENSP00000500582,AKT3,CDC37,0.963
9606.ENSP00000500582,AKT3,GSK3B,0.963
9606.ENSP00000500582,AKT3,AKT1S1,0.963
9606.ENSP00000500582,AKT3,CDKN1B,0.96
9606.ENSP00000500582,AKT3,MTOR,0.96
9606.ENSP00000500582,AKT3,RPTOR,0.959
9606.ENSP00000500582,AKT3,PRKCZ,0.959
9606.ENSP00000500582,AKT3,AKT1,0.958
9606.ENSP00000500582,AKT3,HSP90AB1,0.956
9606.ENSP00000500582,AKT3,HSP90AA1,0.954
9606.ENSP00000500582,AKT3,TP53,0.953
9606.ENSP00000500582,AKT3,FOXO4,0.953
9606.ENSP00000500582,AKT3,TSC1,0.952
9606.ENSP00000500582,AKT3,PIK3CD,0.95
9606.ENSP00000500582,AKT3,CDKN1A,0.95
9606.ENSP00000500582,AKT3,BCL2,0.947
9606.ENSP00000500582,AKT3,NKX3-1,0.943
9606.ENSP00000500582,AKT3,RPS6KB1,0.943
9606.ENSP00000500582,AKT3,ILK,0.942
9606.ENSP00000500582,AKT3,JUN,0.941
9606.ENSP00000500582,AKT3,PIK3R5,0.941
9606.ENSP00000500582,AKT3,RPS6KB2,0.939
9606.ENSP00000500582,AKT3,PDPK1,0.939
9606.ENSP00000500582,AKT3,GSK3A,0.937
9606.ENSP00000500582,AKT3,CASP9,0.937
9606.ENSP00000500582,AKT3,TCL1A,0.936
9606.ENSP00000500582,AKT3,TBC1D7,0.934
9606.ENSP00000500582,AKT3,BRCA1,0.934
9606.ENSP00000500582,AKT3,BCL2L1,0.931
9606.ENSP00000500582,AKT3,TBC1D4,0.93
9606.ENSP00000500582,AKT3,HSP90B1,0.93
9606.ENSP00000500582,AKT3,MAPK3,0.928
9606.ENSP00000500582,AKT3,MAPK1,0.927
9606.ENSP00000500582,AKT3,MAPK13,0.926
9606.ENSP00000500582,AKT3,MAPK14,0.925
9606.ENSP00000500582,AKT3,MAPK12,0.925
9606.ENSP00000500582,AKT3,MAPK11,0.925
9606.ENSP00000500582,AKT3,THEM4,0.922
9606.ENSP00000500582,AKT3,RAF1,0.922
9606.ENSP00000500582,AKT3,PIK3R6,0.921
9606.ENSP00000500582,AKT3,PDE3B,0.92
9606.ENSP00000500582,AKT3,MAP2K4,0.92
9606.ENSP00000500582,AKT3,BAD,0.92
9606.ENSP00000500582,AKT3,TCL1B,0.918
9606.ENSP00000500582,AKT3,IKBKG,0.918
9606.ENSP00000500582,AKT3,MAP3K8,0.917
9606.ENSP00000500582,AKT3,NOS3,0.917
9606.ENSP00000500582,AKT3,IKBKB,0.917
9606.ENSP00000500582,AKT3,CHUK,0.916
9606.ENSP00000500582,AKT3,PFKFB2,0.914
9606.ENSP00000500582,AKT3,GNRH1,0.911
9606.ENSP00000500582,AKT3,MAP3K5,0.911
9606.ENSP00000500582,AKT3,OGT,0.91
9606.ENSP00000500582,AKT3,TRIB3,0.91
9606.ENSP00000500582,AKT3,NOS2,0.904
9606.ENSP00000500582,AKT3,NR4A1,0.903
9606.ENSP00000500582,AKT3,CRTC2,0.902
9606.ENSP00000500582,AKT3,NOS1,0.9
9606.ENSP00000500582,AKT3,GNRH2,0.9
9606.ENSP00000500582,AKT3,MTCP1,0.9
9606.ENSP00000501245,CD1D,B2M,0.999
9606.ENSP00000501245,CD1D,TRDV1,0.928
9606.ENSP00000501245,CD1D,CD83,0.914
9606.ENSP00000501245,CD1D,CD4,0.911
9606.ENSP00000501245,CD1D,CD207,0.907
9606.ENSP00000009530,CD74,CD44,0.999
9606.ENSP00000009530,CD74,MIF,0.999
9606.ENSP00000009530,CD74,HLA-DRA,0.999
9606.ENSP00000009530,CD74,HLA-DQB1,0.997
9606.ENSP00000009530,CD74,FAU,0.997
9606.ENSP00000009530,CD74,HLA-DRB1,0.995
9606.ENSP00000009530,CD74,CXCR4,0.994
9606.ENSP00000009530,CD74,HLA-DMA,0.994
9606.ENSP00000009530,CD74,HLA-DQA1,0.994
9606.ENSP00000009530,CD74,CXCR2,0.994
9606.ENSP00000009530,CD74,CTSL,0.993
9606.ENSP00000009530,CD74,HLA-DPA1,0.993
9606.ENSP00000009530,CD74,HLA-DQA2,0.992
9606.ENSP00000009530,CD74,HLA-DRB5,0.986
9606.ENSP00000009530,CD74,RPS19,0.985
9606.ENSP00000009530,CD74,APP,0.985
9606.ENSP00000009530,CD74,RPLP0,0.983
9606.ENSP00000009530,CD74,RPS3,0.983
9606.ENSP00000009530,CD74,HLA-DPB1,0.982
9606.ENSP00000009530,CD74,RPL4,0.982
9606.ENSP00000009530,CD74,RPL5,0.982
9606.ENSP00000009530,CD74,RPS18,0.982
9606.ENSP00000009530,CD74,RPS9,0.982
9606.ENSP00000009530,CD74,HLA-DMB,0.982
9606.ENSP00000009530,CD74,RPS5,0.981
9606.ENSP00000009530,CD74,RPS20,0.981
9606.ENSP00000009530,CD74,CTSS,0.981
9606.ENSP00000009530,CD74,RPL23A,0.981
9606.ENSP00000009530,CD74,RPS15,0.981
9606.ENSP00000009530,CD74,RPS2,0.981
9606.ENSP00000009530,CD74,RPS24,0.981
9606.ENSP00000009530,CD74,RPL11,0.981
9606.ENSP00000009530,CD74,RPL36,0.981
9606.ENSP00000009530,CD74,RPL23,0.981
9606.ENSP00000009530,CD74,RPSA,0.981
9606.ENSP00000009530,CD74,RPS16,0.981
9606.ENSP00000009530,CD74,RPL38,0.981
9606.ENSP00000009530,CD74,RPS11,0.981
9606.ENSP00000009530,CD74,RPL14,0.981
9606.ENSP00000009530,CD74,RPL30,0.98
9606.ENSP00000009530,CD74,RPS7,0.98
9606.ENSP00000009530,CD74,RPS28,0.98
9606.ENSP00000009530,CD74,RPL8,0.98
9606.ENSP00000009530,CD74,RPL9,0.98
9606.ENSP00000009530,CD74,RPL6,0.98
9606.ENSP00000009530,CD74,RPL35,0.98
9606.ENSP00000009530,CD74,RPS3A,0.98
9606.ENSP00000009530,CD74,RPS13,0.98
9606.ENSP00000009530,CD74,RPS26,0.98
9606.ENSP00000009530,CD74,RPS29,0.98
9606.ENSP00000009530,CD74,RPS8,0.979
9606.ENSP00000009530,CD74,RPS21,0.979
9606.ENSP00000009530,CD74,RPS12,0.979
9606.ENSP00000009530,CD74,RPL34,0.979
9606.ENSP00000009530,CD74,RPS23,0.979
9606.ENSP00000009530,CD74,RPL29,0.979
9606.ENSP00000009530,CD74,RPL27,0.979
9606.ENSP00000009530,CD74,RPL32,0.979
9606.ENSP00000009530,CD74,RPL21,0.979
9606.ENSP00000009530,CD74,RPS17,0.978
9606.ENSP00000009530,CD74,RPS25,0.978
9606.ENSP00000009530,CD74,RPS6,0.978
9606.ENSP00000009530,CD74,RPL27A,0.978
9606.ENSP00000009530,CD74,RPL19,0.978
9606.ENSP00000009530,CD74,RPL31,0.978
9606.ENSP00000009530,CD74,RPL18,0.977
9606.ENSP00000009530,CD74,RPL15,0.977
9606.ENSP00000009530,CD74,RPL12,0.977
9606.ENSP00000009530,CD74,RPL28,0.977
9606.ENSP00000009530,CD74,RPL13,0.976
9606.ENSP00000009530,CD74,RACK1,0.976
9606.ENSP00000009530,CD74,RPL24,0.975
9606.ENSP00000009530,CD74,HLA-DOB,0.975
9606.ENSP00000009530,CD74,RPL37,0.975
9606.ENSP00000009530,CD74,RPL35A,0.975
9606.ENSP00000009530,CD74,RPL7A,0.974
9606.ENSP00000009530,CD74,RPS27A,0.974
9606.ENSP00000009530,CD74,UBA52,0.973
9606.ENSP00000009530,CD74,RPL18A,0.973
9606.ENSP00000009530,CD74,RPL37A,0.972
9606.ENSP00000009530,CD74,TUFM,0.972
9606.ENSP00000009530,CD74,MRPL36,0.971
9606.ENSP00000009530,CD74,MRPL12,0.971
9606.ENSP00000009530,CD74,MRPL17,0.971
9606.ENSP00000009530,CD74,MRPS16,0.97
9606.ENSP00000009530,CD74,MRPL21,0.969
9606.ENSP00000009530,CD74,MRPS6,0.969
9606.ENSP00000009530,CD74,MRPL19,0.969
9606.ENSP00000009530,CD74,MRPL32,0.968
9606.ENSP00000009530,CD74,MRPL9,0.968
9606.ENSP00000009530,CD74,MRPL33,0.967
9606.ENSP00000009530,CD74,PDCD11,0.967
9606.ENSP00000009530,CD74,HLA-DOA,0.966
9606.ENSP00000009530,CD74,HLA-DQB2,0.966
9606.ENSP00000009530,CD74,DDT,0.965
9606.ENSP00000009530,CD74,MRPL20,0.959
9606.ENSP00000009530,CD74,MRPS9,0.957
9606.ENSP00000009530,CD74,CTSB,0.954
9606.ENSP00000009530,CD74,MRPL27,0.951
9606.ENSP00000009530,CD74,FLT3LG,0.947
9606.ENSP00000009530,CD74,EEF2,0.945
9606.ENSP00000009530,CD74,RPL13A,0.943
9606.ENSP00000009530,CD74,EIF1AY,0.942
9606.ENSP00000009530,CD74,RPLP1,0.94
9606.ENSP00000009530,CD74,IFI35,0.94
9606.ENSP00000009530,CD74,IMP3,0.938
9606.ENSP00000009530,CD74,RPL26L1,0.937
9606.ENSP00000009530,CD74,MED1,0.937
9606.ENSP00000009530,CD74,RPL26,0.937
9606.ENSP00000009530,CD74,RPS27,0.937
9606.ENSP00000009530,CD74,RPL3,0.937
9606.ENSP00000009530,CD74,RPL7,0.936
9606.ENSP00000009530,CD74,RPL10A,0.935
9606.ENSP00000009530,CD74,RPL17,0.935
9606.ENSP00000009530,CD74,RPS10-NUDT3,0.935
9606.ENSP00000009530,CD74,RPS10,0.935
9606.ENSP00000009530,CD74,RPLP2,0.935
9606.ENSP00000009530,CD74,RPL17-C18orf32,0.935
9606.ENSP00000009530,CD74,RPS27L,0.934
9606.ENSP00000009530,CD74,CXorf66,0.934
9606.ENSP00000009530,CD74,RPL3L,0.934
9606.ENSP00000009530,CD74,EIF1AX,0.934
9606.ENSP00000009530,CD74,LGMN,0.932
9606.ENSP00000009530,CD74,RPL7L1,0.932
9606.ENSP00000009530,CD74,RPL39,0.931
9606.ENSP00000009530,CD74,RPL39L,0.931
9606.ENSP00000009530,CD74,FANCE,0.931
9606.ENSP00000009530,CD74,RPL10,0.93
9606.ENSP00000009530,CD74,RPL10L,0.93
9606.ENSP00000009530,CD74,RSRC1,0.927
9606.ENSP00000009530,CD74,RSAD1,0.923
9606.ENSP00000009530,CD74,MRNIP,0.909
9606.ENSP00000009530,CD74,DOCK4,0.909
9606.ENSP00000009530,CD74,EIF5B,0.908
9606.ENSP00000009530,CD74,AKNAD1,0.905
9606.ENSP00000009530,CD74,RPL22,0.905
9606.ENSP00000009530,CD74,RPL22L1,0.904
9606.ENSP00000027335,CDH17,CTNND1,0.999
9606.ENSP00000027335,CDH17,CTNNB1,0.999
9606.ENSP00000027335,CDH17,PECAM1,0.995
9606.ENSP00000027335,CDH17,NECTIN1,0.992
9606.ENSP00000027335,CDH17,CTNND2,0.991
9606.ENSP00000027335,CDH17,KDR,0.991
9606.ENSP00000027335,CDH17,VCL,0.99
9606.ENSP00000027335,CDH17,CTNNA1,0.983
9606.ENSP00000027335,CDH17,TJP1,0.95
9606.ENSP00000027335,CDH17,OCLN,0.949
9606.ENSP00000027335,CDH17,KLRG1,0.929
9606.ENSP00000027335,CDH17,DSP,0.927
9606.ENSP00000027335,CDH17,CTNNA2,0.927
9606.ENSP00000027335,CDH17,PSEN1,0.925
9606.ENSP00000035307,CHPF2,CSGALNACT2,0.936
9606.ENSP00000035307,CHPF2,CSGALNACT1,0.933
9606.ENSP00000078445,CREB3L3,CREB1,0.972
9606.ENSP00000078445,CREB3L3,CREB3,0.958
9606.ENSP00000078445,CREB3L3,MBTPS2,0.953
9606.ENSP00000078445,CREB3L3,CREB3L1,0.95
9606.ENSP00000078445,CREB3L3,PPARGC1A,0.95
9606.ENSP00000078445,CREB3L3,MBTPS1,0.945
9606.ENSP00000078445,CREB3L3,CRTC2,0.942
9606.ENSP00000078445,CREB3L3,CREB3L2,0.94
9606.ENSP00000078445,CREB3L3,GSK3B,0.935
9606.ENSP00000078445,CREB3L3,ATF4,0.935
9606.ENSP00000078445,CREB3L3,ATF6B,0.931
9606.ENSP00000078445,CREB3L3,CREB3L4,0.93
9606.ENSP00000078445,CREB3L3,CREB5,0.918
9606.ENSP00000078445,CREB3L3,MAPK3,0.915
9606.ENSP00000078445,CREB3L3,EP300,0.912
9606.ENSP00000078445,CREB3L3,CREM,0.911
9606.ENSP00000078445,CREB3L3,CREBBP,0.91
9606.ENSP00000078445,CREB3L3,ATF2,0.907
9606.ENSP00000078445,CREB3L3,MAPK1,0.907
9606.ENSP00000078445,CREB3L3,RPS6KA5,0.9
9606.ENSP00000078445,CREB3L3,CAMK4,0.9
9606.ENSP00000181839,CDK13,CCNK,0.999
9606.ENSP00000181839,CDK13,CCNT1,0.968
9606.ENSP00000181839,CDK13,CCNT2,0.963
9606.ENSP00000181839,CDK13,CDK12,0.954
9606.ENSP00000181839,CDK13,MMP23B,0.93
9606.ENSP00000181839,CDK13,SUPT5H,0.924
9606.ENSP00000181839,CDK13,CCNH,0.907
9606.ENSP00000181839,CDK13,POLR2A,0.903
9606.ENSP00000185206,CLIC5,TPRN,0.997
9606.ENSP00000185206,CLIC5,EZR,0.974
9606.ENSP00000185206,CLIC5,RDX,0.954
9606.ENSP00000185206,CLIC5,GRXCR2,0.931
9606.ENSP00000199389,EIF2AK1,EIF2S1,0.996
9606.ENSP00000199389,EIF2AK1,NFE2L2,0.914
9606.ENSP00000199389,EIF2AK1,IKBKB,0.909
9606.ENSP00000199389,EIF2AK1,IFIT1B,0.903
9606.ENSP00000199389,EIF2AK1,CHUK,0.903
9606.ENSP00000199389,EIF2AK1,IFIT1,0.903
9606.ENSP00000199389,EIF2AK1,IKBKG,0.902
9606.ENSP00000216492,CHGA,CHGB,0.994
9606.ENSP00000216492,CHGA,SCG3,0.99
9606.ENSP00000216492,CHGA,SCG2,0.954
9606.ENSP00000216492,CHGA,ENO2,0.941
9606.ENSP00000216492,CHGA,SYP,0.932
9606.ENSP00000216492,CHGA,SST,0.921
9606.ENSP00000217244,CSNK2A1,CSNK2B,0.999
9606.ENSP00000217244,CSNK2A1,CSNK2A2,0.993
9606.ENSP00000217244,CSNK2A1,OGT,0.982
9606.ENSP00000217244,CSNK2A1,HDAC2,0.972
9606.ENSP00000217244,CSNK2A1,PTEN,0.971
9606.ENSP00000217244,CSNK2A1,DVL1,0.968
9606.ENSP00000217244,CSNK2A1,HDAC1,0.961
9606.ENSP00000217244,CSNK2A1,TP53,0.959
9606.ENSP00000217244,CSNK2A1,RRP7A,0.955
9606.ENSP00000217244,CSNK2A1,SIN3A,0.95
9606.ENSP00000217244,CSNK2A1,DVL3,0.949
9606.ENSP00000217244,CSNK2A1,CSNK2B-2,0.944
9606.ENSP00000217244,CSNK2A1,DVL2,0.943
9606.ENSP00000217244,CSNK2A1,PRNP,0.939
9606.ENSP00000217244,CSNK2A1,SSRP1,0.936
9606.ENSP00000217244,CSNK2A1,CTNNB1,0.936
9606.ENSP00000217244,CSNK2A1,NFKBIA,0.929
9606.ENSP00000217244,CSNK2A1,SUPT16H,0.927
9606.ENSP00000217244,CSNK2A1,PCGF5,0.922
9606.ENSP00000217244,CSNK2A1,RNF2,0.911
9606.ENSP00000217244,CSNK2A1,NOL6,0.91
9606.ENSP00000217244,CSNK2A1,CHD4,0.909
9606.ENSP00000217244,CSNK2A1,FUNDC1,0.909
9606.ENSP00000217244,CSNK2A1,CSNK2A3,0.9
9606.ENSP00000220812,DKK4,LRP5,0.999
9606.ENSP00000220812,DKK4,LRP6,0.999
9606.ENSP00000220812,DKK4,KREMEN1,0.975
9606.ENSP00000220812,DKK4,WNT6,0.949
9606.ENSP00000220812,DKK4,WNT2B,0.937
9606.ENSP00000220812,DKK4,DKK1,0.927
9606.ENSP00000220812,DKK4,DKK2,0.913
9606.ENSP00000220812,DKK4,WNT3A,0.906
9606.ENSP00000220849,EIF3E,EIF3C,0.999
9606.ENSP00000220849,EIF3E,EIF3J,0.999
9606.ENSP00000220849,EIF3E,EIF3I,0.999
9606.ENSP00000220849,EIF3E,EIF3D,0.999
9606.ENSP00000220849,EIF3E,EIF3F,0.999
9606.ENSP00000220849,EIF3E,EIF3H,0.999
9606.ENSP00000220849,EIF3E,EIF3M,0.999
9606.ENSP00000220849,EIF3E,EIF3G,0.999
9606.ENSP00000220849,EIF3E,EIF3CL,0.999
9606.ENSP00000220849,EIF3E,EIF3K,0.999
9606.ENSP00000220849,EIF3E,EIF3A,0.999
9606.ENSP00000220849,EIF3E,EIF3L,0.999
9606.ENSP00000220849,EIF3E,EIF3B,0.999
9606.ENSP00000220849,EIF3E,FAU,0.995
9606.ENSP00000220849,EIF3E,EIF2S1,0.994
9606.ENSP00000220849,EIF3E,EIF4G1,0.994
9606.ENSP00000220849,EIF3E,RPS3,0.994
9606.ENSP00000220849,EIF3E,EIF2S3,0.992
9606.ENSP00000220849,EIF3E,EIF5,0.992
9606.ENSP00000220849,EIF3E,EIF1,0.991
9606.ENSP00000220849,EIF3E,RPS3A,0.99
9606.ENSP00000220849,EIF3E,RPS19,0.99
9606.ENSP00000220849,EIF3E,RPS2,0.987
9606.ENSP00000220849,EIF3E,EIF2S2,0.986
9606.ENSP00000220849,EIF3E,RPS26,0.986
9606.ENSP00000220849,EIF3E,PSMD12,0.986
9606.ENSP00000220849,EIF3E,RPS16,0.986
9606.ENSP00000220849,EIF3E,RACK1,0.986
9606.ENSP00000220849,EIF3E,EIF4A1,0.986
9606.ENSP00000220849,EIF3E,RPS8,0.986
9606.ENSP00000220849,EIF3E,RPS25,0.986
9606.ENSP00000220849,EIF3E,EIF1AX,0.985
9606.ENSP00000220849,EIF3E,RPS20,0.984
9606.ENSP00000220849,EIF3E,IFIT1,0.983
9606.ENSP00000220849,EIF3E,RPS18,0.983
9606.ENSP00000220849,EIF3E,RPS6,0.983
9606.ENSP00000220849,EIF3E,RPS23,0.982
9606.ENSP00000220849,EIF3E,RPS24,0.982
9606.ENSP00000220849,EIF3E,RPS11,0.978
9606.ENSP00000220849,EIF3E,RPS7,0.978
9606.ENSP00000220849,EIF3E,RPS27,0.975
9606.ENSP00000220849,EIF3E,RPS28,0.974
9606.ENSP00000220849,EIF3E,RPS15,0.974
9606.ENSP00000220849,EIF3E,RPSA,0.973
9606.ENSP00000220849,EIF3E,RPS27A,0.972
9606.ENSP00000220849,EIF3E,RPS4X,0.971
9606.ENSP00000220849,EIF3E,RPS10,0.968
9606.ENSP00000220849,EIF3E,RPS21,0.966
9606.ENSP00000220849,EIF3E,RPS13,0.965
9606.ENSP00000220849,EIF3E,RPS14,0.964
9606.ENSP00000220849,EIF3E,RPS12,0.964
9606.ENSP00000220849,EIF3E,RPS9,0.961
9606.ENSP00000220849,EIF3E,RPS5,0.961
9606.ENSP00000220849,EIF3E,ABCE1,0.956
9606.ENSP00000220849,EIF3E,RPS29,0.951
9606.ENSP00000220849,EIF3E,RPS15A,0.946
9606.ENSP00000220849,EIF3E,RPS17,0.943
9606.ENSP00000220849,EIF3E,MICALL1,0.939
9606.ENSP00000220849,EIF3E,COPS5,0.93
9606.ENSP00000220849,EIF3E,EIF1AY,0.923
9606.ENSP00000220849,EIF3E,IFIT1B,0.91
9606.ENSP00000221972,CD79A,CD79B,0.999
9606.ENSP00000221972,CD79A,LYN,0.999
9606.ENSP00000221972,CD79A,BLNK,0.998
9606.ENSP00000221972,CD79A,CD19,0.998
9606.ENSP00000221972,CD79A,IGLL1,0.997
9606.ENSP00000221972,CD79A,SYK,0.996
9606.ENSP00000221972,CD79A,VPREB1,0.994
9606.ENSP00000221972,CD79A,CXCL9,0.988
9606.ENSP00000221972,CD79A,CD22,0.985
9606.ENSP00000221972,CD79A,IGLL5,0.984
9606.ENSP00000221972,CD79A,IGHD,0.972
9606.ENSP00000221972,CD79A,LOC102723407,0.965
9606.ENSP00000221972,CD79A,BLK,0.956
9606.ENSP00000221972,CD79A,BTK,0.955
9606.ENSP00000221972,CD79A,PAX5,0.946
9606.ENSP00000221972,CD79A,MS4A1,0.935
9606.ENSP00000221972,CD79A,VPREB3,0.934
9606.ENSP00000221972,CD79A,FYN,0.932
9606.ENSP00000221972,CD79A,JCHAIN,0.921
9606.ENSP00000221972,CD79A,POU2AF1,0.913
9606.ENSP00000222005,CDC37,HSP90AA1,0.999
9606.ENSP00000222005,CDC37,HSP90AB1,0.999
9606.ENSP00000222005,CDC37,CDK4,0.999
9606.ENSP00000222005,CDC37,PTGES3,0.997
9606.ENSP00000222005,CDC37,PPP5C,0.995
9606.ENSP00000222005,CDC37,STIP1,0.995
9606.ENSP00000222005,CDC37,AKT1,0.995
9606.ENSP00000222005,CDC37,HSPA4,0.995
9606.ENSP00000222005,CDC37,RAF1,0.993
9606.ENSP00000222005,CDC37,BRAF,0.991
9606.ENSP00000222005,CDC37,PINK1,0.979
9606.ENSP00000222005,CDC37,CHUK,0.979
9606.ENSP00000222005,CDC37,HSP90B1,0.973
9606.ENSP00000222005,CDC37,AHSA1,0.968
9606.ENSP00000222005,CDC37,IKBKB,0.965
9606.ENSP00000222005,CDC37,CDK6,0.964
9606.ENSP00000222005,CDC37,AKT3,0.963
9606.ENSP00000222005,CDC37,TSC1,0.958
9606.ENSP00000222005,CDC37,DNAJB1,0.952
9606.ENSP00000222005,CDC37,AKT2,0.944
9606.ENSP00000222005,CDC37,CCT4,0.937
9606.ENSP00000222005,CDC37,CDK9,0.935
9606.ENSP00000222005,CDC37,CCT2,0.932
9606.ENSP00000222005,CDC37,CCT7,0.931
9606.ENSP00000222005,CDC37,CCT6A,0.931
9606.ENSP00000222005,CDC37,CCT8,0.929
9606.ENSP00000222005,CDC37,TCP1,0.929
9606.ENSP00000222005,CDC37,CCT5,0.928
9606.ENSP00000222005,CDC37,LRRK2,0.925
9606.ENSP00000222005,CDC37,CCT3,0.924
9606.ENSP00000222005,CDC37,IKBKG,0.921
9606.ENSP00000222005,CDC37,EGFR,0.917
9606.ENSP00000222005,CDC37,CCT6B,0.911
9606.ENSP00000222005,CDC37,DNAJC9,0.91
9606.ENSP00000222005,CDC37,PSMG1,0.902
9606.ENSP00000222005,CDC37,HSPA8,0.902
9606.ENSP00000222005,CDC37,PSMG2,0.9
9606.ENSP00000222139,EPOR,EPO,0.999
9606.ENSP00000222139,EPOR,JAK2,0.999
9606.ENSP00000222139,EPOR,NPTN,0.99
9606.ENSP00000222139,EPOR,STAT5A,0.989
9606.ENSP00000222139,EPOR,CSF2RB,0.985
9606.ENSP00000222139,EPOR,GRB2,0.978
9606.ENSP00000222139,EPOR,STAT5B,0.972
9606.ENSP00000222139,EPOR,THPO,0.97
9606.ENSP00000222139,EPOR,JAK1,0.968
9606.ENSP00000222139,EPOR,TFR2,0.946
9606.ENSP00000222139,EPOR,LOC102723407,0.945
9606.ENSP00000222139,EPOR,SOCS2,0.943
9606.ENSP00000222139,EPOR,JAK3,0.933
9606.ENSP00000222139,EPOR,PTPN6,0.923
9606.ENSP00000222139,EPOR,IRS2,0.919
9606.ENSP00000222139,EPOR,CISH,0.918
9606.ENSP00000222139,EPOR,IL3,0.91
9606.ENSP00000222139,EPOR,PIK3R1,0.909
9606.ENSP00000222139,EPOR,SHC1,0.908
9606.ENSP00000222139,EPOR,SOCS3,0.906
9606.ENSP00000222139,EPOR,LYN,0.904
9606.ENSP00000223398,CLIP2,CLASRP,0.974
9606.ENSP00000223398,CLIP2,CLASP2,0.967
9606.ENSP00000223398,CLIP2,CLASP1,0.935
9606.ENSP00000223398,CLIP2,GTF2IRD1,0.908
9606.ENSP00000224721,CDH23,USH1C,0.999
9606.ENSP00000224721,CDH23,PCDH15,0.999
9606.ENSP00000224721,CDH23,MYO7A,0.998
9606.ENSP00000224721,CDH23,USH1G,0.992
9606.ENSP00000224721,CDH23,ADGRV1,0.97
9606.ENSP00000224721,CDH23,USH2A,0.947
9606.ENSP00000224721,CDH23,WHRN,0.946
9606.ENSP00000224721,CDH23,ATP2B2,0.9
9606.ENSP00000225792,DDX5,DROSHA,0.999
9606.ENSP00000225792,DDX5,TP53,0.997
9606.ENSP00000225792,DDX5,DHX9,0.996
9606.ENSP00000225792,DDX5,DDX17,0.994
9606.ENSP00000225792,DDX5,DGCR8,0.993
9606.ENSP00000225792,DDX5,ESR1,0.973
9606.ENSP00000225792,DDX5,RBM39,0.971
9606.ENSP00000225792,DDX5,SMAD3,0.963
9606.ENSP00000225792,DDX5,HNRNPH1,0.96
9606.ENSP00000225792,DDX5,HDAC1,0.944
9606.ENSP00000225792,DDX5,HNRNPK,0.935
9606.ENSP00000225792,DDX5,EIF4A3,0.934
9606.ENSP00000225792,DDX5,ALYREF,0.929
9606.ENSP00000225792,DDX5,HNRNPA1,0.929
9606.ENSP00000225792,DDX5,HNRNPC,0.925
9606.ENSP00000225792,DDX5,WBP11,0.922
9606.ENSP00000225792,DDX5,DHX16,0.918
9606.ENSP00000225792,DDX5,EP300,0.917
9606.ENSP00000225792,DDX5,NANOG,0.916
9606.ENSP00000225792,DDX5,DDX39B,0.915
9606.ENSP00000225792,DDX5,SRRM2,0.912
9606.ENSP00000225792,DDX5,MTREX,0.909
9606.ENSP00000225792,DDX5,AGO2,0.907
9606.ENSP00000225792,DDX5,SF1,0.906
9606.ENSP00000225792,DDX5,UPF3B,0.905
9606.ENSP00000225792,DDX5,SF3B1,0.901
9606.ENSP00000225792,DDX5,NANOGP8,0.9
9606.ENSP00000225964,COL1A1,COL3A1,0.999
9606.ENSP00000225964,COL1A1,COL1A2,0.999
9606.ENSP00000225964,COL1A1,COL5A2,0.995
9606.ENSP00000225964,COL1A1,COL5A1,0.994
9606.ENSP00000225964,COL1A1,CD44,0.987
9606.ENSP00000225964,COL1A1,ITGB1,0.984
9606.ENSP00000225964,COL1A1,ITGA2,0.983
9606.ENSP00000225964,COL1A1,LUM,0.981
9606.ENSP00000225964,COL1A1,COL6A3,0.974
9606.ENSP00000225964,COL1A1,BGN,0.974
9606.ENSP00000225964,COL1A1,FN1,0.974
9606.ENSP00000225964,COL1A1,CRTAP,0.971
9606.ENSP00000225964,COL1A1,COL6A1,0.969
9606.ENSP00000225964,COL1A1,SPARC,0.968
9606.ENSP00000225964,COL1A1,COL11A1,0.965
9606.ENSP00000225964,COL1A1,RUNX2,0.955
9606.ENSP00000225964,COL1A1,COL6A2,0.954
9606.ENSP00000225964,COL1A1,P3H1,0.945
9606.ENSP00000225964,COL1A1,ITGA5,0.944
9606.ENSP00000225964,COL1A1,GP6,0.943
9606.ENSP00000225964,COL1A1,ADAMTS2,0.936
9606.ENSP00000225964,COL1A1,ITGB3,0.932
9606.ENSP00000225964,COL1A1,FBN1,0.929
9606.ENSP00000225964,COL1A1,ACTA2,0.928
9606.ENSP00000225964,COL1A1,DCN,0.923
9606.ENSP00000225964,COL1A1,SERPINH1,0.921
9606.ENSP00000225964,COL1A1,POSTN,0.903
9606.ENSP00000227348,CRTAM,CADM1,0.999
9606.ENSP00000227348,CRTAM,NECTIN2,0.925
9606.ENSP00000227451,DTX4,NLRP4,0.997
9606.ENSP00000228476,DAO,DAOA,0.987
9606.ENSP00000228476,DAO,GLDC,0.967
9606.ENSP00000228476,DAO,SARDH,0.966
9606.ENSP00000228476,DAO,AGXT,0.964
9606.ENSP00000228476,DAO,SHMT1,0.962
9606.ENSP00000228476,DAO,SHMT2,0.96
9606.ENSP00000228476,DAO,PIPOX,0.952
9606.ENSP00000228476,DAO,AGXT2,0.952
9606.ENSP00000228476,DAO,L3HYPDH,0.943
9606.ENSP00000228476,DAO,ALAS1,0.918
9606.ENSP00000228476,DAO,ALAS2,0.913
9606.ENSP00000228476,DAO,HAO1,0.91
9606.ENSP00000228476,DAO,GNMT,0.91
9606.ENSP00000228476,DAO,GATM,0.908
9606.ENSP00000228476,DAO,SRR,0.903
9606.ENSP00000228476,DAO,HAO2,0.903
9606.ENSP00000228872,CDKN1B,CDK4,0.999
9606.ENSP00000228872,CDKN1B,CDK6,0.999
9606.ENSP00000228872,CDKN1B,CCND3,0.999
9606.ENSP00000228872,CDKN1B,CCNE1,0.999
9606.ENSP00000228872,CDKN1B,CCND1,0.999
9606.ENSP00000228872,CDKN1B,SKP2,0.999
9606.ENSP00000228872,CDKN1B,CDK2,0.999
9606.ENSP00000228872,CDKN1B,CCNA1,0.999
9606.ENSP00000228872,CDKN1B,CCND2,0.999
9606.ENSP00000228872,CDKN1B,CCNA2,0.999
9606.ENSP00000228872,CDKN1B,CCNE2,0.998
9606.ENSP00000228872,CDKN1B,CKS1B,0.997
9606.ENSP00000228872,CDKN1B,CUL1,0.996
9606.ENSP00000228872,CDKN1B,AKT1,0.996
9606.ENSP00000228872,CDKN1B,CCNL2,0.995
9606.ENSP00000228872,CDKN1B,SKP1,0.994
9606.ENSP00000228872,CDKN1B,COPS5,0.992
9606.ENSP00000228872,CDKN1B,TP53,0.991
9606.ENSP00000228872,CDKN1B,RBX1,0.989
9606.ENSP00000228872,CDKN1B,SPDYA,0.983
9606.ENSP00000228872,CDKN1B,CDKN1A,0.982
9606.ENSP00000228872,CDKN1B,FOXO3,0.98
9606.ENSP00000228872,CDKN1B,CUL4A,0.98
9606.ENSP00000228872,CDKN1B,CDK1,0.978
9606.ENSP00000228872,CDKN1B,RHOA,0.977
9606.ENSP00000228872,CDKN1B,CCNB1,0.972
9606.ENSP00000228872,CDKN1B,XPO1,0.97
9606.ENSP00000228872,CDKN1B,UBC,0.967
9606.ENSP00000228872,CDKN1B,RPS27A,0.966
9606.ENSP00000228872,CDKN1B,AKT3,0.96
9606.ENSP00000228872,CDKN1B,CDKN2C,0.956
9606.ENSP00000228872,CDKN1B,AKT2,0.956
9606.ENSP00000228872,CDKN1B,UBB,0.953
9606.ENSP00000228872,CDKN1B,DDB1,0.952
9606.ENSP00000228872,CDKN1B,STMN1,0.951
9606.ENSP00000228872,CDKN1B,ARIH1,0.949
9606.ENSP00000228872,CDKN1B,UBA52,0.947
9606.ENSP00000228872,CDKN1B,CDKN1C,0.946
9606.ENSP00000228872,CDKN1B,CDK5,0.941
9606.ENSP00000228872,CDKN1B,CDKN2A,0.93
9606.ENSP00000228872,CDKN1B,COP1,0.928
9606.ENSP00000228872,CDKN1B,CUL4B,0.926
9606.ENSP00000228872,CDKN1B,CDKN2D,0.925
9606.ENSP00000228872,CDKN1B,DTL,0.924
9606.ENSP00000228872,CDKN1B,SFN,0.923
9606.ENSP00000228872,CDKN1B,CRBN,0.915
9606.ENSP00000228872,CDKN1B,DDB2,0.913
9606.ENSP00000228872,CDKN1B,AMBRA1,0.91
9606.ENSP00000228872,CDKN1B,CDK3,0.909
9606.ENSP00000228872,CDKN1B,DCAF7,0.908
9606.ENSP00000228872,CDKN1B,DCAF4,0.906
9606.ENSP00000228872,CDKN1B,DCAF1,0.906
9606.ENSP00000228872,CDKN1B,DCAF15,0.904
9606.ENSP00000228872,CDKN1B,TRPC4AP,0.902
9606.ENSP00000228872,CDKN1B,ERCC8,0.902
9606.ENSP00000228872,CDKN1B,DCAF12,0.901
9606.ENSP00000228872,CDKN1B,DCAF5,0.901
9606.ENSP00000228872,CDKN1B,DCAF13,0.9
9606.ENSP00000228872,CDKN1B,DCAF8,0.9
9606.ENSP00000228872,CDKN1B,DET1,0.9
9606.ENSP00000228872,CDKN1B,DCAF16,0.9
9606.ENSP00000228872,CDKN1B,DCAF11,0.9
9606.ENSP00000228872,CDKN1B,DDA1,0.9
9606.ENSP00000228872,CDKN1B,FBXW5,0.9
9606.ENSP00000228872,CDKN1B,DCAF6,0.9
9606.ENSP00000228872,CDKN1B,DCAF10,0.9
9606.ENSP00000228872,CDKN1B,DCAF17,0.9
9606.ENSP00000229266,CHPT1,PCYT1B,0.986
9606.ENSP00000229266,CHPT1,PCYT1A,0.984
9606.ENSP00000229266,CHPT1,PEMT,0.974
9606.ENSP00000229266,CHPT1,LPCAT2,0.962
9606.ENSP00000229266,CHPT1,LPCAT3,0.958
9606.ENSP00000229266,CHPT1,LPCAT1,0.958
9606.ENSP00000229266,CHPT1,PLPP2,0.958
9606.ENSP00000229266,CHPT1,PTDSS1,0.953
9606.ENSP00000229266,CHPT1,PLPP3,0.949
9606.ENSP00000229266,CHPT1,PLD2,0.944
9606.ENSP00000229266,CHPT1,PLD1,0.941
9606.ENSP00000229266,CHPT1,LPIN1,0.938
9606.ENSP00000229266,CHPT1,LPIN3,0.936
9606.ENSP00000229266,CHPT1,LPCAT4,0.933
9606.ENSP00000229266,CHPT1,LCAT,0.931
9606.ENSP00000229266,CHPT1,PLA2G7,0.929
9606.ENSP00000229266,CHPT1,LPIN2,0.928
9606.ENSP00000229266,CHPT1,PLD3,0.924
9606.ENSP00000229266,CHPT1,SELENOI,0.923
9606.ENSP00000229266,CHPT1,PLAAT3,0.919
9606.ENSP00000229266,CHPT1,PLPP4,0.919
9606.ENSP00000229266,CHPT1,PLPP5,0.919
9606.ENSP00000229266,CHPT1,PLD4,0.913
9606.ENSP00000229266,CHPT1,PAFAH2,0.913
9606.ENSP00000229266,CHPT1,PAFAH1B1,0.911
9606.ENSP00000229266,CHPT1,CEPT1,0.905
9606.ENSP00000229266,CHPT1,PAFAH1B2,0.9
9606.ENSP00000229266,CHPT1,PAFAH1B3,0.9
9606.ENSP00000229266,CHPT1,UGT8,0.9
9606.ENSP00000231948,CRBN,CUL4B,0.999
9606.ENSP00000231948,CRBN,DDB1,0.999
9606.ENSP00000231948,CRBN,RBX1,0.999
9606.ENSP00000231948,CRBN,IKZF1,0.999
9606.ENSP00000231948,CRBN,CUL4A,0.999
9606.ENSP00000231948,CRBN,IKZF3,0.999
9606.ENSP00000231948,CRBN,CSNK1A1,0.997
9606.ENSP00000231948,CRBN,GSPT1,0.99
9606.ENSP00000231948,CRBN,ZFP91,0.988
9606.ENSP00000231948,CRBN,BRD4,0.978
9606.ENSP00000231948,CRBN,DET1,0.965
9606.ENSP00000231948,CRBN,DCAF15,0.965
9606.ENSP00000231948,CRBN,DDB2,0.958
9606.ENSP00000231948,CRBN,DCAF16,0.956
9606.ENSP00000231948,CRBN,DDA1,0.938
9606.ENSP00000231948,CRBN,DCAF8,0.934
9606.ENSP00000231948,CRBN,DCAF6,0.925
9606.ENSP00000231948,CRBN,DTL,0.923
9606.ENSP00000231948,CRBN,DCAF11,0.922
9606.ENSP00000231948,CRBN,DCAF1,0.919
9606.ENSP00000231948,CRBN,TUSC3,0.918
9606.ENSP00000231948,CRBN,KCNMA1,0.917
9606.ENSP00000231948,CRBN,DCAF10,0.917
9606.ENSP00000231948,CRBN,CDKN1B,0.915
9606.ENSP00000231948,CRBN,DCAF5,0.914
9606.ENSP00000231948,CRBN,DCAF4,0.912
9606.ENSP00000231948,CRBN,DCAF12,0.909
9606.ENSP00000231948,CRBN,DCAF7,0.905
9606.ENSP00000231948,CRBN,TRPC4AP,0.905
9606.ENSP00000231948,CRBN,FBXW5,0.903
9606.ENSP00000231948,CRBN,COP1,0.901
9606.ENSP00000231948,CRBN,DCAF13,0.9
9606.ENSP00000231948,CRBN,DCAF17,0.9
9606.ENSP00000231948,CRBN,AMBRA1,0.9
9606.ENSP00000231948,CRBN,ERCC8,0.9
9606.ENSP00000233078,DAZAP1,DAZ1,0.949
9606.ENSP00000233078,DAZAP1,DAZAP2,0.938
9606.ENSP00000233078,DAZAP1,MSI1,0.911
9606.ENSP00000233078,DAZAP1,MSI2,0.909
9606.ENSP00000238146,DDX55,FTSJ3,0.984
9606.ENSP00000238146,DDX55,BOP1,0.984
9606.ENSP00000238146,DDX55,WDR12,0.977
9606.ENSP00000238146,DDX55,GTPBP4,0.972
9606.ENSP00000238146,DDX55,NOL12,0.962
9606.ENSP00000238146,DDX55,NOC3L,0.962
9606.ENSP00000238146,DDX55,NIFK,0.962
9606.ENSP00000238146,DDX55,NOC2L,0.957
9606.ENSP00000238146,DDX55,NOP2,0.951
9606.ENSP00000238146,DDX55,RSL24D1,0.949
9606.ENSP00000238146,DDX55,EBNA1BP2,0.948
9606.ENSP00000238146,DDX55,DDX18,0.946
9606.ENSP00000238146,DDX55,RSL1D1,0.945
9606.ENSP00000238146,DDX55,DDX56,0.942
9606.ENSP00000238146,DDX55,NSUN6,0.941
9606.ENSP00000238146,DDX55,PES1,0.936
9606.ENSP00000238146,DDX55,NIP7,0.933
9606.ENSP00000238146,DDX55,BRIX1,0.931
9606.ENSP00000238146,DDX55,NSA2,0.909
9606.ENSP00000238146,DDX55,MRTO4,0.903
9606.ENSP00000239938,EGR1,FOS,0.995
9606.ENSP00000239938,EGR1,NAB1,0.993
9606.ENSP00000239938,EGR1,NAB2,0.992
9606.ENSP00000239938,EGR1,JUN,0.99
9606.ENSP00000239938,EGR1,FOSB,0.987
9606.ENSP00000239938,EGR1,EGR2,0.98
9606.ENSP00000239938,EGR1,JUNB,0.97
9606.ENSP00000239938,EGR1,TP53,0.969
9606.ENSP00000239938,EGR1,MAPK3,0.963
9606.ENSP00000239938,EGR1,JUND,0.962
9606.ENSP00000239938,EGR1,CREB1,0.953
9606.ENSP00000239938,EGR1,EP300,0.952
9606.ENSP00000239938,EGR1,MAPK1,0.946
9606.ENSP00000239938,EGR1,PPARG,0.934
9606.ENSP00000239938,EGR1,IER2,0.908
9606.ENSP00000239938,EGR1,SRF,0.904
9606.ENSP00000240100,DUSP4,MAPK8,0.981
9606.ENSP00000240100,DUSP4,MAPK9,0.978
9606.ENSP00000240100,DUSP4,MAPK3,0.964
9606.ENSP00000240100,DUSP4,MAPK1,0.931
9606.ENSP00000240100,DUSP4,MAPK14,0.921
9606.ENSP00000240316,COIL,NOLC1,0.976
9606.ENSP00000240316,COIL,SMN1,0.97
9606.ENSP00000240316,COIL,FBL,0.947
9606.ENSP00000240316,COIL,ATXN1,0.912
9606.ENSP00000240316,COIL,SNRPB,0.911
9606.ENSP00000242480,EGR2,NAB2,0.994
9606.ENSP00000242480,EGR2,EGR3,0.987
9606.ENSP00000242480,EGR2,SOX10,0.986
9606.ENSP00000242480,EGR2,EGR1,0.98
9606.ENSP00000242480,EGR2,NAB1,0.978
9606.ENSP00000242480,EGR2,PRX,0.963
9606.ENSP00000242480,EGR2,FOS,0.963
9606.ENSP00000242480,EGR2,FOSB,0.948
9606.ENSP00000242480,EGR2,EP300,0.923
9606.ENSP00000242480,EGR2,CREBBP,0.92
9606.ENSP00000242480,EGR2,PMP22,0.916
9606.ENSP00000242480,EGR2,MAG,0.915
9606.ENSP00000242480,EGR2,MBP,0.91
9606.ENSP00000247191,DLGAP5,HMMR,0.999
9606.ENSP00000247191,DLGAP5,CEP55,0.999
9606.ENSP00000247191,DLGAP5,KIF11,0.997
9606.ENSP00000247191,DLGAP5,ASPM,0.994
9606.ENSP00000247191,DLGAP5,BUB1,0.986
9606.ENSP00000247191,DLGAP5,MELK,0.982
9606.ENSP00000247191,DLGAP5,CDC20,0.981
9606.ENSP00000247191,DLGAP5,BUB1B,0.981
9606.ENSP00000247191,DLGAP5,PBK,0.979
9606.ENSP00000247191,DLGAP5,TPX2,0.978
9606.ENSP00000247191,DLGAP5,TOP2A,0.978
9606.ENSP00000247191,DLGAP5,TTK,0.977
9606.ENSP00000247191,DLGAP5,CENPF,0.976
9606.ENSP00000247191,DLGAP5,KIF2C,0.975
9606.ENSP00000247191,DLGAP5,CCNB2,0.974
9606.ENSP00000247191,DLGAP5,CCNA2,0.97
9606.ENSP00000247191,DLGAP5,KIF20A,0.97
9606.ENSP00000247191,DLGAP5,UBE2C,0.968
9606.ENSP00000247191,DLGAP5,BIRC5,0.967
9606.ENSP00000247191,DLGAP5,AURKA,0.966
9606.ENSP00000247191,DLGAP5,NUSAP1,0.965
9606.ENSP00000247191,DLGAP5,CCNB1,0.965
9606.ENSP00000247191,DLGAP5,NUF2,0.964
9606.ENSP00000247191,DLGAP5,NEK2,0.963
9606.ENSP00000247191,DLGAP5,KIF4A,0.962
9606.ENSP00000247191,DLGAP5,CDKN3,0.962
9606.ENSP00000247191,DLGAP5,CDCA8,0.961
9606.ENSP00000247191,DLGAP5,CDK1,0.957
9606.ENSP00000247191,DLGAP5,CENPE,0.957
9606.ENSP00000247191,DLGAP5,NDC80,0.957
9606.ENSP00000247191,DLGAP5,KIF23,0.951
9606.ENSP00000247191,DLGAP5,CDCA3,0.951
9606.ENSP00000247191,DLGAP5,RRM2,0.95
9606.ENSP00000247191,DLGAP5,AURKB,0.95
9606.ENSP00000247191,DLGAP5,NCAPG,0.948
9606.ENSP00000247191,DLGAP5,HJURP,0.946
9606.ENSP00000247191,DLGAP5,CENPA,0.945
9606.ENSP00000247191,DLGAP5,KIF18A,0.945
9606.ENSP00000247191,DLGAP5,KIF15,0.937
9606.ENSP00000247191,DLGAP5,RACGAP1,0.935
9606.ENSP00000247191,DLGAP5,KIF14,0.933
9606.ENSP00000247191,DLGAP5,SPAG5,0.928
9606.ENSP00000247191,DLGAP5,CDCA5,0.921
9606.ENSP00000247191,DLGAP5,CDC45,0.921
9606.ENSP00000247191,DLGAP5,ZWINT,0.92
9606.ENSP00000247191,DLGAP5,KIFC1,0.915
9606.ENSP00000247191,DLGAP5,ANLN,0.914
9606.ENSP00000247191,DLGAP5,PTTG1,0.913
9606.ENSP00000247191,DLGAP5,MAD2L1,0.906
9606.ENSP00000247191,DLGAP5,MKI67,0.902
9606.ENSP00000249356,DNAJB9,HSPA5,0.985
9606.ENSP00000249356,DNAJB9,XBP1,0.952
9606.ENSP00000249356,DNAJB9,SIL1,0.949
9606.ENSP00000249356,DNAJB9,HYOU1,0.945
9606.ENSP00000251642,DHX58,IFIH1,0.999
9606.ENSP00000251642,DHX58,MAVS,0.998
9606.ENSP00000251642,DHX58,DDX58,0.997
9606.ENSP00000251642,DHX58,USP18,0.914
9606.ENSP00000251642,DHX58,ISG15,0.912
9606.ENSP00000251642,DHX58,IRF7,0.909
9606.ENSP00000251642,DHX58,IRF3,0.904
9606.ENSP00000251642,DHX58,DDX60,0.902
9606.ENSP00000252011,DHX35,PRPF19,0.917
9606.ENSP00000252050,CUL9,RBX1,0.995
9606.ENSP00000252050,CUL9,TP53,0.971
9606.ENSP00000252050,CUL9,CUL7,0.966
9606.ENSP00000253108,EIF3G,EIF5,0.999
9606.ENSP00000253108,EIF3G,EIF3B,0.999
9606.ENSP00000253108,EIF3G,EIF3A,0.999
9606.ENSP00000253108,EIF3G,EIF3L,0.999
9606.ENSP00000253108,EIF3G,EIF3F,0.999
9606.ENSP00000253108,EIF3G,EIF3E,0.999
9606.ENSP00000253108,EIF3G,EIF3M,0.999
9606.ENSP00000253108,EIF3G,EIF3H,0.999
9606.ENSP00000253108,EIF3G,EIF3K,0.999
9606.ENSP00000253108,EIF3G,EIF3C,0.999
9606.ENSP00000253108,EIF3G,EIF3J,0.999
9606.ENSP00000253108,EIF3G,EIF3D,0.999
9606.ENSP00000253108,EIF3G,EIF3I,0.999
9606.ENSP00000253108,EIF3G,EIF1,0.998
9606.ENSP00000253108,EIF3G,RPS3,0.998
9606.ENSP00000253108,EIF3G,EIF2S3,0.997
9606.ENSP00000253108,EIF3G,RPS20,0.996
9606.ENSP00000253108,EIF3G,EIF2S2,0.995
9606.ENSP00000253108,EIF3G,EIF4A1,0.994
9606.ENSP00000253108,EIF3G,EIF3CL,0.992
9606.ENSP00000253108,EIF3G,EIF2S1,0.992
9606.ENSP00000253108,EIF3G,RPS23,0.991
9606.ENSP00000253108,EIF3G,FAU,0.983
9606.ENSP00000253108,EIF3G,RACK1,0.98
9606.ENSP00000253108,EIF3G,RPS5,0.979
9606.ENSP00000253108,EIF3G,RPS2,0.979
9606.ENSP00000253108,EIF3G,EIF1AX,0.977
9606.ENSP00000253108,EIF3G,EIF4G1,0.977
9606.ENSP00000253108,EIF3G,RPS16,0.973
9606.ENSP00000253108,EIF3G,RPS15,0.97
9606.ENSP00000253108,EIF3G,RPS6,0.97
9606.ENSP00000253108,EIF3G,RPSA,0.969
9606.ENSP00000253108,EIF3G,RPS13,0.969
9606.ENSP00000253108,EIF3G,RPS11,0.968
9606.ENSP00000253108,EIF3G,RPS8,0.963
9606.ENSP00000253108,EIF3G,RPS3A,0.961
9606.ENSP00000253108,EIF3G,RPS7,0.96
9606.ENSP00000253108,EIF3G,RPS12,0.96
9606.ENSP00000253108,EIF3G,RPS28,0.957
9606.ENSP00000253108,EIF3G,RPS19,0.957
9606.ENSP00000253108,EIF3G,RPS26,0.957
9606.ENSP00000253108,EIF3G,RPS18,0.956
9606.ENSP00000253108,EIF3G,RPS9,0.955
9606.ENSP00000253108,EIF3G,RPS4X,0.951
9606.ENSP00000253108,EIF3G,RPS21,0.951
9606.ENSP00000253108,EIF3G,RPS25,0.95
9606.ENSP00000253108,EIF3G,RPS10,0.949
9606.ENSP00000253108,EIF3G,EIF1B,0.948
9606.ENSP00000253108,EIF3G,RPS24,0.947
9606.ENSP00000253108,EIF3G,RPS14,0.941
9606.ENSP00000253108,EIF3G,PAIP1,0.94
9606.ENSP00000253108,EIF3G,ABCE1,0.939
9606.ENSP00000253108,EIF3G,RPS29,0.932
9606.ENSP00000253108,EIF3G,RPS17,0.931
9606.ENSP00000253108,EIF3G,EIF4A2,0.929
9606.ENSP00000253108,EIF3G,RPS27,0.929
9606.ENSP00000253108,EIF3G,RPS15A,0.921
9606.ENSP00000253108,EIF3G,RPS27A,0.918
9606.ENSP00000253108,EIF3G,RPS10-NUDT3,0.914
9606.ENSP00000253108,EIF3G,SELENOP,0.905
9606.ENSP00000254322,DNAJB1,HSPA8,0.999
9606.ENSP00000254322,DNAJB1,HSP90AA1,0.999
9606.ENSP00000254322,DNAJB1,HSP90AB1,0.999
9606.ENSP00000254322,DNAJB1,HSPA4,0.999
9606.ENSP00000254322,DNAJB1,HSPA1B,0.998
9606.ENSP00000254322,DNAJB1,STIP1,0.997
9606.ENSP00000254322,DNAJB1,BAG1,0.991
9606.ENSP00000254322,DNAJB1,HSPH1,0.99
9606.ENSP00000254322,DNAJB1,HSPA1A,0.989
9606.ENSP00000254322,DNAJB1,HSPA6,0.984
9606.ENSP00000254322,DNAJB1,STUB1,0.979
9606.ENSP00000254322,DNAJB1,DNAJC3,0.976
9606.ENSP00000254322,DNAJB1,HSPA1L,0.969
9606.ENSP00000254322,DNAJB1,NUDC,0.967
9606.ENSP00000254322,DNAJB1,HSPA2,0.967
9606.ENSP00000254322,DNAJB1,GRPEL1,0.963
9606.ENSP00000254322,DNAJB1,FKBP4,0.957
9606.ENSP00000254322,DNAJB1,HSPBP1,0.954
9606.ENSP00000254322,DNAJB1,HSPA4L,0.952
9606.ENSP00000254322,DNAJB1,HSPA9,0.952
9606.ENSP00000254322,DNAJB1,CDC37,0.952
9606.ENSP00000254322,DNAJB1,TP53,0.951
9606.ENSP00000254322,DNAJB1,HSPA5,0.95
9606.ENSP00000254322,DNAJB1,MAPKAPK5,0.947
9606.ENSP00000254322,DNAJB1,DNAJA1,0.944
9606.ENSP00000254322,DNAJB1,ST13,0.943
9606.ENSP00000254322,DNAJB1,FKBP5,0.936
9606.ENSP00000254322,DNAJB1,HTT,0.93
9606.ENSP00000254322,DNAJB1,CLPB,0.927
9606.ENSP00000254322,DNAJB1,DNAJA2,0.917
9606.ENSP00000254322,DNAJB1,HSPB8,0.916
9606.ENSP00000254322,DNAJB1,HSF1,0.906
9606.ENSP00000254337,DCAF15,RBM39,0.999
9606.ENSP00000254337,DCAF15,DDB1,0.999
9606.ENSP00000254337,DCAF15,DDA1,0.998
9606.ENSP00000254337,DCAF15,CUL4A,0.987
9606.ENSP00000254337,DCAF15,CUL4B,0.978
9606.ENSP00000254337,DCAF15,CRBN,0.965
9606.ENSP00000254337,DCAF15,DCAF16,0.959
9606.ENSP00000254337,DCAF15,RBX1,0.957
9606.ENSP00000254337,DCAF15,DCAF8,0.952
9606.ENSP00000254337,DCAF15,DCAF4,0.95
9606.ENSP00000254337,DCAF15,DCAF1,0.944
9606.ENSP00000254337,DCAF15,DCAF10,0.933
9606.ENSP00000254337,DCAF15,DCAF11,0.93
9606.ENSP00000254337,DCAF15,DCAF5,0.927
9606.ENSP00000254337,DCAF15,DTL,0.925
9606.ENSP00000254337,DCAF15,DDB2,0.917
9606.ENSP00000254337,DCAF15,DCAF12,0.914
9606.ENSP00000254337,DCAF15,DCAF7,0.911
9606.ENSP00000254337,DCAF15,DCAF13,0.908
9606.ENSP00000254337,DCAF15,AMBRA1,0.906
9606.ENSP00000254337,DCAF15,DCAF6,0.905
9606.ENSP00000254337,DCAF15,FBXW5,0.904
9606.ENSP00000254337,DCAF15,CDKN1B,0.904
9606.ENSP00000254337,DCAF15,TRPC4AP,0.903
9606.ENSP00000254337,DCAF15,DCAF17,0.902
9606.ENSP00000254337,DCAF15,ERCC8,0.9
9606.ENSP00000254337,DCAF15,COP1,0.9
9606.ENSP00000254337,DCAF15,DET1,0.9
9606.ENSP00000255030,CRP,CFH,0.996
9606.ENSP00000255030,CRP,FCGR2A,0.992
9606.ENSP00000255030,CRP,CFHR4,0.985
9606.ENSP00000255030,CRP,C3,0.985
9606.ENSP00000255030,CRP,IL6,0.968
9606.ENSP00000255030,CRP,OLR1,0.965
9606.ENSP00000255030,CRP,TNF,0.938
9606.ENSP00000255030,CRP,ALB,0.928
9606.ENSP00000255030,CRP,GPT,0.919
9606.ENSP00000255030,CRP,LEP,0.914
9606.ENSP00000255030,CRP,APCS,0.907
9606.ENSP00000255030,CRP,F2,0.906
9606.ENSP00000255030,CRP,MBL2,0.906
9606.ENSP00000255030,CRP,HP,0.902
9606.ENSP00000256497,EDEM1,DNAJC10,0.998
9606.ENSP00000256497,EDEM1,SEL1L,0.989
9606.ENSP00000256497,EDEM1,CANX,0.986
9606.ENSP00000256497,EDEM1,XBP1,0.976
9606.ENSP00000256497,EDEM1,DERL2,0.96
9606.ENSP00000256497,EDEM1,HSPA5,0.957
9606.ENSP00000256497,EDEM1,OS9,0.952
9606.ENSP00000256497,EDEM1,MAN2C1,0.942
9606.ENSP00000256497,EDEM1,EDEM3,0.938
9606.ENSP00000256497,EDEM1,DERL3,0.931
9606.ENSP00000256497,EDEM1,EDEM2,0.918
9606.ENSP00000256497,EDEM1,ERLEC1,0.91
9606.ENSP00000256497,EDEM1,CALR,0.903
9606.ENSP00000256509,CHL1,CNTN6,0.984
9606.ENSP00000256509,CHL1,ANK1,0.958
9606.ENSP00000256509,CHL1,NRP1,0.949
9606.ENSP00000256509,CHL1,HSPA8,0.905
9606.ENSP00000256996,DDB2,CUL4A,0.999
9606.ENSP00000256996,DDB2,DDB1,0.999
9606.ENSP00000256996,DDB2,RBX1,0.999
9606.ENSP00000256996,DDB2,CUL4B,0.998
9606.ENSP00000256996,DDB2,XPA,0.989
9606.ENSP00000256996,DDB2,USP24,0.986
9606.ENSP00000256996,DDB2,XPC,0.982
9606.ENSP00000256996,DDB2,DET1,0.982
9606.ENSP00000256996,DDB2,DTL,0.98
9606.ENSP00000256996,DDB2,TP53,0.979
9606.ENSP00000256996,DDB2,DDA1,0.971
9606.ENSP00000256996,DDB2,COPS2,0.969
9606.ENSP00000256996,DDB2,DCAF1,0.967
9606.ENSP00000256996,DDB2,COPS5,0.962
9606.ENSP00000256996,DDB2,H3C12,0.962
9606.ENSP00000256996,DDB2,ERCC8,0.96
9606.ENSP00000256996,DDB2,CRBN,0.958
9606.ENSP00000256996,DDB2,COPS6,0.951
9606.ENSP00000256996,DDB2,DCAF4,0.951
9606.ENSP00000256996,DDB2,COP1,0.951
9606.ENSP00000256996,DDB2,COPS4,0.949
9606.ENSP00000256996,DDB2,DCAF6,0.948
9606.ENSP00000256996,DDB2,H2AC8,0.948
9606.ENSP00000256996,DDB2,DCAF5,0.945
9606.ENSP00000256996,DDB2,COPS8,0.945
9606.ENSP00000256996,DDB2,COPS7A,0.941
9606.ENSP00000256996,DDB2,DCAF12,0.939
9606.ENSP00000256996,DDB2,DCAF13,0.934
9606.ENSP00000256996,DDB2,DCAF8,0.932
9606.ENSP00000256996,DDB2,DCAF11,0.932
9606.ENSP00000256996,DDB2,H3C1,0.931
9606.ENSP00000256996,DDB2,H4C6,0.93
9606.ENSP00000256996,DDB2,RAD23B,0.929
9606.ENSP00000256996,DDB2,DCAF10,0.925
9606.ENSP00000256996,DDB2,H3C3,0.921
9606.ENSP00000256996,DDB2,H3C6,0.919
9606.ENSP00000256996,DDB2,COPS3,0.917
9606.ENSP00000256996,DDB2,CETN2,0.917
9606.ENSP00000256996,DDB2,DCAF15,0.917
9606.ENSP00000256996,DDB2,COPS7B,0.916
9606.ENSP00000256996,DDB2,TRPC4AP,0.915
9606.ENSP00000256996,DDB2,ERCC2,0.915
9606.ENSP00000256996,DDB2,FBXW5,0.915
9606.ENSP00000256996,DDB2,CDKN1B,0.913
9606.ENSP00000256996,DDB2,DCAF7,0.912
9606.ENSP00000256996,DDB2,H3C4,0.909
9606.ENSP00000256996,DDB2,GPS1,0.908
9606.ENSP00000256996,DDB2,H3C7,0.907
9606.ENSP00000256996,DDB2,H3C8,0.907
9606.ENSP00000256996,DDB2,H3C11,0.907
9606.ENSP00000256996,DDB2,H3C10,0.907
9606.ENSP00000256996,DDB2,H3C2,0.907
9606.ENSP00000256996,DDB2,AMBRA1,0.906
9606.ENSP00000256996,DDB2,DCAF16,0.901
9606.ENSP00000256996,DDB2,DCAF17,0.9
9606.ENSP00000257192,DSG1,DSC1,0.998
9606.ENSP00000257192,DSG1,DSP,0.998
9606.ENSP00000257192,DSG1,CDSN,0.995
9606.ENSP00000257192,DSG1,PKP1,0.994
9606.ENSP00000257192,DSG1,JUP,0.981
9606.ENSP00000257192,DSG1,PKP2,0.959
9606.ENSP00000257192,DSG1,FLG,0.941
9606.ENSP00000257192,DSG1,PKP3,0.935
9606.ENSP00000257192,DSG1,DSC3,0.933
9606.ENSP00000257192,DSG1,PPL,0.921
9606.ENSP00000257192,DSG1,EVPL,0.915
9606.ENSP00000257192,DSG1,KRT1,0.915
9606.ENSP00000257198,DSC1,DSG1,0.998
9606.ENSP00000257198,DSC1,CDSN,0.997
9606.ENSP00000257198,DSC1,DSP,0.959
9606.ENSP00000257198,DSC1,JUP,0.913
9606.ENSP00000257198,DSC1,PKP1,0.905
9606.ENSP00000257600,DTX1,NOTCH1,0.984
9606.ENSP00000257600,DTX1,NOTCH2,0.918
9606.ENSP00000257904,CDK4,CCNL2,0.999
9606.ENSP00000257904,CDK4,CDKN2D,0.999
9606.ENSP00000257904,CDK4,RB1,0.999
9606.ENSP00000257904,CDK4,CCND1,0.999
9606.ENSP00000257904,CDK4,CDKN2A,0.999
9606.ENSP00000257904,CDK4,CCNA2,0.999
9606.ENSP00000257904,CDK4,CDKN1B,0.999
9606.ENSP00000257904,CDK4,CCND2,0.999
9606.ENSP00000257904,CDK4,CCND3,0.999
9606.ENSP00000257904,CDK4,CDKN1A,0.999
9606.ENSP00000257904,CDK4,CDKN2C,0.999
9606.ENSP00000257904,CDK4,CDK6,0.999
9606.ENSP00000257904,CDK4,CDKN2B,0.999
9606.ENSP00000257904,CDK4,CDC37,0.999
9606.ENSP00000257904,CDK4,CCNE1,0.999
9606.ENSP00000257904,CDK4,HSP90AB1,0.999
9606.ENSP00000257904,CDK4,CDK2,0.998
9606.ENSP00000257904,CDK4,HSP90AA1,0.998
9606.ENSP00000257904,CDK4,PCNA,0.996
9606.ENSP00000257904,CDK4,CDKN1C,0.994
9606.ENSP00000257904,CDK4,CEBPA,0.991
9606.ENSP00000257904,CDK4,CCNA1,0.988
9606.ENSP00000257904,CDK4,CCNE2,0.988
9606.ENSP00000257904,CDK4,RBL2,0.986
9606.ENSP00000257904,CDK4,CDC25A,0.979
9606.ENSP00000257904,CDK4,PSMD10,0.972
9606.ENSP00000257904,CDK4,BRCA1,0.972
9606.ENSP00000257904,CDK4,MYC,0.966
9606.ENSP00000257904,CDK4,TP53,0.966
9606.ENSP00000257904,CDK4,YBX3,0.964
9606.ENSP00000257904,CDK4,E2F1,0.958
9606.ENSP00000257904,CDK4,BRCA2,0.943
9606.ENSP00000257904,CDK4,RBL1,0.941
9606.ENSP00000257904,CDK4,CCNB1,0.94
9606.ENSP00000257904,CDK4,ATM,0.937
9606.ENSP00000257904,CDK4,PRMT5,0.933
9606.ENSP00000257904,CDK4,RAD51,0.913
9606.ENSP00000257904,CDK4,SYMPK,0.908
9606.ENSP00000258443,EDAR,EDA,0.999
9606.ENSP00000258443,EDAR,EDARADD,0.999
9606.ENSP00000258443,EDAR,SLC24A5,0.902
9606.ENSP00000259371,DAB2IP,MAP3K5,0.995
9606.ENSP00000259371,DAB2IP,DAB2,0.992
9606.ENSP00000259371,DAB2IP,TRAF2,0.969
9606.ENSP00000259371,DAB2IP,TNFRSF1B,0.901
9606.ENSP00000259512,DERL1,SEL1L,0.999
9606.ENSP00000259512,DERL1,VCP,0.999
9606.ENSP00000259512,DERL1,SYVN1,0.999
9606.ENSP00000259512,DERL1,AMFR,0.999
9606.ENSP00000259512,DERL1,UFD1,0.995
9606.ENSP00000259512,DERL1,SELENOS,0.991
9606.ENSP00000259512,DERL1,DERL2,0.989
9606.ENSP00000259512,DERL1,OS9,0.985
9606.ENSP00000259512,DERL1,ERLEC1,0.985
9606.ENSP00000259512,DERL1,HSPA5,0.982
9606.ENSP00000259512,DERL1,RNF5,0.978
9606.ENSP00000259512,DERL1,NPLOC4,0.967
9606.ENSP00000259512,DERL1,DERL3,0.966
9606.ENSP00000259512,DERL1,SOD1,0.964
9606.ENSP00000259512,DERL1,TMEM129,0.947
9606.ENSP00000259512,DERL1,HM13,0.939
9606.ENSP00000259512,DERL1,RNF139,0.931
9606.ENSP00000259512,DERL1,FAF2,0.93
9606.ENSP00000259512,DERL1,MARCHF6,0.924
9606.ENSP00000259512,DERL1,UBXN1,0.919
9606.ENSP00000259512,DERL1,CFTR,0.917
9606.ENSP00000259512,DERL1,NSFL1C,0.914
9606.ENSP00000259512,DERL1,SEC61A1,0.909
9606.ENSP00000259512,DERL1,NGLY1,0.905
9606.ENSP00000259512,DERL1,UBE2J1,0.901
9606.ENSP00000259512,DERL1,UBE2J2,0.901
9606.ENSP00000260184,DDX60L,FAU,0.931
9606.ENSP00000260682,CYP2C9,CYP2C19,0.988
9606.ENSP00000260682,CYP2C9,VKORC1,0.98
9606.ENSP00000260682,CYP2C9,CYP3A4,0.98
9606.ENSP00000260682,CYP2C9,CYP4F2,0.974
9606.ENSP00000260682,CYP2C9,CYP3A7,0.971
9606.ENSP00000260682,CYP2C9,EPHX2,0.967
9606.ENSP00000260682,CYP2C9,AOX1,0.964
9606.ENSP00000260682,CYP2C9,CYP1A1,0.964
9606.ENSP00000260682,CYP2C9,UGT1A6,0.964
9606.ENSP00000260682,CYP2C9,EPHX1,0.963
9606.ENSP00000260682,CYP2C9,ENSP00000480571,0.962
9606.ENSP00000260682,CYP2C9,CYP3A5,0.96
9606.ENSP00000260682,CYP2C9,PPIG,0.956
9606.ENSP00000260682,CYP2C9,ALOX5,0.955
9606.ENSP00000260682,CYP2C9,CYP4A11,0.955
9606.ENSP00000260682,CYP2C9,CYP4F3,0.952
9606.ENSP00000260682,CYP2C9,GSTM1,0.951
9606.ENSP00000260682,CYP2C9,GSTP1,0.951
9606.ENSP00000260682,CYP2C9,FMO3,0.948
9606.ENSP00000260682,CYP2C9,HPGDS,0.948
9606.ENSP00000260682,CYP2C9,GSTA1,0.947
9606.ENSP00000260682,CYP2C9,CYP1A2,0.947
9606.ENSP00000260682,CYP2C9,CYP2A6,0.946
9606.ENSP00000260682,CYP2C9,CYP4A22,0.945
9606.ENSP00000260682,CYP2C9,CYP26A1,0.943
9606.ENSP00000260682,CYP2C9,CYP4F8,0.942
9606.ENSP00000260682,CYP2C9,CYP26B1,0.938
9606.ENSP00000260682,CYP2C9,UGT1A4,0.937
9606.ENSP00000260682,CYP2C9,UGT1A8,0.936
9606.ENSP00000260682,CYP2C9,CYP2E1,0.936
9606.ENSP00000260682,CYP2C9,PTGS2,0.936
9606.ENSP00000260682,CYP2C9,PTGS1,0.936
9606.ENSP00000260682,CYP2C9,UGT1A1,0.932
9606.ENSP00000260682,CYP2C9,GSTA2,0.931
9606.ENSP00000260682,CYP2C9,GSTM3,0.931
9606.ENSP00000260682,CYP2C9,UGT1A10,0.93
9606.ENSP00000260682,CYP2C9,UGT2B4,0.929
9606.ENSP00000260682,CYP2C9,CYP2C8,0.928
9606.ENSP00000260682,CYP2C9,ALDH1A1,0.928
9606.ENSP00000260682,CYP2C9,UGT2B7,0.928
9606.ENSP00000260682,CYP2C9,UGT1A7,0.928
9606.ENSP00000260682,CYP2C9,FMO4,0.925
9606.ENSP00000260682,CYP2C9,CYP26C1,0.925
9606.ENSP00000260682,CYP2C9,CYP2J2,0.925
9606.ENSP00000260682,CYP2C9,FMO1,0.925
9606.ENSP00000260682,CYP2C9,ALDH1A3,0.923
9606.ENSP00000260682,CYP2C9,FMO5,0.922
9606.ENSP00000260682,CYP2C9,SLCO1B1,0.922
9606.ENSP00000260682,CYP2C9,CYP2U1,0.922
9606.ENSP00000260682,CYP2C9,FMO2,0.921
9606.ENSP00000260682,CYP2C9,GSTM2,0.921
9606.ENSP00000260682,CYP2C9,ALOX15,0.921
9606.ENSP00000260682,CYP2C9,CYP2B6,0.921
9606.ENSP00000260682,CYP2C9,GSTT2B,0.92
9606.ENSP00000260682,CYP2C9,GSTA5,0.92
9606.ENSP00000260682,CYP2C9,ALOX12,0.919
9606.ENSP00000260682,CYP2C9,GSTA3,0.917
9606.ENSP00000260682,CYP2C9,GSTA4,0.916
9606.ENSP00000260682,CYP2C9,GSTO1,0.915
9606.ENSP00000260682,CYP2C9,UGT2B15,0.914
9606.ENSP00000260682,CYP2C9,ALDH1A2,0.914
9606.ENSP00000260682,CYP2C9,UGT1A9,0.913
9606.ENSP00000260682,CYP2C9,GSTO2,0.912
9606.ENSP00000260682,CYP2C9,MGST2,0.908
9606.ENSP00000260682,CYP2C9,GSTM5,0.908
9606.ENSP00000260682,CYP2C9,GGCX,0.908
9606.ENSP00000260682,CYP2C9,GSTM4,0.908
9606.ENSP00000260682,CYP2C9,ALOX15B,0.907
9606.ENSP00000260682,CYP2C9,MGST1,0.907
9606.ENSP00000260682,CYP2C9,MGST3,0.907
9606.ENSP00000260682,CYP2C9,ALOX12B,0.906
9606.ENSP00000260803,DBR1,DHX38,0.905
9606.ENSP00000261383,DNAH3,CFAP70,0.922
9606.ENSP00000261383,DNAH3,DNAH2,0.92
9606.ENSP00000261383,DNAH3,DNAH8,0.918
9606.ENSP00000261383,DNAH3,DNAH17,0.911
9606.ENSP00000261383,DNAH3,DNAH1,0.91
9606.ENSP00000261383,DNAH3,DNAH7,0.909
9606.ENSP00000261769,CDH1,KLRG1,0.999
9606.ENSP00000261769,CDH1,CTNNB1,0.999
9606.ENSP00000261769,CDH1,CTNNA1,0.999
9606.ENSP00000261769,CDH1,JUP,0.999
9606.ENSP00000261769,CDH1,CTNND1,0.999
9606.ENSP00000261769,CDH1,EGFR,0.999
9606.ENSP00000261769,CDH1,IQGAP1,0.997
9606.ENSP00000261769,CDH1,ITGAE,0.997
9606.ENSP00000261769,CDH1,VCL,0.996
9606.ENSP00000261769,CDH1,CDH2,0.995
9606.ENSP00000261769,CDH1,CBLL1,0.993
9606.ENSP00000261769,CDH1,OCLN,0.993
9606.ENSP00000261769,CDH1,SRC,0.988
9606.ENSP00000261769,CDH1,TJP1,0.987
9606.ENSP00000261769,CDH1,SLCO6A1,0.987
9606.ENSP00000261769,CDH1,CDH5,0.985
9606.ENSP00000261769,CDH1,CTNNA3,0.981
9606.ENSP00000261769,CDH1,PSEN1,0.98
9606.ENSP00000261769,CDH1,ERBB2,0.97
9606.ENSP00000261769,CDH1,CTNNA2,0.969
9606.ENSP00000261769,CDH1,CDH3,0.967
9606.ENSP00000261769,CDH1,SNAI1,0.965
9606.ENSP00000261769,CDH1,AJAP1,0.965
9606.ENSP00000261769,CDH1,ZEB1,0.961
9606.ENSP00000261769,CDH1,MET,0.959
9606.ENSP00000261769,CDH1,MMP9,0.957
9606.ENSP00000261769,CDH1,CASP3,0.956
9606.ENSP00000261769,CDH1,ZEB2,0.954
9606.ENSP00000261769,CDH1,FLOT2,0.951
9606.ENSP00000261769,CDH1,S100A8,0.944
9606.ENSP00000261769,CDH1,RAPGEF1,0.944
9606.ENSP00000261769,CDH1,NECTIN1,0.939
9606.ENSP00000261769,CDH1,ERVW-1,0.932
9606.ENSP00000261769,CDH1,ERVFRD-1,0.932
9606.ENSP00000261769,CDH1,PTEN,0.93
9606.ENSP00000261769,CDH1,SNAI2,0.929
9606.ENSP00000261769,CDH1,ERV3-1,0.929
9606.ENSP00000261769,CDH1,SKP2,0.927
9606.ENSP00000261769,CDH1,CD44,0.927
9606.ENSP00000261769,CDH1,FLOT1,0.926
9606.ENSP00000261769,CDH1,MDM2,0.925
9606.ENSP00000261769,CDH1,CLDN7,0.923
9606.ENSP00000261769,CDH1,F11R,0.921
9606.ENSP00000261769,CDH1,APC,0.92
9606.ENSP00000261769,CDH1,SCRIB,0.916
9606.ENSP00000261769,CDH1,TRIM21,0.913
9606.ENSP00000261769,CDH1,EPCAM,0.905
9606.ENSP00000261769,CDH1,RPS27A,0.904
9606.ENSP00000261769,CDH1,AKT1,0.903
9606.ENSP00000261769,CDH1,SLC6A3,0.901
9606.ENSP00000261798,CSNK1A1,AXIN1,0.999
9606.ENSP00000261798,CSNK1A1,APC,0.999
9606.ENSP00000261798,CSNK1A1,GSK3B,0.999
9606.ENSP00000261798,CSNK1A1,CTNNB1,0.999
9606.ENSP00000261798,CSNK1A1,CRBN,0.997
9606.ENSP00000261798,CSNK1A1,AXIN2,0.997
9606.ENSP00000261798,CSNK1A1,GSK3A,0.991
9606.ENSP00000261798,CSNK1A1,MDM4,0.971
9606.ENSP00000261798,CSNK1A1,MDM2,0.961
9606.ENSP00000261798,CSNK1A1,AMER1,0.96
9606.ENSP00000261798,CSNK1A1,DVL1,0.934
9606.ENSP00000261798,CSNK1A1,RPS27A,0.927
9606.ENSP00000261798,CSNK1A1,TP53,0.926
9606.ENSP00000261798,CSNK1A1,BTRC,0.926
9606.ENSP00000261798,CSNK1A1,BYSL,0.901
9606.ENSP00000261798,CSNK1A1,RRP12,0.9
9606.ENSP00000262127,CEP76,CCP110,0.937
9606.ENSP00000262367,CREBBP,MYB,0.999
9606.ENSP00000262367,CREBBP,CTNNB1,0.999
9606.ENSP00000262367,CREBBP,IRF3,0.999
9606.ENSP00000262367,CREBBP,NCOA3,0.999
9606.ENSP00000262367,CREBBP,KAT2B,0.999
9606.ENSP00000262367,CREBBP,STAT1,0.999
9606.ENSP00000262367,CREBBP,NCOA1,0.999
9606.ENSP00000262367,CREBBP,HIF1A,0.999
9606.ENSP00000262367,CREBBP,CREB1,0.999
9606.ENSP00000262367,CREBBP,RELA,0.999
9606.ENSP00000262367,CREBBP,TP53,0.999
9606.ENSP00000262367,CREBBP,EP300,0.999
9606.ENSP00000262367,CREBBP,PPARG,0.998
9606.ENSP00000262367,CREBBP,SUMO1,0.998
9606.ENSP00000262367,CREBBP,NCOA2,0.997
9606.ENSP00000262367,CREBBP,STAT2,0.997
9606.ENSP00000262367,CREBBP,HTT,0.997
9606.ENSP00000262367,CREBBP,FOXO3,0.995
9606.ENSP00000262367,CREBBP,CITED2,0.995
9606.ENSP00000262367,CREBBP,KMT2A,0.995
9606.ENSP00000262367,CREBBP,H4C6,0.995
9606.ENSP00000262367,CREBBP,SMAD3,0.995
9606.ENSP00000262367,CREBBP,JUN,0.994
9606.ENSP00000262367,CREBBP,ESR1,0.993
9606.ENSP00000262367,CREBBP,FOXO1,0.993
9606.ENSP00000262367,CREBBP,SP1,0.992
9606.ENSP00000262367,CREBBP,ATF2,0.992
9606.ENSP00000262367,CREBBP,H3C1,0.989
9606.ENSP00000262367,CREBBP,ATF4,0.987
9606.ENSP00000262367,CREBBP,CCND1,0.986
9606.ENSP00000262367,CREBBP,EPAS1,0.986
9606.ENSP00000262367,CREBBP,SMAD2,0.986
9606.ENSP00000262367,CREBBP,H3-4,0.986
9606.ENSP00000262367,CREBBP,H3-3B,0.985
9606.ENSP00000262367,CREBBP,CRTC2,0.984
9606.ENSP00000262367,CREBBP,FOXO4,0.984
9606.ENSP00000262367,CREBBP,H3C12,0.984
9606.ENSP00000262367,CREBBP,ARNTL,0.983
9606.ENSP00000262367,CREBBP,CARM1,0.981
9606.ENSP00000262367,CREBBP,H3C13,0.979
9606.ENSP00000262367,CREBBP,RXRA,0.977
9606.ENSP00000262367,CREBBP,RUNX1,0.977
9606.ENSP00000262367,CREBBP,CLOCK,0.976
9606.ENSP00000262367,CREBBP,IRF7,0.976
9606.ENSP00000262367,CREBBP,STAT5A,0.975
9606.ENSP00000262367,CREBBP,ARNT,0.968
9606.ENSP00000262367,CREBBP,BRCA1,0.968
9606.ENSP00000262367,CREBBP,TCF7L2,0.966
9606.ENSP00000262367,CREBBP,KAT2A,0.964
9606.ENSP00000262367,CREBBP,NCOA6,0.962
9606.ENSP00000262367,CREBBP,LEF1,0.961
9606.ENSP00000262367,CREBBP,AR,0.96
9606.ENSP00000262367,CREBBP,HNF4A,0.96
9606.ENSP00000262367,CREBBP,HDAC1,0.96
9606.ENSP00000262367,CREBBP,H3-5,0.959
9606.ENSP00000262367,CREBBP,H3-2,0.959
9606.ENSP00000262367,CREBBP,STAT6,0.957
9606.ENSP00000262367,CREBBP,YY1,0.951
9606.ENSP00000262367,CREBBP,NCOR1,0.947
9606.ENSP00000262367,CREBBP,MYC,0.945
9606.ENSP00000262367,CREBBP,SRCAP,0.944
9606.ENSP00000262367,CREBBP,SMARCA4,0.944
9606.ENSP00000262367,CREBBP,FOS,0.943
9606.ENSP00000262367,CREBBP,NR3C1,0.943
9606.ENSP00000262367,CREBBP,HELZ2,0.942
9606.ENSP00000262367,CREBBP,NFE2L2,0.942
9606.ENSP00000262367,CREBBP,SRC,0.94
9606.ENSP00000262367,CREBBP,KAT6A,0.939
9606.ENSP00000262367,CREBBP,RBPJ,0.939
9606.ENSP00000262367,CREBBP,TCF12,0.937
9606.ENSP00000262367,CREBBP,CAMK4,0.937
9606.ENSP00000262367,CREBBP,STAT3,0.935
9606.ENSP00000262367,CREBBP,STAT5B,0.934
9606.ENSP00000262367,CREBBP,HDAC2,0.934
9606.ENSP00000262367,CREBBP,CDH2,0.934
9606.ENSP00000262367,CREBBP,RBPJL,0.926
9606.ENSP00000262367,CREBBP,CREB5,0.925
9606.ENSP00000262367,CREBBP,FGFR1,0.923
9606.ENSP00000262367,CREBBP,CREB3L1,0.923
9606.ENSP00000262367,CREBBP,MYOD1,0.923
9606.ENSP00000262367,CREBBP,TCF7L1,0.921
9606.ENSP00000262367,CREBBP,CREB3L2,0.921
9606.ENSP00000262367,CREBBP,H3-3A,0.921
9606.ENSP00000262367,CREBBP,EGR2,0.92
9606.ENSP00000262367,CREBBP,TCF7,0.92
9606.ENSP00000262367,CREBBP,EGR3,0.919
9606.ENSP00000262367,CREBBP,CAMK2A,0.919
9606.ENSP00000262367,CREBBP,CDK2,0.918
9606.ENSP00000262367,CREBBP,CREB3L4,0.917
9606.ENSP00000262367,CREBBP,TCF3,0.917
9606.ENSP00000262367,CREBBP,CREB3,0.917
9606.ENSP00000262367,CREBBP,SMAD4,0.917
9606.ENSP00000262367,CREBBP,H3C2,0.916
9606.ENSP00000262367,CREBBP,TCF4,0.916
9606.ENSP00000262367,CREBBP,H3C3,0.914
9606.ENSP00000262367,CREBBP,NFKB1,0.913
9606.ENSP00000262367,CREBBP,H3C6,0.913
9606.ENSP00000262367,CREBBP,CAMK2B,0.91
9606.ENSP00000262367,CREBBP,CREB3L3,0.91
9606.ENSP00000262367,CREBBP,MDM2,0.909
9606.ENSP00000262367,CREBBP,UBE2I,0.908
9606.ENSP00000262367,CREBBP,H3C14,0.907
9606.ENSP00000262367,CREBBP,H3C7,0.907
9606.ENSP00000262367,CREBBP,H3C11,0.907
9606.ENSP00000262367,CREBBP,H3C15,0.907
9606.ENSP00000262367,CREBBP,H3C8,0.907
9606.ENSP00000262367,CREBBP,H3C4,0.907
9606.ENSP00000262367,CREBBP,H3C10,0.907
9606.ENSP00000262367,CREBBP,H4-16,0.905
9606.ENSP00000262367,CREBBP,H4C2,0.905
9606.ENSP00000262367,CREBBP,CDKN1A,0.904
9606.ENSP00000262367,CREBBP,H4C1,0.903
9606.ENSP00000262367,CREBBP,H4C13,0.903
9606.ENSP00000262367,CREBBP,H4C12,0.903
9606.ENSP00000262367,CREBBP,H4C4,0.903
9606.ENSP00000262367,CREBBP,H4C15,0.903
9606.ENSP00000262367,CREBBP,H4C3,0.903
9606.ENSP00000262367,CREBBP,H4C14,0.903
9606.ENSP00000262367,CREBBP,H4C9,0.903
9606.ENSP00000262367,CREBBP,MAML1,0.903
9606.ENSP00000262367,CREBBP,H4C11,0.903
9606.ENSP00000262367,CREBBP,H4C8,0.903
9606.ENSP00000262367,CREBBP,H4C5,0.903
9606.ENSP00000262442,DNAH9,DNAI2,0.942
9606.ENSP00000262442,DNAH9,DNAI1,0.931
9606.ENSP00000262450,CHD5,RBBP7,0.969
9606.ENSP00000262450,CHD5,GATAD2A,0.965
9606.ENSP00000262450,CHD5,HDAC1,0.962
9606.ENSP00000262450,CHD5,MTA1,0.959
9606.ENSP00000262450,CHD5,GATAD2B,0.955
9606.ENSP00000262450,CHD5,MTA2,0.954
9606.ENSP00000262450,CHD5,HDAC2,0.929
9606.ENSP00000262450,CHD5,RBBP4,0.919
9606.ENSP00000262498,CFAP20,TBP,0.918
9606.ENSP00000262498,CFAP20,PACRG,0.915
9606.ENSP00000262498,CFAP20,EFHC1,0.908
9606.ENSP00000262662,CDKN2C,CDK6,0.999
9606.ENSP00000262662,CDKN2C,CDK4,0.999
9606.ENSP00000262662,CDKN2C,CCND3,0.993
9606.ENSP00000262662,CDKN2C,CCND1,0.989
9606.ENSP00000262662,CDKN2C,CCND2,0.963
9606.ENSP00000262662,CDKN2C,TP53,0.957
9606.ENSP00000262662,CDKN2C,CDKN1B,0.956
9606.ENSP00000262662,CDKN2C,CDKN1A,0.902
9606.ENSP00000262809,ELL,EAF1,0.999
9606.ENSP00000262809,ELL,AFF1,0.999
9606.ENSP00000262809,ELL,MLLT3,0.999
9606.ENSP00000262809,ELL,AFF4,0.999
9606.ENSP00000262809,ELL,MLLT1,0.999
9606.ENSP00000262809,ELL,EAF2,0.998
9606.ENSP00000262809,ELL,CCNT1,0.998
9606.ENSP00000262809,ELL,CDK9,0.997
9606.ENSP00000262809,ELL,ELL3,0.992
9606.ENSP00000262809,ELL,ICE2,0.981
9606.ENSP00000262809,ELL,ICE1,0.979
9606.ENSP00000262809,ELL,ZC3H8,0.977
9606.ENSP00000262809,ELL,CCNT2,0.974
9606.ENSP00000262809,ELL,ELL2,0.973
9606.ENSP00000262809,ELL,SNF8,0.971
9606.ENSP00000262809,ELL,MED26,0.969
9606.ENSP00000262809,ELL,SUPT5H,0.958
9606.ENSP00000262809,ELL,TCEA2,0.951
9606.ENSP00000262809,ELL,SUPT4H1,0.951
9606.ENSP00000262809,ELL,VPS36,0.947
9606.ENSP00000262809,ELL,NELFB,0.942
9606.ENSP00000262809,ELL,ELOA,0.931
9606.ENSP00000262809,ELL,CTR9,0.93
9606.ENSP00000262809,ELL,VPS25,0.926
9606.ENSP00000262809,ELL,RTF1,0.924
9606.ENSP00000262809,ELL,NELFE,0.923
9606.ENSP00000262809,ELL,LEO1,0.921
9606.ENSP00000262809,ELL,CDC73,0.919
9606.ENSP00000262809,ELL,MLLT10,0.916
9606.ENSP00000262809,ELL,ELOB,0.908
9606.ENSP00000262809,ELL,WDR61,0.907
9606.ENSP00000262809,ELL,ELOC,0.906
9606.ENSP00000262809,ELL,PAF1,0.906
9606.ENSP00000262809,ELL,ERCC6,0.905
9606.ENSP00000262809,ELL,PEX2,0.903
9606.ENSP00000262809,ELL,NELFCD,0.903
9606.ENSP00000262809,ELL,NELFA,0.902
9606.ENSP00000262809,ELL,TCEA1,0.902
9606.ENSP00000262809,ELL,ELP4,0.9
9606.ENSP00000262904,E2F3,RB1,0.998
9606.ENSP00000262904,E2F3,TFDP1,0.996
9606.ENSP00000262904,E2F3,RBL1,0.985
9606.ENSP00000262904,E2F3,RBL2,0.984
9606.ENSP00000262904,E2F3,E2F1,0.979
9606.ENSP00000262904,E2F3,TFDP2,0.976
9606.ENSP00000262904,E2F3,CDK2,0.973
9606.ENSP00000262904,E2F3,CCNA2,0.965
9606.ENSP00000262904,E2F3,E2F2,0.962
9606.ENSP00000262904,E2F3,CCNA1,0.957
9606.ENSP00000263026,EEF2K,EEF2,0.999
9606.ENSP00000263026,EEF2K,CALM3,0.987
9606.ENSP00000263026,EEF2K,RPS6KB1,0.961
9606.ENSP00000263026,EEF2K,CALM2,0.931
9606.ENSP00000263026,EEF2K,CALM1,0.931
9606.ENSP00000263026,EEF2K,PRKCA,0.928
9606.ENSP00000263026,EEF2K,PRKAA2,0.915
9606.ENSP00000263026,EEF2K,PRKAG2,0.915
9606.ENSP00000263026,EEF2K,PRKCB,0.914
9606.ENSP00000263026,EEF2K,PRKAA1,0.914
9606.ENSP00000263026,EEF2K,PRKCG,0.913
9606.ENSP00000263026,EEF2K,PRKAG1,0.912
9606.ENSP00000263026,EEF2K,PRKAB1,0.912
9606.ENSP00000263026,EEF2K,PRKAG3,0.908
9606.ENSP00000263026,EEF2K,CALML5,0.906
9606.ENSP00000263026,EEF2K,CALML3,0.906
9606.ENSP00000263026,EEF2K,PRKAB2,0.905
9606.ENSP00000263062,EPC1,DMAP1,0.999
9606.ENSP00000263062,EPC1,MEAF6,0.999
9606.ENSP00000263062,EPC1,YEATS4,0.998
9606.ENSP00000263062,EPC1,TRRAP,0.998
9606.ENSP00000263062,EPC1,KAT5,0.997
9606.ENSP00000263062,EPC1,MORF4L1,0.997
9606.ENSP00000263062,EPC1,ING3,0.996
9606.ENSP00000263062,EPC1,MRGBP,0.995
9606.ENSP00000263062,EPC1,ACTL6A,0.99
9606.ENSP00000263062,EPC1,RUVBL1,0.986
9606.ENSP00000263062,EPC1,RUVBL2,0.985
9606.ENSP00000263062,EPC1,MORF4L2,0.985
9606.ENSP00000263062,EPC1,EP400,0.976
9606.ENSP00000263062,EPC1,KAT8,0.958
9606.ENSP00000263062,EPC1,BRD8,0.957
9606.ENSP00000263062,EPC1,MSL3,0.95
9606.ENSP00000263062,EPC1,ACTB,0.947
9606.ENSP00000263062,EPC1,VPS72,0.944
9606.ENSP00000263062,EPC1,MBTD1,0.938
9606.ENSP00000263062,EPC1,ACTL6B,0.91
9606.ENSP00000263062,EPC1,MSL1,0.91
9606.ENSP00000263062,EPC1,MSL2,0.909
9606.ENSP00000263209,DGCR8,DROSHA,0.999
9606.ENSP00000263209,DGCR8,DDX17,0.996
9606.ENSP00000263209,DGCR8,DDX5,0.993
9606.ENSP00000263209,DGCR8,DICER1,0.993
9606.ENSP00000263209,DGCR8,HNRNPA2B1,0.991
9606.ENSP00000263209,DGCR8,METTL14,0.989
9606.ENSP00000263209,DGCR8,METTL3,0.985
9606.ENSP00000263209,DGCR8,AGO2,0.984
9606.ENSP00000263209,DGCR8,MECP2,0.974
9606.ENSP00000263209,DGCR8,TARBP2,0.966
9606.ENSP00000263209,DGCR8,AGO1,0.952
9606.ENSP00000263209,DGCR8,XPO5,0.936
9606.ENSP00000263209,DGCR8,TP53,0.929
9606.ENSP00000263209,DGCR8,PRKRA,0.907
9606.ENSP00000263209,DGCR8,AGO4,0.902
9606.ENSP00000263239,DDX18,NIFK,0.999
9606.ENSP00000263239,DDX18,RSL1D1,0.999
9606.ENSP00000263239,DDX18,BOP1,0.999
9606.ENSP00000263239,DDX18,PES1,0.997
9606.ENSP00000263239,DDX18,BRIX1,0.997
9606.ENSP00000263239,DDX18,GTPBP4,0.997
9606.ENSP00000263239,DDX18,WDR12,0.997
9606.ENSP00000263239,DDX18,MRTO4,0.996
9606.ENSP00000263239,DDX18,BMS1,0.996
9606.ENSP00000263239,DDX18,FTSJ3,0.996
9606.ENSP00000263239,DDX18,NOC2L,0.996
9606.ENSP00000263239,DDX18,MAK16,0.994
9606.ENSP00000263239,DDX18,NSA2,0.994
9606.ENSP00000263239,DDX18,WDR74,0.994
9606.ENSP00000263239,DDX18,DDX10,0.994
9606.ENSP00000263239,DDX18,NIP7,0.993
9606.ENSP00000263239,DDX18,NOP58,0.993
9606.ENSP00000263239,DDX18,KRR1,0.992
9606.ENSP00000263239,DDX18,RPF2,0.992
9606.ENSP00000263239,DDX18,EBNA1BP2,0.99
9606.ENSP00000263239,DDX18,DKC1,0.989
9606.ENSP00000263239,DDX18,RPF1,0.989
9606.ENSP00000263239,DDX18,RSL24D1,0.988
9606.ENSP00000263239,DDX18,MPHOSPH10,0.988
9606.ENSP00000263239,DDX18,NOC3L,0.985
9606.ENSP00000263239,DDX18,GNL3,0.984
9606.ENSP00000263239,DDX18,NOP2,0.983
9606.ENSP00000263239,DDX18,IMP4,0.982
9606.ENSP00000263239,DDX18,DDX24,0.979
9606.ENSP00000263239,DDX18,NSUN6,0.978
9606.ENSP00000263239,DDX18,PUM3,0.977
9606.ENSP00000263239,DDX18,ESF1,0.977
9606.ENSP00000263239,DDX18,PWP2,0.977
9606.ENSP00000263239,DDX18,GNL3L,0.976
9606.ENSP00000263239,DDX18,GNL2,0.975
9606.ENSP00000263239,DDX18,UTP3,0.973
9606.ENSP00000263239,DDX18,LOC102724159,0.971
9606.ENSP00000263239,DDX18,RRP1B,0.968
9606.ENSP00000263239,DDX18,GRWD1,0.967
9606.ENSP00000263239,DDX18,EIF6,0.966
9606.ENSP00000263239,DDX18,BYSL,0.963
9606.ENSP00000263239,DDX18,ABT1,0.963
9606.ENSP00000263239,DDX18,RBM28,0.962
9606.ENSP00000263239,DDX18,RPL23A,0.96
9606.ENSP00000263239,DDX18,CEBPZ,0.958
9606.ENSP00000263239,DDX18,RPL7A,0.957
9606.ENSP00000263239,DDX18,RPL36,0.955
9606.ENSP00000263239,DDX18,TSR1,0.951
9606.ENSP00000263239,DDX18,DDX56,0.95
9606.ENSP00000263239,DDX18,DDX55,0.946
9606.ENSP00000263239,DDX18,RPL35,0.94
9606.ENSP00000263239,DDX18,DHX15,0.939
9606.ENSP00000263239,DDX18,RRP1,0.938
9606.ENSP00000263239,DDX18,RPL7L1,0.937
9606.ENSP00000263239,DDX18,RPL13,0.936
9606.ENSP00000263239,DDX18,PA2G4,0.935
9606.ENSP00000263239,DDX18,RPL4,0.93
9606.ENSP00000263239,DDX18,PDCD11,0.929
9606.ENSP00000263239,DDX18,TBL3,0.927
9606.ENSP00000263239,DDX18,NAT10,0.926
9606.ENSP00000263239,DDX18,LYAR,0.924
9606.ENSP00000263239,DDX18,UTP14A,0.923
9606.ENSP00000263239,DDX18,WDR36,0.923
9606.ENSP00000263239,DDX18,WDR43,0.923
9606.ENSP00000263239,DDX18,DDX52,0.917
9606.ENSP00000263239,DDX18,RPL38,0.916
9606.ENSP00000263239,DDX18,NOP14,0.914
9606.ENSP00000263239,DDX18,RPL14,0.913
9606.ENSP00000263239,DDX18,RPL30,0.912
9606.ENSP00000263239,DDX18,RPL15,0.911
9606.ENSP00000263239,DDX18,RPL32,0.91
9606.ENSP00000263239,DDX18,RPL18,0.909
9606.ENSP00000263239,DDX18,RPL27A,0.908
9606.ENSP00000263239,DDX18,WDR3,0.907
9606.ENSP00000263239,DDX18,NOP56,0.902
9606.ENSP00000263239,DDX18,RPL6,0.902
9606.ENSP00000263239,DDX18,RRP12,0.901
9606.ENSP00000263239,DDX18,DDX47,0.901
9606.ENSP00000263239,DDX18,DDX54,0.9
9606.ENSP00000263239,DDX18,RPL31,0.9
9606.ENSP00000263253,EP300,RELA,0.999
9606.ENSP00000263253,EP300,STAT3,0.999
9606.ENSP00000263253,EP300,TP53,0.999
9606.ENSP00000263253,EP300,JUN,0.999
9606.ENSP00000263253,EP300,HIF1A,0.999
9606.ENSP00000263253,EP300,HDAC1,0.999
9606.ENSP00000263253,EP300,CREB1,0.999
9606.ENSP00000263253,EP300,SMAD3,0.999
9606.ENSP00000263253,EP300,NCOA1,0.999
9606.ENSP00000263253,EP300,H4C6,0.999
9606.ENSP00000263253,EP300,MYC,0.999
9606.ENSP00000263253,EP300,KAT2B,0.999
9606.ENSP00000263253,EP300,IRF3,0.999
9606.ENSP00000263253,EP300,CARM1,0.999
9606.ENSP00000263253,EP300,ARNT,0.999
9606.ENSP00000263253,EP300,NCOA3,0.999
9606.ENSP00000263253,EP300,MDM2,0.999
9606.ENSP00000263253,EP300,CREBBP,0.999
9606.ENSP00000263253,EP300,CTNNB1,0.999
9606.ENSP00000263253,EP300,SP1,0.999
9606.ENSP00000263253,EP300,YY1,0.999
9606.ENSP00000263253,EP300,CITED2,0.999
9606.ENSP00000263253,EP300,NFKB1,0.998
9606.ENSP00000263253,EP300,STAT1,0.998
9606.ENSP00000263253,EP300,H3C1,0.998
9606.ENSP00000263253,EP300,EPAS1,0.998
9606.ENSP00000263253,EP300,NCOA2,0.998
9606.ENSP00000263253,EP300,MAML1,0.997
9606.ENSP00000263253,EP300,ESR1,0.997
9606.ENSP00000263253,EP300,PPARG,0.997
9606.ENSP00000263253,EP300,CEBPB,0.996
9606.ENSP00000263253,EP300,MYB,0.996
9606.ENSP00000263253,EP300,JMY,0.995
9606.ENSP00000263253,EP300,PRMT1,0.994
9606.ENSP00000263253,EP300,SMAD4,0.994
9606.ENSP00000263253,EP300,CLOCK,0.994
9606.ENSP00000263253,EP300,KAT2A,0.994
9606.ENSP00000263253,EP300,MYOD1,0.991
9606.ENSP00000263253,EP300,FOXO3,0.991
9606.ENSP00000263253,EP300,HDAC6,0.99
9606.ENSP00000263253,EP300,TTC5,0.99
9606.ENSP00000263253,EP300,PPARGC1A,0.99
9606.ENSP00000263253,EP300,RUNX1,0.989
9606.ENSP00000263253,EP300,MEF2A,0.989
9606.ENSP00000263253,EP300,BRD4,0.988
9606.ENSP00000263253,EP300,ATF4,0.988
9606.ENSP00000263253,EP300,SMAD2,0.987
9606.ENSP00000263253,EP300,BRCA1,0.986
9606.ENSP00000263253,EP300,ARNTL,0.986
9606.ENSP00000263253,EP300,NR4A1,0.984
9606.ENSP00000263253,EP300,H3C12,0.984
9606.ENSP00000263253,EP300,GATA1,0.984
9606.ENSP00000263253,EP300,FOXO1,0.984
9606.ENSP00000263253,EP300,IRF1,0.984
9606.ENSP00000263253,EP300,FOXO4,0.983
9606.ENSP00000263253,EP300,H2AC8,0.983
9606.ENSP00000263253,EP300,LEF1,0.981
9606.ENSP00000263253,EP300,RBPJ,0.98
9606.ENSP00000263253,EP300,IRF7,0.979
9606.ENSP00000263253,EP300,HNF4A,0.978
9606.ENSP00000263253,EP300,ATF2,0.976
9606.ENSP00000263253,EP300,TCF7L2,0.975
9606.ENSP00000263253,EP300,CITED1,0.975
9606.ENSP00000263253,EP300,CCND1,0.974
9606.ENSP00000263253,EP300,E2F1,0.973
9606.ENSP00000263253,EP300,GATA4,0.973
9606.ENSP00000263253,EP300,SIRT1,0.972
9606.ENSP00000263253,EP300,SMARCA4,0.969
9606.ENSP00000263253,EP300,H2BC11,0.968
9606.ENSP00000263253,EP300,KAT5,0.966
9606.ENSP00000263253,EP300,H3-4,0.966
9606.ENSP00000263253,EP300,GTF2B,0.966
9606.ENSP00000263253,EP300,HDAC9,0.964
9606.ENSP00000263253,EP300,FOS,0.964
9606.ENSP00000263253,EP300,EZH2,0.963
9606.ENSP00000263253,EP300,SREBF1,0.963
9606.ENSP00000263253,EP300,H3-3B,0.962
9606.ENSP00000263253,EP300,CRTC2,0.961
9606.ENSP00000263253,EP300,RORA,0.96
9606.ENSP00000263253,EP300,H2BC21,0.96
9606.ENSP00000263253,EP300,SRC,0.959
9606.ENSP00000263253,EP300,GATA3,0.959
9606.ENSP00000263253,EP300,H2BC12,0.959
9606.ENSP00000263253,EP300,NCOR1,0.959
9606.ENSP00000263253,EP300,APP,0.959
9606.ENSP00000263253,EP300,CTCF,0.959
9606.ENSP00000263253,EP300,HDAC3,0.958
9606.ENSP00000263253,EP300,FOXM1,0.957
9606.ENSP00000263253,EP300,KAT6A,0.956
9606.ENSP00000263253,EP300,CITED4,0.955
9606.ENSP00000263253,EP300,CTBP1,0.955
9606.ENSP00000263253,EP300,ETS1,0.954
9606.ENSP00000263253,EP300,AKT1,0.954
9606.ENSP00000263253,EP300,H2AC20,0.952
9606.ENSP00000263253,EP300,AR,0.952
9606.ENSP00000263253,EP300,EGR1,0.952
9606.ENSP00000263253,EP300,CTBP2,0.95
9606.ENSP00000263253,EP300,MAML2,0.95
9606.ENSP00000263253,EP300,CREB3,0.949
9606.ENSP00000263253,EP300,TCF7L1,0.948
9606.ENSP00000263253,EP300,NPAS2,0.948
9606.ENSP00000263253,EP300,RUNX3,0.948
9606.ENSP00000263253,EP300,HMGN1,0.947
9606.ENSP00000263253,EP300,SPI1,0.946
9606.ENSP00000263253,EP300,STAT5A,0.946
9606.ENSP00000263253,EP300,TBP,0.946
9606.ENSP00000263253,EP300,KLF4,0.945
9606.ENSP00000263253,EP300,STAT6,0.945
9606.ENSP00000263253,EP300,APEX1,0.944
9606.ENSP00000263253,EP300,HDAC2,0.944
9606.ENSP00000263253,EP300,SKP2,0.942
9606.ENSP00000263253,EP300,TCF3,0.941
9606.ENSP00000263253,EP300,SOX9,0.94
9606.ENSP00000263253,EP300,NOTCH1,0.94
9606.ENSP00000263253,EP300,HDAC7,0.94
9606.ENSP00000263253,EP300,NFYA,0.939
9606.ENSP00000263253,EP300,STAT2,0.937
9606.ENSP00000263253,EP300,MAML3,0.934
9606.ENSP00000263253,EP300,RXRA,0.934
9606.ENSP00000263253,EP300,ING5,0.934
9606.ENSP00000263253,EP300,NFE2L2,0.933
9606.ENSP00000263253,EP300,CHD4,0.933
9606.ENSP00000263253,EP300,H2BC3,0.933
9606.ENSP00000263253,EP300,JUND,0.933
9606.ENSP00000263253,EP300,FOXA1,0.933
9606.ENSP00000263253,EP300,ZEB1,0.932
9606.ENSP00000263253,EP300,KLF5,0.931
9606.ENSP00000263253,EP300,ING2,0.929
9606.ENSP00000263253,EP300,H4C14,0.929
9606.ENSP00000263253,EP300,XPA,0.928
9606.ENSP00000263253,EP300,TCF7,0.928
9606.ENSP00000263253,EP300,H4C9,0.928
9606.ENSP00000263253,EP300,TP73,0.927
9606.ENSP00000263253,EP300,BRD7,0.925
9606.ENSP00000263253,EP300,RBPJL,0.925
9606.ENSP00000263253,EP300,CDK2,0.925
9606.ENSP00000263253,EP300,CREB5,0.924
9606.ENSP00000263253,EP300,MEF2D,0.923
9606.ENSP00000263253,EP300,EGR2,0.923
9606.ENSP00000263253,EP300,H3C13,0.922
9606.ENSP00000263253,EP300,CAMK4,0.922
9606.ENSP00000263253,EP300,CREB3L2,0.922
9606.ENSP00000263253,EP300,CDKN1A,0.92
9606.ENSP00000263253,EP300,MED1,0.918
9606.ENSP00000263253,EP300,EGR3,0.918
9606.ENSP00000263253,EP300,CREB3L1,0.917
9606.ENSP00000263253,EP300,DDX5,0.917
9606.ENSP00000263253,EP300,POU2F1,0.917
9606.ENSP00000263253,EP300,CREB3L4,0.916
9606.ENSP00000263253,EP300,NR3C1,0.914
9606.ENSP00000263253,EP300,CREB3L3,0.912
9606.ENSP00000263253,EP300,USF1,0.912
9606.ENSP00000263253,EP300,TCF12,0.912
9606.ENSP00000263253,EP300,TCEA1,0.911
9606.ENSP00000263253,EP300,SRCAP,0.911
9606.ENSP00000263253,EP300,NCOA6,0.911
9606.ENSP00000263253,EP300,CAMK2A,0.908
9606.ENSP00000263253,EP300,SIRT2,0.907
9606.ENSP00000263253,EP300,STAT5B,0.907
9606.ENSP00000263253,EP300,H4C2,0.906
9606.ENSP00000263253,EP300,H4C11,0.905
9606.ENSP00000263253,EP300,H4C1,0.905
9606.ENSP00000263253,EP300,ATM,0.904
9606.ENSP00000263253,EP300,NFYB,0.904
9606.ENSP00000263253,EP300,H4C13,0.904
9606.ENSP00000263253,EP300,H4C5,0.903
9606.ENSP00000263253,EP300,H4C8,0.903
9606.ENSP00000263253,EP300,H4-16,0.903
9606.ENSP00000263253,EP300,REL,0.903
9606.ENSP00000263253,EP300,H4C4,0.903
9606.ENSP00000263253,EP300,H4C15,0.903
9606.ENSP00000263253,EP300,H4C3,0.903
9606.ENSP00000263253,EP300,H4C12,0.903
9606.ENSP00000263253,EP300,CAMK2B,0.903
9606.ENSP00000263253,EP300,CEBPA,0.902
9606.ENSP00000263253,EP300,KDM6A,0.902
9606.ENSP00000263253,EP300,PCNA,0.9
9606.ENSP00000263576,DDX25,HYLS1,0.943
9606.ENSP00000263576,DDX25,PKNOX2,0.908
9606.ENSP00000263710,CLASP1,CLIP1,0.982
9606.ENSP00000263710,CLASP1,CLASRP,0.958
9606.ENSP00000263710,CLASP1,CLIP2,0.935
9606.ENSP00000263710,CLASP1,KIF2B,0.903
9606.ENSP00000263734,EPAS1,EGLN1,0.999
9606.ENSP00000263734,EPAS1,VHL,0.999
9606.ENSP00000263734,EPAS1,ARNT,0.999
9606.ENSP00000263734,EPAS1,EGLN3,0.999
9606.ENSP00000263734,EPAS1,EP300,0.998
9606.ENSP00000263734,EPAS1,HIF1A,0.998
9606.ENSP00000263734,EPAS1,EGLN2,0.998
9606.ENSP00000263734,EPAS1,ARNT2,0.998
9606.ENSP00000263734,EPAS1,HIF3A,0.997
9606.ENSP00000263734,EPAS1,ELOB,0.995
9606.ENSP00000263734,EPAS1,ELOC,0.995
9606.ENSP00000263734,EPAS1,RBM4,0.991
9606.ENSP00000263734,EPAS1,CREBBP,0.986
9606.ENSP00000263734,EPAS1,CUL2,0.967
9606.ENSP00000263734,EPAS1,POU5F1,0.955
9606.ENSP00000263734,EPAS1,EIF4E2,0.955
9606.ENSP00000263734,EPAS1,EIF5B,0.946
9606.ENSP00000263734,EPAS1,RBX1,0.939
9606.ENSP00000263734,EPAS1,EPO,0.939
9606.ENSP00000263734,EPAS1,HIF1AN,0.937
9606.ENSP00000263734,EPAS1,MYC,0.932
9606.ENSP00000263734,EPAS1,ARNTL,0.922
9606.ENSP00000263734,EPAS1,CA9,0.908
9606.ENSP00000263735,EPCAM,CLDN7,0.993
9606.ENSP00000263735,EPCAM,CD44,0.971
9606.ENSP00000263735,EPCAM,CD9,0.943
9606.ENSP00000263735,EPCAM,ERBB2,0.927
9606.ENSP00000263735,EPCAM,EGFR,0.923
9606.ENSP00000263735,EPCAM,MUC1,0.92
9606.ENSP00000263735,EPCAM,MSH2,0.914
9606.ENSP00000263735,EPCAM,CD24,0.91
9606.ENSP00000263735,EPCAM,CDH1,0.905
9606.ENSP00000263735,EPCAM,IGKV2D-29,0.9
9606.ENSP00000263780,CHMP2B,VPS4B,0.998
9606.ENSP00000263780,CHMP2B,CHMP3,0.996
9606.ENSP00000263780,CHMP2B,CHMP1A,0.996
9606.ENSP00000263780,CHMP2B,CHMP1B,0.994
9606.ENSP00000263780,CHMP2B,CHMP4A,0.991
9606.ENSP00000263780,CHMP2B,CHMP4B,0.989
9606.ENSP00000263780,CHMP2B,CHMP2A,0.987
9606.ENSP00000263780,CHMP2B,VPS4A,0.986
9606.ENSP00000263780,CHMP2B,CHMP6,0.978
9606.ENSP00000263780,CHMP2B,CHMP7,0.973
9606.ENSP00000263780,CHMP2B,VPS25,0.961
9606.ENSP00000263780,CHMP2B,TSG101,0.953
9606.ENSP00000263780,CHMP2B,VPS37B,0.95
9606.ENSP00000263780,CHMP2B,STAM,0.949
9606.ENSP00000263780,CHMP2B,VPS28,0.949
9606.ENSP00000263780,CHMP2B,VPS37A,0.947
9606.ENSP00000263780,CHMP2B,VPS36,0.939
9606.ENSP00000263780,CHMP2B,UBAP1,0.939
9606.ENSP00000263780,CHMP2B,VPS37C,0.936
9606.ENSP00000263780,CHMP2B,SNF8,0.933
9606.ENSP00000263780,CHMP2B,VPS37D,0.931
9606.ENSP00000263780,CHMP2B,MVB12A,0.931
9606.ENSP00000263780,CHMP2B,CHMP4C,0.931
9606.ENSP00000263780,CHMP2B,HGS,0.923
9606.ENSP00000263780,CHMP2B,MVB12B,0.923
9606.ENSP00000263780,CHMP2B,MLKL,0.907
9606.ENSP00000263780,CHMP2B,RNF103-CHMP3,0.906
9606.ENSP00000263780,CHMP2B,CHMP5,0.904
9606.ENSP00000263791,EIF2AK4,EIF2S1,0.999
9606.ENSP00000263791,EIF2AK4,GCN1,0.994
9606.ENSP00000263791,EIF2AK4,NFE2L2,0.929
9606.ENSP00000263791,EIF2AK4,ATF4,0.917
9606.ENSP00000263791,EIF2AK4,IFIT1,0.908
9606.ENSP00000263791,EIF2AK4,IKBKG,0.906
9606.ENSP00000263791,EIF2AK4,IKBKB,0.906
9606.ENSP00000263791,EIF2AK4,CHUK,0.905
9606.ENSP00000263791,EIF2AK4,IFIT1B,0.902
9606.ENSP00000264249,CHST10,B3GAT1,0.979
9606.ENSP00000264249,CHST10,B3GAT2,0.95
9606.ENSP00000264414,CUL3,KLHL20,0.999
9606.ENSP00000264414,CUL3,RBX1,0.999
9606.ENSP00000264414,CUL3,KLHL13,0.999
9606.ENSP00000264414,CUL3,KEAP1,0.999
9606.ENSP00000264414,CUL3,SPOPL,0.999
9606.ENSP00000264414,CUL3,SPOP,0.999
9606.ENSP00000264414,CUL3,KLHL3,0.999
9606.ENSP00000264414,CUL3,KLHL9,0.999
9606.ENSP00000264414,CUL3,KLHL12,0.999
9606.ENSP00000264414,CUL3,KCTD5,0.998
9606.ENSP00000264414,CUL3,KCTD17,0.998
9606.ENSP00000264414,CUL3,LZTR1,0.998
9606.ENSP00000264414,CUL3,KBTBD7,0.998
9606.ENSP00000264414,CUL3,KBTBD8,0.997
9606.ENSP00000264414,CUL3,KCTD10,0.996
9606.ENSP00000264414,CUL3,KCTD13,0.996
9606.ENSP00000264414,CUL3,KLHL25,0.995
9606.ENSP00000264414,CUL3,KLHL11,0.995
9606.ENSP00000264414,CUL3,KLHL22,0.995
9606.ENSP00000264414,CUL3,KLHL21,0.994
9606.ENSP00000264414,CUL3,NEDD8,0.994
9606.ENSP00000264414,CUL3,TNFAIP1,0.993
9606.ENSP00000264414,CUL3,KLHL42,0.993
9606.ENSP00000264414,CUL3,KLHL2,0.991
9606.ENSP00000264414,CUL3,KBTBD6,0.991
9606.ENSP00000264414,CUL3,GAN,0.989
9606.ENSP00000264414,CUL3,KLHL8,0.989
9606.ENSP00000264414,CUL3,CAND1,0.988
9606.ENSP00000264414,CUL3,CUL2,0.988
9606.ENSP00000264414,CUL3,RNF7,0.988
9606.ENSP00000264414,CUL3,DCUN1D1,0.987
9606.ENSP00000264414,CUL3,KCTD6,0.986
9606.ENSP00000264414,CUL3,KLHL7,0.985
9606.ENSP00000264414,CUL3,RHOBTB1,0.982
9606.ENSP00000264414,CUL3,ENC1,0.982
9606.ENSP00000264414,CUL3,KCTD11,0.978
9606.ENSP00000264414,CUL3,CUL1,0.978
9606.ENSP00000264414,CUL3,KLHL41,0.978
9606.ENSP00000264414,CUL3,COPS5,0.977
9606.ENSP00000264414,CUL3,NFE2L2,0.975
9606.ENSP00000264414,CUL3,CUL5,0.974
9606.ENSP00000264414,CUL3,RHOBTB2,0.971
9606.ENSP00000264414,CUL3,SKP1,0.968
9606.ENSP00000264414,CUL3,CUL4A,0.968
9606.ENSP00000264414,CUL3,KCTD2,0.966
9606.ENSP00000264414,CUL3,KLHL24,0.962
9606.ENSP00000264414,CUL3,DCUN1D2,0.961
9606.ENSP00000264414,CUL3,CUL7,0.96
9606.ENSP00000264414,CUL3,UBE2M,0.958
9606.ENSP00000264414,CUL3,GLI2,0.957
9606.ENSP00000264414,CUL3,PEF1,0.956
9606.ENSP00000264414,CUL3,SUFU,0.949
9606.ENSP00000264414,CUL3,GLI1,0.945
9606.ENSP00000264414,CUL3,GLI3,0.941
9606.ENSP00000264414,CUL3,ZSWIM8,0.94
9606.ENSP00000264414,CUL3,ARIH1,0.932
9606.ENSP00000264414,CUL3,COPS2,0.932
9606.ENSP00000264414,CUL3,BTRC,0.932
9606.ENSP00000264414,CUL3,RHOBTB3,0.931
9606.ENSP00000264414,CUL3,UBXN7,0.929
9606.ENSP00000264414,CUL3,AURKB,0.927
9606.ENSP00000264414,CUL3,ZBTB16,0.925
9606.ENSP00000264414,CUL3,BTBD1,0.925
9606.ENSP00000264414,CUL3,GPS1,0.92
9606.ENSP00000264414,CUL3,CUL4B,0.916
9606.ENSP00000264414,CUL3,KLHL15,0.915
9606.ENSP00000264414,CUL3,DCUN1D3,0.912
9606.ENSP00000264414,CUL3,COPS4,0.91
9606.ENSP00000264414,CUL3,KLHL18,0.91
9606.ENSP00000264414,CUL3,IBTK,0.906
9606.ENSP00000264414,CUL3,DCUN1D4,0.906
9606.ENSP00000264414,CUL3,SQSTM1,0.906
9606.ENSP00000264414,CUL3,COPS6,0.906
9606.ENSP00000264414,CUL3,DCUN1D5,0.903
9606.ENSP00000264638,CNTNAP1,CNTN1,0.999
9606.ENSP00000264638,CNTNAP1,NFASC,0.999
9606.ENSP00000264638,CNTNAP1,CNTN2,0.94
9606.ENSP00000264638,CNTNAP1,KCNA2,0.9
9606.ENSP00000264709,DNMT3A,H3-3B,0.999
9606.ENSP00000264709,DNMT3A,EZH2,0.999
9606.ENSP00000264709,DNMT3A,H3C12,0.999
9606.ENSP00000264709,DNMT3A,H3C13,0.999
9606.ENSP00000264709,DNMT3A,DNMT1,0.999
9606.ENSP00000264709,DNMT3A,DNMT3L,0.999
9606.ENSP00000264709,DNMT3A,H3-4,0.998
9606.ENSP00000264709,DNMT3A,H3-2,0.998
9606.ENSP00000264709,DNMT3A,H3-5,0.998
9606.ENSP00000264709,DNMT3A,DNMT3B,0.998
9606.ENSP00000264709,DNMT3A,HDAC1,0.997
9606.ENSP00000264709,DNMT3A,SUV39H1,0.996
9606.ENSP00000264709,DNMT3A,SETDB1,0.996
9606.ENSP00000264709,DNMT3A,EHMT2,0.993
9606.ENSP00000264709,DNMT3A,MPHOSPH8,0.993
9606.ENSP00000264709,DNMT3A,MYC,0.991
9606.ENSP00000264709,DNMT3A,H4C6,0.974
9606.ENSP00000264709,DNMT3A,HDAC2,0.97
9606.ENSP00000264709,DNMT3A,UHRF1,0.967
9606.ENSP00000264709,DNMT3A,H3C1,0.964
9606.ENSP00000264709,DNMT3A,SMARCA4,0.957
9606.ENSP00000264709,DNMT3A,TCL1A,0.952
9606.ENSP00000264709,DNMT3A,MECP2,0.949
9606.ENSP00000264709,DNMT3A,TET2,0.946
9606.ENSP00000264709,DNMT3A,TRIM28,0.942
9606.ENSP00000264709,DNMT3A,SPI1,0.939
9606.ENSP00000264709,DNMT3A,ASXL1,0.939
9606.ENSP00000264709,DNMT3A,AHCY,0.937
9606.ENSP00000264709,DNMT3A,TDG,0.933
9606.ENSP00000264709,DNMT3A,MAT2B,0.932
9606.ENSP00000264709,DNMT3A,H3-3A,0.931
9606.ENSP00000264709,DNMT3A,MAT2A,0.931
9606.ENSP00000264709,DNMT3A,TRDMT1,0.926
9606.ENSP00000264709,DNMT3A,PRMT5,0.924
9606.ENSP00000264709,DNMT3A,MAT1A,0.924
9606.ENSP00000264709,DNMT3A,H3C6,0.923
9606.ENSP00000264709,DNMT3A,H3C3,0.922
9606.ENSP00000264709,DNMT3A,MBD2,0.92
9606.ENSP00000264709,DNMT3A,AHCYL1,0.915
9606.ENSP00000264709,DNMT3A,KMT5B,0.915
9606.ENSP00000264709,DNMT3A,TLE3,0.914
9606.ENSP00000264709,DNMT3A,H3C2,0.914
9606.ENSP00000264709,DNMT3A,AHCYL2,0.913
9606.ENSP00000264709,DNMT3A,H3C4,0.912
9606.ENSP00000264709,DNMT3A,H3C14,0.91
9606.ENSP00000264709,DNMT3A,H3C8,0.91
9606.ENSP00000264709,DNMT3A,H3C15,0.91
9606.ENSP00000264709,DNMT3A,H3C11,0.91
9606.ENSP00000264709,DNMT3A,H3C10,0.909
9606.ENSP00000264709,DNMT3A,H3C7,0.909
9606.ENSP00000264709,DNMT3A,MBD4,0.901
9606.ENSP00000264828,COL5A3,COL1A2,0.93
9606.ENSP00000264828,COL5A3,LUM,0.929
9606.ENSP00000264828,COL5A3,COL11A2,0.911
9606.ENSP00000264828,COL5A3,COL11A1,0.91
9606.ENSP00000265071,CDH6,IGHV3-16,0.9
9606.ENSP00000265071,CDH6,IGHV3-43D,0.9
9606.ENSP00000265085,CPEB4,CDK1,0.921
9606.ENSP00000265085,CPEB4,AURKA,0.919
9606.ENSP00000265085,CPEB4,PLK1,0.918
9606.ENSP00000265085,CPEB4,CCNB2,0.907
9606.ENSP00000265734,CDK6,CCND3,0.999
9606.ENSP00000265734,CDK6,CDKN1A,0.999
9606.ENSP00000265734,CDK6,CDKN2C,0.999
9606.ENSP00000265734,CDK6,CDK4,0.999
9606.ENSP00000265734,CDK6,CDKN2B,0.999
9606.ENSP00000265734,CDK6,CCNE1,0.999
9606.ENSP00000265734,CDK6,CCNL2,0.999
9606.ENSP00000265734,CDK6,CDKN2D,0.999
9606.ENSP00000265734,CDK6,CCND1,0.999
9606.ENSP00000265734,CDK6,CCNA2,0.999
9606.ENSP00000265734,CDK6,CDKN2A,0.999
9606.ENSP00000265734,CDK6,CDKN1B,0.999
9606.ENSP00000265734,CDK6,CCND2,0.999
9606.ENSP00000265734,CDK6,CDK2,0.998
9606.ENSP00000265734,CDK6,RB1,0.997
9606.ENSP00000265734,CDK6,CDKN1C,0.995
9606.ENSP00000265734,CDK6,CCNA1,0.993
9606.ENSP00000265734,CDK6,CDC25A,0.986
9606.ENSP00000265734,CDK6,PCNA,0.981
9606.ENSP00000265734,CDK6,RBL2,0.974
9606.ENSP00000265734,CDK6,CDC37,0.964
9606.ENSP00000265734,CDK6,CCNE2,0.959
9606.ENSP00000265734,CDK6,RBL1,0.942
9606.ENSP00000265734,CDK6,E2F1,0.931
9606.ENSP00000265734,CDK6,RUNX1,0.929
9606.ENSP00000265734,CDK6,CCNB1,0.927
9606.ENSP00000265734,CDK6,CDKN3,0.901
9606.ENSP00000265997,CPEB3,TOB1,0.967
9606.ENSP00000265997,CPEB3,CNOT7,0.943
9606.ENSP00000265997,CPEB3,OR4K15,0.93
9606.ENSP00000265997,CPEB3,CNOT8,0.923
9606.ENSP00000265997,CPEB3,CNOT6L,0.921
9606.ENSP00000265997,CPEB3,CDK1,0.919
9606.ENSP00000265997,CPEB3,CNOT6,0.917
9606.ENSP00000265997,CPEB3,PLK1,0.914
9606.ENSP00000265997,CPEB3,AURKA,0.913
9606.ENSP00000265997,CPEB3,CNOT1,0.91
9606.ENSP00000265997,CPEB3,CNOT9,0.909
9606.ENSP00000265997,CPEB3,CNOT3,0.908
9606.ENSP00000265997,CPEB3,CNOT11,0.907
9606.ENSP00000265997,CPEB3,CNOT10,0.907
9606.ENSP00000265997,CPEB3,CNOT2,0.906
9606.ENSP00000265997,CPEB3,TNKS1BP1,0.904
9606.ENSP00000265997,CPEB3,CCNB2,0.904
9606.ENSP00000266000,DAXX,ATRX,0.999
9606.ENSP00000266000,DAXX,TP53,0.999
9606.ENSP00000266000,DAXX,H3-3B,0.999
9606.ENSP00000266000,DAXX,FAS,0.999
9606.ENSP00000266000,DAXX,PML,0.999
9606.ENSP00000266000,DAXX,USP7,0.999
9606.ENSP00000266000,DAXX,MAP3K5,0.999
9606.ENSP00000266000,DAXX,SUMO1,0.999
9606.ENSP00000266000,DAXX,SP100,0.996
9606.ENSP00000266000,DAXX,MDM2,0.995
9606.ENSP00000266000,DAXX,H4C6,0.994
9606.ENSP00000266000,DAXX,H3C13,0.986
9606.ENSP00000266000,DAXX,TGFBR2,0.981
9606.ENSP00000266000,DAXX,UBE2I,0.975
9606.ENSP00000266000,DAXX,SPOP,0.974
9606.ENSP00000266000,DAXX,PARK7,0.969
9606.ENSP00000266000,DAXX,HSPB1,0.964
9606.ENSP00000266000,DAXX,H3-3A,0.957
9606.ENSP00000266000,DAXX,H3C14,0.951
9606.ENSP00000266000,DAXX,RASSF1,0.948
9606.ENSP00000266000,DAXX,TNFRSF1A,0.944
9606.ENSP00000266000,DAXX,SMAD4,0.938
9606.ENSP00000266000,DAXX,H4C3,0.936
9606.ENSP00000266000,DAXX,SUMO2,0.932
9606.ENSP00000266000,DAXX,MAPK8,0.931
9606.ENSP00000266000,DAXX,H4C11,0.93
9606.ENSP00000266000,DAXX,DNMT1,0.928
9606.ENSP00000266000,DAXX,H4C9,0.924
9606.ENSP00000266000,DAXX,HDAC1,0.922
9606.ENSP00000266000,DAXX,H4C14,0.919
9606.ENSP00000266000,DAXX,H3C12,0.918
9606.ENSP00000266000,DAXX,MAPK9,0.917
9606.ENSP00000266000,DAXX,TGFBR1,0.916
9606.ENSP00000266000,DAXX,H4C13,0.914
9606.ENSP00000266000,DAXX,H4C2,0.913
9606.ENSP00000266000,DAXX,H4C12,0.913
9606.ENSP00000266000,DAXX,H3C15,0.911
9606.ENSP00000266000,DAXX,HDAC2,0.911
9606.ENSP00000266000,DAXX,H4-16,0.906
9606.ENSP00000266000,DAXX,H4C5,0.905
9606.ENSP00000266000,DAXX,H4C8,0.905
9606.ENSP00000266000,DAXX,H4C1,0.905
9606.ENSP00000266000,DAXX,H4C15,0.905
9606.ENSP00000266000,DAXX,H4C4,0.905
9606.ENSP00000266000,DAXX,NR3C1,0.903
9606.ENSP00000266000,DAXX,TNFRSF1B,0.903
9606.ENSP00000266000,DAXX,H3-4,0.9
9606.ENSP00000267889,DISP2,SHH,0.916
9606.ENSP00000268184,CRTC3,CRTC2,0.952
9606.ENSP00000268184,CRTC3,CRTC1,0.949
9606.ENSP00000268184,CRTC3,CREB1,0.907
9606.ENSP00000268603,CDH11,CTNNB1,0.993
9606.ENSP00000268603,CDH11,CDH2,0.958
9606.ENSP00000268603,CDH11,CTNND1,0.919
9606.ENSP00000268613,CDH13,ADIPOQ,0.996
9606.ENSP00000268613,CDH13,RASSF1,0.906
9606.ENSP00000268613,CDH13,ADIPOR1,0.904
9606.ENSP00000269141,CDH2,CTNND1,0.999
9606.ENSP00000269141,CDH2,CTNNB1,0.999
9606.ENSP00000269141,CDH2,CDH1,0.995
9606.ENSP00000269141,CDH2,CTNNA1,0.99
9606.ENSP00000269141,CDH2,GRIA2,0.982
9606.ENSP00000269141,CDH2,JUP,0.975
9606.ENSP00000269141,CDH2,NCAM1,0.967
9606.ENSP00000269141,CDH2,CDH11,0.958
9606.ENSP00000269141,CDH2,GJA1,0.952
9606.ENSP00000269141,CDH2,FGFR1,0.946
9606.ENSP00000269141,CDH2,KLRG1,0.944
9606.ENSP00000269141,CDH2,PSEN1,0.943
9606.ENSP00000269141,CDH2,VCL,0.939
9606.ENSP00000269141,CDH2,CTNNA2,0.936
9606.ENSP00000269141,CDH2,CREBBP,0.934
9606.ENSP00000269141,CDH2,SNAI1,0.932
9606.ENSP00000269141,CDH2,TJP1,0.909
9606.ENSP00000269141,CDH2,PCDH10,0.904
9606.ENSP00000269141,CDH2,PCDH19,0.9
9606.ENSP00000269703,CYP4F22,NIPAL4,0.986
9606.ENSP00000269703,CYP4F22,ABCA12,0.977
9606.ENSP00000269703,CYP4F22,TGM1,0.919
9606.ENSP00000270517,ECSIT,TRAF6,0.999
9606.ENSP00000270517,ECSIT,TMEM126B,0.999
9606.ENSP00000270517,ECSIT,NDUFAF1,0.999
9606.ENSP00000270517,ECSIT,ACAD9,0.999
9606.ENSP00000270517,ECSIT,TIMMDC1,0.999
9606.ENSP00000270517,ECSIT,NDUFA13,0.998
9606.ENSP00000270517,ECSIT,NDUFB11,0.998
9606.ENSP00000270517,ECSIT,NDUFAF3,0.998
9606.ENSP00000270517,ECSIT,NDUFS3,0.998
9606.ENSP00000270517,ECSIT,NDUFS2,0.998
9606.ENSP00000270517,ECSIT,NDUFS1,0.997
9606.ENSP00000270517,ECSIT,TMEM70,0.996
9606.ENSP00000270517,ECSIT,MT-ND4,0.995
9606.ENSP00000270517,ECSIT,ATAD3B,0.994
9606.ENSP00000270517,ECSIT,NDUFS5,0.994
9606.ENSP00000270517,ECSIT,TMEM186,0.961
9606.ENSP00000270517,ECSIT,TRIM59,0.958
9606.ENSP00000270517,ECSIT,NDUFAF4,0.948
9606.ENSP00000270517,ECSIT,NDUFS8,0.939
9606.ENSP00000270517,ECSIT,NDUFA8,0.938
9606.ENSP00000270517,ECSIT,NDUFS7,0.922
9606.ENSP00000270517,ECSIT,NDUFC2,0.921
9606.ENSP00000270517,ECSIT,NDUFB1,0.909
9606.ENSP00000270517,ECSIT,MAP3K1,0.901
9606.ENSP00000271889,CREB3L4,CREB3,0.96
9606.ENSP00000271889,CREB3L4,CREB1,0.955
9606.ENSP00000271889,CREB3L4,CREB5,0.941
9606.ENSP00000271889,CREB3L4,CREM,0.933
9606.ENSP00000271889,CREB3L4,CRTC2,0.931
9606.ENSP00000271889,CREB3L4,CREB3L3,0.93
9606.ENSP00000271889,CREB3L4,ATF6B,0.929
9606.ENSP00000271889,CREB3L4,ATF4,0.929
9606.ENSP00000271889,CREB3L4,CREB3L1,0.928
9606.ENSP00000271889,CREB3L4,CREB3L2,0.926
9606.ENSP00000271889,CREB3L4,CREBBP,0.917
9606.ENSP00000271889,CREB3L4,EP300,0.916
9606.ENSP00000271889,CREB3L4,ATF2,0.913
9606.ENSP00000271889,CREB3L4,MAPK1,0.909
9606.ENSP00000271889,CREB3L4,GSK3B,0.906
9606.ENSP00000271889,CREB3L4,MAPK3,0.906
9606.ENSP00000271889,CREB3L4,PPARGC1A,0.904
9606.ENSP00000271889,CREB3L4,CAMK4,0.903
9606.ENSP00000271889,CREB3L4,RPS6KA5,0.9
9606.ENSP00000273668,EAF2,ELL,0.998
9606.ENSP00000273668,EAF2,ELL3,0.989
9606.ENSP00000273668,EAF2,AFF4,0.987
9606.ENSP00000273668,EAF2,EAF1,0.982
9606.ENSP00000273668,EAF2,ELL2,0.977
9606.ENSP00000273668,EAF2,ICE2,0.943
9606.ENSP00000273668,EAF2,TCEA2,0.94
9606.ENSP00000273668,EAF2,SUPT5H,0.937
9606.ENSP00000273668,EAF2,MLLT1,0.93
9606.ENSP00000273668,EAF2,SUPT4H1,0.928
9606.ENSP00000273668,EAF2,ELOA,0.925
9606.ENSP00000273668,EAF2,MLLT3,0.92
9606.ENSP00000273668,EAF2,AFF1,0.919
9606.ENSP00000273668,EAF2,ICE1,0.916
9606.ENSP00000273668,EAF2,CDK9,0.915
9606.ENSP00000273668,EAF2,LEO1,0.91
9606.ENSP00000273668,EAF2,CCNT1,0.91
9606.ENSP00000273668,EAF2,PAF1,0.908
9606.ENSP00000273668,EAF2,WDR61,0.908
9606.ENSP00000273668,EAF2,CCNT2,0.906
9606.ENSP00000273668,EAF2,ELOC,0.905
9606.ENSP00000273668,EAF2,RTF1,0.904
9606.ENSP00000273668,EAF2,ELOB,0.901
9606.ENSP00000273668,EAF2,CTR9,0.9
9606.ENSP00000273668,EAF2,NELFCD,0.9
9606.ENSP00000273668,EAF2,ERCC6,0.9
9606.ENSP00000273668,EAF2,ELP4,0.9
9606.ENSP00000273668,EAF2,PEX2,0.9
9606.ENSP00000273668,EAF2,NELFE,0.9
9606.ENSP00000273668,EAF2,NELFA,0.9
9606.ENSP00000273668,EAF2,NELFB,0.9
9606.ENSP00000273668,EAF2,ZC3H8,0.9
9606.ENSP00000273668,EAF2,CDC73,0.9
9606.ENSP00000275493,EGFR,PTPN11,0.999
9606.ENSP00000275493,EGFR,HBEGF,0.999
9606.ENSP00000275493,EGFR,NRG1,0.999
9606.ENSP00000275493,EGFR,TGFA,0.999
9606.ENSP00000275493,EGFR,ERBB2,0.999
9606.ENSP00000275493,EGFR,DCN,0.999
9606.ENSP00000275493,EGFR,SHC1,0.999
9606.ENSP00000275493,EGFR,SOS1,0.999
9606.ENSP00000275493,EGFR,PIK3CA,0.999
9606.ENSP00000275493,EGFR,ERBB3,0.999
9606.ENSP00000275493,EGFR,GRB2,0.999
9606.ENSP00000275493,EGFR,EPGN,0.999
9606.ENSP00000275493,EGFR,CAV1,0.999
9606.ENSP00000275493,EGFR,MUC1,0.999
9606.ENSP00000275493,EGFR,BTC,0.999
9606.ENSP00000275493,EGFR,HSP90AA1,0.999
9606.ENSP00000275493,EGFR,GAB1,0.999
9606.ENSP00000275493,EGFR,SRC,0.999
9606.ENSP00000275493,EGFR,EREG,0.999
9606.ENSP00000275493,EGFR,AREG,0.999
9606.ENSP00000275493,EGFR,CBL,0.999
9606.ENSP00000275493,EGFR,PTK2,0.999
9606.ENSP00000275493,EGFR,CDH1,0.999
9606.ENSP00000275493,EGFR,EGF,0.999
9606.ENSP00000275493,EGFR,PIK3R1,0.998
9606.ENSP00000275493,EGFR,CTNNB1,0.998
9606.ENSP00000275493,EGFR,CD44,0.998
9606.ENSP00000275493,EGFR,SOS2,0.998
9606.ENSP00000275493,EGFR,STAT5A,0.998
9606.ENSP00000275493,EGFR,PDGFRB,0.998
9606.ENSP00000275493,EGFR,HSP90AB1,0.998
9606.ENSP00000275493,EGFR,STAT3,0.998
9606.ENSP00000275493,EGFR,STAT5B,0.997
9606.ENSP00000275493,EGFR,CRK,0.997
9606.ENSP00000275493,EGFR,PLCG1,0.997
9606.ENSP00000275493,EGFR,CBLC,0.997
9606.ENSP00000275493,EGFR,KRAS,0.997
9606.ENSP00000275493,EGFR,PTPN1,0.997
9606.ENSP00000275493,EGFR,ERBB4,0.996
9606.ENSP00000275493,EGFR,ERRFI1,0.996
9606.ENSP00000275493,EGFR,MET,0.996
9606.ENSP00000275493,EGFR,NRG2,0.996
9606.ENSP00000275493,EGFR,CBLB,0.995
9606.ENSP00000275493,EGFR,CTNND1,0.994
9606.ENSP00000275493,EGFR,EPS15,0.994
9606.ENSP00000275493,EGFR,HRAS,0.994
9606.ENSP00000275493,EGFR,USP8,0.994
9606.ENSP00000275493,EGFR,CRKL,0.993
9606.ENSP00000275493,EGFR,PIK3R2,0.993
9606.ENSP00000275493,EGFR,PLCG2,0.993
9606.ENSP00000275493,EGFR,PIK3CB,0.993
9606.ENSP00000275493,EGFR,INS,0.992
9606.ENSP00000275493,EGFR,NRAS,0.991
9606.ENSP00000275493,EGFR,IGF1,0.991
9606.ENSP00000275493,EGFR,GPNMB,0.991
9606.ENSP00000275493,EGFR,PIK3R3,0.99
9606.ENSP00000275493,EGFR,PTK6,0.989
9606.ENSP00000275493,EGFR,IGF1R,0.989
9606.ENSP00000275493,EGFR,ESR1,0.988
9606.ENSP00000275493,EGFR,SHC3,0.988
9606.ENSP00000275493,EGFR,SHC4,0.988
9606.ENSP00000275493,EGFR,SHC2,0.987
9606.ENSP00000275493,EGFR,PDGFRA,0.986
9606.ENSP00000275493,EGFR,JAK2,0.986
9606.ENSP00000275493,EGFR,GAB2,0.984
9606.ENSP00000275493,EGFR,IGFBP3,0.981
9606.ENSP00000275493,EGFR,HGF,0.98
9606.ENSP00000275493,EGFR,SH3KBP1,0.98
9606.ENSP00000275493,EGFR,IL6,0.979
9606.ENSP00000275493,EGFR,CAV2,0.977
9606.ENSP00000275493,EGFR,L1CAM,0.976
9606.ENSP00000275493,EGFR,STAT1,0.975
9606.ENSP00000275493,EGFR,LRIG1,0.975
9606.ENSP00000275493,EGFR,TGFB1,0.975
9606.ENSP00000275493,EGFR,GRB7,0.974
9606.ENSP00000275493,EGFR,SH3GL2,0.972
9606.ENSP00000275493,EGFR,RASA1,0.97
9606.ENSP00000275493,EGFR,JAK1,0.97
9606.ENSP00000275493,EGFR,PTEN,0.969
9606.ENSP00000275493,EGFR,PDGFB,0.968
9606.ENSP00000275493,EGFR,ITGB1,0.966
9606.ENSP00000275493,EGFR,PDGFA,0.964
9606.ENSP00000275493,EGFR,HGS,0.964
9606.ENSP00000275493,EGFR,LGALS3,0.964
9606.ENSP00000275493,EGFR,PTPN12,0.963
9606.ENSP00000275493,EGFR,PDGFC,0.961
9606.ENSP00000275493,EGFR,EPN1,0.958
9606.ENSP00000275493,EGFR,NCK1,0.958
9606.ENSP00000275493,EGFR,ANXA2,0.958
9606.ENSP00000275493,EGFR,FGF2,0.957
9606.ENSP00000275493,EGFR,JAK3,0.956
9606.ENSP00000275493,EGFR,AGO2,0.956
9606.ENSP00000275493,EGFR,CDC42,0.955
9606.ENSP00000275493,EGFR,GAPDH,0.955
9606.ENSP00000275493,EGFR,SLC5A1,0.954
9606.ENSP00000275493,EGFR,HSPA4,0.954
9606.ENSP00000275493,EGFR,EPS8,0.952
9606.ENSP00000275493,EGFR,KITLG,0.95
9606.ENSP00000275493,EGFR,CD151,0.944
9606.ENSP00000275493,EGFR,FN1,0.944
9606.ENSP00000275493,EGFR,VAV2,0.944
9606.ENSP00000275493,EGFR,TP53,0.943
9606.ENSP00000275493,EGFR,PIK3CD,0.942
9606.ENSP00000275493,EGFR,CSF1,0.941
9606.ENSP00000275493,EGFR,FOS,0.94
9606.ENSP00000275493,EGFR,IRS1,0.939
9606.ENSP00000275493,EGFR,NRG4,0.936
9606.ENSP00000275493,EGFR,PRKDC,0.936
9606.ENSP00000275493,EGFR,HIF1A,0.934
9606.ENSP00000275493,EGFR,TLR2,0.933
9606.ENSP00000275493,EGFR,HSPA8,0.932
9606.ENSP00000275493,EGFR,PRKCA,0.932
9606.ENSP00000275493,EGFR,PDGFD,0.932
9606.ENSP00000275493,EGFR,NEDD4,0.932
9606.ENSP00000275493,EGFR,CAV3,0.931
9606.ENSP00000275493,EGFR,FGF18,0.931
9606.ENSP00000275493,EGFR,STUB1,0.93
9606.ENSP00000275493,EGFR,FHL2,0.929
9606.ENSP00000275493,EGFR,CSK,0.929
9606.ENSP00000275493,EGFR,FGF9,0.928
9606.ENSP00000275493,EGFR,ENO1,0.928
9606.ENSP00000275493,EGFR,PIK3C2B,0.928
9606.ENSP00000275493,EGFR,FGF3,0.928
9606.ENSP00000275493,EGFR,FGF7,0.927
9606.ENSP00000275493,EGFR,AP2A1,0.927
9606.ENSP00000275493,EGFR,LAPTM4B,0.927
9606.ENSP00000275493,EGFR,FGF16,0.927
9606.ENSP00000275493,EGFR,FGF20,0.927
9606.ENSP00000275493,EGFR,FGF22,0.926
9606.ENSP00000275493,EGFR,FGF10,0.926
9606.ENSP00000275493,EGFR,YWHAZ,0.925
9606.ENSP00000275493,EGFR,GRB10,0.924
9606.ENSP00000275493,EGFR,FGF6,0.924
9606.ENSP00000275493,EGFR,HSPA1B,0.923
9606.ENSP00000275493,EGFR,EPCAM,0.923
9606.ENSP00000275493,EGFR,FGF5,0.922
9606.ENSP00000275493,EGFR,FGF17,0.922
9606.ENSP00000275493,EGFR,FGF4,0.922
9606.ENSP00000275493,EGFR,LOC102723407,0.922
9606.ENSP00000275493,EGFR,ZPR1,0.921
9606.ENSP00000275493,EGFR,GRAP2,0.921
9606.ENSP00000275493,EGFR,FGF8,0.92
9606.ENSP00000275493,EGFR,UBASH3B,0.92
9606.ENSP00000275493,EGFR,PTPN6,0.919
9606.ENSP00000275493,EGFR,HDAC6,0.919
9606.ENSP00000275493,EGFR,CDC37,0.917
9606.ENSP00000275493,EGFR,IGLL5,0.916
9606.ENSP00000275493,EGFR,TNS3,0.915
9606.ENSP00000275493,EGFR,AAMP,0.915
9606.ENSP00000275493,EGFR,PDCD6IP,0.913
9606.ENSP00000275493,EGFR,YES1,0.913
9606.ENSP00000275493,EGFR,YBX1,0.913
9606.ENSP00000275493,EGFR,AP2M1,0.912
9606.ENSP00000275493,EGFR,PRL,0.912
9606.ENSP00000275493,EGFR,CDKN2A,0.91
9606.ENSP00000275493,EGFR,EPS15L1,0.907
9606.ENSP00000275493,EGFR,NCL,0.905
9606.ENSP00000275493,EGFR,EML4,0.904
9606.ENSP00000275493,EGFR,RHOA,0.903
9606.ENSP00000275493,EGFR,EPHA2,0.903
9606.ENSP00000275493,EGFR,IGKV1-33,0.902
9606.ENSP00000275493,EGFR,IGKV1D-33,0.902
9606.ENSP00000275493,EGFR,IGKV2D-29,0.902
9606.ENSP00000275493,EGFR,TRIM21,0.901
9606.ENSP00000275493,EGFR,IGHV3-43D,0.9
9606.ENSP00000275493,EGFR,IGHV3-16,0.9
9606.ENSP00000275493,EGFR,IGKV2D-28,0.9
9606.ENSP00000275815,EPHA1,EFNB2,0.999
9606.ENSP00000275815,EPHA1,EFNA3,0.999
9606.ENSP00000275815,EPHA1,EFNA1,0.999
9606.ENSP00000275815,EPHA1,EFNA2,0.999
9606.ENSP00000275815,EPHA1,EFNB1,0.998
9606.ENSP00000275815,EPHA1,EFNA5,0.998
9606.ENSP00000275815,EPHA1,EFNA4,0.998
9606.ENSP00000275815,EPHA1,EFNB3,0.994
9606.ENSP00000275815,EPHA1,NGEF,0.987
9606.ENSP00000275815,EPHA1,EPHA2,0.976
9606.ENSP00000275815,EPHA1,ABL1,0.945
9606.ENSP00000275815,EPHA1,RASA1,0.927
9606.ENSP00000276297,DLC1,TNS2,0.992
9606.ENSP00000276297,DLC1,RASA1,0.961
9606.ENSP00000276297,DLC1,TLN1,0.932
9606.ENSP00000276297,DLC1,PLCD1,0.912
9606.ENSP00000276297,DLC1,RHOA,0.903
9606.ENSP00000276651,DPYS,DPYD,0.997
9606.ENSP00000276651,DPYS,UPB1,0.989
9606.ENSP00000276925,CDKN2B,CDK4,0.999
9606.ENSP00000276925,CDKN2B,CDK6,0.999
9606.ENSP00000276925,CDKN2B,CCND1,0.974
9606.ENSP00000276925,CDKN2B,MYC,0.966
9606.ENSP00000276925,CDKN2B,CCND2,0.962
9606.ENSP00000276925,CDKN2B,CDKN2A,0.951
9606.ENSP00000276925,CDKN2B,CCND3,0.946
9606.ENSP00000278903,EI24,TP53I3,0.927
9606.ENSP00000281821,EPHA4,EFNA1,0.999
9606.ENSP00000281821,EPHA4,EFNA2,0.999
9606.ENSP00000281821,EPHA4,EFNB3,0.999
9606.ENSP00000281821,EPHA4,EFNA5,0.999
9606.ENSP00000281821,EPHA4,EFNA4,0.999
9606.ENSP00000281821,EPHA4,EFNA3,0.999
9606.ENSP00000281821,EPHA4,EFNB2,0.999
9606.ENSP00000281821,EPHA4,EFNB1,0.998
9606.ENSP00000281821,EPHA4,NGEF,0.984
9606.ENSP00000281821,EPHA4,RASA1,0.95
9606.ENSP00000281821,EPHA4,ABL1,0.945
9606.ENSP00000281821,EPHA4,EPHB2,0.915
9606.ENSP00000282018,CYSLTR2,CYSLTR1,0.976
9606.ENSP00000282018,CYSLTR2,LTC4S,0.93
9606.ENSP00000284061,DGKE,LPL,0.9
9606.ENSP00000284382,CERS3,SGMS1,0.975
9606.ENSP00000284382,CERS3,KDSR,0.969
9606.ENSP00000284382,CERS3,ACER1,0.965
9606.ENSP00000284382,CERS3,DEGS1,0.965
9606.ENSP00000284382,CERS3,UGCG,0.964
9606.ENSP00000284382,CERS3,DEGS2,0.963
9606.ENSP00000284382,CERS3,ASAH1,0.96
9606.ENSP00000284382,CERS3,SMPD1,0.959
9606.ENSP00000284382,CERS3,ACER2,0.958
9606.ENSP00000284382,CERS3,CERK,0.957
9606.ENSP00000284382,CERS3,ACER3,0.957
9606.ENSP00000284382,CERS3,SMPD2,0.956
9606.ENSP00000284382,CERS3,ASAH2,0.952
9606.ENSP00000284382,CERS3,SGMS2,0.951
9606.ENSP00000284382,CERS3,SPHK1,0.95
9606.ENSP00000284382,CERS3,SPHK2,0.95
9606.ENSP00000284382,CERS3,SGPP1,0.945
9606.ENSP00000284382,CERS3,SMPD3,0.943
9606.ENSP00000284382,CERS3,GBA,0.942
9606.ENSP00000284382,CERS3,SGPP2,0.941
9606.ENSP00000284382,CERS3,SMPD4,0.939
9606.ENSP00000284382,CERS3,UGT8,0.936
9606.ENSP00000284382,CERS3,GALC,0.936
9606.ENSP00000284382,CERS3,GBA2,0.93
9606.ENSP00000284382,CERS3,PLPP2,0.93
9606.ENSP00000284382,CERS3,CERS5,0.927
9606.ENSP00000284382,CERS3,CERS6,0.927
9606.ENSP00000284382,CERS3,PLPP3,0.926
9606.ENSP00000284382,CERS3,ENPP7,0.921
9606.ENSP00000284382,CERS3,CERS4,0.911
9606.ENSP00000284382,CERS3,CERS2,0.906
9606.ENSP00000284476,DISP1,SHH,0.996
9606.ENSP00000284476,DISP1,ZIC2,0.919
9606.ENSP00000284476,DISP1,SIX3,0.91
9606.ENSP00000284878,CXADR,JAML,0.998
9606.ENSP00000284878,CXADR,LNX1,0.91
9606.ENSP00000285311,DKK2,LRP5,0.999
9606.ENSP00000285311,DKK2,LRP6,0.999
9606.ENSP00000285311,DKK2,KREMEN1,0.992
9606.ENSP00000285311,DKK2,DKK3,0.967
9606.ENSP00000285311,DKK2,WNT6,0.954
9606.ENSP00000285311,DKK2,WNT2B,0.941
9606.ENSP00000285311,DKK2,DKK1,0.938
9606.ENSP00000285311,DKK2,WNT3A,0.932
9606.ENSP00000285311,DKK2,DKK4,0.913
9606.ENSP00000285979,CYP2C18,CYP3A7,0.967
9606.ENSP00000285979,CYP2C18,ENSP00000480571,0.96
9606.ENSP00000285979,CYP2C18,CYP1A1,0.959
9606.ENSP00000285979,CYP2C18,CYP3A5,0.954
9606.ENSP00000285979,CYP2C18,CYP4A11,0.95
9606.ENSP00000285979,CYP2C18,EPHX1,0.946
9606.ENSP00000285979,CYP2C18,CYP26A1,0.942
9606.ENSP00000285979,CYP2C18,CYP4A22,0.942
9606.ENSP00000285979,CYP2C18,CYP1A2,0.942
9606.ENSP00000285979,CYP2C18,CYP26B1,0.937
9606.ENSP00000285979,CYP2C18,CYP26C1,0.924
9606.ENSP00000285979,CYP2C18,ALDH1A1,0.919
9606.ENSP00000285979,CYP2C18,ALDH1A3,0.919
9606.ENSP00000285979,CYP2C18,AOX1,0.916
9606.ENSP00000285979,CYP2C18,ALDH1A2,0.914
9606.ENSP00000285979,CYP2C18,AP1AR,0.911
9606.ENSP00000286301,CSF1R,CSF1,0.999
9606.ENSP00000286301,CSF1R,IL34,0.999
9606.ENSP00000286301,CSF1R,SPI1,0.992
9606.ENSP00000286301,CSF1R,TNFSF11,0.987
9606.ENSP00000286301,CSF1R,RUNX1,0.983
9606.ENSP00000286301,CSF1R,CSF2,0.974
9606.ENSP00000286301,CSF1R,CBL,0.964
9606.ENSP00000286301,CSF1R,TYROBP,0.962
9606.ENSP00000286301,CSF1R,GRB2,0.95
9606.ENSP00000286301,CSF1R,KITLG,0.949
9606.ENSP00000286301,CSF1R,CD163,0.929
9606.ENSP00000286301,CSF1R,PIK3R1,0.925
9606.ENSP00000286301,CSF1R,FLT3LG,0.91
9606.ENSP00000286301,CSF1R,C1QA,0.906
9606.ENSP00000286648,DCK,CDA,0.996
9606.ENSP00000286648,DCK,DCTD,0.985
9606.ENSP00000286648,DCK,NT5C2,0.967
9606.ENSP00000286648,DCK,CMPK2,0.956
9606.ENSP00000286648,DCK,PNP,0.951
9606.ENSP00000286648,DCK,ADA,0.95
9606.ENSP00000286648,DCK,AMPD2,0.95
9606.ENSP00000286648,DCK,APRT,0.95
9606.ENSP00000286648,DCK,AMPD1,0.948
9606.ENSP00000286648,DCK,NT5C,0.948
9606.ENSP00000286648,DCK,NT5C3A,0.947
9606.ENSP00000286648,DCK,NT5C1A,0.947
9606.ENSP00000286648,DCK,NT5M,0.944
9606.ENSP00000286648,DCK,ADSL,0.936
9606.ENSP00000286648,DCK,DCTPP1,0.934
9606.ENSP00000286648,DCK,NT5C1B,0.933
9606.ENSP00000286648,DCK,PDE4D,0.932
9606.ENSP00000286648,DCK,TK1,0.931
9606.ENSP00000286648,DCK,AK9,0.93
9606.ENSP00000286648,DCK,NT5C1B-RDH14,0.93
9606.ENSP00000286648,DCK,AK3,0.929
9606.ENSP00000286648,DCK,AK4,0.929
9606.ENSP00000286648,DCK,AK1,0.928
9606.ENSP00000286648,DCK,AMPD3,0.926
9606.ENSP00000286648,DCK,AK2,0.923
9606.ENSP00000286648,DCK,AK5,0.921
9606.ENSP00000286648,DCK,AK8,0.921
9606.ENSP00000286648,DCK,NT5E,0.921
9606.ENSP00000286648,DCK,NT5C3B,0.921
9606.ENSP00000286648,DCK,AK7,0.918
9606.ENSP00000286648,DCK,PDE8A,0.913
9606.ENSP00000286648,DCK,ENPP1,0.913
9606.ENSP00000286648,DCK,PDE4B,0.909
9606.ENSP00000286648,DCK,PDE2A,0.909
9606.ENSP00000286648,DCK,PDE1B,0.907
9606.ENSP00000286648,DCK,PDE1A,0.906
9606.ENSP00000286648,DCK,ENTPD8,0.906
9606.ENSP00000286648,DCK,PDE3B,0.906
9606.ENSP00000286648,DCK,ENTPD3,0.906
9606.ENSP00000286648,DCK,ENPP3,0.906
9606.ENSP00000286648,DCK,PDE1C,0.906
9606.ENSP00000286648,DCK,PDE7A,0.905
9606.ENSP00000286648,DCK,ENTPD1,0.905
9606.ENSP00000286648,DCK,ADA2,0.904
9606.ENSP00000286648,DCK,PDE4A,0.904
9606.ENSP00000286648,DCK,PDE4C-2,0.903
9606.ENSP00000286648,DCK,PDE11A,0.902
9606.ENSP00000286648,DCK,PDE10A,0.902
9606.ENSP00000286648,DCK,PDE7B,0.902
9606.ENSP00000286648,DCK,PDE3A,0.901
9606.ENSP00000286648,DCK,AK6,0.901
9606.ENSP00000286648,DCK,PDE8B,0.9
9606.ENSP00000288490,DGKI,RASGRP3,0.904
9606.ENSP00000288490,DGKI,LPL,0.9
9606.ENSP00000288943,DUSP2,MAPK8,0.942
9606.ENSP00000288943,DUSP2,MAPK9,0.936
9606.ENSP00000288943,DUSP2,MAPK3,0.908
9606.ENSP00000292782,DCUN1D1,CUL1,0.999
9606.ENSP00000292782,DCUN1D1,UBE2M,0.999
9606.ENSP00000292782,DCUN1D1,RBX1,0.998
9606.ENSP00000292782,DCUN1D1,NEDD8,0.996
9606.ENSP00000292782,DCUN1D1,CUL3,0.987
9606.ENSP00000292782,DCUN1D1,UBE2F,0.973
9606.ENSP00000292782,DCUN1D1,CAND1,0.969
9606.ENSP00000292782,DCUN1D1,CUL2,0.963
9606.ENSP00000292782,DCUN1D1,CUL4A,0.957
9606.ENSP00000292782,DCUN1D1,CUL4B,0.953
9606.ENSP00000292782,DCUN1D1,CUL5,0.934
9606.ENSP00000292782,DCUN1D1,NKX2-4,0.9
9606.ENSP00000293636,CELA1,SERPINA1,0.971
9606.ENSP00000293831,EIF4A1,EIF4E,0.999
9606.ENSP00000293831,EIF4A1,PABPC1,0.999
9606.ENSP00000293831,EIF4A1,PDCD4,0.999
9606.ENSP00000293831,EIF4A1,EIF4H,0.999
9606.ENSP00000293831,EIF4A1,EIF4G3,0.999
9606.ENSP00000293831,EIF4A1,EIF4G1,0.999
9606.ENSP00000293831,EIF4A1,EIF4B,0.999
9606.ENSP00000293831,EIF4A1,EIF4G2,0.999
9606.ENSP00000293831,EIF4A1,EIF3B,0.998
9606.ENSP00000293831,EIF4A1,EIF1,0.998
9606.ENSP00000293831,EIF4A1,EIF3I,0.997
9606.ENSP00000293831,EIF4A1,PAIP1,0.996
9606.ENSP00000293831,EIF4A1,EIF4A2,0.994
9606.ENSP00000293831,EIF4A1,EIF3G,0.994
9606.ENSP00000293831,EIF4A1,EIF5,0.993
9606.ENSP00000293831,EIF4A1,EIF3C,0.992
9606.ENSP00000293831,EIF4A1,EIF3D,0.992
9606.ENSP00000293831,EIF4A1,EIF2S1,0.99
9606.ENSP00000293831,EIF4A1,EIF3A,0.989
9606.ENSP00000293831,EIF4A1,EIF3M,0.987
9606.ENSP00000293831,EIF4A1,EIF3E,0.986
9606.ENSP00000293831,EIF4A1,RACK1,0.985
9606.ENSP00000293831,EIF4A1,EIF1AX,0.981
9606.ENSP00000293831,EIF4A1,RPS3,0.981
9606.ENSP00000293831,EIF4A1,EIF4A3,0.979
9606.ENSP00000293831,EIF4A1,EIF4E2,0.979
9606.ENSP00000293831,EIF4A1,RPSA,0.978
9606.ENSP00000293831,EIF4A1,EIF2S3,0.977
9606.ENSP00000293831,EIF4A1,EIF3H,0.977
9606.ENSP00000293831,EIF4A1,RPS6,0.976
9606.ENSP00000293831,EIF4A1,EIF2S2,0.974
9606.ENSP00000293831,EIF4A1,EEF2,0.97
9606.ENSP00000293831,EIF4A1,RPS13,0.969
9606.ENSP00000293831,EIF4A1,RPS3A,0.968
9606.ENSP00000293831,EIF4A1,EIF3F,0.966
9606.ENSP00000293831,EIF4A1,RPS8,0.963
9606.ENSP00000293831,EIF4A1,EIF4EBP3,0.958
9606.ENSP00000293831,EIF4A1,RPS20,0.954
9606.ENSP00000293831,EIF4A1,RPS11,0.953
9606.ENSP00000293831,EIF4A1,RPS2,0.952
9606.ENSP00000293831,EIF4A1,EIF4E3,0.95
9606.ENSP00000293831,EIF4A1,RPS24,0.95
9606.ENSP00000293831,EIF4A1,EIF5B,0.944
9606.ENSP00000293831,EIF4A1,RPS26,0.943
9606.ENSP00000293831,EIF4A1,RPS4X,0.94
9606.ENSP00000293831,EIF4A1,RPS16,0.939
9606.ENSP00000293831,EIF4A1,RPS9,0.938
9606.ENSP00000293831,EIF4A1,EEF1A1,0.935
9606.ENSP00000293831,EIF4A1,G3BP1,0.933
9606.ENSP00000293831,EIF4A1,RPS5,0.933
9606.ENSP00000293831,EIF4A1,MAGOHB,0.933
9606.ENSP00000293831,EIF4A1,EIF3J,0.931
9606.ENSP00000293831,EIF4A1,RPS15,0.929
9606.ENSP00000293831,EIF4A1,EIF4EBP1,0.928
9606.ENSP00000293831,EIF4A1,MKNK1,0.927
9606.ENSP00000293831,EIF4A1,RPS28,0.927
9606.ENSP00000293831,EIF4A1,RPS18,0.923
9606.ENSP00000293831,EIF4A1,RPS12,0.921
9606.ENSP00000293831,EIF4A1,MAGOH,0.921
9606.ENSP00000293831,EIF4A1,RPS23,0.921
9606.ENSP00000293831,EIF4A1,RPS25,0.918
9606.ENSP00000293831,EIF4A1,EIF3L,0.917
9606.ENSP00000293831,EIF4A1,RPS14,0.916
9606.ENSP00000293831,EIF4A1,RPS15A,0.916
9606.ENSP00000293831,EIF4A1,RPS19,0.915
9606.ENSP00000293831,EIF4A1,DHX29,0.909
9606.ENSP00000293831,EIF4A1,RPS7,0.908
9606.ENSP00000293831,EIF4A1,EIF3K,0.901
9606.ENSP00000293831,EIF4A1,RPS10,0.9
9606.ENSP00000293831,EIF4A1,KANK1,0.9
9606.ENSP00000294484,DISP3,UBIAD1,0.951
9606.ENSP00000295550,COL6A3,COL6A2,0.994
9606.ENSP00000295550,COL6A3,COL6A1,0.994
9606.ENSP00000295550,COL6A3,COL1A1,0.974
9606.ENSP00000295550,COL6A3,COL1A2,0.968
9606.ENSP00000295550,COL6A3,COL3A1,0.952
9606.ENSP00000295550,COL6A3,COL5A2,0.935
9606.ENSP00000295550,COL6A3,CD44,0.921
9606.ENSP00000295550,COL6A3,GP6,0.913
9606.ENSP00000297268,COL1A2,LUM,0.999
9606.ENSP00000297268,COL1A2,COL3A1,0.999
9606.ENSP00000297268,COL1A2,COL1A1,0.999
9606.ENSP00000297268,COL1A2,COL5A2,0.998
9606.ENSP00000297268,COL1A2,COL11A1,0.992
9606.ENSP00000297268,COL1A2,COL5A1,0.989
9606.ENSP00000297268,COL1A2,ITGB1,0.988
9606.ENSP00000297268,COL1A2,CD44,0.988
9606.ENSP00000297268,COL1A2,FN1,0.982
9606.ENSP00000297268,COL1A2,ITGA2,0.973
9606.ENSP00000297268,COL1A2,COL6A3,0.968
9606.ENSP00000297268,COL1A2,FBN1,0.965
9606.ENSP00000297268,COL1A2,CRTAP,0.964
9606.ENSP00000297268,COL1A2,PCOLCE,0.963
9606.ENSP00000297268,COL1A2,SPARC,0.959
9606.ENSP00000297268,COL1A2,COL11A2,0.953
9606.ENSP00000297268,COL1A2,ADAMTS2,0.946
9606.ENSP00000297268,COL1A2,P3H1,0.945
9606.ENSP00000297268,COL1A2,BGN,0.938
9606.ENSP00000297268,COL1A2,DCN,0.93
9606.ENSP00000297268,COL1A2,COL5A3,0.93
9606.ENSP00000297268,COL1A2,ITGA11,0.927
9606.ENSP00000297268,COL1A2,POSTN,0.918
9606.ENSP00000297268,COL1A2,COL6A2,0.908
9606.ENSP00000297268,COL1A2,GP6,0.908
9606.ENSP00000297268,COL1A2,MMP9,0.904
9606.ENSP00000297581,DCSTAMP,CREB3,0.959
9606.ENSP00000297581,DCSTAMP,OCSTAMP,0.934
9606.ENSP00000297848,COL14A1,DCN,0.937
9606.ENSP00000298573,DUSP16,MAPK8,0.998
9606.ENSP00000298573,DUSP16,MAPK9,0.985
9606.ENSP00000298573,DUSP16,MAPK14,0.95
9606.ENSP00000299441,DCHS1,DCHS2,0.91
9606.ENSP00000300030,CIAO2A,CIAO1,0.999
9606.ENSP00000300030,CIAO2A,MMS19,0.996
9606.ENSP00000300030,CIAO2A,CIAO3,0.991
9606.ENSP00000300030,CIAO2A,CIAO2B,0.965
9606.ENSP00000301146,CYP2A7,CYP2A6,0.999
9606.ENSP00000301408,CGB5,CGA,0.999
9606.ENSP00000301408,CGB5,CGB8,0.999
9606.ENSP00000301408,CGB5,LHCGR,0.967
9606.ENSP00000301408,CGB5,CGB3,0.934
9606.ENSP00000302543,CXXC5,DVL1,0.961
9606.ENSP00000302543,CXXC5,TET2,0.946
9606.ENSP00000303706,CDC25A,CHEK1,0.999
9606.ENSP00000303706,CDC25A,CDK2,0.998
9606.ENSP00000303706,CDC25A,CHEK2,0.998
9606.ENSP00000303706,CDC25A,CCNB1,0.995
9606.ENSP00000303706,CDC25A,CDK1,0.993
9606.ENSP00000303706,CDC25A,CCNE1,0.991
9606.ENSP00000303706,CDC25A,CDK6,0.986
9606.ENSP00000303706,CDC25A,CCNE2,0.984
9606.ENSP00000303706,CDC25A,CDK4,0.979
9606.ENSP00000303706,CDC25A,PLK1,0.975
9606.ENSP00000303706,CDC25A,CCNB2,0.973
9606.ENSP00000303706,CDC25A,CCND1,0.97
9606.ENSP00000303706,CDC25A,BTRC,0.969
9606.ENSP00000303706,CDC25A,CDC25C,0.961
9606.ENSP00000303706,CDC25A,WEE1,0.956
9606.ENSP00000303706,CDC25A,CCND2,0.955
9606.ENSP00000303706,CDC25A,CCND3,0.953
9606.ENSP00000303706,CDC25A,MYC,0.95
9606.ENSP00000303706,CDC25A,CDC45,0.949
9606.ENSP00000303706,CDC25A,CDC25B,0.938
9606.ENSP00000303706,CDC25A,CCNB3,0.937
9606.ENSP00000303706,CDC25A,FOXM1,0.936
9606.ENSP00000303706,CDC25A,CCNA2,0.934
9606.ENSP00000303706,CDC25A,BRCA1,0.929
9606.ENSP00000303706,CDC25A,CCNA1,0.913
9606.ENSP00000303706,CDC25A,PKMYT1,0.911
9606.ENSP00000303706,CDC25A,E2F1,0.907
9606.ENSP00000303706,CDC25A,FBXW11,0.907
9606.ENSP00000303706,CDC25A,CUL1,0.906
9606.ENSP00000304408,COL3A1,COL1A2,0.999
9606.ENSP00000304408,COL3A1,COL1A1,0.999
9606.ENSP00000304408,COL3A1,COL5A2,0.998
9606.ENSP00000304408,COL3A1,LUM,0.986
9606.ENSP00000304408,COL3A1,COL5A1,0.983
9606.ENSP00000304408,COL3A1,POSTN,0.976
9606.ENSP00000304408,COL3A1,ITGA2,0.976
9606.ENSP00000304408,COL3A1,PCOLCE,0.976
9606.ENSP00000304408,COL3A1,FBN1,0.97
9606.ENSP00000304408,COL3A1,COL11A1,0.965
9606.ENSP00000304408,COL3A1,COL6A3,0.952
9606.ENSP00000304408,COL3A1,ITGB1,0.942
9606.ENSP00000304408,COL3A1,GP6,0.936
9606.ENSP00000304408,COL3A1,DCN,0.935
9606.ENSP00000304408,COL3A1,FN1,0.928
9606.ENSP00000304408,COL3A1,COL6A1,0.926
9606.ENSP00000304408,COL3A1,SPARC,0.911
9606.ENSP00000304669,CTNNA1,CTNNB1,0.999
9606.ENSP00000304669,CTNNA1,VCL,0.999
9606.ENSP00000304669,CTNNA1,CDH1,0.999
9606.ENSP00000304669,CTNNA1,CTNND1,0.998
9606.ENSP00000304669,CTNNA1,JUP,0.991
9606.ENSP00000304669,CTNNA1,CDH2,0.99
9606.ENSP00000304669,CTNNA1,TJP1,0.987
9606.ENSP00000304669,CTNNA1,AFDN,0.984
9606.ENSP00000304669,CTNNA1,CDH17,0.983
9606.ENSP00000304669,CTNNA1,CTNNA2,0.979
9606.ENSP00000304669,CTNNA1,APC,0.975
9606.ENSP00000304669,CTNNA1,ACTN1,0.974
9606.ENSP00000304669,CTNNA1,CDH5,0.972
9606.ENSP00000304669,CTNNA1,ACTB,0.957
9606.ENSP00000304669,CTNNA1,CTNNA3,0.955
9606.ENSP00000304669,CTNNA1,ACTG1,0.953
9606.ENSP00000304669,CTNNA1,YWHAG,0.942
9606.ENSP00000304669,CTNNA1,ACTN4,0.94
9606.ENSP00000304669,CTNNA1,CDH3,0.93
9606.ENSP00000304669,CTNNA1,YWHAH,0.923
9606.ENSP00000304669,CTNNA1,YWHAZ,0.914
9606.ENSP00000304669,CTNNA1,ACTA1,0.912
9606.ENSP00000304669,CTNNA1,YWHAE,0.912
9606.ENSP00000304669,CTNNA1,YWHAQ,0.911
9606.ENSP00000304669,CTNNA1,APC2,0.904
9606.ENSP00000304669,CTNNA1,YWHAB,0.903
9606.ENSP00000305725,CHST11,CHST12,0.914
9606.ENSP00000305725,CHST11,CHST13,0.907
9606.ENSP00000306129,DRD5,GNAS,0.958
9606.ENSP00000306129,DRD5,GNAL,0.949
9606.ENSP00000306129,DRD5,TSHB,0.921
9606.ENSP00000306129,DRD5,GNAQ,0.919
9606.ENSP00000306129,DRD5,POMC,0.918
9606.ENSP00000306129,DRD5,ADCYAP1,0.909
9606.ENSP00000306129,DRD5,VIP,0.908
9606.ENSP00000306129,DRD5,GCG,0.906
9606.ENSP00000306129,DRD5,FSHB,0.904
9606.ENSP00000306129,DRD5,NPPA,0.903
9606.ENSP00000306129,DRD5,GIP,0.901
9606.ENSP00000306425,CHCHD7,PLAG1,0.947
9606.ENSP00000307134,CTNND2,PSEN1,0.991
9606.ENSP00000307134,CTNND2,CDH17,0.991
9606.ENSP00000307134,CTNND2,ZBTB33,0.945
9606.ENSP00000307134,CTNND2,PDZD2,0.925
9606.ENSP00000307134,CTNND2,LEF1,0.919
9606.ENSP00000307134,CTNND2,TCF7L1,0.915
9606.ENSP00000307134,CTNND2,TCF7L2,0.912
9606.ENSP00000307134,CTNND2,TCF7,0.904
9606.ENSP00000307235,EIF2AK3,HSPA5,0.999
9606.ENSP00000307235,EIF2AK3,EIF2S1,0.998
9606.ENSP00000307235,EIF2AK3,ATF4,0.992
9606.ENSP00000307235,EIF2AK3,ATF6,0.978
9606.ENSP00000307235,EIF2AK3,NFE2L2,0.977
9606.ENSP00000307235,EIF2AK3,PSEN1,0.942
9606.ENSP00000307235,EIF2AK3,HSP90B1,0.933
9606.ENSP00000307235,EIF2AK3,IKBKG,0.923
9606.ENSP00000307235,EIF2AK3,CHUK,0.919
9606.ENSP00000307235,EIF2AK3,IKBKB,0.918
9606.ENSP00000307235,EIF2AK3,IFIT1,0.913
9606.ENSP00000307235,EIF2AK3,XBP1,0.909
9606.ENSP00000307235,EIF2AK3,PSEN2,0.908
9606.ENSP00000307235,EIF2AK3,IFIT1B,0.905
9606.ENSP00000307235,EIF2AK3,PPP1R15A,0.901
9606.ENSP00000307940,EEF2,RPL23A,0.999
9606.ENSP00000307940,EEF2,RPS20,0.999
9606.ENSP00000307940,EEF2,RPL8,0.999
9606.ENSP00000307940,EEF2,RPS6,0.999
9606.ENSP00000307940,EEF2,RPS15,0.999
9606.ENSP00000307940,EEF2,RPS2,0.999
9606.ENSP00000307940,EEF2,RPS8,0.999
9606.ENSP00000307940,EEF2,RPL30,0.999
9606.ENSP00000307940,EEF2,RPS28,0.999
9606.ENSP00000307940,EEF2,RPS5,0.999
9606.ENSP00000307940,EEF2,RPL4,0.999
9606.ENSP00000307940,EEF2,RPL35,0.999
9606.ENSP00000307940,EEF2,RPSA,0.999
9606.ENSP00000307940,EEF2,RACK1,0.999
9606.ENSP00000307940,EEF2,RPL15,0.999
9606.ENSP00000307940,EEF2,RPS19,0.999
9606.ENSP00000307940,EEF2,RPL23,0.999
9606.ENSP00000307940,EEF2,RPS18,0.999
9606.ENSP00000307940,EEF2,RPL5,0.999
9606.ENSP00000307940,EEF2,RPL19,0.999
9606.ENSP00000307940,EEF2,RPS16,0.999
9606.ENSP00000307940,EEF2,RPL9,0.999
9606.ENSP00000307940,EEF2,RPL18,0.999
9606.ENSP00000307940,EEF2,RPL11,0.999
9606.ENSP00000307940,EEF2,RPL7A,0.999
9606.ENSP00000307940,EEF2,RPL27A,0.999
9606.ENSP00000307940,EEF2,RPL6,0.999
9606.ENSP00000307940,EEF2,RPL13,0.999
9606.ENSP00000307940,EEF2,RPL32,0.999
9606.ENSP00000307940,EEF2,RPLP0,0.999
9606.ENSP00000307940,EEF2,EEF2K,0.999
9606.ENSP00000307940,EEF2,RPL27,0.999
9606.ENSP00000307940,EEF2,RPS3,0.999
9606.ENSP00000307940,EEF2,RPS13,0.999
9606.ENSP00000307940,EEF2,RPS3A,0.999
9606.ENSP00000307940,EEF2,RPL12,0.999
9606.ENSP00000307940,EEF2,RPS23,0.999
9606.ENSP00000307940,EEF2,RPS9,0.999
9606.ENSP00000307940,EEF2,RPL18A,0.999
9606.ENSP00000307940,EEF2,RPL14,0.999
9606.ENSP00000307940,EEF2,RPS11,0.999
9606.ENSP00000307940,EEF2,RPL3,0.999
9606.ENSP00000307940,EEF2,RPS25,0.998
9606.ENSP00000307940,EEF2,UBA52,0.998
9606.ENSP00000307940,EEF2,RPL24,0.998
9606.ENSP00000307940,EEF2,RPS4X,0.998
9606.ENSP00000307940,EEF2,RPS7,0.998
9606.ENSP00000307940,EEF2,RPL34,0.998
9606.ENSP00000307940,EEF2,RPS12,0.998
9606.ENSP00000307940,EEF2,RPS21,0.998
9606.ENSP00000307940,EEF2,RPS24,0.998
9606.ENSP00000307940,EEF2,FAU,0.998
9606.ENSP00000307940,EEF2,RPL38,0.998
9606.ENSP00000307940,EEF2,RPS26,0.998
9606.ENSP00000307940,EEF2,RPS29,0.998
9606.ENSP00000307940,EEF2,RPL21,0.998
9606.ENSP00000307940,EEF2,RPL35A,0.998
9606.ENSP00000307940,EEF2,RPL31,0.998
9606.ENSP00000307940,EEF2,RPL28,0.998
9606.ENSP00000307940,EEF2,RPL10A,0.997
9606.ENSP00000307940,EEF2,RPL37A,0.997
9606.ENSP00000307940,EEF2,RPS17,0.997
9606.ENSP00000307940,EEF2,RPL7,0.997
9606.ENSP00000307940,EEF2,RPL36,0.997
9606.ENSP00000307940,EEF2,RPL29,0.997
9606.ENSP00000307940,EEF2,RPS27A,0.997
9606.ENSP00000307940,EEF2,RPL13A,0.997
9606.ENSP00000307940,EEF2,RPL17,0.996
9606.ENSP00000307940,EEF2,RPL26,0.996
9606.ENSP00000307940,EEF2,RPL10,0.996
9606.ENSP00000307940,EEF2,EIF5A,0.996
9606.ENSP00000307940,EEF2,RPS14,0.996
9606.ENSP00000307940,EEF2,RPL37,0.996
9606.ENSP00000307940,EEF2,EEF1G,0.994
9606.ENSP00000307940,EEF2,RPL10L,0.994
9606.ENSP00000307940,EEF2,RPL26L1,0.993
9606.ENSP00000307940,EEF2,RPS10,0.993
9606.ENSP00000307940,EEF2,RPS15A,0.993
9606.ENSP00000307940,EEF2,RPS27,0.992
9606.ENSP00000307940,EEF2,RPL22,0.99
9606.ENSP00000307940,EEF2,RPS4Y1,0.99
9606.ENSP00000307940,EEF2,RPL39,0.988
9606.ENSP00000307940,EEF2,DPH5,0.988
9606.ENSP00000307940,EEF2,RPL17-C18orf32,0.987
9606.ENSP00000307940,EEF2,RPL36A,0.986
9606.ENSP00000307940,EEF2,DPH2,0.985
9606.ENSP00000307940,EEF2,RPLP1,0.985
9606.ENSP00000307940,EEF2,RPL36AL,0.985
9606.ENSP00000307940,EEF2,DPH1,0.984
9606.ENSP00000307940,EEF2,DPH7,0.984
9606.ENSP00000307940,EEF2,EEF1A1,0.982
9606.ENSP00000307940,EEF2,RPLP2,0.981
9606.ENSP00000307940,EEF2,RPS10-NUDT3,0.978
9606.ENSP00000307940,EEF2,RPL3L,0.973
9606.ENSP00000307940,EEF2,SERBP1,0.971
9606.ENSP00000307940,EEF2,EIF4A1,0.97
9606.ENSP00000307940,EEF2,EIF3B,0.966
9606.ENSP00000307940,EEF2,YTHDF1,0.966
9606.ENSP00000307940,EEF2,CXorf66,0.964
9606.ENSP00000307940,EEF2,EEF2KMT,0.959
9606.ENSP00000307940,EEF2,H3BNC9_HUMAN,0.958
9606.ENSP00000307940,EEF2,PA2G4,0.957
9606.ENSP00000307940,EEF2,DOCK4,0.956
9606.ENSP00000307940,EEF2,RPS4Y2,0.954
9606.ENSP00000307940,EEF2,MRRF,0.951
9606.ENSP00000307940,EEF2,MED1,0.949
9606.ENSP00000307940,EEF2,DPH3,0.949
9606.ENSP00000307940,EEF2,DNAJC24,0.948
9606.ENSP00000307940,EEF2,TUFM,0.948
9606.ENSP00000307940,EEF2,MRPL12,0.946
9606.ENSP00000307940,EEF2,WDR31,0.946
9606.ENSP00000307940,EEF2,CD74,0.945
9606.ENSP00000307940,EEF2,RPL7L1,0.943
9606.ENSP00000307940,EEF2,MRPL9,0.943
9606.ENSP00000307940,EEF2,MRPS6,0.942
9606.ENSP00000307940,EEF2,RPS27L,0.942
9606.ENSP00000307940,EEF2,RSAD1,0.941
9606.ENSP00000307940,EEF2,MRPS9,0.94
9606.ENSP00000307940,EEF2,FLT3LG,0.94
9606.ENSP00000307940,EEF2,MRPL21,0.939
9606.ENSP00000307940,EEF2,EIF4A2,0.939
9606.ENSP00000307940,EEF2,MRPL27,0.938
9606.ENSP00000307940,EEF2,EEF1B2,0.937
9606.ENSP00000307940,EEF2,MRPL36,0.936
9606.ENSP00000307940,EEF2,MRPL17,0.935
9606.ENSP00000307940,EEF2,RPL39L,0.935
9606.ENSP00000307940,EEF2,FANCE,0.932
9606.ENSP00000307940,EEF2,MRNIP,0.932
9606.ENSP00000307940,EEF2,RPL22L1,0.93
9606.ENSP00000307940,EEF2,MRPL19,0.927
9606.ENSP00000307940,EEF2,MRPS16,0.924
9606.ENSP00000307940,EEF2,MRPL32,0.923
9606.ENSP00000307940,EEF2,MRPL20,0.923
9606.ENSP00000307940,EEF2,MRPS7,0.921
9606.ENSP00000307940,EEF2,CCDC105,0.918
9606.ENSP00000307940,EEF2,RSRC1,0.909
9606.ENSP00000307940,EEF2,NPSR1,0.905
9606.ENSP00000307940,EEF2,IFI35,0.902
9606.ENSP00000307959,DST,COL17A1,0.999
9606.ENSP00000307959,DST,PLEC,0.998
9606.ENSP00000307959,DST,CD151,0.991
9606.ENSP00000307959,DST,ITGB4,0.991
9606.ENSP00000307959,DST,MAPRE1,0.988
9606.ENSP00000310721,CYP7B1,CH25H,0.989
9606.ENSP00000310721,CYP7B1,HSD3B7,0.988
9606.ENSP00000310721,CYP7B1,HSD3B1,0.97
9606.ENSP00000310721,CYP7B1,HSD3B2,0.967
9606.ENSP00000310721,CYP7B1,CYP27A1,0.964
9606.ENSP00000310721,CYP7B1,CYP11A1,0.948
9606.ENSP00000310721,CYP7B1,SULT2B1,0.934
9606.ENSP00000310721,CYP7B1,CYP17A1,0.933
9606.ENSP00000310721,CYP7B1,CYP21A2,0.928
9606.ENSP00000310721,CYP7B1,STS,0.9
9606.ENSP00000310723,DDX23,PRPF8,0.999
9606.ENSP00000310723,DDX23,PRPF3,0.999
9606.ENSP00000310723,DDX23,SNRPD2,0.999
9606.ENSP00000310723,DDX23,EFTUD2,0.999
9606.ENSP00000310723,DDX23,TXNL4A,0.999
9606.ENSP00000310723,DDX23,SNRNP200,0.999
9606.ENSP00000310723,DDX23,PRPF6,0.999
9606.ENSP00000310723,DDX23,SNRPD1,0.998
9606.ENSP00000310723,DDX23,SNRPE,0.998
9606.ENSP00000310723,DDX23,SNRNP40,0.997
9606.ENSP00000310723,DDX23,SNRPG,0.997
9606.ENSP00000310723,DDX23,SNRPF,0.997
9606.ENSP00000310723,DDX23,PRPF31,0.997
9606.ENSP00000310723,DDX23,CD2BP2,0.996
9606.ENSP00000310723,DDX23,USP39,0.996
9606.ENSP00000310723,DDX23,PRPF4,0.996
9606.ENSP00000310723,DDX23,SART1,0.996
9606.ENSP00000310723,DDX23,SNRPD3,0.996
9606.ENSP00000310723,DDX23,SNRPC,0.995
9606.ENSP00000310723,DDX23,SNRPB,0.994
9606.ENSP00000310723,DDX23,LSM7,0.993
9606.ENSP00000310723,DDX23,SNU13,0.991
9606.ENSP00000310723,DDX23,LSM4,0.99
9606.ENSP00000310723,DDX23,LSM6,0.99
9606.ENSP00000310723,DDX23,LSM2,0.99
9606.ENSP00000310723,DDX23,LSM5,0.988
9606.ENSP00000310723,DDX23,CRNKL1,0.983
9606.ENSP00000310723,DDX23,LSM3,0.983
9606.ENSP00000310723,DDX23,DHX38,0.983
9606.ENSP00000310723,DDX23,LSM8,0.981
9606.ENSP00000310723,DDX23,AAR2,0.98
9606.ENSP00000310723,DDX23,SF3A2,0.962
9606.ENSP00000310723,DDX23,SRPK2,0.962
9606.ENSP00000310723,DDX23,SF3B1,0.956
9606.ENSP00000310723,DDX23,SF3A1,0.955
9606.ENSP00000310723,DDX23,SNRNP70,0.953
9606.ENSP00000310723,DDX23,SNRPA,0.953
9606.ENSP00000310723,DDX23,RBM42,0.945
9606.ENSP00000310723,DDX23,SRPK1,0.942
9606.ENSP00000310723,DDX23,SF3A3,0.94
9606.ENSP00000310723,DDX23,SNRNP27,0.937
9606.ENSP00000310723,DDX23,PRPF4B,0.937
9606.ENSP00000310723,DDX23,SNRPN,0.93
9606.ENSP00000310723,DDX23,TFIP11,0.928
9606.ENSP00000310723,DDX23,SF3B2,0.923
9606.ENSP00000310723,DDX23,SF3B3,0.923
9606.ENSP00000310723,DDX23,SNRPA1,0.91
9606.ENSP00000310723,DDX23,PHF5A,0.908
9606.ENSP00000310829,CFAP70,DNAH1,0.958
9606.ENSP00000310829,CFAP70,DNAH2,0.957
9606.ENSP00000310829,CFAP70,DNAH17,0.956
9606.ENSP00000310829,CFAP70,DNAH8,0.937
9606.ENSP00000310829,CFAP70,DNAH7,0.924
9606.ENSP00000310829,CFAP70,DNAH3,0.922
9606.ENSP00000311083,CKS1B,CDK2,0.999
9606.ENSP00000311083,CKS1B,CDK1,0.999
9606.ENSP00000311083,CKS1B,SKP1,0.999
9606.ENSP00000311083,CKS1B,SKP2,0.999
9606.ENSP00000311083,CKS1B,CCNA2,0.999
9606.ENSP00000311083,CKS1B,CCNB1,0.998
9606.ENSP00000311083,CKS1B,CUL1,0.998
9606.ENSP00000311083,CKS1B,CDKN1B,0.997
9606.ENSP00000311083,CKS1B,CKS2,0.993
9606.ENSP00000311083,CKS1B,RBX1,0.988
9606.ENSP00000311083,CKS1B,CDC20,0.971
9606.ENSP00000311083,CKS1B,CCNB2,0.952
9606.ENSP00000311083,CKS1B,CCNA1,0.947
9606.ENSP00000311083,CKS1B,CDK3,0.947
9606.ENSP00000311083,CKS1B,CDKN1A,0.926
9606.ENSP00000311083,CKS1B,ESPL1,0.926
9606.ENSP00000311083,CKS1B,CCNE2,0.915
9606.ENSP00000311083,CKS1B,UBC,0.914
9606.ENSP00000311083,CKS1B,UBB,0.91
9606.ENSP00000311083,CKS1B,UBA52,0.909
9606.ENSP00000311083,CKS1B,RPS27A,0.906
9606.ENSP00000311095,CYP4A11,CYP1A2,0.972
9606.ENSP00000311095,CYP4A11,CYP2A6,0.97
9606.ENSP00000311095,CYP4A11,CYP2B6,0.966
9606.ENSP00000311095,CYP4A11,CYP2C8,0.966
9606.ENSP00000311095,CYP4A11,CYP2E1,0.964
9606.ENSP00000311095,CYP4A11,CYP4A22,0.961
9606.ENSP00000311095,CYP4A11,CYP3A4,0.958
9606.ENSP00000311095,CYP4A11,CYP2C19,0.957
9606.ENSP00000311095,CYP4A11,CYP2C9,0.955
9606.ENSP00000311095,CYP4A11,CYP2J2,0.954
9606.ENSP00000311095,CYP4A11,CYP1A1,0.953
9606.ENSP00000311095,CYP4A11,CYP3A5,0.952
9606.ENSP00000311095,CYP4A11,CYP2C18,0.95
9606.ENSP00000311095,CYP4A11,CYP3A7,0.948
9606.ENSP00000311095,CYP4A11,CYP2U1,0.946
9606.ENSP00000311095,CYP4A11,CYP2S1,0.942
9606.ENSP00000311095,CYP4A11,CYP26C1,0.939
9606.ENSP00000311095,CYP4A11,ENSP00000480571,0.939
9606.ENSP00000311095,CYP4A11,ALDH3A2,0.935
9606.ENSP00000311095,CYP4A11,POR,0.934
9606.ENSP00000311095,CYP4A11,CYP26A1,0.931
9606.ENSP00000311095,CYP4A11,CYP26B1,0.926
9606.ENSP00000311095,CYP4A11,AOX1,0.924
9606.ENSP00000311095,CYP4A11,ALDH2,0.923
9606.ENSP00000311095,CYP4A11,ALOX5,0.922
9606.ENSP00000311095,CYP4A11,ALOX12,0.92
9606.ENSP00000311095,CYP4A11,ALDH1A2,0.919
9606.ENSP00000311095,CYP4A11,ALDH9A1,0.919
9606.ENSP00000311095,CYP4A11,CYP4F2,0.919
9606.ENSP00000311095,CYP4A11,ALDH1A1,0.919
9606.ENSP00000311095,CYP4A11,ALDH1B1,0.918
9606.ENSP00000311095,CYP4A11,PTGS2,0.918
9606.ENSP00000311095,CYP4A11,ALOX15B,0.918
9606.ENSP00000311095,CYP4A11,ALDH1A3,0.917
9606.ENSP00000311095,CYP4A11,CYP4F3,0.917
9606.ENSP00000311095,CYP4A11,ALOX15,0.917
9606.ENSP00000311095,CYP4A11,CYP4F8,0.916
9606.ENSP00000311095,CYP4A11,ALDH7A1,0.915
9606.ENSP00000311095,CYP4A11,PTGS1,0.915
9606.ENSP00000311095,CYP4A11,ALOX12B,0.91
9606.ENSP00000311273,DNAH7,DNAH2,0.96
9606.ENSP00000311273,DNAH7,DNAI1,0.928
9606.ENSP00000311273,DNAH7,CFAP70,0.924
9606.ENSP00000311273,DNAH7,DNAH8,0.916
9606.ENSP00000311273,DNAH7,DNAH17,0.914
9606.ENSP00000311273,DNAH7,DNAH1,0.911
9606.ENSP00000311273,DNAH7,DNAH3,0.909
9606.ENSP00000311273,DNAH7,DNAI2,0.903
9606.ENSP00000311280,ELF4,ELF3,0.979
9606.ENSP00000312185,ELMO1,DOCK1,0.999
9606.ENSP00000312185,ELMO1,DOCK2,0.999
9606.ENSP00000312185,ELMO1,CRK,0.998
9606.ENSP00000312185,ELMO1,RHOG,0.997
9606.ENSP00000312185,ELMO1,RAC3,0.991
9606.ENSP00000312185,ELMO1,DOCK5,0.99
9606.ENSP00000312185,ELMO1,WDR35,0.986
9606.ENSP00000312185,ELMO1,ELMO3,0.981
9606.ENSP00000312185,ELMO1,ELMO2,0.98
9606.ENSP00000312185,ELMO1,RAC2,0.975
9606.ENSP00000312185,ELMO1,HCK,0.965
9606.ENSP00000312185,ELMO1,CRKL,0.961
9606.ENSP00000312185,ELMO1,BCAR1,0.952
9606.ENSP00000312185,ELMO1,DOCK3,0.944
9606.ENSP00000312185,ELMO1,DOCK4,0.935
9606.ENSP00000312185,ELMO1,ADGRB1,0.932
9606.ENSP00000312185,ELMO1,SRC,0.928
9606.ENSP00000312185,ELMO1,LYN,0.908
9606.ENSP00000312185,ELMO1,FGR,0.907
9606.ENSP00000312554,DNAH12,DNAH6,0.981
9606.ENSP00000312554,DNAH12,DNAH1,0.98
9606.ENSP00000312554,DNAH12,DNAH5,0.947
9606.ENSP00000312554,DNAH12,DNAH14,0.946
9606.ENSP00000314348,DDX10,ESF1,0.996
9606.ENSP00000314348,DDX10,DDX18,0.994
9606.ENSP00000314348,DDX10,ABT1,0.992
9606.ENSP00000314348,DDX10,NOM1,0.988
9606.ENSP00000314348,DDX10,UTP3,0.984
9606.ENSP00000314348,DDX10,NOL6,0.983
9606.ENSP00000314348,DDX10,RRP36,0.981
9606.ENSP00000314348,DDX10,UTP18,0.976
9606.ENSP00000314348,DDX10,PDCD11,0.973
9606.ENSP00000314348,DDX10,BYSL,0.971
9606.ENSP00000314348,DDX10,UTP14A,0.969
9606.ENSP00000314348,DDX10,UTP14C,0.959
9606.ENSP00000314348,DDX10,AATF,0.958
9606.ENSP00000314348,DDX10,NOP14,0.952
9606.ENSP00000314348,DDX10,NOL10,0.952
9606.ENSP00000314348,DDX10,PUM3,0.946
9606.ENSP00000314348,DDX10,BMS1,0.944
9606.ENSP00000314348,DDX10,RBM19,0.94
9606.ENSP00000314348,DDX10,WDR43,0.938
9606.ENSP00000314348,DDX10,CEBPZ,0.936
9606.ENSP00000314348,DDX10,BOP1,0.931
9606.ENSP00000314348,DDX10,NOP58,0.929
9606.ENSP00000314348,DDX10,DDX54,0.925
9606.ENSP00000314348,DDX10,MPHOSPH10,0.924
9606.ENSP00000314348,DDX10,WDR12,0.921
9606.ENSP00000314348,DDX10,DDX56,0.921
9606.ENSP00000314348,DDX10,NOC2L,0.918
9606.ENSP00000314348,DDX10,SDAD1,0.917
9606.ENSP00000314348,DDX10,DDX52,0.91
9606.ENSP00000314348,DDX10,TSR1,0.909
9606.ENSP00000314348,DDX10,NGDN,0.902
9606.ENSP00000314348,DDX10,NOC3L,0.901
9606.ENSP00000314348,DDX10,RRP12,0.901
9606.ENSP00000314348,DDX10,EBNA1BP2,0.901
9606.ENSP00000315569,DIS3L2,EXOSC10,0.991
9606.ENSP00000315569,DIS3L2,EXOSC4,0.97
9606.ENSP00000315569,DIS3L2,EXOSC5,0.965
9606.ENSP00000315569,DIS3L2,EXOSC3,0.96
9606.ENSP00000315569,DIS3L2,EXOSC1,0.951
9606.ENSP00000315569,DIS3L2,EXOSC9,0.95
9606.ENSP00000315569,DIS3L2,EXOSC8,0.949
9606.ENSP00000315569,DIS3L2,C1D,0.943
9606.ENSP00000315569,DIS3L2,EXOSC7,0.941
9606.ENSP00000315569,DIS3L2,EXOSC2,0.936
9606.ENSP00000315569,DIS3L2,EXOSC6,0.935
9606.ENSP00000315659,DNMBP,WASL,0.951
9606.ENSP00000315659,DNMBP,BIN1,0.918
9606.ENSP00000315700,CHAF1B,CHAF1A,0.999
9606.ENSP00000315700,CHAF1B,RBBP4,0.999
9606.ENSP00000315700,CHAF1B,ASF1B,0.993
9606.ENSP00000315700,CHAF1B,ASF1A,0.988
9606.ENSP00000315700,CHAF1B,H3C12,0.973
9606.ENSP00000315700,CHAF1B,PCNA,0.933
9606.ENSP00000315700,CHAF1B,H4C6,0.929
9606.ENSP00000315700,CHAF1B,H3C1,0.918
9606.ENSP00000315700,CHAF1B,CBX5,0.911
9606.ENSP00000315700,CHAF1B,RBBP7,0.903
9606.ENSP00000316416,CSH1,CSH2,0.998
9606.ENSP00000316416,CSH1,GHR,0.992
9606.ENSP00000316416,CSH1,GH1,0.99
9606.ENSP00000316416,CSH1,PRLR,0.965
9606.ENSP00000316416,CSH1,PRL,0.965
9606.ENSP00000316416,CSH1,EPO,0.957
9606.ENSP00000316416,CSH1,LEP,0.953
9606.ENSP00000316416,CSH1,GH2,0.944
9606.ENSP00000316416,CSH1,CSF3,0.912
9606.ENSP00000316416,CSH1,THPO,0.91
9606.ENSP00000316416,CSH1,GHRH,0.909
9606.ENSP00000316416,CSH1,CNTF,0.906
9606.ENSP00000316416,CSH1,CSHL1,0.904
9606.ENSP00000316416,CSH1,LGALS1,0.901
9606.ENSP00000316948,CLK4,CLK1,0.959
9606.ENSP00000318057,EGR3,EGR2,0.987
9606.ENSP00000318057,EGR3,NAB2,0.964
9606.ENSP00000318057,EGR3,FOSB,0.956
9606.ENSP00000318057,EGR3,NAB1,0.952
9606.ENSP00000318057,EGR3,FOS,0.941
9606.ENSP00000318057,EGR3,CREBBP,0.919
9606.ENSP00000318057,EGR3,EP300,0.918
9606.ENSP00000319635,CXCR2,CXCL8,0.999
9606.ENSP00000319635,CXCR2,CXCL1,0.999
9606.ENSP00000319635,CXCR2,CXCL3,0.999
9606.ENSP00000319635,CXCR2,PPBP,0.999
9606.ENSP00000319635,CXCR2,CXCL5,0.999
9606.ENSP00000319635,CXCR2,CXCR1,0.999
9606.ENSP00000319635,CXCR2,CXCL6,0.999
9606.ENSP00000319635,CXCR2,CXCL2,0.999
9606.ENSP00000319635,CXCR2,CXCL12,0.998
9606.ENSP00000319635,CXCR2,CXCL13,0.997
9606.ENSP00000319635,CXCR2,CCL5,0.997
9606.ENSP00000319635,CXCR2,CCL2,0.997
9606.ENSP00000319635,CXCR2,CD74,0.994
9606.ENSP00000319635,CXCR2,MIF,0.993
9606.ENSP00000319635,CXCR2,CXCR4,0.992
9606.ENSP00000319635,CXCR2,CXCL10,0.992
9606.ENSP00000319635,CXCR2,CCL3,0.984
9606.ENSP00000319635,CXCR2,CD44,0.983
9606.ENSP00000319635,CXCR2,CCL4,0.977
9606.ENSP00000319635,CXCR2,CXCL9,0.974
9606.ENSP00000319635,CXCR2,GNAI1,0.969
9606.ENSP00000319635,CXCR2,GRK2,0.956
9606.ENSP00000319635,CXCR2,GNAQ,0.953
9606.ENSP00000319635,CXCR2,ARRB1,0.953
9606.ENSP00000319635,CXCR2,CCL20,0.949
9606.ENSP00000319635,CXCR2,CAMP,0.948
9606.ENSP00000319635,CXCR2,CCL7,0.946
9606.ENSP00000319635,CXCR2,CCL8,0.942
9606.ENSP00000319635,CXCR2,CXCL11,0.942
9606.ENSP00000319635,CXCR2,CCL19,0.939
9606.ENSP00000319635,CXCR2,CCL21,0.939
9606.ENSP00000319635,CXCR2,PF4,0.939
9606.ENSP00000319635,CXCR2,CCR2,0.929
9606.ENSP00000319635,CXCR2,CCR5,0.925
9606.ENSP00000319635,CXCR2,CCL1,0.925
9606.ENSP00000319635,CXCR2,CXCL16,0.921
9606.ENSP00000319635,CXCR2,CX3CL1,0.915
9606.ENSP00000319635,CXCR2,CCL11,0.907
9606.ENSP00000319851,CHDH,ALDH7A1,0.967
9606.ENSP00000319851,CHDH,PEMT,0.933
9606.ENSP00000320130,DYNC1I1,DYNC1LI1,0.999
9606.ENSP00000320130,DYNC1I1,DYNC1H1,0.999
9606.ENSP00000320130,DYNC1I1,DCTN2,0.998
9606.ENSP00000320130,DYNC1I1,DCTN1,0.998
9606.ENSP00000320130,DYNC1I1,DYNLL1,0.997
9606.ENSP00000320130,DYNC1I1,BICD2,0.997
9606.ENSP00000320130,DYNC1I1,DYNC1LI2,0.995
9606.ENSP00000320130,DYNC1I1,DYNLRB1,0.99
9606.ENSP00000320130,DYNC1I1,DYNLL2,0.989
9606.ENSP00000320130,DYNC1I1,DYNC1I2,0.983
9606.ENSP00000320130,DYNC1I1,DYNLT3,0.982
9606.ENSP00000320130,DYNC1I1,DYNLT1,0.981
9606.ENSP00000320130,DYNC1I1,DYNC2H1,0.961
9606.ENSP00000320130,DYNC1I1,DYNLRB2,0.952
9606.ENSP00000320130,DYNC1I1,DYNC2LI1,0.942
9606.ENSP00000320130,DYNC1I1,NUDCD3,0.932
9606.ENSP00000320130,DYNC1I1,TUBB2A,0.919
9606.ENSP00000320130,DYNC1I1,PAFAH1B1,0.909
9606.ENSP00000320130,DYNC1I1,WDR34,0.901
9606.ENSP00000320663,EML4,ALK,0.999
9606.ENSP00000320663,EML4,KRAS,0.98
9606.ENSP00000320663,EML4,PIK3CA,0.96
9606.ENSP00000320663,EML4,NRAS,0.953
9606.ENSP00000320663,EML4,PLCG1,0.937
9606.ENSP00000320663,EML4,HRAS,0.937
9606.ENSP00000320663,EML4,JAK3,0.929
9606.ENSP00000320663,EML4,JAK2,0.929
9606.ENSP00000320663,EML4,ROS1,0.925
9606.ENSP00000320663,EML4,JAK1,0.924
9606.ENSP00000320663,EML4,PIK3R1,0.917
9606.ENSP00000320663,EML4,PIK3CB,0.914
9606.ENSP00000320663,EML4,PIK3CD,0.909
9606.ENSP00000320663,EML4,PIK3R2,0.908
9606.ENSP00000320663,EML4,KIF5B,0.905
9606.ENSP00000320663,EML4,EGFR,0.904
9606.ENSP00000320663,EML4,PIK3R3,0.9
9606.ENSP00000320663,EML4,PLCG2,0.9
9606.ENSP00000320949,CNOT1,CNOT10,0.999
9606.ENSP00000320949,CNOT1,CNOT11,0.999
9606.ENSP00000320949,CNOT1,CNOT3,0.999
9606.ENSP00000320949,CNOT1,CNOT6,0.999
9606.ENSP00000320949,CNOT1,CNOT2,0.999
9606.ENSP00000320949,CNOT1,DDX6,0.999
9606.ENSP00000320949,CNOT1,CNOT8,0.999
9606.ENSP00000320949,CNOT1,CNOT9,0.999
9606.ENSP00000320949,CNOT1,CNOT7,0.999
9606.ENSP00000320949,CNOT1,CNOT4,0.999
9606.ENSP00000320949,CNOT1,CNOT6L,0.999
9606.ENSP00000320949,CNOT1,PATL1,0.998
9606.ENSP00000320949,CNOT1,TNRC6A,0.997
9606.ENSP00000320949,CNOT1,NANOS1,0.994
9606.ENSP00000320949,CNOT1,YTHDF2,0.986
9606.ENSP00000320949,CNOT1,TNKS1BP1,0.985
9606.ENSP00000320949,CNOT1,TOB1,0.984
9606.ENSP00000320949,CNOT1,ZFP36,0.983
9606.ENSP00000320949,CNOT1,NANOS2,0.971
9606.ENSP00000320949,CNOT1,EIF4ENIF1,0.941
9606.ENSP00000320949,CNOT1,RC3H1,0.935
9606.ENSP00000320949,CNOT1,CPEB3,0.91
9606.ENSP00000321348,DIAPH2,RHOD,0.979
9606.ENSP00000321348,DIAPH2,PFN1,0.959
9606.ENSP00000321348,DIAPH2,RHOA,0.955
9606.ENSP00000321348,DIAPH2,PFN4,0.954
9606.ENSP00000321348,DIAPH2,PFN3,0.945
9606.ENSP00000321348,DIAPH2,DIAPH1,0.906
9606.ENSP00000321656,CDC25C,YWHAE,0.999
9606.ENSP00000321656,CDC25C,CHEK1,0.999
9606.ENSP00000321656,CDC25C,YWHAZ,0.999
9606.ENSP00000321656,CDC25C,PLK1,0.999
9606.ENSP00000321656,CDC25C,CDK1,0.999
9606.ENSP00000321656,CDC25C,CHEK2,0.998
9606.ENSP00000321656,CDC25C,YWHAB,0.995
9606.ENSP00000321656,CDC25C,CDK2,0.994
9606.ENSP00000321656,CDC25C,CCNB2,0.993
9606.ENSP00000321656,CDC25C,YWHAQ,0.992
9606.ENSP00000321656,CDC25C,CCNB1,0.991
9606.ENSP00000321656,CDC25C,YWHAH,0.989
9606.ENSP00000321656,CDC25C,YWHAG,0.979
9606.ENSP00000321656,CDC25C,SFN,0.966
9606.ENSP00000321656,CDC25C,PLK3,0.965
9606.ENSP00000321656,CDC25C,CDC25A,0.961
9606.ENSP00000321656,CDC25C,CCNA2,0.956
9606.ENSP00000321656,CDC25C,MAPK14,0.952
9606.ENSP00000321656,CDC25C,WEE1,0.946
9606.ENSP00000321656,CDC25C,MARK3,0.945
9606.ENSP00000321656,CDC25C,PKN1,0.934
9606.ENSP00000321656,CDC25C,MAPK12,0.931
9606.ENSP00000321656,CDC25C,PPP1CA,0.928
9606.ENSP00000321656,CDC25C,MAPK13,0.927
9606.ENSP00000321656,CDC25C,MAPK11,0.927
9606.ENSP00000321656,CDC25C,PPP1CC,0.924
9606.ENSP00000321656,CDC25C,PPP1CB,0.922
9606.ENSP00000321656,CDC25C,CDC25B,0.922
9606.ENSP00000321656,CDC25C,BUB1,0.921
9606.ENSP00000321656,CDC25C,PRKACB,0.914
9606.ENSP00000321656,CDC25C,PRKACG,0.914
9606.ENSP00000321656,CDC25C,PRKACA,0.914
9606.ENSP00000321656,CDC25C,KIF2C,0.907
9606.ENSP00000321656,CDC25C,SPDYC,0.901
9606.ENSP00000321656,CDC25C,CDC20,0.9
9606.ENSP00000321656,CDC25C,SPDYE3,0.9
9606.ENSP00000321656,CDC25C,SPDYE4,0.9
9606.ENSP00000321656,CDC25C,CAMK2A,0.9
9606.ENSP00000321656,CDC25C,SPDYA,0.9
9606.ENSP00000321656,CDC25C,SPDYE11,0.9
9606.ENSP00000321656,CDC25C,SPDYE5,0.9
9606.ENSP00000321656,CDC25C,CAMK2B,0.9
9606.ENSP00000321656,CDC25C,SPDYE2,0.9
9606.ENSP00000321656,CDC25C,SPDYE2B,0.9
9606.ENSP00000321656,CDC25C,SPDYE1,0.9
9606.ENSP00000321656,CDC25C,SPDYE6,0.9
9606.ENSP00000321656,CDC25C,SPDYE16,0.9
9606.ENSP00000322898,EBF1,PAX5,0.985
9606.ENSP00000322898,EBF1,ZNF423,0.978
9606.ENSP00000322898,EBF1,TET2,0.976
9606.ENSP00000322898,EBF1,TCF3,0.948
9606.ENSP00000322898,EBF1,LHX2,0.938
9606.ENSP00000322898,EBF1,IKZF1,0.931
9606.ENSP00000323858,DDX54,BOP1,0.966
9606.ENSP00000323858,DDX54,PES1,0.959
9606.ENSP00000323858,DDX54,FTSJ3,0.952
9606.ENSP00000323858,DDX54,NIFK,0.948
9606.ENSP00000323858,DDX54,DDX24,0.941
9606.ENSP00000323858,DDX54,NOC2L,0.941
9606.ENSP00000323858,DDX54,NOP2,0.934
9606.ENSP00000323858,DDX54,DDX10,0.925
9606.ENSP00000323858,DDX54,RBM19,0.922
9606.ENSP00000323858,DDX54,RBM34,0.92
9606.ENSP00000323858,DDX54,NSUN6,0.92
9606.ENSP00000323858,DDX54,GNL3L,0.91
9606.ENSP00000323858,DDX54,PUM3,0.91
9606.ENSP00000323858,DDX54,RPF2,0.904
9606.ENSP00000323858,DDX54,DDX18,0.9
9606.ENSP00000325548,CNDP2,CNDP1,0.964
9606.ENSP00000325548,CNDP2,CARNS1,0.963
9606.ENSP00000325548,CNDP2,HDC,0.952
9606.ENSP00000325548,CNDP2,HAL,0.937
9606.ENSP00000325548,CNDP2,CARNMT1,0.935
9606.ENSP00000325548,CNDP2,ABAT,0.934
9606.ENSP00000325548,CNDP2,ALDH3A2,0.928
9606.ENSP00000325548,CNDP2,UPB1,0.928
9606.ENSP00000325548,CNDP2,ALDH9A1,0.927
9606.ENSP00000325548,CNDP2,GADL1,0.918
9606.ENSP00000325548,CNDP2,GAD1,0.918
9606.ENSP00000325548,CNDP2,GAD2,0.918
9606.ENSP00000325548,CNDP2,ALDH2,0.912
9606.ENSP00000325548,CNDP2,ALDH1B1,0.908
9606.ENSP00000325548,CNDP2,ALDH7A1,0.908
9606.ENSP00000325548,CNDP2,ALDH3B1,0.908
9606.ENSP00000325548,CNDP2,ALDH3B2,0.907
9606.ENSP00000325548,CNDP2,ALDH3A1,0.907
9606.ENSP00000325548,CNDP2,GATM,0.906
9606.ENSP00000326381,EIF4A2,EIF4G2,0.999
9606.ENSP00000326381,EIF4A2,EIF4B,0.999
9606.ENSP00000326381,EIF4A2,EIF4G3,0.999
9606.ENSP00000326381,EIF4A2,EIF4G1,0.999
9606.ENSP00000326381,EIF4A2,PABPC1,0.999
9606.ENSP00000326381,EIF4A2,PDCD4,0.999
9606.ENSP00000326381,EIF4A2,EIF4E,0.999
9606.ENSP00000326381,EIF4A2,EIF4H,0.997
9606.ENSP00000326381,EIF4A2,PAIP1,0.995
9606.ENSP00000326381,EIF4A2,EIF4A1,0.994
9606.ENSP00000326381,EIF4A2,EIF5,0.988
9606.ENSP00000326381,EIF4A2,EIF1,0.987
9606.ENSP00000326381,EIF4A2,EIF4A3,0.959
9606.ENSP00000326381,EIF4A2,EIF3B,0.959
9606.ENSP00000326381,EIF4A2,EIF4E2,0.941
9606.ENSP00000326381,EIF4A2,EEF2,0.939
9606.ENSP00000326381,EIF4A2,EIF5B,0.937
9606.ENSP00000326381,EIF4A2,EIF4EBP1,0.933
9606.ENSP00000326381,EIF4A2,EIF3I,0.931
9606.ENSP00000326381,EIF4A2,EIF3G,0.929
9606.ENSP00000326381,EIF4A2,EIF3C,0.928
9606.ENSP00000326381,EIF4A2,MKNK1,0.928
9606.ENSP00000326381,EIF4A2,DHX29,0.911
9606.ENSP00000326804,CUL1,FBXL17,0.999
9606.ENSP00000326804,CUL1,DCUN1D1,0.999
9606.ENSP00000326804,CUL1,FBXW7,0.999
9606.ENSP00000326804,CUL1,RBX1,0.999
9606.ENSP00000326804,CUL1,FBXW11,0.999
9606.ENSP00000326804,CUL1,UBE2M,0.999
9606.ENSP00000326804,CUL1,NEDD8,0.999
9606.ENSP00000326804,CUL1,NFKBIA,0.999
9606.ENSP00000326804,CUL1,BTRC,0.999
9606.ENSP00000326804,CUL1,FBXL5,0.999
9606.ENSP00000326804,CUL1,RNF7,0.999
9606.ENSP00000326804,CUL1,SKP1,0.999
9606.ENSP00000326804,CUL1,CAND1,0.999
9606.ENSP00000326804,CUL1,SKP2,0.999
9606.ENSP00000326804,CUL1,CKS1B,0.998
9606.ENSP00000326804,CUL1,CDC34,0.998
9606.ENSP00000326804,CUL1,CDK2,0.998
9606.ENSP00000326804,CUL1,CDKN1B,0.996
9606.ENSP00000326804,CUL1,COPS5,0.995
9606.ENSP00000326804,CUL1,UBE2D2,0.993
9606.ENSP00000326804,CUL1,GLMN,0.993
9606.ENSP00000326804,CUL1,FBXW8,0.992
9606.ENSP00000326804,CUL1,FBXO7,0.992
9606.ENSP00000326804,CUL1,CUL4A,0.991
9606.ENSP00000326804,CUL1,FBXO3,0.989
9606.ENSP00000326804,CUL1,HEY1,0.988
9606.ENSP00000326804,CUL1,FBXO6,0.987
9606.ENSP00000326804,CUL1,FBXO32,0.987
9606.ENSP00000326804,CUL1,CCNF,0.986
9606.ENSP00000326804,CUL1,FBXO5,0.985
9606.ENSP00000326804,CUL1,CCNA2,0.985
9606.ENSP00000326804,CUL1,ELOC,0.983
9606.ENSP00000326804,CUL1,FBXL12,0.983
9606.ENSP00000326804,CUL1,FBXO4,0.983
9606.ENSP00000326804,CUL1,FBXL18,0.983
9606.ENSP00000326804,CUL1,FBXO11,0.98
9606.ENSP00000326804,CUL1,FBXW2,0.979
9606.ENSP00000326804,CUL1,FBXL19,0.979
9606.ENSP00000326804,CUL1,CUL3,0.978
9606.ENSP00000326804,CUL1,FBXO21,0.978
9606.ENSP00000326804,CUL1,ARIH1,0.977
9606.ENSP00000326804,CUL1,RPS27A,0.977
9606.ENSP00000326804,CUL1,FBH1,0.976
9606.ENSP00000326804,CUL1,UBC,0.976
9606.ENSP00000326804,CUL1,FBXL14,0.975
9606.ENSP00000326804,CUL1,FBXO9,0.973
9606.ENSP00000326804,CUL1,FBXL3,0.973
9606.ENSP00000326804,CUL1,FBXO2,0.973
9606.ENSP00000326804,CUL1,FBXW5,0.972
9606.ENSP00000326804,CUL1,MYC,0.97
9606.ENSP00000326804,CUL1,FBXO31,0.969
9606.ENSP00000326804,CUL1,DDB1,0.968
9606.ENSP00000326804,CUL1,FBXO22,0.968
9606.ENSP00000326804,CUL1,FBXO17,0.966
9606.ENSP00000326804,CUL1,FBXL15,0.966
9606.ENSP00000326804,CUL1,UBE2D1,0.966
9606.ENSP00000326804,CUL1,ACVR1,0.964
9606.ENSP00000326804,CUL1,CUL4B,0.964
9606.ENSP00000326804,CUL1,FBXO44,0.962
9606.ENSP00000326804,CUL1,UBA3,0.962
9606.ENSP00000326804,CUL1,DCUN1D3,0.962
9606.ENSP00000326804,CUL1,FBXO25,0.961
9606.ENSP00000326804,CUL1,FBXL7,0.96
9606.ENSP00000326804,CUL1,CCNE1,0.959
9606.ENSP00000326804,CUL1,CDKN1A,0.958
9606.ENSP00000326804,CUL1,CUL5,0.958
9606.ENSP00000326804,CUL1,FBXL8,0.958
9606.ENSP00000326804,CUL1,ELOB,0.95
9606.ENSP00000326804,CUL1,FBXO42,0.949
9606.ENSP00000326804,CUL1,FBXL20,0.948
9606.ENSP00000326804,CUL1,CKS2,0.948
9606.ENSP00000326804,CUL1,FBXO43,0.948
9606.ENSP00000326804,CUL1,SMAD3,0.947
9606.ENSP00000326804,CUL1,FBXL2,0.946
9606.ENSP00000326804,CUL1,FBXW9,0.944
9606.ENSP00000326804,CUL1,CD4,0.944
9606.ENSP00000326804,CUL1,FBXO28,0.942
9606.ENSP00000326804,CUL1,COPS6,0.941
9606.ENSP00000326804,CUL1,FBXL6,0.94
9606.ENSP00000326804,CUL1,FBXO27,0.939
9606.ENSP00000326804,CUL1,COPS4,0.937
9606.ENSP00000326804,CUL1,UBB,0.937
9606.ENSP00000326804,CUL1,GLI3,0.935
9606.ENSP00000326804,CUL1,FBXO10,0.935
9606.ENSP00000326804,CUL1,CAND2,0.934
9606.ENSP00000326804,CUL1,GLI2,0.934
9606.ENSP00000326804,CUL1,GLI1,0.934
9606.ENSP00000326804,CUL1,FBXL22,0.933
9606.ENSP00000326804,CUL1,NFKBIB,0.932
9606.ENSP00000326804,CUL1,CDKN1C,0.931
9606.ENSP00000326804,CUL1,CCNE2,0.931
9606.ENSP00000326804,CUL1,RICTOR,0.927
9606.ENSP00000326804,CUL1,SMAD2,0.926
9606.ENSP00000326804,CUL1,COPS8,0.926
9606.ENSP00000326804,CUL1,FBXO33,0.925
9606.ENSP00000326804,CUL1,CCND1,0.924
9606.ENSP00000326804,CUL1,NAE1,0.923
9606.ENSP00000326804,CUL1,GPS1,0.921
9606.ENSP00000326804,CUL1,UBA52,0.92
9606.ENSP00000326804,CUL1,KEAP1,0.918
9606.ENSP00000326804,CUL1,PER2,0.915
9606.ENSP00000326804,CUL1,FBXL13,0.914
9606.ENSP00000326804,CUL1,FBXW4,0.911
9606.ENSP00000326804,CUL1,FBXO45,0.911
9606.ENSP00000326804,CUL1,PER3,0.911
9606.ENSP00000326804,CUL1,COPS2,0.91
9606.ENSP00000326804,CUL1,COPS7A,0.909
9606.ENSP00000326804,CUL1,CDC25A,0.906
9606.ENSP00000326804,CUL1,CTNNB1,0.906
9606.ENSP00000326804,CUL1,ZC3HC1,0.904
9606.ENSP00000326804,CUL1,PER1,0.9
9606.ENSP00000326804,CUL1,CHEK1,0.9
9606.ENSP00000326804,CUL1,SENP8,0.9
9606.ENSP00000327513,CSF1,CSF1R,0.999
9606.ENSP00000327513,CSF1,IL34,0.997
9606.ENSP00000327513,CSF1,CSF2,0.964
9606.ENSP00000327513,CSF1,EGF,0.942
9606.ENSP00000327513,CSF1,EGFR,0.941
9606.ENSP00000327513,CSF1,CSF3,0.933
9606.ENSP00000327513,CSF1,KIT,0.918
9606.ENSP00000327513,CSF1,NTRK1,0.913
9606.ENSP00000327513,CSF1,TNFSF11,0.912
9606.ENSP00000327513,CSF1,SRC,0.91
9606.ENSP00000327513,CSF1,PDGFRB,0.909
9606.ENSP00000327513,CSF1,IL3,0.9
9606.ENSP00000327513,CSF1,FLT3,0.9
9606.ENSP00000327599,CLEC4G,LAG3,0.992
9606.ENSP00000327599,CLEC4G,CD44,0.957
9606.ENSP00000327760,CLASP2,CLIP1,0.993
9606.ENSP00000327760,CLASP2,CLIP2,0.967
9606.ENSP00000327760,CLASP2,CLASRP,0.959
9606.ENSP00000327760,CLASP2,MAPRE1,0.948
9606.ENSP00000328547,DNMT3B,DNMT3L,0.999
9606.ENSP00000328547,DNMT3B,DNMT1,0.999
9606.ENSP00000328547,DNMT3B,EZH2,0.999
9606.ENSP00000328547,DNMT3B,HDAC1,0.999
9606.ENSP00000328547,DNMT3B,DNMT3A,0.998
9606.ENSP00000328547,DNMT3B,H3C12,0.997
9606.ENSP00000328547,DNMT3B,H3C13,0.996
9606.ENSP00000328547,DNMT3B,HDAC2,0.994
9606.ENSP00000328547,DNMT3B,H3-2,0.994
9606.ENSP00000328547,DNMT3B,H3-4,0.994
9606.ENSP00000328547,DNMT3B,H2BC21,0.991
9606.ENSP00000328547,DNMT3B,SUV39H1,0.99
9606.ENSP00000328547,DNMT3B,SETDB1,0.985
9606.ENSP00000328547,DNMT3B,UHRF1,0.985
9606.ENSP00000328547,DNMT3B,H2BC17,0.984
9606.ENSP00000328547,DNMT3B,CENPC,0.978
9606.ENSP00000328547,DNMT3B,H2BS1,0.974
9606.ENSP00000328547,DNMT3B,H2BC12,0.974
9606.ENSP00000328547,DNMT3B,H3-3B,0.971
9606.ENSP00000328547,DNMT3B,MBD4,0.96
9606.ENSP00000328547,DNMT3B,MAFG,0.952
9606.ENSP00000328547,DNMT3B,AHCY,0.95
9606.ENSP00000328547,DNMT3B,LOC102724334,0.945
9606.ENSP00000328547,DNMT3B,HELLS,0.945
9606.ENSP00000328547,DNMT3B,H3-5,0.943
9606.ENSP00000328547,DNMT3B,SMARCA5,0.942
9606.ENSP00000328547,DNMT3B,MAT2A,0.934
9606.ENSP00000328547,DNMT3B,TRDMT1,0.933
9606.ENSP00000328547,DNMT3B,EHMT2,0.933
9606.ENSP00000328547,DNMT3B,CBX5,0.932
9606.ENSP00000328547,DNMT3B,MAT1A,0.931
9606.ENSP00000328547,DNMT3B,H3C1,0.928
9606.ENSP00000328547,DNMT3B,SIRT1,0.926
9606.ENSP00000328547,DNMT3B,MAT2B,0.924
9606.ENSP00000328547,DNMT3B,EED,0.923
9606.ENSP00000328547,DNMT3B,H3C3,0.915
9606.ENSP00000328547,DNMT3B,H3C6,0.915
9606.ENSP00000328547,DNMT3B,AHCYL2,0.913
9606.ENSP00000328547,DNMT3B,AHCYL1,0.913
9606.ENSP00000328547,DNMT3B,H3C15,0.906
9606.ENSP00000328547,DNMT3B,H3C14,0.906
9606.ENSP00000328547,DNMT3B,BAZ2A,0.906
9606.ENSP00000328547,DNMT3B,H3C2,0.905
9606.ENSP00000328547,DNMT3B,H3C4,0.905
9606.ENSP00000328547,DNMT3B,TDG,0.905
9606.ENSP00000328547,DNMT3B,H3C10,0.904
9606.ENSP00000328547,DNMT3B,H3C11,0.903
9606.ENSP00000328547,DNMT3B,H3C8,0.903
9606.ENSP00000328547,DNMT3B,H3C7,0.903
9606.ENSP00000329140,CREB3L2,CREB3,0.964
9606.ENSP00000329140,CREB3L2,CREB3L1,0.955
9606.ENSP00000329140,CREB3L2,CREB3L3,0.94
9606.ENSP00000329140,CREB3L2,CREB1,0.936
9606.ENSP00000329140,CREB3L2,ATF6B,0.932
9606.ENSP00000329140,CREB3L2,ATF1,0.93
9606.ENSP00000329140,CREB3L2,ATF4,0.927
9606.ENSP00000329140,CREB3L2,CREB3L4,0.926
9606.ENSP00000329140,CREB3L2,EP300,0.922
9606.ENSP00000329140,CREB3L2,CREB5,0.922
9606.ENSP00000329140,CREB3L2,CREBBP,0.921
9606.ENSP00000329140,CREB3L2,CREM,0.916
9606.ENSP00000329140,CREB3L2,CRTC2,0.911
9606.ENSP00000329140,CREB3L2,GSK3B,0.908
9606.ENSP00000329140,CREB3L2,ATF2,0.906
9606.ENSP00000329140,CREB3L2,PPARGC1A,0.906
9606.ENSP00000329140,CREB3L2,MAPK3,0.904
9606.ENSP00000329140,CREB3L2,CAMK4,0.903
9606.ENSP00000329140,CREB3L2,MAPK1,0.903
9606.ENSP00000329140,CREB3L2,MBTPS1,0.903
9606.ENSP00000329140,CREB3L2,MBTPS2,0.901
9606.ENSP00000329140,CREB3L2,RPS6KA5,0.9
9606.ENSP00000329419,COPB2,ARCN1,0.999
9606.ENSP00000329419,COPB2,COPB1,0.999
9606.ENSP00000329419,COPB2,COPA,0.999
9606.ENSP00000329419,COPB2,COPE,0.999
9606.ENSP00000329419,COPB2,COPG1,0.999
9606.ENSP00000329419,COPB2,COPZ1,0.999
9606.ENSP00000329419,COPB2,COPG2,0.999
9606.ENSP00000329419,COPB2,COPZ2,0.992
9606.ENSP00000329419,COPB2,EPRS1,0.967
9606.ENSP00000329419,COPB2,ARFGAP2,0.95
9606.ENSP00000329419,COPB2,SCYL1,0.948
9606.ENSP00000329419,COPB2,ARFGAP3,0.938
9606.ENSP00000329419,COPB2,TMED10,0.932
9606.ENSP00000329419,COPB2,TMED7,0.911
9606.ENSP00000329419,COPB2,DIPK2A,0.9
9606.ENSP00000330349,DDX41,TBK1,0.936
9606.ENSP00000330349,DDX41,TRIM21,0.929
9606.ENSP00000330349,DDX41,IFI16,0.926
9606.ENSP00000330349,DDX41,IRF3,0.913
9606.ENSP00000331556,CYLC1,CCIN,0.982
9606.ENSP00000332049,CD86,CTLA4,0.999
9606.ENSP00000332049,CD86,CD28,0.999
9606.ENSP00000332049,CD86,CD80,0.999
9606.ENSP00000332049,CD86,CD40LG,0.998
9606.ENSP00000332049,CD86,PDCD1,0.996
9606.ENSP00000332049,CD86,ICOS,0.996
9606.ENSP00000332049,CD86,CD27,0.992
9606.ENSP00000332049,CD86,TNFRSF4,0.99
9606.ENSP00000332049,CD86,CD40,0.988
9606.ENSP00000332049,CD86,CD276,0.988
9606.ENSP00000332049,CD86,ICAM1,0.985
9606.ENSP00000332049,CD86,LAG3,0.979
9606.ENSP00000332049,CD86,PDCD1LG2,0.972
9606.ENSP00000332049,CD86,CD274,0.972
9606.ENSP00000332049,CD86,HAVCR2,0.971
9606.ENSP00000332049,CD86,IL10,0.966
9606.ENSP00000332049,CD86,CD4,0.958
9606.ENSP00000332049,CD86,IFNG,0.943
9606.ENSP00000332049,CD86,CD8A,0.933
9606.ENSP00000332049,CD86,CD83,0.926
9606.ENSP00000332049,CD86,TNFRSF9,0.925
9606.ENSP00000332049,CD86,TNF,0.922
9606.ENSP00000332049,CD86,IL4,0.917
9606.ENSP00000332049,CD86,ITGAM,0.913
9606.ENSP00000332049,CD86,ITGAX,0.912
9606.ENSP00000332049,CD86,FOXP3,0.903
9606.ENSP00000332371,COL7A1,MIA3,0.961
9606.ENSP00000332371,COL7A1,LAMC2,0.927
9606.ENSP00000333363,DNAH8,DNAH17,0.951
9606.ENSP00000333363,DNAH8,CFAP70,0.937
9606.ENSP00000333363,DNAH8,DNAH1,0.921
9606.ENSP00000333363,DNAH8,DNAH3,0.918
9606.ENSP00000333363,DNAH8,DNAH7,0.916
9606.ENSP00000333363,DNAH8,DNAH2,0.915
9606.ENSP00000333363,DNAH8,DNAI2,0.912
9606.ENSP00000336702,EIF5A,DOHH,0.999
9606.ENSP00000336702,EIF5A,DHPS,0.999
9606.ENSP00000336702,EIF5A,FAU,0.997
9606.ENSP00000336702,EIF5A,EEF2,0.996
9606.ENSP00000336702,EIF5A,RPL5,0.995
9606.ENSP00000336702,EIF5A,RPL23A,0.994
9606.ENSP00000336702,EIF5A,RPS11,0.994
9606.ENSP00000336702,EIF5A,RPS3,0.994
9606.ENSP00000336702,EIF5A,RPL35,0.993
9606.ENSP00000336702,EIF5A,RPL23,0.993
9606.ENSP00000336702,EIF5A,RPS18,0.993
9606.ENSP00000336702,EIF5A,RPS6,0.992
9606.ENSP00000336702,EIF5A,RPS15,0.992
9606.ENSP00000336702,EIF5A,RACK1,0.991
9606.ENSP00000336702,EIF5A,RPL11,0.991
9606.ENSP00000336702,EIF5A,RPL13,0.991
9606.ENSP00000336702,EIF5A,RPL30,0.991
9606.ENSP00000336702,EIF5A,RPL21,0.99
9606.ENSP00000336702,EIF5A,RPS3A,0.99
9606.ENSP00000336702,EIF5A,RPL15,0.988
9606.ENSP00000336702,EIF5A,RPL9,0.988
9606.ENSP00000336702,EIF5A,RPL18A,0.988
9606.ENSP00000336702,EIF5A,RPSA,0.987
9606.ENSP00000336702,EIF5A,RPL19,0.987
9606.ENSP00000336702,EIF5A,RPS2,0.987
9606.ENSP00000336702,EIF5A,RPL31,0.987
9606.ENSP00000336702,EIF5A,RPS24,0.986
9606.ENSP00000336702,EIF5A,RPS20,0.986
9606.ENSP00000336702,EIF5A,RPL4,0.986
9606.ENSP00000336702,EIF5A,RPL18,0.985
9606.ENSP00000336702,EIF5A,RPS5,0.985
9606.ENSP00000336702,EIF5A,RPL14,0.985
9606.ENSP00000336702,EIF5A,RPS13,0.985
9606.ENSP00000336702,EIF5A,UBA52,0.984
9606.ENSP00000336702,EIF5A,RPS8,0.984
9606.ENSP00000336702,EIF5A,RPL24,0.984
9606.ENSP00000336702,EIF5A,RPS19,0.982
9606.ENSP00000336702,EIF5A,RPS9,0.982
9606.ENSP00000336702,EIF5A,RPS16,0.981
9606.ENSP00000336702,EIF5A,RPL27A,0.981
9606.ENSP00000336702,EIF5A,RPS23,0.981
9606.ENSP00000336702,EIF5A,RPS21,0.98
9606.ENSP00000336702,EIF5A,RPL6,0.98
9606.ENSP00000336702,EIF5A,RPS28,0.979
9606.ENSP00000336702,EIF5A,RPL8,0.977
9606.ENSP00000336702,EIF5A,RPL27,0.977
9606.ENSP00000336702,EIF5A,RPL34,0.976
9606.ENSP00000336702,EIF5A,RPL7A,0.976
9606.ENSP00000336702,EIF5A,RPL10A,0.974
9606.ENSP00000336702,EIF5A,RPL3,0.972
9606.ENSP00000336702,EIF5A,RPL29,0.971
9606.ENSP00000336702,EIF5A,RPL13A,0.971
9606.ENSP00000336702,EIF5A,RPL7,0.97
9606.ENSP00000336702,EIF5A,RPL17,0.969
9606.ENSP00000336702,EIF5A,RPL32,0.969
9606.ENSP00000336702,EIF5A,RPL36,0.967
9606.ENSP00000336702,EIF5A,RPL37A,0.967
9606.ENSP00000336702,EIF5A,RPS26,0.966
9606.ENSP00000336702,EIF5A,RPS4X,0.964
9606.ENSP00000336702,EIF5A,RPL38,0.964
9606.ENSP00000336702,EIF5A,RPS7,0.961
9606.ENSP00000336702,EIF5A,RPL37,0.961
9606.ENSP00000336702,EIF5A,RPS14,0.961
9606.ENSP00000336702,EIF5A,RPS25,0.96
9606.ENSP00000336702,EIF5A,RPS29,0.956
9606.ENSP00000336702,EIF5A,RPS27,0.956
9606.ENSP00000336702,EIF5A,RPL10,0.955
9606.ENSP00000336702,EIF5A,RPLP0,0.954
9606.ENSP00000336702,EIF5A,RPL26,0.953
9606.ENSP00000336702,EIF5A,RPL39,0.95
9606.ENSP00000336702,EIF5A,RPL35A,0.945
9606.ENSP00000336702,EIF5A,MRPS9,0.943
9606.ENSP00000336702,EIF5A,RPL36AL,0.942
9606.ENSP00000336702,EIF5A,RPL36A,0.942
9606.ENSP00000336702,EIF5A,MRPL32,0.94
9606.ENSP00000336702,EIF5A,RPS15A,0.94
9606.ENSP00000336702,EIF5A,MRPL21,0.936
9606.ENSP00000336702,EIF5A,RPL28,0.929
9606.ENSP00000336702,EIF5A,RPS10,0.927
9606.ENSP00000336702,EIF5A,RPL22,0.92
9606.ENSP00000336702,EIF5A,RPS17,0.914
9606.ENSP00000336702,EIF5A,SERBP1,0.911
9606.ENSP00000336702,EIF5A,MRPL27,0.91
9606.ENSP00000336702,EIF5A,EIF5A2,0.902
9606.ENSP00000336702,EIF5A,MRPL33,0.902
9606.ENSP00000336741,DHX15,RBM17,0.999
9606.ENSP00000336741,DHX15,TFIP11,0.999
9606.ENSP00000336741,DHX15,CDC40,0.999
9606.ENSP00000336741,DHX15,SUGP1,0.999
9606.ENSP00000336741,DHX15,SNRPA1,0.999
9606.ENSP00000336741,DHX15,PRPF19,0.997
9606.ENSP00000336741,DHX15,EFTUD2,0.997
9606.ENSP00000336741,DHX15,CDC5L,0.996
9606.ENSP00000336741,DHX15,SNRPF,0.996
9606.ENSP00000336741,DHX15,RBM10,0.996
9606.ENSP00000336741,DHX15,PRPF8,0.996
9606.ENSP00000336741,DHX15,NTSR2,0.995
9606.ENSP00000336741,DHX15,SNRPD2,0.994
9606.ENSP00000336741,DHX15,SNRPB2,0.993
9606.ENSP00000336741,DHX15,XAB2,0.993
9606.ENSP00000336741,DHX15,SNRPE,0.993
9606.ENSP00000336741,DHX15,BUD31,0.993
9606.ENSP00000336741,DHX15,GPATCH2,0.991
9606.ENSP00000336741,DHX15,SNRPD1,0.991
9606.ENSP00000336741,DHX15,SNRPG,0.991
9606.ENSP00000336741,DHX15,SNRPD3,0.99
9606.ENSP00000336741,DHX15,SNW1,0.988
9606.ENSP00000336741,DHX15,UTP3,0.988
9606.ENSP00000336741,DHX15,CRNKL1,0.988
9606.ENSP00000336741,DHX15,SYF2,0.987
9606.ENSP00000336741,DHX15,SF3B1,0.987
9606.ENSP00000336741,DHX15,PLRG1,0.986
9606.ENSP00000336741,DHX15,ABT1,0.984
9606.ENSP00000336741,DHX15,SNRPB,0.983
9606.ENSP00000336741,DHX15,PINX1,0.983
9606.ENSP00000336741,DHX15,NKRF,0.983
9606.ENSP00000336741,DHX15,NOP58,0.981
9606.ENSP00000336741,DHX15,SF3B3,0.978
9606.ENSP00000336741,DHX15,SF3A1,0.977
9606.ENSP00000336741,DHX15,RBM5,0.973
9606.ENSP00000336741,DHX15,GCFC2,0.973
9606.ENSP00000336741,DHX15,SART1,0.972
9606.ENSP00000336741,DHX15,YJU2,0.972
9606.ENSP00000336741,DHX15,BYSL,0.969
9606.ENSP00000336741,DHX15,SF3A3,0.969
9606.ENSP00000336741,DHX15,SF3A2,0.969
9606.ENSP00000336741,DHX15,CWF19L2,0.968
9606.ENSP00000336741,DHX15,NOP56,0.968
9606.ENSP00000336741,DHX15,CHERP,0.968
9606.ENSP00000336741,DHX15,DDX42,0.965
9606.ENSP00000336741,DHX15,PPIL1,0.964
9606.ENSP00000336741,DHX15,SF3B2,0.964
9606.ENSP00000336741,DHX15,DDX46,0.962
9606.ENSP00000336741,DHX15,SF3B4,0.961
9606.ENSP00000336741,DHX15,BMS1,0.96
9606.ENSP00000336741,DHX15,MTREX,0.959
9606.ENSP00000336741,DHX15,WDR36,0.955
9606.ENSP00000336741,DHX15,NAT10,0.954
9606.ENSP00000336741,DHX15,SF3B5,0.951
9606.ENSP00000336741,DHX15,U2SURP,0.95
9606.ENSP00000336741,DHX15,SF3B6,0.949
9606.ENSP00000336741,DHX15,RPF2,0.949
9606.ENSP00000336741,DHX15,PDCD11,0.941
9606.ENSP00000336741,DHX15,FBL,0.939
9606.ENSP00000336741,DHX15,DDX18,0.939
9606.ENSP00000336741,DHX15,RBM22,0.936
9606.ENSP00000336741,DHX15,WDR3,0.933
9606.ENSP00000336741,DHX15,AQR,0.93
9606.ENSP00000336741,DHX15,EIF4A3,0.929
9606.ENSP00000336741,DHX15,CWC15,0.925
9606.ENSP00000336741,DHX15,SNRPN,0.918
9606.ENSP00000336741,DHX15,EBNA1BP2,0.917
9606.ENSP00000336741,DHX15,PHF5A,0.915
9606.ENSP00000336741,DHX15,RRP12,0.914
9606.ENSP00000336741,DHX15,TSR1,0.911
9606.ENSP00000336741,DHX15,SNRNP200,0.908
9606.ENSP00000336741,DHX15,DHX8,0.907
9606.ENSP00000336741,DHX15,SRSF2,0.906
9606.ENSP00000336741,DHX15,NIP7,0.905
9606.ENSP00000336741,DHX15,CEBPZ,0.905
9606.ENSP00000336741,DHX15,RSL1D1,0.903
9606.ENSP00000336741,DHX15,NOL6,0.903
9606.ENSP00000336741,DHX15,DKC1,0.9
9606.ENSP00000336868,CENPA,CENPN,0.999
9606.ENSP00000336868,CENPA,CENPI,0.999
9606.ENSP00000336868,CENPA,CENPC,0.999
9606.ENSP00000336868,CENPA,HJURP,0.999
9606.ENSP00000336868,CENPA,CENPM,0.999
9606.ENSP00000336868,CENPA,CENPH,0.999
9606.ENSP00000336868,CENPA,H4C6,0.999
9606.ENSP00000336868,CENPA,H2AC18,0.998
9606.ENSP00000336868,CENPA,CENPU,0.998
9606.ENSP00000336868,CENPA,CENPT,0.997
9606.ENSP00000336868,CENPA,AURKB,0.997
9606.ENSP00000336868,CENPA,CENPK,0.997
9606.ENSP00000336868,CENPA,H2BC21,0.995
9606.ENSP00000336868,CENPA,CENPB,0.994
9606.ENSP00000336868,CENPA,CENPS,0.993
9606.ENSP00000336868,CENPA,CENPL,0.993
9606.ENSP00000336868,CENPA,CENPE,0.993
9606.ENSP00000336868,CENPA,H2AC8,0.993
9606.ENSP00000336868,CENPA,CENPO,0.991
9606.ENSP00000336868,CENPA,CENPQ,0.991
9606.ENSP00000336868,CENPA,CENPW,0.991
9606.ENSP00000336868,CENPA,CCNA2,0.99
9606.ENSP00000336868,CENPA,CDK1,0.989
9606.ENSP00000336868,CENPA,PLK1,0.988
9606.ENSP00000336868,CENPA,H2AC20,0.987
9606.ENSP00000336868,CENPA,KIF2C,0.986
9606.ENSP00000336868,CENPA,CDC20,0.986
9606.ENSP00000336868,CENPA,CENPP,0.985
9606.ENSP00000336868,CENPA,H2BC17,0.985
9606.ENSP00000336868,CENPA,BUB1B,0.985
9606.ENSP00000336868,CENPA,H2BC14,0.983
9606.ENSP00000336868,CENPA,H2BC9,0.983
9606.ENSP00000336868,CENPA,H2BC15,0.983
9606.ENSP00000336868,CENPA,H2BC5,0.983
9606.ENSP00000336868,CENPA,OIP5,0.981
9606.ENSP00000336868,CENPA,CCNB2,0.975
9606.ENSP00000336868,CENPA,CENPX,0.972
9606.ENSP00000336868,CENPA,CDCA8,0.971
9606.ENSP00000336868,CENPA,H3-3B,0.971
9606.ENSP00000336868,CENPA,BUB1,0.969
9606.ENSP00000336868,CENPA,H4C13,0.968
9606.ENSP00000336868,CENPA,H4C2,0.968
9606.ENSP00000336868,CENPA,H4C9,0.968
9606.ENSP00000336868,CENPA,H4-16,0.968
9606.ENSP00000336868,CENPA,H4C14,0.967
9606.ENSP00000336868,CENPA,H4C4,0.967
9606.ENSP00000336868,CENPA,H4C15,0.967
9606.ENSP00000336868,CENPA,H4C3,0.967
9606.ENSP00000336868,CENPA,H4C12,0.967
9606.ENSP00000336868,CENPA,H4C1,0.967
9606.ENSP00000336868,CENPA,H4C5,0.967
9606.ENSP00000336868,CENPA,H2BC18,0.967
9606.ENSP00000336868,CENPA,H4C11,0.967
9606.ENSP00000336868,CENPA,H4C8,0.967
9606.ENSP00000336868,CENPA,CENPF,0.965
9606.ENSP00000336868,CENPA,H2AC4,0.964
9606.ENSP00000336868,CENPA,H2AC6,0.963
9606.ENSP00000336868,CENPA,AURKA,0.959
9606.ENSP00000336868,CENPA,H2BC11,0.957
9606.ENSP00000336868,CENPA,MIS18A,0.956
9606.ENSP00000336868,CENPA,BIRC5,0.955
9606.ENSP00000336868,CENPA,NPM1,0.953
9606.ENSP00000336868,CENPA,H2BC12,0.953
9606.ENSP00000336868,CENPA,CCNB1,0.953
9606.ENSP00000336868,CENPA,H2BC4,0.951
9606.ENSP00000336868,CENPA,H2AC13,0.947
9606.ENSP00000336868,CENPA,H2AC17,0.946
9606.ENSP00000336868,CENPA,ITGB3BP,0.946
9606.ENSP00000336868,CENPA,DLGAP5,0.945
9606.ENSP00000336868,CENPA,KIF11,0.942
9606.ENSP00000336868,CENPA,H3-3A,0.939
9606.ENSP00000336868,CENPA,UBE2C,0.938
9606.ENSP00000336868,CENPA,H2AZ1,0.936
9606.ENSP00000336868,CENPA,NUF2,0.936
9606.ENSP00000336868,CENPA,H2AC11,0.935
9606.ENSP00000336868,CENPA,H2AC16,0.933
9606.ENSP00000336868,CENPA,H2AC15,0.933
9606.ENSP00000336868,CENPA,H4C7,0.931
9606.ENSP00000336868,CENPA,H2BC3,0.93
9606.ENSP00000336868,CENPA,KMT5A,0.927
9606.ENSP00000336868,CENPA,H2AC19,0.927
9606.ENSP00000336868,CENPA,DSN1,0.925
9606.ENSP00000336868,CENPA,PBK,0.925
9606.ENSP00000336868,CENPA,CEP55,0.92
9606.ENSP00000336868,CENPA,TOP2A,0.919
9606.ENSP00000336868,CENPA,AURKC,0.918
9606.ENSP00000336868,CENPA,H3C12,0.917
9606.ENSP00000336868,CENPA,NDC80,0.917
9606.ENSP00000336868,CENPA,H3C3,0.917
9606.ENSP00000336868,CENPA,RBBP4,0.914
9606.ENSP00000336868,CENPA,KIF20A,0.913
9606.ENSP00000336868,CENPA,ZWINT,0.908
9606.ENSP00000336868,CENPA,KIF4A,0.906
9606.ENSP00000336868,CENPA,TTK,0.905
9606.ENSP00000336868,CENPA,KNL1,0.903
9606.ENSP00000337451,EPHA3,EFNA5,0.999
9606.ENSP00000337451,EPHA3,EFNB2,0.993
9606.ENSP00000337451,EPHA3,EFNA2,0.993
9606.ENSP00000337451,EPHA3,EFNA1,0.987
9606.ENSP00000337451,EPHA3,EFNA3,0.985
9606.ENSP00000337451,EPHA3,EFNA4,0.968
9606.ENSP00000337451,EPHA3,ABL1,0.958
9606.ENSP00000337451,EPHA3,EFNB3,0.937
9606.ENSP00000337451,EPHA3,NGEF,0.93
9606.ENSP00000337451,EPHA3,EPHA7,0.924
9606.ENSP00000337451,EPHA3,RASA1,0.914
9606.ENSP00000338019,DNAJB2,HSPA8,0.946
9606.ENSP00000338019,DNAJB2,HSPA4,0.944
9606.ENSP00000338019,DNAJB2,HSPA1B,0.907
9606.ENSP00000338186,EED,EZH1,0.999
9606.ENSP00000338186,EED,JARID2,0.999
9606.ENSP00000338186,EED,AEBP2,0.999
9606.ENSP00000338186,EED,RBBP4,0.999
9606.ENSP00000338186,EED,RBBP7,0.999
9606.ENSP00000338186,EED,SUZ12,0.999
9606.ENSP00000338186,EED,EZH2,0.999
9606.ENSP00000338186,EED,RNF2,0.997
9606.ENSP00000338186,EED,BMI1,0.989
9606.ENSP00000338186,EED,PHC1,0.989
9606.ENSP00000338186,EED,HDAC2,0.988
9606.ENSP00000338186,EED,RING1,0.986
9606.ENSP00000338186,EED,PCGF2,0.974
9606.ENSP00000338186,EED,CBX2,0.974
9606.ENSP00000338186,EED,PHF19,0.972
9606.ENSP00000338186,EED,PHF1,0.971
9606.ENSP00000338186,EED,CBX7,0.967
9606.ENSP00000338186,EED,CBX8,0.962
9606.ENSP00000338186,EED,MTF2,0.961
9606.ENSP00000338186,EED,PHC2,0.961
9606.ENSP00000338186,EED,H3C13,0.96
9606.ENSP00000338186,EED,H3C12,0.958
9606.ENSP00000338186,EED,PCGF1,0.957
9606.ENSP00000338186,EED,H3-3B,0.957
9606.ENSP00000338186,EED,H3-4,0.956
9606.ENSP00000338186,EED,HDAC1,0.952
9606.ENSP00000338186,EED,PCGF6,0.95
9606.ENSP00000338186,EED,CBX4,0.948
9606.ENSP00000338186,EED,CBX6,0.942
9606.ENSP00000338186,EED,PCGF5,0.94
9606.ENSP00000338186,EED,ASXL1,0.939
9606.ENSP00000338186,EED,PCGF3,0.938
9606.ENSP00000338186,EED,SCML2,0.931
9606.ENSP00000338186,EED,PHC3,0.924
9606.ENSP00000338186,EED,DNMT3B,0.923
9606.ENSP00000338186,EED,H3-2,0.922
9606.ENSP00000338186,EED,DNMT1,0.921
9606.ENSP00000338186,EED,H3-5,0.917
9606.ENSP00000338186,EED,UBAP2L,0.908
9606.ENSP00000338186,EED,BAP1,0.905
9606.ENSP00000339063,EEF1A1,EEF1G,0.999
9606.ENSP00000339063,EEF1A1,EEF1B2,0.999
9606.ENSP00000339063,EEF1A1,RPS2,0.998
9606.ENSP00000339063,EEF1A1,RPS3,0.997
9606.ENSP00000339063,EEF1A1,RPS3A,0.997
9606.ENSP00000339063,EEF1A1,EEF1D,0.997
9606.ENSP00000339063,EEF1A1,RPL4,0.997
9606.ENSP00000339063,EEF1A1,RPL18A,0.996
9606.ENSP00000339063,EEF1A1,RPLP0,0.995
9606.ENSP00000339063,EEF1A1,RPL3,0.995
9606.ENSP00000339063,EEF1A1,RPS20,0.995
9606.ENSP00000339063,EEF1A1,RPS6,0.995
9606.ENSP00000339063,EEF1A1,RPS8,0.995
9606.ENSP00000339063,EEF1A1,RPL5,0.995
9606.ENSP00000339063,EEF1A1,RPL7,0.995
9606.ENSP00000339063,EEF1A1,EEF1A2,0.994
9606.ENSP00000339063,EEF1A1,RPL6,0.994
9606.ENSP00000339063,EEF1A1,RPS4X,0.993
9606.ENSP00000339063,EEF1A1,RPSA,0.993
9606.ENSP00000339063,EEF1A1,RACK1,0.993
9606.ENSP00000339063,EEF1A1,RPS11,0.992
9606.ENSP00000339063,EEF1A1,RPS16,0.992
9606.ENSP00000339063,EEF1A1,RPL9,0.992
9606.ENSP00000339063,EEF1A1,RPS23,0.991
9606.ENSP00000339063,EEF1A1,RPL13,0.991
9606.ENSP00000339063,EEF1A1,RPL15,0.99
9606.ENSP00000339063,EEF1A1,RPL7A,0.99
9606.ENSP00000339063,EEF1A1,RPL27,0.989
9606.ENSP00000339063,EEF1A1,RPL13A,0.989
9606.ENSP00000339063,EEF1A1,RPS9,0.989
9606.ENSP00000339063,EEF1A1,RPL31,0.989
9606.ENSP00000339063,EEF1A1,RPL18,0.989
9606.ENSP00000339063,EEF1A1,RPL30,0.988
9606.ENSP00000339063,EEF1A1,RPL27A,0.988
9606.ENSP00000339063,EEF1A1,RPL11,0.987
9606.ENSP00000339063,EEF1A1,RPL14,0.986
9606.ENSP00000339063,EEF1A1,RPL8,0.986
9606.ENSP00000339063,EEF1A1,RPS18,0.986
9606.ENSP00000339063,EEF1A1,RPL32,0.985
9606.ENSP00000339063,EEF1A1,RPL12,0.985
9606.ENSP00000339063,EEF1A1,RPS27A,0.984
9606.ENSP00000339063,EEF1A1,RPL10A,0.984
9606.ENSP00000339063,EEF1A1,RPS5,0.983
9606.ENSP00000339063,EEF1A1,RPL19,0.983
9606.ENSP00000339063,EEF1A1,EEF2,0.982
9606.ENSP00000339063,EEF1A1,RPL35A,0.982
9606.ENSP00000339063,EEF1A1,RPS19,0.981
9606.ENSP00000339063,EEF1A1,RPS15A,0.98
9606.ENSP00000339063,EEF1A1,RPL17,0.98
9606.ENSP00000339063,EEF1A1,RPS15,0.98
9606.ENSP00000339063,EEF1A1,RPL21,0.979
9606.ENSP00000339063,EEF1A1,RPS27,0.979
9606.ENSP00000339063,EEF1A1,RPS13,0.978
9606.ENSP00000339063,EEF1A1,RPS12,0.978
9606.ENSP00000339063,EEF1A1,RPL23A,0.977
9606.ENSP00000339063,EEF1A1,RPS7,0.977
9606.ENSP00000339063,EEF1A1,RPL10,0.977
9606.ENSP00000339063,EEF1A1,RPS14,0.976
9606.ENSP00000339063,EEF1A1,PCBP1,0.973
9606.ENSP00000339063,EEF1A1,RPS28,0.973
9606.ENSP00000339063,EEF1A1,RAN,0.973
9606.ENSP00000339063,EEF1A1,GAPDH,0.972
9606.ENSP00000339063,EEF1A1,RPS24,0.97
9606.ENSP00000339063,EEF1A1,RPL24,0.969
9606.ENSP00000339063,EEF1A1,RPL37A,0.969
9606.ENSP00000339063,EEF1A1,RPL35,0.969
9606.ENSP00000339063,EEF1A1,GNL1,0.969
9606.ENSP00000339063,EEF1A1,RPL22,0.968
9606.ENSP00000339063,EEF1A1,RPS25,0.968
9606.ENSP00000339063,EEF1A1,RPL28,0.967
9606.ENSP00000339063,EEF1A1,RPL34,0.967
9606.ENSP00000339063,EEF1A1,EEF1AKMT1,0.966
9606.ENSP00000339063,EEF1A1,RPS26,0.965
9606.ENSP00000339063,EEF1A1,RPL26,0.964
9606.ENSP00000339063,EEF1A1,RPS17,0.964
9606.ENSP00000339063,EEF1A1,FAU,0.963
9606.ENSP00000339063,EEF1A1,RPL23,0.962
9606.ENSP00000339063,EEF1A1,UBA52,0.96
9606.ENSP00000339063,EEF1A1,RPS10,0.96
9606.ENSP00000339063,EEF1A1,ETF1,0.959
9606.ENSP00000339063,EEF1A1,RPLP1,0.959
9606.ENSP00000339063,EEF1A1,RPL37,0.958
9606.ENSP00000339063,EEF1A1,GFAP,0.956
9606.ENSP00000339063,EEF1A1,RPL39,0.956
9606.ENSP00000339063,EEF1A1,RPL10L,0.956
9606.ENSP00000339063,EEF1A1,HSF1,0.955
9606.ENSP00000339063,EEF1A1,RPL29,0.954
9606.ENSP00000339063,EEF1A1,VARS1,0.953
9606.ENSP00000339063,EEF1A1,TPT1,0.95
9606.ENSP00000339063,EEF1A1,ACTB,0.95
9606.ENSP00000339063,EEF1A1,RPL38,0.947
9606.ENSP00000339063,EEF1A1,RPS29,0.947
9606.ENSP00000339063,EEF1A1,RPL36,0.947
9606.ENSP00000339063,EEF1A1,RPS21,0.946
9606.ENSP00000339063,EEF1A1,HSPA8,0.941
9606.ENSP00000339063,EEF1A1,RPL36A,0.937
9606.ENSP00000339063,EEF1A1,EIF4A1,0.935
9606.ENSP00000339063,EEF1A1,RPL36AL,0.931
9606.ENSP00000339063,EEF1A1,WDR82,0.93
9606.ENSP00000339063,EEF1A1,PAPSS1,0.921
9606.ENSP00000339063,EEF1A1,HSPA4,0.916
9606.ENSP00000339063,EEF1A1,PAPSS2,0.914
9606.ENSP00000339063,EEF1A1,HLA-DRB1,0.914
9606.ENSP00000339063,EEF1A1,HLA-DRA,0.907
9606.ENSP00000339063,EEF1A1,CCT4,0.904
9606.ENSP00000339063,EEF1A1,PTPN6,0.903
9606.ENSP00000340292,DLK1,DIO3,0.924
9606.ENSP00000340292,DLK1,RTL1,0.92
9606.ENSP00000340292,DLK1,IGF2,0.916
9606.ENSP00000340373,DYRK1A,DCAF7,0.997
9606.ENSP00000340373,DYRK1A,RNF169,0.932
9606.ENSP00000340373,DYRK1A,RAD54L2,0.925
9606.ENSP00000340373,DYRK1A,LIN52,0.903
9606.ENSP00000340373,DYRK1A,FAM53C,0.9
9606.ENSP00000343158,EPB41L3,CADM1,0.99
9606.ENSP00000343158,EPB41L3,PRMT3,0.914
9606.ENSP00000344392,CLUAP1,IFT80,0.999
9606.ENSP00000344392,CLUAP1,IFT88,0.999
9606.ENSP00000344392,CLUAP1,IFT57,0.999
9606.ENSP00000344392,CLUAP1,TRAF3IP1,0.999
9606.ENSP00000344392,CLUAP1,IFT52,0.999
9606.ENSP00000344392,CLUAP1,IFT172,0.998
9606.ENSP00000344392,CLUAP1,IFT20,0.995
9606.ENSP00000344392,CLUAP1,IFT46,0.995
9606.ENSP00000344392,CLUAP1,TTC26,0.992
9606.ENSP00000344392,CLUAP1,IFT27,0.992
9606.ENSP00000344392,CLUAP1,IFT81,0.991
9606.ENSP00000344392,CLUAP1,TTC30B,0.991
9606.ENSP00000344392,CLUAP1,IFT22,0.991
9606.ENSP00000344392,CLUAP1,HSPB11,0.986
9606.ENSP00000344392,CLUAP1,TTC30A,0.975
9606.ENSP00000344392,CLUAP1,IFT74,0.971
9606.ENSP00000345001,CRTC1,CREB1,0.998
9606.ENSP00000345001,CRTC1,CRTC3,0.949
9606.ENSP00000345001,CRTC1,CRTC2,0.922
9606.ENSP00000345259,EPB41,GYPC,0.997
9606.ENSP00000345259,EPB41,ANK1,0.997
9606.ENSP00000345259,EPB41,ANK2,0.996
9606.ENSP00000345259,EPB41,ANK3,0.996
9606.ENSP00000345259,EPB41,ADD1,0.994
9606.ENSP00000345259,EPB41,ADD3,0.993
9606.ENSP00000345259,EPB41,ADD2,0.993
9606.ENSP00000345259,EPB41,DMTN,0.991
9606.ENSP00000345259,EPB41,SPTB,0.984
9606.ENSP00000345259,EPB41,EZR,0.94
9606.ENSP00000345259,EPB41,SLC4A1,0.931
9606.ENSP00000345259,EPB41,DLG1,0.922
9606.ENSP00000345259,EPB41,CADM1,0.917
9606.ENSP00000345259,EPB41,CASK,0.914
9606.ENSP00000345853,DUSP9,MAPK1,0.988
9606.ENSP00000345853,DUSP9,MAPK3,0.983
9606.ENSP00000345853,DUSP9,MAPK14,0.971
9606.ENSP00000345853,DUSP9,MAPK8,0.928
9606.ENSP00000345853,DUSP9,MAPK9,0.918
9606.ENSP00000345853,DUSP9,DUSP7,0.9
9606.ENSP00000346300,CRKL,BCAR1,0.999
9606.ENSP00000346300,CRKL,RAPGEF1,0.999
9606.ENSP00000346300,CRKL,CBL,0.999
9606.ENSP00000346300,CRKL,ABL1,0.998
9606.ENSP00000346300,CRKL,DOCK1,0.995
9606.ENSP00000346300,CRKL,EGFR,0.993
9606.ENSP00000346300,CRKL,GAB1,0.992
9606.ENSP00000346300,CRKL,STAT5A,0.987
9606.ENSP00000346300,CRKL,STAT5B,0.983
9606.ENSP00000346300,CRKL,CRK,0.979
9606.ENSP00000346300,CRKL,BCR,0.975
9606.ENSP00000346300,CRKL,PTK2,0.973
9606.ENSP00000346300,CRKL,PXN,0.97
9606.ENSP00000346300,CRKL,FRS2,0.97
9606.ENSP00000346300,CRKL,ABL2,0.962
9606.ENSP00000346300,CRKL,ELMO1,0.961
9606.ENSP00000346300,CRKL,SRC,0.957
9606.ENSP00000346300,CRKL,ELMO2,0.956
9606.ENSP00000346300,CRKL,KIDINS220,0.955
9606.ENSP00000346300,CRKL,SOS1,0.952
9606.ENSP00000346300,CRKL,KIT,0.952
9606.ENSP00000346300,CRKL,PIK3R1,0.951
9606.ENSP00000346300,CRKL,MAPK8,0.939
9606.ENSP00000346300,CRKL,PTK2B,0.938
9606.ENSP00000346300,CRKL,SHC1,0.936
9606.ENSP00000346300,CRKL,HCLS1,0.933
9606.ENSP00000346300,CRKL,IGF1R,0.931
9606.ENSP00000346300,CRKL,NEDD9,0.928
9606.ENSP00000346300,CRKL,PTPN11,0.925
9606.ENSP00000346300,CRKL,MAP2K4,0.923
9606.ENSP00000346300,CRKL,GRB2,0.921
9606.ENSP00000346300,CRKL,MAPK9,0.921
9606.ENSP00000346300,CRKL,RHOQ,0.911
9606.ENSP00000346300,CRKL,MAP3K1,0.91
9606.ENSP00000349576,DCTD,TYMS,0.998
9606.ENSP00000349576,DCTD,DCK,0.985
9606.ENSP00000349576,DCTD,DTYMK,0.983
9606.ENSP00000349576,DCTD,DUT,0.977
9606.ENSP00000349576,DCTD,TK2,0.97
9606.ENSP00000349576,DCTD,DCTPP1,0.959
9606.ENSP00000349576,DCTD,CMPK2,0.955
9606.ENSP00000349576,DCTD,NT5C2,0.949
9606.ENSP00000349576,DCTD,NT5C,0.942
9606.ENSP00000349576,DCTD,NT5C1A,0.938
9606.ENSP00000349576,DCTD,NT5C3A,0.93
9606.ENSP00000349576,DCTD,NT5M,0.929
9606.ENSP00000349576,DCTD,CDA,0.921
9606.ENSP00000349576,DCTD,NT5C1B,0.92
9606.ENSP00000349576,DCTD,NT5E,0.912
9606.ENSP00000349576,DCTD,NT5C3B,0.908
9606.ENSP00000349576,DCTD,NT5C1B-RDH14,0.904
9606.ENSP00000350681,ELK4,SRF,0.998
9606.ENSP00000350681,ELK4,KCNH8,0.966
9606.ENSP00000350681,ELK4,MAPK1,0.937
9606.ENSP00000350681,ELK4,MAPK3,0.936
9606.ENSP00000350681,ELK4,MAPK14,0.91
9606.ENSP00000350681,ELK4,MAPK12,0.91
9606.ENSP00000350681,ELK4,MAPK13,0.907
9606.ENSP00000350681,ELK4,MAPK11,0.906
9606.ENSP00000350896,EPHB4,EFNB1,0.999
9606.ENSP00000350896,EPHB4,EFNB2,0.999
9606.ENSP00000350896,EPHB4,EFNB3,0.997
9606.ENSP00000350896,EPHB4,RASA1,0.963
9606.ENSP00000350896,EPHB4,ABL1,0.947
9606.ENSP00000350896,EPHB4,NGEF,0.926
9606.ENSP00000350896,EPHB4,EFNA5,0.919
9606.ENSP00000351059,CX3CR1,CX3CL1,0.999
9606.ENSP00000351059,CX3CR1,CCL2,0.998
9606.ENSP00000351059,CX3CR1,CCL5,0.993
9606.ENSP00000351059,CX3CR1,CXCL12,0.99
9606.ENSP00000351059,CX3CR1,CCL26,0.988
9606.ENSP00000351059,CX3CR1,CCL21,0.982
9606.ENSP00000351059,CX3CR1,CXCL1,0.981
9606.ENSP00000351059,CX3CR1,CD200,0.974
9606.ENSP00000351059,CX3CR1,CXCL16,0.972
9606.ENSP00000351059,CX3CR1,CCL3,0.97
9606.ENSP00000351059,CX3CR1,CCL19,0.969
9606.ENSP00000351059,CX3CR1,GNAI1,0.966
9606.ENSP00000351059,CX3CR1,CXCL10,0.953
9606.ENSP00000351059,CX3CR1,CCL25,0.949
9606.ENSP00000351059,CX3CR1,CCL20,0.933
9606.ENSP00000351059,CX3CR1,GNAQ,0.918
9606.ENSP00000351059,CX3CR1,CD47,0.917
9606.ENSP00000351059,CX3CR1,CCL7,0.915
9606.ENSP00000351059,CX3CR1,CXCL8,0.914
9606.ENSP00000351059,CX3CR1,GNB1,0.909
9606.ENSP00000351159,CNOT3,CNOT6,0.999
9606.ENSP00000351159,CNOT3,CNOT2,0.999
9606.ENSP00000351159,CNOT3,CNOT8,0.999
9606.ENSP00000351159,CNOT3,CNOT10,0.999
9606.ENSP00000351159,CNOT3,CNOT1,0.999
9606.ENSP00000351159,CNOT3,CNOT11,0.999
9606.ENSP00000351159,CNOT3,CNOT9,0.999
9606.ENSP00000351159,CNOT3,CNOT4,0.999
9606.ENSP00000351159,CNOT3,CNOT7,0.999
9606.ENSP00000351159,CNOT3,CNOT6L,0.999
9606.ENSP00000351159,CNOT3,TNKS1BP1,0.989
9606.ENSP00000351159,CNOT3,TOB1,0.98
9606.ENSP00000351159,CNOT3,DDX6,0.958
9606.ENSP00000351159,CNOT3,PATL1,0.922
9606.ENSP00000351159,CNOT3,CPEB3,0.908
9606.ENSP00000351159,CNOT3,NANOS2,0.902
9606.ENSP00000351209,EPHA2,EFNA1,0.999
9606.ENSP00000351209,EPHA2,EFNA2,0.999
9606.ENSP00000351209,EPHA2,EFNA5,0.999
9606.ENSP00000351209,EPHA2,INPPL1,0.998
9606.ENSP00000351209,EPHA2,EFNA4,0.997
9606.ENSP00000351209,EPHA2,EFNA3,0.997
9606.ENSP00000351209,EPHA2,EPHA1,0.976
9606.ENSP00000351209,EPHA2,EFNB2,0.973
9606.ENSP00000351209,EPHA2,ABL1,0.951
9606.ENSP00000351209,EPHA2,EFNB3,0.944
9606.ENSP00000351209,EPHA2,NGEF,0.937
9606.ENSP00000351209,EPHA2,EFNB1,0.932
9606.ENSP00000351209,EPHA2,RASA1,0.927
9606.ENSP00000351209,EPHA2,CBL,0.926
9606.ENSP00000351209,EPHA2,GRB2,0.917
9606.ENSP00000351209,EPHA2,SHC1,0.907
9606.ENSP00000351209,EPHA2,IGHV3-43D,0.907
9606.ENSP00000351209,EPHA2,EGFR,0.903
9606.ENSP00000351209,EPHA2,IGHV3-16,0.9
9606.ENSP00000351310,COL6A6,GP6,0.911
9606.ENSP00000351310,COL6A6,CD44,0.901
9606.ENSP00000351807,ELN,FBLN5,0.999
9606.ENSP00000351807,ELN,FBN1,0.999
9606.ENSP00000351807,ELN,FN1,0.998
9606.ENSP00000351807,ELN,MFAP2,0.996
9606.ENSP00000351807,ELN,DCN,0.993
9606.ENSP00000351807,ELN,LOX,0.992
9606.ENSP00000351807,ELN,VTN,0.991
9606.ENSP00000351807,ELN,MFAP4,0.99
9606.ENSP00000351807,ELN,BGN,0.99
9606.ENSP00000351807,ELN,GLB1,0.987
9606.ENSP00000351807,ELN,EFEMP2,0.987
9606.ENSP00000351807,ELN,LGALS3,0.984
9606.ENSP00000351807,ELN,MMP9,0.979
9606.ENSP00000351807,ELN,FBLN2,0.975
9606.ENSP00000351807,ELN,FBN2,0.967
9606.ENSP00000351807,ELN,LOXL1,0.962
9606.ENSP00000351807,ELN,MMP12,0.958
9606.ENSP00000351807,ELN,LOXL2,0.934
9606.ENSP00000351807,ELN,FKBP10,0.925
9606.ENSP00000351807,ELN,ACAN,0.917
9606.ENSP00000351807,ELN,FBLN1,0.904
9606.ENSP00000351811,EDC4,DDX6,0.999
9606.ENSP00000351811,EDC4,PATL1,0.999
9606.ENSP00000351811,EDC4,DCP1A,0.999
9606.ENSP00000351811,EDC4,EDC3,0.999
9606.ENSP00000351811,EDC4,DCP2,0.999
9606.ENSP00000351811,EDC4,XRN1,0.995
9606.ENSP00000351811,EDC4,DCP1B,0.992
9606.ENSP00000351811,EDC4,LSM14A,0.975
9606.ENSP00000351811,EDC4,LSM1,0.945
9606.ENSP00000351811,EDC4,UPF1,0.942
9606.ENSP00000351811,EDC4,SMG5,0.922
9606.ENSP00000352516,DNMT1,DNMT3B,0.999
9606.ENSP00000352516,DNMT1,USP7,0.999
9606.ENSP00000352516,DNMT1,HDAC2,0.999
9606.ENSP00000352516,DNMT1,DNMT3A,0.999
9606.ENSP00000352516,DNMT1,UHRF1,0.999
9606.ENSP00000352516,DNMT1,EZH2,0.999
9606.ENSP00000352516,DNMT1,HDAC1,0.999
9606.ENSP00000352516,DNMT1,KDM1A,0.998
9606.ENSP00000352516,DNMT1,MECP2,0.998
9606.ENSP00000352516,DNMT1,SUV39H1,0.998
9606.ENSP00000352516,DNMT1,DMAP1,0.998
9606.ENSP00000352516,DNMT1,H3C13,0.998
9606.ENSP00000352516,DNMT1,H3C12,0.998
9606.ENSP00000352516,DNMT1,EHMT2,0.998
9606.ENSP00000352516,DNMT1,TP53,0.997
9606.ENSP00000352516,DNMT1,H3-2,0.997
9606.ENSP00000352516,DNMT1,SNAI1,0.995
9606.ENSP00000352516,DNMT1,PCNA,0.991
9606.ENSP00000352516,DNMT1,H3-3B,0.987
9606.ENSP00000352516,DNMT1,H3-4,0.987
9606.ENSP00000352516,DNMT1,TRIM28,0.985
9606.ENSP00000352516,DNMT1,MBD2,0.983
9606.ENSP00000352516,DNMT1,H3-5,0.975
9606.ENSP00000352516,DNMT1,HNRNPD,0.968
9606.ENSP00000352516,DNMT1,E2F1,0.964
9606.ENSP00000352516,DNMT1,SETDB1,0.962
9606.ENSP00000352516,DNMT1,H3C1,0.961
9606.ENSP00000352516,DNMT1,STAT3,0.957
9606.ENSP00000352516,DNMT1,UBB,0.956
9606.ENSP00000352516,DNMT1,AHCY,0.952
9606.ENSP00000352516,DNMT1,PARP1,0.952
9606.ENSP00000352516,DNMT1,RPS27A,0.944
9606.ENSP00000352516,DNMT1,UHRF2,0.941
9606.ENSP00000352516,DNMT1,MAT2B,0.94
9606.ENSP00000352516,DNMT1,SETD7,0.936
9606.ENSP00000352516,DNMT1,MAT2A,0.936
9606.ENSP00000352516,DNMT1,UBA52,0.934
9606.ENSP00000352516,DNMT1,MAT1A,0.929
9606.ENSP00000352516,DNMT1,H3C3,0.929
9606.ENSP00000352516,DNMT1,H3C6,0.929
9606.ENSP00000352516,DNMT1,CBX5,0.928
9606.ENSP00000352516,DNMT1,DAXX,0.928
9606.ENSP00000352516,DNMT1,MBD4,0.925
9606.ENSP00000352516,DNMT1,UBC,0.923
9606.ENSP00000352516,DNMT1,CBX1,0.923
9606.ENSP00000352516,DNMT1,AHCYL1,0.923
9606.ENSP00000352516,DNMT1,SIRT1,0.922
9606.ENSP00000352516,DNMT1,DNMT3L,0.921
9606.ENSP00000352516,DNMT1,EED,0.921
9606.ENSP00000352516,DNMT1,H3C2,0.92
9606.ENSP00000352516,DNMT1,AHCYL2,0.919
9606.ENSP00000352516,DNMT1,H3C14,0.918
9606.ENSP00000352516,DNMT1,H3C4,0.918
9606.ENSP00000352516,DNMT1,SIN3A,0.918
9606.ENSP00000352516,DNMT1,H3C10,0.917
9606.ENSP00000352516,DNMT1,H3C11,0.915
9606.ENSP00000352516,DNMT1,H3C15,0.915
9606.ENSP00000352516,DNMT1,H3C8,0.915
9606.ENSP00000352516,DNMT1,H3C7,0.915
9606.ENSP00000352516,DNMT1,SUZ12,0.911
9606.ENSP00000352516,DNMT1,TET1,0.902
9606.ENSP00000352673,ELF3,ELF4,0.979
9606.ENSP00000352673,ELF3,MED23,0.923
9606.ENSP00000352785,DSG4,KRT83,0.913
9606.ENSP00000353608,DSC3,PKP2,0.977
9606.ENSP00000353608,DSC3,JUP,0.974
9606.ENSP00000353608,DSC3,DSG2,0.961
9606.ENSP00000353608,DSC3,DSP,0.946
9606.ENSP00000353608,DSC3,DSG3,0.934
9606.ENSP00000353608,DSC3,DSG1,0.933
9606.ENSP00000353608,DSC3,PKP3,0.929
9606.ENSP00000353608,DSC3,TMEM43,0.907
9606.ENSP00000353654,COL4A2,COL4A1,0.999
9606.ENSP00000353654,COL4A2,CD44,0.925
9606.ENSP00000353654,COL4A2,COL5A2,0.909
9606.ENSP00000353654,COL4A2,GP6,0.907
9606.ENSP00000354778,CNTNAP2,CNTN2,0.999
9606.ENSP00000354778,CNTNAP2,LGI1,0.994
9606.ENSP00000354778,CNTNAP2,KCNA2,0.983
9606.ENSP00000354778,CNTNAP2,KCNA1,0.979
9606.ENSP00000354778,CNTNAP2,FOXP2,0.977
9606.ENSP00000354778,CNTNAP2,NLGN3,0.913
9606.ENSP00000354791,DCTN1,DCTN6,0.999
9606.ENSP00000354791,DCTN1,DCTN5,0.999
9606.ENSP00000354791,DCTN1,ACTR10,0.999
9606.ENSP00000354791,DCTN1,DCTN2,0.999
9606.ENSP00000354791,DCTN1,CLIP1,0.999
9606.ENSP00000354791,DCTN1,DYNC1H1,0.999
9606.ENSP00000354791,DCTN1,ACTR1A,0.999
9606.ENSP00000354791,DCTN1,DCTN3,0.999
9606.ENSP00000354791,DCTN1,DCTN4,0.999
9606.ENSP00000354791,DCTN1,BICD2,0.998
9606.ENSP00000354791,DCTN1,DYNC1LI1,0.998
9606.ENSP00000354791,DCTN1,DYNC1I1,0.998
9606.ENSP00000354791,DCTN1,MAPRE1,0.997
9606.ENSP00000354791,DCTN1,DYNC1I2,0.997
9606.ENSP00000354791,DCTN1,HAP1,0.997
9606.ENSP00000354791,DCTN1,ACTR1B,0.997
9606.ENSP00000354791,DCTN1,CAPZA1,0.994
9606.ENSP00000354791,DCTN1,CAPZB,0.988
9606.ENSP00000354791,DCTN1,DYNC1LI2,0.987
9606.ENSP00000354791,DCTN1,MAPRE3,0.984
9606.ENSP00000354791,DCTN1,CAPZA2,0.98
9606.ENSP00000354791,DCTN1,ACTB,0.971
9606.ENSP00000354791,DCTN1,NIN,0.964
9606.ENSP00000354791,DCTN1,TPPP,0.959
9606.ENSP00000354791,DCTN1,PAFAH1B1,0.956
9606.ENSP00000354791,DCTN1,DYNLL1,0.943
9606.ENSP00000354791,DCTN1,MAPK8IP3,0.94
9606.ENSP00000354791,DCTN1,DYNLRB1,0.94
9606.ENSP00000354791,DCTN1,SNX5,0.936
9606.ENSP00000354791,DCTN1,SNX6,0.934
9606.ENSP00000354791,DCTN1,KIF11,0.926
9606.ENSP00000354791,DCTN1,PLK1,0.915
9606.ENSP00000354791,DCTN1,NINL,0.902
9606.ENSP00000354923,DMD,DAG1,0.999
9606.ENSP00000354923,DMD,SSPN,0.998
9606.ENSP00000354923,DMD,SNTA1,0.998
9606.ENSP00000354923,DMD,SNTB1,0.996
9606.ENSP00000354923,DMD,SGCD,0.996
9606.ENSP00000354923,DMD,SGCA,0.995
9606.ENSP00000354923,DMD,UTRN,0.992
9606.ENSP00000354923,DMD,SNTG1,0.992
9606.ENSP00000354923,DMD,SGCB,0.992
9606.ENSP00000354923,DMD,CAV3,0.99
9606.ENSP00000354923,DMD,SNTG2,0.99
9606.ENSP00000354923,DMD,DTNA,0.988
9606.ENSP00000354923,DMD,SNTB2,0.985
9606.ENSP00000354923,DMD,SGCG,0.984
9606.ENSP00000354923,DMD,SGCE,0.981
9606.ENSP00000354923,DMD,LAMA2,0.978
9606.ENSP00000354923,DMD,ACTG1,0.966
9606.ENSP00000354923,DMD,NEB,0.964
9606.ENSP00000354923,DMD,DYSF,0.959
9606.ENSP00000354923,DMD,DTNB,0.956
9606.ENSP00000354923,DMD,ACTB,0.952
9606.ENSP00000354923,DMD,VCL,0.94
9606.ENSP00000354923,DMD,AGRN,0.936
9606.ENSP00000354923,DMD,NOS1,0.929
9606.ENSP00000354923,DMD,CTNNAL1,0.923
9606.ENSP00000354923,DMD,KCNJ10,0.912
9606.ENSP00000354923,DMD,PLEC,0.902
9606.ENSP00000355013,CTR9,WDR61,0.999
9606.ENSP00000355013,CTR9,SUPT5H,0.999
9606.ENSP00000355013,CTR9,CDC73,0.999
9606.ENSP00000355013,CTR9,RTF1,0.999
9606.ENSP00000355013,CTR9,LEO1,0.999
9606.ENSP00000355013,CTR9,PAF1,0.999
9606.ENSP00000355013,CTR9,POLR2A,0.998
9606.ENSP00000355013,CTR9,SUPT16H,0.997
9606.ENSP00000355013,CTR9,SUPT4H1,0.996
9606.ENSP00000355013,CTR9,SUPT6H,0.994
9606.ENSP00000355013,CTR9,SSRP1,0.989
9606.ENSP00000355013,CTR9,ERCC6,0.984
9606.ENSP00000355013,CTR9,POLR2C,0.983
9606.ENSP00000355013,CTR9,ELOA,0.977
9606.ENSP00000355013,CTR9,POLR2B,0.971
9606.ENSP00000355013,CTR9,CDK9,0.965
9606.ENSP00000355013,CTR9,CCNT1,0.964
9606.ENSP00000355013,CTR9,POLR2E,0.963
9606.ENSP00000355013,CTR9,TCEA2,0.96
9606.ENSP00000355013,CTR9,POLR2H,0.958
9606.ENSP00000355013,CTR9,TCEA1,0.955
9606.ENSP00000355013,CTR9,AFF4,0.952
9606.ENSP00000355013,CTR9,H2BC11,0.949
9606.ENSP00000355013,CTR9,NELFB,0.949
9606.ENSP00000355013,CTR9,POLR2D,0.939
9606.ENSP00000355013,CTR9,NELFE,0.939
9606.ENSP00000355013,CTR9,POLR2G,0.938
9606.ENSP00000355013,CTR9,ELOB,0.936
9606.ENSP00000355013,CTR9,NELFA,0.935
9606.ENSP00000355013,CTR9,ELOC,0.932
9606.ENSP00000355013,CTR9,RNF20,0.93
9606.ENSP00000355013,CTR9,ELL2,0.93
9606.ENSP00000355013,CTR9,ELL,0.93
9606.ENSP00000355013,CTR9,AFF1,0.926
9606.ENSP00000355013,CTR9,MLLT1,0.924
9606.ENSP00000355013,CTR9,POLR2F,0.922
9606.ENSP00000355013,CTR9,CCNT2,0.921
9606.ENSP00000355013,CTR9,MLLT3,0.921
9606.ENSP00000355013,CTR9,POLR2I,0.917
9606.ENSP00000355013,CTR9,POLR2J,0.915
9606.ENSP00000355013,CTR9,IWS1,0.915
9606.ENSP00000355013,CTR9,ELL3,0.915
9606.ENSP00000355013,CTR9,POLR2L,0.913
9606.ENSP00000355013,CTR9,ZC3H8,0.911
9606.ENSP00000355013,CTR9,ICE1,0.91
9606.ENSP00000355013,CTR9,ELP4,0.909
9606.ENSP00000355013,CTR9,H3C13,0.908
9606.ENSP00000355013,CTR9,NELFCD,0.907
9606.ENSP00000355013,CTR9,ICE2,0.906
9606.ENSP00000355013,CTR9,H4C6,0.905
9606.ENSP00000355013,CTR9,PEX2,0.905
9606.ENSP00000355013,CTR9,EAF1,0.904
9606.ENSP00000355013,CTR9,POLR2K,0.901
9606.ENSP00000355013,CTR9,EAF2,0.9
9606.ENSP00000355185,DCLRE1A,CPSF3,0.941
9606.ENSP00000355185,DCLRE1A,CPSF2,0.902
9606.ENSP00000355237,CDC42BPB,CDC42,0.923
9606.ENSP00000355249,E2F2,RB1,0.999
9606.ENSP00000355249,E2F2,E2F1,0.993
9606.ENSP00000355249,E2F2,TFDP1,0.989
9606.ENSP00000355249,E2F2,RBL2,0.987
9606.ENSP00000355249,E2F2,RBL1,0.983
9606.ENSP00000355249,E2F2,TFDP2,0.982
9606.ENSP00000355249,E2F2,CCNA2,0.973
9606.ENSP00000355249,E2F2,CCNA1,0.964
9606.ENSP00000355249,E2F2,CDK2,0.962
9606.ENSP00000355249,E2F2,E2F3,0.962
9606.ENSP00000355249,E2F2,CCNE1,0.908
9606.ENSP00000355319,CIPC,CLOCK,0.912
9606.ENSP00000355500,CEP170,CEP128,0.992
9606.ENSP00000355500,CEP170,CNTRL,0.984
9606.ENSP00000355500,CEP170,NIN,0.978
9606.ENSP00000355500,CEP170,CCDC68,0.974
9606.ENSP00000355500,CEP170,CCDC120,0.972
9606.ENSP00000355500,CEP170,KIF2A,0.962
9606.ENSP00000355718,DLL1,NOTCH2,0.999
9606.ENSP00000355718,DLL1,NOTCH3,0.999
9606.ENSP00000355718,DLL1,NOTCH1,0.999
9606.ENSP00000355718,DLL1,NOTCH4,0.998
9606.ENSP00000355718,DLL1,DLL4,0.942
9606.ENSP00000355718,DLL1,DLL3,0.94
9606.ENSP00000355718,DLL1,RBPJ,0.924
9606.ENSP00000355718,DLL1,LFNG,0.903
9606.ENSP00000355812,FGFR1OP,PPP2CB,0.994
9606.ENSP00000355812,FGFR1OP,PPP2CA,0.994
9606.ENSP00000355812,FGFR1OP,CEP350,0.977
9606.ENSP00000355812,FGFR1OP,CEP19,0.952
9606.ENSP00000355922,CENPF,BUB1B,0.999
9606.ENSP00000355922,CENPF,CENPE,0.999
9606.ENSP00000355922,CENPF,CDC20,0.99
9606.ENSP00000355922,CENPF,FOXM1,0.989
9606.ENSP00000355922,CENPF,CCNB1,0.988
9606.ENSP00000355922,CENPF,BUB1,0.987
9606.ENSP00000355922,CENPF,NDC80,0.987
9606.ENSP00000355922,CENPF,ASPM,0.987
9606.ENSP00000355922,CENPF,KIF2C,0.985
9606.ENSP00000355922,CENPF,MKI67,0.979
9606.ENSP00000355922,CENPF,CDK1,0.978
9606.ENSP00000355922,CENPF,DLGAP5,0.976
9606.ENSP00000355922,CENPF,CCNB2,0.974
9606.ENSP00000355922,CENPF,TOP2A,0.974
9606.ENSP00000355922,CENPF,PLK1,0.973
9606.ENSP00000355922,CENPF,KIF11,0.972
9606.ENSP00000355922,CENPF,NEK2,0.97
9606.ENSP00000355922,CENPF,SKA3,0.968
9606.ENSP00000355922,CENPF,TTK,0.967
9606.ENSP00000355922,CENPF,CENPA,0.965
9606.ENSP00000355922,CENPF,SKA1,0.965
9606.ENSP00000355922,CENPF,CDCA8,0.962
9606.ENSP00000355922,CENPF,BIRC5,0.96
9606.ENSP00000355922,CENPF,KIF20A,0.96
9606.ENSP00000355922,CENPF,CEP55,0.959
9606.ENSP00000355922,CENPF,KIF15,0.959
9606.ENSP00000355922,CENPF,KIF14,0.959
9606.ENSP00000355922,CENPF,TPX2,0.954
9606.ENSP00000355922,CENPF,ZWINT,0.953
9606.ENSP00000355922,CENPF,NUF2,0.952
9606.ENSP00000355922,CENPF,SPDL1,0.95
9606.ENSP00000355922,CENPF,PBK,0.949
9606.ENSP00000355922,CENPF,HJURP,0.946
9606.ENSP00000355922,CENPF,NUSAP1,0.944
9606.ENSP00000355922,CENPF,CCNA2,0.944
9606.ENSP00000355922,CENPF,UBE2C,0.94
9606.ENSP00000355922,CENPF,SKA2,0.939
9606.ENSP00000355922,CENPF,PRC1,0.937
9606.ENSP00000355922,CENPF,CKAP2,0.934
9606.ENSP00000355922,CENPF,KIF23,0.93
9606.ENSP00000355922,CENPF,HMMR,0.927
9606.ENSP00000355922,CENPF,ESPL1,0.926
9606.ENSP00000355922,CENPF,AURKB,0.925
9606.ENSP00000355922,CENPF,NCAPG,0.924
9606.ENSP00000355922,CENPF,MELK,0.919
9606.ENSP00000355922,CENPF,BOD1,0.915
9606.ENSP00000355922,CENPF,MAD2L1,0.915
9606.ENSP00000355922,CENPF,CENPI,0.91
9606.ENSP00000355922,CENPF,SPAG5,0.905
9606.ENSP00000355922,CENPF,AURKA,0.902
9606.ENSP00000355922,CENPF,EXO1,0.9
9606.ENSP00000355958,DTL,CUL4A,0.999
9606.ENSP00000355958,DTL,CUL4B,0.999
9606.ENSP00000355958,DTL,DDB1,0.999
9606.ENSP00000355958,DTL,CDT1,0.998
9606.ENSP00000355958,DTL,DCAF1,0.996
9606.ENSP00000355958,DTL,PCNA,0.995
9606.ENSP00000355958,DTL,RBX1,0.995
9606.ENSP00000355958,DTL,DDB2,0.98
9606.ENSP00000355958,DTL,CDC6,0.963
9606.ENSP00000355958,DTL,DDA1,0.951
9606.ENSP00000355958,DTL,WDHD1,0.947
9606.ENSP00000355958,DTL,ERCC8,0.938
9606.ENSP00000355958,DTL,CDC45,0.938
9606.ENSP00000355958,DTL,DCAF7,0.932
9606.ENSP00000355958,DTL,CHEK1,0.931
9606.ENSP00000355958,DTL,DET1,0.928
9606.ENSP00000355958,DTL,DCAF15,0.925
9606.ENSP00000355958,DTL,CDKN1B,0.924
9606.ENSP00000355958,DTL,CRBN,0.923
9606.ENSP00000355958,DTL,FBXW5,0.921
9606.ENSP00000355958,DTL,DCAF4,0.917
9606.ENSP00000355958,DTL,DCAF12,0.917
9606.ENSP00000355958,DTL,MCM10,0.915
9606.ENSP00000355958,DTL,DCAF11,0.915
9606.ENSP00000355958,DTL,DCAF5,0.914
9606.ENSP00000355958,DTL,DCAF16,0.914
9606.ENSP00000355958,DTL,COP1,0.913
9606.ENSP00000355958,DTL,DCAF10,0.911
9606.ENSP00000355958,DTL,TRPC4AP,0.91
9606.ENSP00000355958,DTL,DCAF8,0.908
9606.ENSP00000355958,DTL,DCAF13,0.908
9606.ENSP00000355958,DTL,CCNA2,0.907
9606.ENSP00000355958,DTL,DCAF6,0.906
9606.ENSP00000355958,DTL,CDK1,0.905
9606.ENSP00000355958,DTL,AMBRA1,0.904
9606.ENSP00000355958,DTL,DCAF17,0.901
9606.ENSP00000355958,DTL,EXO1,0.901
9606.ENSP00000356016,CR1,C4A,0.999
9606.ENSP00000356016,CR1,C4B,0.999
9606.ENSP00000356016,CR1,C3,0.999
9606.ENSP00000356016,CR1,MBL2,0.925
9606.ENSP00000356016,CR1,CFI,0.905
9606.ENSP00000356370,CRB1,MPP5,0.999
9606.ENSP00000356370,CRB1,PATJ,0.995
9606.ENSP00000356370,CRB1,CRB2,0.918
9606.ENSP00000356385,CFHR2,C3,0.951
9606.ENSP00000356405,CDC73,PAF1,0.999
9606.ENSP00000356405,CDC73,LEO1,0.999
9606.ENSP00000356405,CDC73,RTF1,0.999
9606.ENSP00000356405,CDC73,CTR9,0.999
9606.ENSP00000356405,CDC73,SUPT5H,0.999
9606.ENSP00000356405,CDC73,WDR61,0.999
9606.ENSP00000356405,CDC73,POLR2A,0.999
9606.ENSP00000356405,CDC73,SUPT4H1,0.996
9606.ENSP00000356405,CDC73,SUPT16H,0.995
9606.ENSP00000356405,CDC73,SUPT6H,0.985
9606.ENSP00000356405,CDC73,ERCC6,0.983
9606.ENSP00000356405,CDC73,RNF20,0.982
9606.ENSP00000356405,CDC73,CTNNB1,0.98
9606.ENSP00000356405,CDC73,POLR2B,0.98
9606.ENSP00000356405,CDC73,CDK9,0.973
9606.ENSP00000356405,CDC73,POLR2C,0.973
9606.ENSP00000356405,CDC73,POLR2H,0.972
9606.ENSP00000356405,CDC73,TCEA2,0.969
9606.ENSP00000356405,CDC73,SSRP1,0.968
9606.ENSP00000356405,CDC73,CCNT1,0.963
9606.ENSP00000356405,CDC73,H2BC11,0.961
9606.ENSP00000356405,CDC73,AFF4,0.96
9606.ENSP00000356405,CDC73,TCEA1,0.96
9606.ENSP00000356405,CDC73,POLR2G,0.951
9606.ENSP00000356405,CDC73,NELFB,0.947
9606.ENSP00000356405,CDC73,POLR2E,0.947
9606.ENSP00000356405,CDC73,MLLT3,0.946
9606.ENSP00000356405,CDC73,MLLT1,0.946
9606.ENSP00000356405,CDC73,ELOA,0.945
9606.ENSP00000356405,CDC73,RNF40,0.94
9606.ENSP00000356405,CDC73,CCNT2,0.937
9606.ENSP00000356405,CDC73,ELOB,0.936
9606.ENSP00000356405,CDC73,POLR2I,0.934
9606.ENSP00000356405,CDC73,ELOF1,0.934
9606.ENSP00000356405,CDC73,NELFA,0.932
9606.ENSP00000356405,CDC73,POLR2D,0.932
9606.ENSP00000356405,CDC73,POLR2F,0.932
9606.ENSP00000356405,CDC73,NELFE,0.93
9606.ENSP00000356405,CDC73,POLR2L,0.928
9606.ENSP00000356405,CDC73,POLR2J,0.925
9606.ENSP00000356405,CDC73,ELL2,0.921
9606.ENSP00000356405,CDC73,GLI1,0.92
9606.ENSP00000356405,CDC73,AFF1,0.92
9606.ENSP00000356405,CDC73,ELL,0.919
9606.ENSP00000356405,CDC73,POLR2K,0.919
9606.ENSP00000356405,CDC73,ELOC,0.916
9606.ENSP00000356405,CDC73,ZC3H8,0.913
9606.ENSP00000356405,CDC73,MEN1,0.912
9606.ENSP00000356405,CDC73,H4C6,0.911
9606.ENSP00000356405,CDC73,NELFCD,0.91
9606.ENSP00000356405,CDC73,ELL3,0.91
9606.ENSP00000356405,CDC73,ELP4,0.907
9606.ENSP00000356405,CDC73,ICE1,0.906
9606.ENSP00000356405,CDC73,ICE2,0.906
9606.ENSP00000356405,CDC73,PEX2,0.904
9606.ENSP00000356405,CDC73,EAF1,0.901
9606.ENSP00000356405,CDC73,H3C13,0.901
9606.ENSP00000356405,CDC73,EAF2,0.9
9606.ENSP00000356520,DHX9,HNRNPU,0.999
9606.ENSP00000356520,DHX9,AGO2,0.999
9606.ENSP00000356520,DHX9,EWSR1,0.997
9606.ENSP00000356520,DHX9,DDX5,0.996
9606.ENSP00000356520,DHX9,SYNCRIP,0.995
9606.ENSP00000356520,DHX9,YBX1,0.994
9606.ENSP00000356520,DHX9,HNRNPC,0.992
9606.ENSP00000356520,DHX9,DICER1,0.987
9606.ENSP00000356520,DHX9,ILF2,0.985
9606.ENSP00000356520,DHX9,IGF2BP1,0.985
9606.ENSP00000356520,DHX9,BRCA1,0.983
9606.ENSP00000356520,DHX9,ILF3,0.981
9606.ENSP00000356520,DHX9,HNRNPM,0.974
9606.ENSP00000356520,DHX9,DDX6,0.967
9606.ENSP00000356520,DHX9,HNRNPA1,0.964
9606.ENSP00000356520,DHX9,DDX39B,0.962
9606.ENSP00000356520,DHX9,TARBP2,0.962
9606.ENSP00000356520,DHX9,EIF4E,0.962
9606.ENSP00000356520,DHX9,RPL6,0.958
9606.ENSP00000356520,DHX9,KHDRBS1,0.956
9606.ENSP00000356520,DHX9,ALYREF,0.953
9606.ENSP00000356520,DHX9,AGO1,0.952
9606.ENSP00000356520,DHX9,MYD88,0.952
9606.ENSP00000356520,DHX9,XRCC5,0.948
9606.ENSP00000356520,DHX9,AKAP8L,0.94
9606.ENSP00000356520,DHX9,HNRNPK,0.939
9606.ENSP00000356520,DHX9,HNRNPA2B1,0.932
9606.ENSP00000356520,DHX9,XPO5,0.931
9606.ENSP00000356520,DHX9,RPL11,0.93
9606.ENSP00000356520,DHX9,CSDE1,0.929
9606.ENSP00000356520,DHX9,RPL31,0.927
9606.ENSP00000356520,DHX9,RPS28,0.926
9606.ENSP00000356520,DHX9,RPL19,0.926
9606.ENSP00000356520,DHX9,TNRC6A,0.923
9606.ENSP00000356520,DHX9,RPS26,0.923
9606.ENSP00000356520,DHX9,RPS29,0.922
9606.ENSP00000356520,DHX9,ADAR,0.922
9606.ENSP00000356520,DHX9,ABCF1,0.921
9606.ENSP00000356520,DHX9,RPL36,0.921
9606.ENSP00000356520,DHX9,SRRT,0.92
9606.ENSP00000356520,DHX9,ELAVL1,0.92
9606.ENSP00000356520,DHX9,RPS23,0.918
9606.ENSP00000356520,DHX9,PRPF40A,0.918
9606.ENSP00000356520,DHX9,RPL8,0.918
9606.ENSP00000356520,DHX9,RPS21,0.916
9606.ENSP00000356520,DHX9,RPL38,0.915
9606.ENSP00000356520,DHX9,RPL10A,0.914
9606.ENSP00000356520,DHX9,DCP2,0.914
9606.ENSP00000356520,DHX9,SRRM2,0.914
9606.ENSP00000356520,DHX9,RPL30,0.913
9606.ENSP00000356520,DHX9,RPL24,0.912
9606.ENSP00000356520,DHX9,LARP4B,0.91
9606.ENSP00000356520,DHX9,RBM39,0.909
9606.ENSP00000356520,DHX9,HNRNPR,0.909
9606.ENSP00000356520,DHX9,DDX21,0.908
9606.ENSP00000356520,DHX9,RPL18,0.908
9606.ENSP00000356520,DHX9,RPL32,0.907
9606.ENSP00000356520,DHX9,RPL39,0.906
9606.ENSP00000356520,DHX9,RPL18A,0.906
9606.ENSP00000356520,DHX9,RPL36A,0.902
9606.ENSP00000356520,DHX9,SSRP1,0.902
9606.ENSP00000356520,DHX9,LIMD1,0.902
9606.ENSP00000356520,DHX9,HNRNPL,0.901
9606.ENSP00000356520,DHX9,MTREX,0.901
9606.ENSP00000356520,DHX9,RPL41,0.9
9606.ENSP00000356641,COP1,DET1,0.997
9606.ENSP00000356641,COP1,DDB1,0.995
9606.ENSP00000356641,COP1,CUL4A,0.993
9606.ENSP00000356641,COP1,RBX1,0.987
9606.ENSP00000356641,COP1,CUL4B,0.966
9606.ENSP00000356641,COP1,TP53,0.961
9606.ENSP00000356641,COP1,DDA1,0.96
9606.ENSP00000356641,COP1,DDB2,0.951
9606.ENSP00000356641,COP1,CDKN1B,0.928
9606.ENSP00000356641,COP1,DCAF11,0.919
9606.ENSP00000356641,COP1,DCAF1,0.919
9606.ENSP00000356641,COP1,TRIB1,0.918
9606.ENSP00000356641,COP1,ERCC8,0.914
9606.ENSP00000356641,COP1,DTL,0.913
9606.ENSP00000356641,COP1,DCAF10,0.908
9606.ENSP00000356641,COP1,AMBRA1,0.907
9606.ENSP00000356641,COP1,ETV5,0.906
9606.ENSP00000356641,COP1,DCAF6,0.904
9606.ENSP00000356641,COP1,TRIB3,0.903
9606.ENSP00000356641,COP1,DCAF12,0.902
9606.ENSP00000356641,COP1,DCAF8,0.902
9606.ENSP00000356641,COP1,ETV1,0.901
9606.ENSP00000356641,COP1,CRBN,0.901
9606.ENSP00000356641,COP1,DCAF13,0.901
9606.ENSP00000356641,COP1,TRPC4AP,0.901
9606.ENSP00000356641,COP1,DCAF5,0.901
9606.ENSP00000356641,COP1,FBXW5,0.9
9606.ENSP00000356641,COP1,DCAF16,0.9
9606.ENSP00000356641,COP1,DCAF15,0.9
9606.ENSP00000356641,COP1,DCAF17,0.9
9606.ENSP00000356641,COP1,DCAF4,0.9
9606.ENSP00000356641,COP1,DCAF7,0.9
9606.ENSP00000357079,CFAP45,ENKUR,0.949
9606.ENSP00000357079,CFAP45,CFAP52,0.942
9606.ENSP00000357079,CFAP45,EFHC1,0.912
9606.ENSP00000357079,CFAP45,EFHC2,0.909
9606.ENSP00000357079,CFAP45,TEKT2,0.905
9606.ENSP00000357079,CFAP45,TEKT1,0.902
9606.ENSP00000357079,CFAP45,CFAP126,0.902
9606.ENSP00000357461,CHRNB2,CHRNA4,0.994
9606.ENSP00000357461,CHRNB2,CHRNA3,0.962
9606.ENSP00000357461,CHRNB2,CHRNA2,0.948
9606.ENSP00000357461,CHRNB2,CHRNA7,0.923
9606.ENSP00000357461,CHRNB2,CHRNA9,0.919
9606.ENSP00000357461,CHRNB2,CHRNB4,0.91
9606.ENSP00000357461,CHRNB2,JAK2,0.9
9606.ENSP00000357981,CTSS,CD74,0.981
9606.ENSP00000357981,CTSS,MPO,0.964
9606.ENSP00000357981,CTSS,CTSB,0.958
9606.ENSP00000357981,CTSS,BID,0.957
9606.ENSP00000357981,CTSS,CST3,0.951
9606.ENSP00000357981,CTSS,IL10RA,0.951
9606.ENSP00000357981,CTSS,BCL2,0.946
9606.ENSP00000357981,CTSS,BCL2L1,0.936
9606.ENSP00000357981,CTSS,LGMN,0.932
9606.ENSP00000357981,CTSS,IL10RB,0.925
9606.ENSP00000357981,CTSS,CREB1,0.923
9606.ENSP00000357981,CTSS,CSTA,0.921
9606.ENSP00000357981,CTSS,CTSL,0.91
9606.ENSP00000357981,CTSS,CSTB,0.904
9606.ENSP00000357981,CTSS,CTSD,0.9
9606.ENSP00000358140,EIF3A,EIF3L,0.999
9606.ENSP00000358140,EIF3A,EIF3B,0.999
9606.ENSP00000358140,EIF3A,EIF3C,0.999
9606.ENSP00000358140,EIF3A,EIF3J,0.999
9606.ENSP00000358140,EIF3A,EIF2S1,0.999
9606.ENSP00000358140,EIF3A,EIF3I,0.999
9606.ENSP00000358140,EIF3A,EIF3D,0.999
9606.ENSP00000358140,EIF3A,EIF3F,0.999
9606.ENSP00000358140,EIF3A,EIF3E,0.999
9606.ENSP00000358140,EIF3A,EIF3M,0.999
9606.ENSP00000358140,EIF3A,EIF3H,0.999
9606.ENSP00000358140,EIF3A,EIF3CL,0.999
9606.ENSP00000358140,EIF3A,EIF3G,0.999
9606.ENSP00000358140,EIF3A,EIF3K,0.999
9606.ENSP00000358140,EIF3A,EIF5,0.998
9606.ENSP00000358140,EIF3A,EIF2S2,0.998
9606.ENSP00000358140,EIF3A,EIF2S3,0.995
9606.ENSP00000358140,EIF3A,ABCE1,0.995
9606.ENSP00000358140,EIF3A,RPS26,0.995
9606.ENSP00000358140,EIF3A,EIF1,0.995
9606.ENSP00000358140,EIF3A,RPS3,0.995
9606.ENSP00000358140,EIF3A,FAU,0.995
9606.ENSP00000358140,EIF3A,RPS3A,0.994
9606.ENSP00000358140,EIF3A,RPS2,0.993
9606.ENSP00000358140,EIF3A,RPS20,0.992
9606.ENSP00000358140,EIF3A,EIF1AX,0.991
9606.ENSP00000358140,EIF3A,RACK1,0.99
9606.ENSP00000358140,EIF3A,EIF4A1,0.989
9606.ENSP00000358140,EIF3A,RPSA,0.988
9606.ENSP00000358140,EIF3A,RPS23,0.987
9606.ENSP00000358140,EIF3A,RPS6,0.984
9606.ENSP00000358140,EIF3A,RPS25,0.984
9606.ENSP00000358140,EIF3A,RPS11,0.984
9606.ENSP00000358140,EIF3A,RPS16,0.983
9606.ENSP00000358140,EIF3A,RPS12,0.983
9606.ENSP00000358140,EIF3A,RPS8,0.983
9606.ENSP00000358140,EIF3A,RPS7,0.982
9606.ENSP00000358140,EIF3A,RPS13,0.982
9606.ENSP00000358140,EIF3A,RPS24,0.981
9606.ENSP00000358140,EIF3A,RPS18,0.981
9606.ENSP00000358140,EIF3A,RPS9,0.981
9606.ENSP00000358140,EIF3A,RPS21,0.979
9606.ENSP00000358140,EIF3A,RPS19,0.978
9606.ENSP00000358140,EIF3A,RPS5,0.978
9606.ENSP00000358140,EIF3A,RPS28,0.977
9606.ENSP00000358140,EIF3A,RPS27,0.976
9606.ENSP00000358140,EIF3A,RPS15,0.974
9606.ENSP00000358140,EIF3A,RPS27A,0.971
9606.ENSP00000358140,EIF3A,RPS17,0.967
9606.ENSP00000358140,EIF3A,EIF4G1,0.966
9606.ENSP00000358140,EIF3A,RPS29,0.963
9606.ENSP00000358140,EIF3A,RPS14,0.962
9606.ENSP00000358140,EIF3A,RPS15A,0.954
9606.ENSP00000358140,EIF3A,RPS10,0.953
9606.ENSP00000358140,EIF3A,RPS4X,0.95
9606.ENSP00000358140,EIF3A,EIF1B,0.946
9606.ENSP00000358140,EIF3A,EIF1AY,0.929
9606.ENSP00000358309,EPHA7,EFNA5,0.999
9606.ENSP00000358309,EPHA7,EFNA2,0.979
9606.ENSP00000358309,EPHA7,EFNA3,0.977
9606.ENSP00000358309,EPHA7,EFNA1,0.971
9606.ENSP00000358309,EPHA7,EFNA4,0.957
9606.ENSP00000358309,EPHA7,ABL1,0.933
9606.ENSP00000358309,EPHA7,NGEF,0.928
9606.ENSP00000358309,EPHA7,EPHA3,0.924
9606.ENSP00000358309,EPHA7,RASA1,0.913
9606.ENSP00000358309,EPHA7,EFNB2,0.907
9606.ENSP00000358716,DDX20,AGO2,0.999
9606.ENSP00000358716,DDX20,GEMIN2,0.999
9606.ENSP00000358716,DDX20,GEMIN6,0.999
9606.ENSP00000358716,DDX20,GEMIN5,0.999
9606.ENSP00000358716,DDX20,GEMIN4,0.999
9606.ENSP00000358716,DDX20,GEMIN7,0.999
9606.ENSP00000358716,DDX20,SMN1,0.998
9606.ENSP00000358716,DDX20,STRAP,0.997
9606.ENSP00000358716,DDX20,GEMIN8,0.996
9606.ENSP00000358716,DDX20,SMN2,0.984
9606.ENSP00000358716,DDX20,SNRPB,0.981
9606.ENSP00000358716,DDX20,SNRPF,0.98
9606.ENSP00000358716,DDX20,SNRPE,0.979
9606.ENSP00000358716,DDX20,SNRPD2,0.975
9606.ENSP00000358716,DDX20,SNRPG,0.967
9606.ENSP00000358716,DDX20,SNRPD1,0.967
9606.ENSP00000358716,DDX20,SNRPD3,0.955
9606.ENSP00000358716,DDX20,AGO1,0.931
9606.ENSP00000358903,CYP17A1,HSD3B1,0.995
9606.ENSP00000358903,CYP17A1,HSD3B2,0.994
9606.ENSP00000358903,CYP17A1,SRD5A1,0.992
9606.ENSP00000358903,CYP17A1,HSD17B3,0.991
9606.ENSP00000358903,CYP17A1,SRD5A2,0.986
9606.ENSP00000358903,CYP17A1,CYB5B,0.98
9606.ENSP00000358903,CYP17A1,CYB5A,0.979
9606.ENSP00000358903,CYP17A1,AKR1C3,0.979
9606.ENSP00000358903,CYP17A1,HSD17B2,0.972
9606.ENSP00000358903,CYP17A1,CYP19A1,0.971
9606.ENSP00000358903,CYP17A1,HSD17B6,0.97
9606.ENSP00000358903,CYP17A1,CYP7A1,0.967
9606.ENSP00000358903,CYP17A1,CYP11A1,0.965
9606.ENSP00000358903,CYP17A1,CYP11B1,0.964
9606.ENSP00000358903,CYP17A1,CYP11B2,0.963
9606.ENSP00000358903,CYP17A1,SRD5A3,0.958
9606.ENSP00000358903,CYP17A1,AKR1C1,0.955
9606.ENSP00000358903,CYP17A1,CYP21A2,0.951
9606.ENSP00000358903,CYP17A1,STAR,0.95
9606.ENSP00000358903,CYP17A1,CYP3A4,0.948
9606.ENSP00000358903,CYP17A1,STS,0.945
9606.ENSP00000358903,CYP17A1,CYP3A7,0.941
9606.ENSP00000358903,CYP17A1,CYP3A5,0.941
9606.ENSP00000358903,CYP17A1,AKR1D1,0.936
9606.ENSP00000358903,CYP17A1,HSD17B8,0.935
9606.ENSP00000358903,CYP17A1,CYP7B1,0.933
9606.ENSP00000358903,CYP17A1,SULT2B1,0.931
9606.ENSP00000358903,CYP17A1,CYP2E1,0.931
9606.ENSP00000358903,CYP17A1,CYP1A2,0.929
9606.ENSP00000358903,CYP17A1,ENSP00000480571,0.928
9606.ENSP00000358903,CYP17A1,CYP1A1,0.925
9606.ENSP00000358903,CYP17A1,POR,0.912
9606.ENSP00000359022,ELOVL3,ELOVL1,0.942
9606.ENSP00000359022,ELOVL3,HSD17B12,0.934
9606.ENSP00000359022,ELOVL3,ELOVL7,0.931
9606.ENSP00000359114,COL11A1,COL1A2,0.992
9606.ENSP00000359114,COL11A1,COL5A2,0.976
9606.ENSP00000359114,COL11A1,COL2A1,0.976
9606.ENSP00000359114,COL11A1,COL3A1,0.965
9606.ENSP00000359114,COL11A1,COL1A1,0.965
9606.ENSP00000359114,COL11A1,COL11A2,0.952
9606.ENSP00000359114,COL11A1,LUM,0.949
9606.ENSP00000359114,COL11A1,COL5A3,0.91
9606.ENSP00000359211,DPYD,UMPS,0.999
9606.ENSP00000359211,DPYD,DPYS,0.997
9606.ENSP00000359211,DPYD,TYMP,0.996
9606.ENSP00000359211,DPYD,UPP2,0.988
9606.ENSP00000359211,DPYD,UPP1,0.987
9606.ENSP00000359211,DPYD,TYMS,0.979
9606.ENSP00000359211,DPYD,UPB1,0.966
9606.ENSP00000359211,DPYD,UPRT,0.953
9606.ENSP00000359211,DPYD,CYP2A6,0.949
9606.ENSP00000359211,DPYD,PNP,0.941
9606.ENSP00000359211,DPYD,GMPS,0.911
9606.ENSP00000359211,DPYD,CYB5R4,0.911
9606.ENSP00000359211,DPYD,NUDT15,0.902
9606.ENSP00000360280,DAB1,VLDLR,0.989
9606.ENSP00000360280,DAB1,RELN,0.946
9606.ENSP00000360280,DAB1,SH3KBP1,0.935
9606.ENSP00000360280,DAB1,PIK3R1,0.924
9606.ENSP00000360280,DAB1,PIK3R3,0.908
9606.ENSP00000360280,DAB1,PIK3R2,0.908
9606.ENSP00000360280,DAB1,LRP8,0.904
9606.ENSP00000360280,DAB1,PIK3CB,0.901
9606.ENSP00000360280,DAB1,PIK3CD,0.901
9606.ENSP00000360280,DAB1,PIK3CA,0.901
9606.ENSP00000360317,CYP2C8,CYP3A4,0.973
9606.ENSP00000360317,CYP2C8,EPHX2,0.973
9606.ENSP00000360317,CYP2C8,CYP3A7,0.969
9606.ENSP00000360317,CYP2C8,CYP4A11,0.966
9606.ENSP00000360317,CYP2C8,ENSP00000480571,0.961
9606.ENSP00000360317,CYP2C8,PPIG,0.957
9606.ENSP00000360317,CYP2C8,CYP3A5,0.956
9606.ENSP00000360317,CYP2C8,CYP1A1,0.955
9606.ENSP00000360317,CYP2C8,CYP4F2,0.951
9606.ENSP00000360317,CYP2C8,CYP2E1,0.951
9606.ENSP00000360317,CYP2C8,AOX1,0.95
9606.ENSP00000360317,CYP2C8,CYP4F3,0.946
9606.ENSP00000360317,CYP2C8,CYP1A2,0.946
9606.ENSP00000360317,CYP2C8,EPHX1,0.945
9606.ENSP00000360317,CYP2C8,CYP26A1,0.945
9606.ENSP00000360317,CYP2C8,CYP2C19,0.943
9606.ENSP00000360317,CYP2C8,PTGS2,0.943
9606.ENSP00000360317,CYP2C8,CYP4A22,0.943
9606.ENSP00000360317,CYP2C8,CYP4F8,0.941
9606.ENSP00000360317,CYP2C8,SLCO1B1,0.94
9606.ENSP00000360317,CYP2C8,CYP26B1,0.94
9606.ENSP00000360317,CYP2C8,UGT2B7,0.939
9606.ENSP00000360317,CYP2C8,CYP2C9,0.928
9606.ENSP00000360317,CYP2C8,CYP26C1,0.927
9606.ENSP00000360317,CYP2C8,ALDH1A3,0.926
9606.ENSP00000360317,CYP2C8,CYP2J2,0.926
9606.ENSP00000360317,CYP2C8,UGT1A4,0.925
9606.ENSP00000360317,CYP2C8,ALDH1A1,0.924
9606.ENSP00000360317,CYP2C8,ALOX5,0.924
9606.ENSP00000360317,CYP2C8,CYP2U1,0.922
9606.ENSP00000360317,CYP2C8,PTGS1,0.92
9606.ENSP00000360317,CYP2C8,ALDH1A2,0.917
9606.ENSP00000360317,CYP2C8,CYP2B6,0.917
9606.ENSP00000360317,CYP2C8,ALOX15,0.913
9606.ENSP00000360317,CYP2C8,UGT1A6,0.912
9606.ENSP00000360317,CYP2C8,GPX5,0.91
9606.ENSP00000360317,CYP2C8,GPX2,0.91
9606.ENSP00000360317,CYP2C8,ALOX12,0.91
9606.ENSP00000360317,CYP2C8,GPX3,0.91
9606.ENSP00000360317,CYP2C8,GPX7,0.91
9606.ENSP00000360317,CYP2C8,GPX8,0.909
9606.ENSP00000360317,CYP2C8,GPX6,0.909
9606.ENSP00000360317,CYP2C8,ALOX15B,0.908
9606.ENSP00000360317,CYP2C8,UGT1A8,0.907
9606.ENSP00000360317,CYP2C8,UGT1A7,0.906
9606.ENSP00000360317,CYP2C8,ALOX12B,0.906
9606.ENSP00000360317,CYP2C8,UGT1A10,0.906
9606.ENSP00000360317,CYP2C8,UGT1A1,0.902
9606.ENSP00000360532,CDC5L,PPIL1,0.999
9606.ENSP00000360532,CDC5L,RBM22,0.999
9606.ENSP00000360532,CDC5L,CWC15,0.999
9606.ENSP00000360532,CDC5L,YJU2,0.999
9606.ENSP00000360532,CDC5L,SNRPE,0.999
9606.ENSP00000360532,CDC5L,XAB2,0.999
9606.ENSP00000360532,CDC5L,SNRPD3,0.999
9606.ENSP00000360532,CDC5L,DHX8,0.999
9606.ENSP00000360532,CDC5L,AQR,0.999
9606.ENSP00000360532,CDC5L,SYF2,0.999
9606.ENSP00000360532,CDC5L,BUD31,0.999
9606.ENSP00000360532,CDC5L,BCAS2,0.999
9606.ENSP00000360532,CDC5L,SNRPF,0.999
9606.ENSP00000360532,CDC5L,SNW1,0.999
9606.ENSP00000360532,CDC5L,SRRM2,0.999
9606.ENSP00000360532,CDC5L,CTNNBL1,0.999
9606.ENSP00000360532,CDC5L,SF3B1,0.999
9606.ENSP00000360532,CDC5L,EFTUD2,0.999
9606.ENSP00000360532,CDC5L,CDC40,0.999
9606.ENSP00000360532,CDC5L,SNRPD1,0.999
9606.ENSP00000360532,CDC5L,PRPF19,0.999
9606.ENSP00000360532,CDC5L,SNRPD2,0.999
9606.ENSP00000360532,CDC5L,PLRG1,0.999
9606.ENSP00000360532,CDC5L,SNRPG,0.999
9606.ENSP00000360532,CDC5L,CRNKL1,0.999
9606.ENSP00000360532,CDC5L,SNRPA1,0.999
9606.ENSP00000360532,CDC5L,PRPF8,0.999
9606.ENSP00000360532,CDC5L,SNRNP40,0.999
9606.ENSP00000360532,CDC5L,CWC22,0.999
9606.ENSP00000360532,CDC5L,SNRPB2,0.998
9606.ENSP00000360532,CDC5L,SNRNP200,0.998
9606.ENSP00000360532,CDC5L,CWC25,0.998
9606.ENSP00000360532,CDC5L,RNF113A,0.998
9606.ENSP00000360532,CDC5L,SF3A1,0.998
9606.ENSP00000360532,CDC5L,SF3A2,0.998
9606.ENSP00000360532,CDC5L,PPIE,0.997
9606.ENSP00000360532,CDC5L,DHX38,0.997
9606.ENSP00000360532,CDC5L,SF3B3,0.997
9606.ENSP00000360532,CDC5L,SF3B2,0.997
9606.ENSP00000360532,CDC5L,BUD13,0.997
9606.ENSP00000360532,CDC5L,SF3A3,0.997
9606.ENSP00000360532,CDC5L,DHX16,0.997
9606.ENSP00000360532,CDC5L,SLU7,0.997
9606.ENSP00000360532,CDC5L,CWC27,0.997
9606.ENSP00000360532,CDC5L,U2AF2,0.997
9606.ENSP00000360532,CDC5L,DHX15,0.996
9606.ENSP00000360532,CDC5L,ISY1,0.996
9606.ENSP00000360532,CDC5L,SNRPB,0.995
9606.ENSP00000360532,CDC5L,RBMX2,0.994
9606.ENSP00000360532,CDC5L,PHF5A,0.993
9606.ENSP00000360532,CDC5L,CWF19L2,0.992
9606.ENSP00000360532,CDC5L,ISY1-RAB43,0.991
9606.ENSP00000360532,CDC5L,HSPA8,0.991
9606.ENSP00000360532,CDC5L,CDT1,0.986
9606.ENSP00000360532,CDC5L,DNAJC17,0.986
9606.ENSP00000360532,CDC5L,TCERG1,0.985
9606.ENSP00000360532,CDC5L,SF1,0.983
9606.ENSP00000360532,CDC5L,NCBP2,0.982
9606.ENSP00000360532,CDC5L,CCDC12,0.981
9606.ENSP00000360532,CDC5L,SART1,0.979
9606.ENSP00000360532,CDC5L,CWF19L1,0.977
9606.ENSP00000360532,CDC5L,EIF4A3,0.976
9606.ENSP00000360532,CDC5L,WBP11,0.974
9606.ENSP00000360532,CDC5L,SF3B4,0.972
9606.ENSP00000360532,CDC5L,SNRPN,0.969
9606.ENSP00000360532,CDC5L,PRPF40B,0.965
9606.ENSP00000360532,CDC5L,PRPF39,0.962
9606.ENSP00000360532,CDC5L,NSRP1,0.961
9606.ENSP00000360532,CDC5L,SNRPA,0.959
9606.ENSP00000360532,CDC5L,SNIP1,0.958
9606.ENSP00000360532,CDC5L,CCDC130,0.958
9606.ENSP00000360532,CDC5L,SRSF1,0.957
9606.ENSP00000360532,CDC5L,PPIL2,0.956
9606.ENSP00000360532,CDC5L,RBM39,0.956
9606.ENSP00000360532,CDC5L,THOC2,0.953
9606.ENSP00000360532,CDC5L,SRRM1,0.945
9606.ENSP00000360532,CDC5L,PRPF18,0.944
9606.ENSP00000360532,CDC5L,MFAP1,0.942
9606.ENSP00000360532,CDC5L,SDE2,0.94
9606.ENSP00000360532,CDC5L,CACTIN,0.937
9606.ENSP00000360532,CDC5L,PRPF38A,0.935
9606.ENSP00000360532,CDC5L,NCBP1,0.931
9606.ENSP00000360532,CDC5L,MAGOH,0.93
9606.ENSP00000360532,CDC5L,ARMC7,0.922
9606.ENSP00000360532,CDC5L,ZC3H13,0.918
9606.ENSP00000360532,CDC5L,ZMAT2,0.908
9606.ENSP00000360532,CDC5L,PPIG,0.907
9606.ENSP00000360532,CDC5L,SF3B6,0.907
9606.ENSP00000360532,CDC5L,SF3B5,0.903
9606.ENSP00000360532,CDC5L,PSME3IP1,0.902
9606.ENSP00000360532,CDC5L,SCNM1,0.9
9606.ENSP00000360882,COL5A1,COL5A2,0.996
9606.ENSP00000360882,COL5A1,COL1A1,0.994
9606.ENSP00000360882,COL5A1,COL1A2,0.989
9606.ENSP00000360882,COL5A1,COL3A1,0.983
9606.ENSP00000360882,COL5A1,FBN1,0.929
9606.ENSP00000360882,COL5A1,PCOLCE,0.928
9606.ENSP00000360882,COL5A1,COL4A1,0.915
9606.ENSP00000360882,COL5A1,LUM,0.912
9606.ENSP00000361540,CDC20,CDC26,0.999
9606.ENSP00000361540,CDC20,BUB1B,0.999
9606.ENSP00000361540,CDC20,PLK1,0.999
9606.ENSP00000361540,CDC20,NEK2,0.999
9606.ENSP00000361540,CDC20,FBXO5,0.999
9606.ENSP00000361540,CDC20,CDC23,0.999
9606.ENSP00000361540,CDC20,ANAPC2,0.999
9606.ENSP00000361540,CDC20,ANAPC16,0.999
9606.ENSP00000361540,CDC20,ANAPC5,0.999
9606.ENSP00000361540,CDC20,CCNB2,0.999
9606.ENSP00000361540,CDC20,MAD1L1,0.999
9606.ENSP00000361540,CDC20,CCNB1,0.999
9606.ENSP00000361540,CDC20,MAD2L1BP,0.999
9606.ENSP00000361540,CDC20,BUB1,0.999
9606.ENSP00000361540,CDC20,ANAPC4,0.999
9606.ENSP00000361540,CDC20,CDC16,0.999
9606.ENSP00000361540,CDC20,PTTG1,0.999
9606.ENSP00000361540,CDC20,ANAPC11,0.999
9606.ENSP00000361540,CDC20,ANAPC1,0.999
9606.ENSP00000361540,CDC20,ANAPC10,0.999
9606.ENSP00000361540,CDC20,ANAPC7,0.999
9606.ENSP00000361540,CDC20,CCNA2,0.999
9606.ENSP00000361540,CDC20,MAD2L1,0.999
9606.ENSP00000361540,CDC20,BUB3,0.999
9606.ENSP00000361540,CDC20,UBE2S,0.999
9606.ENSP00000361540,CDC20,CDC27,0.999
9606.ENSP00000361540,CDC20,CDK1,0.999
9606.ENSP00000361540,CDC20,UBE2C,0.999
9606.ENSP00000361540,CDC20,AURKB,0.998
9606.ENSP00000361540,CDC20,SKP2,0.998
9606.ENSP00000361540,CDC20,PPP2CA,0.997
9606.ENSP00000361540,CDC20,TRIM33,0.996
9606.ENSP00000361540,CDC20,TRIP13,0.996
9606.ENSP00000361540,CDC20,CCT5,0.996
9606.ENSP00000361540,CDC20,ANAPC13,0.996
9606.ENSP00000361540,CDC20,CCT2,0.996
9606.ENSP00000361540,CDC20,TCP1,0.996
9606.ENSP00000361540,CDC20,AURKA,0.995
9606.ENSP00000361540,CDC20,CCT6A,0.995
9606.ENSP00000361540,CDC20,KIF2C,0.995
9606.ENSP00000361540,CDC20,BIRC5,0.995
9606.ENSP00000361540,CDC20,CCT8,0.995
9606.ENSP00000361540,CDC20,CCT7,0.995
9606.ENSP00000361540,CDC20,CCT4,0.995
9606.ENSP00000361540,CDC20,CCT3,0.995
9606.ENSP00000361540,CDC20,PTTG2,0.994
9606.ENSP00000361540,CDC20,MXI1,0.994
9606.ENSP00000361540,CDC20,CDCA8,0.992
9606.ENSP00000361540,CDC20,CDK2,0.992
9606.ENSP00000361540,CDC20,CENPF,0.99
9606.ENSP00000361540,CDC20,TTK,0.99
9606.ENSP00000361540,CDC20,CENPE,0.989
9606.ENSP00000361540,CDC20,ESPL1,0.988
9606.ENSP00000361540,CDC20,FBXO43,0.988
9606.ENSP00000361540,CDC20,KIF11,0.987
9606.ENSP00000361540,CDC20,SGO1,0.986
9606.ENSP00000361540,CDC20,CENPA,0.986
9606.ENSP00000361540,CDC20,ANAPC15,0.986
9606.ENSP00000361540,CDC20,USP44,0.982
9606.ENSP00000361540,CDC20,CCNA1,0.982
9606.ENSP00000361540,CDC20,DLGAP5,0.981
9606.ENSP00000361540,CDC20,CDCA3,0.981
9606.ENSP00000361540,CDC20,KIF20A,0.981
9606.ENSP00000361540,CDC20,TOP2A,0.98
9606.ENSP00000361540,CDC20,ASPM,0.972
9606.ENSP00000361540,CDC20,CKS1B,0.971
9606.ENSP00000361540,CDC20,CKS2,0.971
9606.ENSP00000361540,CDC20,ZWINT,0.968
9606.ENSP00000361540,CDC20,INCENP,0.964
9606.ENSP00000361540,CDC20,MELK,0.964
9606.ENSP00000361540,CDC20,NDC80,0.962
9606.ENSP00000361540,CDC20,NUF2,0.962
9606.ENSP00000361540,CDC20,TPX2,0.961
9606.ENSP00000361540,CDC20,PBK,0.959
9606.ENSP00000361540,CDC20,CEP55,0.95
9606.ENSP00000361540,CDC20,KNL1,0.95
9606.ENSP00000361540,CDC20,NCAPG,0.949
9606.ENSP00000361540,CDC20,PRC1,0.947
9606.ENSP00000361540,CDC20,CDC45,0.946
9606.ENSP00000361540,CDC20,NUSAP1,0.946
9606.ENSP00000361540,CDC20,KIF18A,0.945
9606.ENSP00000361540,CDC20,KIF4A,0.941
9606.ENSP00000361540,CDC20,CDCA5,0.938
9606.ENSP00000361540,CDC20,SGO2,0.938
9606.ENSP00000361540,CDC20,FOXM1,0.937
9606.ENSP00000361540,CDC20,FZR1,0.937
9606.ENSP00000361540,CDC20,CENPM,0.937
9606.ENSP00000361540,CDC20,MKI67,0.934
9606.ENSP00000361540,CDC20,MAD2L2,0.933
9606.ENSP00000361540,CDC20,SKA1,0.933
9606.ENSP00000361540,CDC20,HJURP,0.925
9606.ENSP00000361540,CDC20,SPAG5,0.923
9606.ENSP00000361540,CDC20,CDC6,0.921
9606.ENSP00000361540,CDC20,CDT1,0.921
9606.ENSP00000361540,CDC20,KIFC1,0.915
9606.ENSP00000361540,CDC20,CCNF,0.91
9606.ENSP00000361540,CDC20,RRM2,0.907
9606.ENSP00000361540,CDC20,PPP2R5A,0.905
9606.ENSP00000361540,CDC20,CDC25C,0.9
9606.ENSP00000361540,CDC20,ERCC6L,0.9
9606.ENSP00000361540,CDC20,SPC24,0.9
9606.ENSP00000361834,COL9A2,COL9A3,0.992
9606.ENSP00000361834,COL9A2,COL9A1,0.988
9606.ENSP00000361834,COL9A2,MATN3,0.921
9606.ENSP00000361834,COL9A2,CD44,0.903
9606.ENSP00000361834,COL9A2,GP6,0.9
9606.ENSP00000362195,CSF3R,CSF3,0.999
9606.ENSP00000362195,CSF3R,JAK2,0.983
9606.ENSP00000362195,CSF3R,CSF2,0.973
9606.ENSP00000362195,CSF3R,JAK1,0.961
9606.ENSP00000362195,CSF3R,SOCS3,0.954
9606.ENSP00000362195,CSF3R,JAK3,0.948
9606.ENSP00000362195,CSF3R,CEBPA,0.936
9606.ENSP00000362195,CSF3R,SPI1,0.918
9606.ENSP00000362195,CSF3R,LYN,0.916
9606.ENSP00000362195,CSF3R,EPO,0.907
9606.ENSP00000362195,CSF3R,STAT3,0.907
9606.ENSP00000362195,CSF3R,THPO,0.903
9606.ENSP00000362613,CDX4,TBPL2,0.911
9606.ENSP00000362962,CNTRL,NIN,0.992
9606.ENSP00000362962,CNTRL,CEP170,0.984
9606.ENSP00000362962,CNTRL,ODF2,0.983
9606.ENSP00000362962,CNTRL,CEP128,0.96
9606.ENSP00000362962,CNTRL,CCDC120,0.924
9606.ENSP00000362962,CNTRL,CCDC68,0.902
9606.ENSP00000363081,DKK1,LRP5,0.999
9606.ENSP00000363081,DKK1,KREMEN1,0.999
9606.ENSP00000363081,DKK1,KREMEN2,0.999
9606.ENSP00000363081,DKK1,LRP6,0.999
9606.ENSP00000363081,DKK1,CKAP4,0.984
9606.ENSP00000363081,DKK1,WNT3A,0.967
9606.ENSP00000363081,DKK1,WNT1,0.965
9606.ENSP00000363081,DKK1,CTNNB1,0.963
9606.ENSP00000363081,DKK1,SOST,0.957
9606.ENSP00000363081,DKK1,DKK3,0.949
9606.ENSP00000363081,DKK1,WNT6,0.945
9606.ENSP00000363081,DKK1,WNT5A,0.942
9606.ENSP00000363081,DKK1,WNT2B,0.939
9606.ENSP00000363081,DKK1,DKK2,0.938
9606.ENSP00000363081,DKK1,DKK4,0.927
9606.ENSP00000363081,DKK1,WNT2,0.909
9606.ENSP00000363081,DKK1,WNT4,0.905
9606.ENSP00000363081,DKK1,FZD1,0.904
9606.ENSP00000363371,CNKSR1,KSR1,0.941
9606.ENSP00000363371,CNKSR1,RASSF1,0.915
9606.ENSP00000363480,DLG3,GRIN2B,0.998
9606.ENSP00000363480,DLG3,GRIN2A,0.998
9606.ENSP00000363480,DLG3,DLG4,0.997
9606.ENSP00000363480,DLG3,DLG2,0.984
9606.ENSP00000363480,DLG3,DLG1,0.974
9606.ENSP00000363480,DLG3,NBEA,0.963
9606.ENSP00000363480,DLG3,SYNGAP1,0.946
9606.ENSP00000363480,DLG3,NEDD4,0.946
9606.ENSP00000363480,DLG3,LRFN2,0.944
9606.ENSP00000363480,DLG3,LLGL1,0.939
9606.ENSP00000363480,DLG3,NEDD4L,0.922
9606.ENSP00000363480,DLG3,UBE3A,0.913
9606.ENSP00000363480,DLG3,TJAP1,0.911
9606.ENSP00000363480,DLG3,SCRIB,0.908
9606.ENSP00000363480,DLG3,GDA,0.901
9606.ENSP00000363480,DLG3,CACNG2,0.9
9606.ENSP00000364119,EIF2S2,EIF2S1,0.999
9606.ENSP00000364119,EIF2S2,EIF2B1,0.999
9606.ENSP00000364119,EIF2S2,EIF2S3,0.999
9606.ENSP00000364119,EIF2S2,EIF2B2,0.999
9606.ENSP00000364119,EIF2S2,EIF5,0.999
9606.ENSP00000364119,EIF2S2,EIF2B3,0.999
9606.ENSP00000364119,EIF2S2,EIF2B5,0.999
9606.ENSP00000364119,EIF2S2,EIF1,0.998
9606.ENSP00000364119,EIF2S2,EIF3C,0.998
9606.ENSP00000364119,EIF2S2,EIF3B,0.998
9606.ENSP00000364119,EIF2S2,EIF3A,0.998
9606.ENSP00000364119,EIF2S2,EIF2B4,0.998
9606.ENSP00000364119,EIF2S2,RPS3,0.997
9606.ENSP00000364119,EIF2S2,FAU,0.997
9606.ENSP00000364119,EIF2S2,RPS2,0.996
9606.ENSP00000364119,EIF2S2,RPS20,0.996
9606.ENSP00000364119,EIF2S2,EIF3G,0.995
9606.ENSP00000364119,EIF2S2,EIF1AX,0.995
9606.ENSP00000364119,EIF2S2,RPS15,0.995
9606.ENSP00000364119,EIF2S2,RPS6,0.994
9606.ENSP00000364119,EIF2S2,RPS8,0.994
9606.ENSP00000364119,EIF2S2,RPS16,0.994
9606.ENSP00000364119,EIF2S2,RPS18,0.994
9606.ENSP00000364119,EIF2S2,RPS19,0.993
9606.ENSP00000364119,EIF2S2,RPS23,0.992
9606.ENSP00000364119,EIF2S2,RPS26,0.992
9606.ENSP00000364119,EIF2S2,RPS9,0.991
9606.ENSP00000364119,EIF2S2,RPS3A,0.991
9606.ENSP00000364119,EIF2S2,EIF3I,0.991
9606.ENSP00000364119,EIF2S2,RPS7,0.991
9606.ENSP00000364119,EIF2S2,RPS24,0.991
9606.ENSP00000364119,EIF2S2,RPS11,0.989
9606.ENSP00000364119,EIF2S2,RPS25,0.989
9606.ENSP00000364119,EIF2S2,RPS27A,0.988
9606.ENSP00000364119,EIF2S2,RPS10,0.988
9606.ENSP00000364119,EIF2S2,RPS21,0.988
9606.ENSP00000364119,EIF2S2,RPS12,0.988
9606.ENSP00000364119,EIF2S2,EIF3E,0.986
9606.ENSP00000364119,EIF2S2,RPS28,0.986
9606.ENSP00000364119,EIF2S2,RPS17,0.986
9606.ENSP00000364119,EIF2S2,RPSA,0.986
9606.ENSP00000364119,EIF2S2,EIF3D,0.985
9606.ENSP00000364119,EIF2S2,RPS14,0.984
9606.ENSP00000364119,EIF2S2,RPS13,0.984
9606.ENSP00000364119,EIF2S2,RPS27,0.983
9606.ENSP00000364119,EIF2S2,EIF3J,0.982
9606.ENSP00000364119,EIF2S2,RPS4X,0.981
9606.ENSP00000364119,EIF2S2,EIF4G1,0.978
9606.ENSP00000364119,EIF2S2,RPS29,0.977
9606.ENSP00000364119,EIF2S2,EIF3F,0.976
9606.ENSP00000364119,EIF2S2,RPS5,0.975
9606.ENSP00000364119,EIF2S2,EIF4A1,0.974
9606.ENSP00000364119,EIF2S2,EIF3M,0.973
9606.ENSP00000364119,EIF2S2,EIF3CL,0.972
9606.ENSP00000364119,EIF2S2,EIF3K,0.972
9606.ENSP00000364119,EIF2S2,EIF3L,0.97
9606.ENSP00000364119,EIF2S2,EIF2S3B,0.963
9606.ENSP00000364119,EIF2S2,EIF3H,0.96
9606.ENSP00000364119,EIF2S2,RPS15A,0.96
9606.ENSP00000364119,EIF2S2,RACK1,0.96
9606.ENSP00000364119,EIF2S2,ABCE1,0.953
9606.ENSP00000364119,EIF2S2,EIF1AY,0.946
9606.ENSP00000364119,EIF2S2,RALY,0.936
9606.ENSP00000364119,EIF2S2,EIF2A,0.925
9606.ENSP00000364119,EIF2S2,EIF1B,0.915
9606.ENSP00000364119,EIF2S2,RPS27L,0.911
9606.ENSP00000364589,CUL4A,ERCC8,0.999
9606.ENSP00000364589,CUL4A,DCAF1,0.999
9606.ENSP00000364589,CUL4A,DCAF11,0.999
9606.ENSP00000364589,CUL4A,DDA1,0.999
9606.ENSP00000364589,CUL4A,DDB2,0.999
9606.ENSP00000364589,CUL4A,RBX1,0.999
9606.ENSP00000364589,CUL4A,DDB1,0.999
9606.ENSP00000364589,CUL4A,CUL4B,0.999
9606.ENSP00000364589,CUL4A,DTL,0.999
9606.ENSP00000364589,CUL4A,CRBN,0.999
9606.ENSP00000364589,CUL4A,DET1,0.999
9606.ENSP00000364589,CUL4A,RNF7,0.998
9606.ENSP00000364589,CUL4A,NEDD8,0.995
9606.ENSP00000364589,CUL4A,FBXW5,0.995
9606.ENSP00000364589,CUL4A,COP1,0.993
9606.ENSP00000364589,CUL4A,AMBRA1,0.992
9606.ENSP00000364589,CUL4A,CUL1,0.991
9606.ENSP00000364589,CUL4A,DCAF4,0.99
9606.ENSP00000364589,CUL4A,DCAF8,0.99
9606.ENSP00000364589,CUL4A,DCAF6,0.989
9606.ENSP00000364589,CUL4A,TRPC4AP,0.988
9606.ENSP00000364589,CUL4A,CAND1,0.988
9606.ENSP00000364589,CUL4A,COPS2,0.988
9606.ENSP00000364589,CUL4A,DCAF15,0.987
9606.ENSP00000364589,CUL4A,COPS8,0.986
9606.ENSP00000364589,CUL4A,COPS5,0.985
9606.ENSP00000364589,CUL4A,DCAF7,0.983
9606.ENSP00000364589,CUL4A,DCAF12,0.983
9606.ENSP00000364589,CUL4A,CDKN1B,0.98
9606.ENSP00000364589,CUL4A,ENSP00000497509,0.98
9606.ENSP00000364589,CUL4A,CUL2,0.979
9606.ENSP00000364589,CUL4A,COPS6,0.974
9606.ENSP00000364589,CUL4A,DCAF5,0.97
9606.ENSP00000364589,CUL4A,CDT1,0.968
9606.ENSP00000364589,CUL4A,CUL3,0.968
9606.ENSP00000364589,CUL4A,DCAF16,0.965
9606.ENSP00000364589,CUL4A,DCAF10,0.964
9606.ENSP00000364589,CUL4A,BTRC,0.963
9606.ENSP00000364589,CUL4A,COPS4,0.963
9606.ENSP00000364589,CUL4A,DCUN1D1,0.957
9606.ENSP00000364589,CUL4A,GPS1,0.955
9606.ENSP00000364589,CUL4A,CUL7,0.954
9606.ENSP00000364589,CUL4A,ERCC6,0.954
9606.ENSP00000364589,CUL4A,CUL5,0.952
9606.ENSP00000364589,CUL4A,COPS3,0.949
9606.ENSP00000364589,CUL4A,DCAF17,0.946
9606.ENSP00000364589,CUL4A,COPS7A,0.945
9606.ENSP00000364589,CUL4A,UBE2M,0.944
9606.ENSP00000364589,CUL4A,COPS7B,0.941
9606.ENSP00000364589,CUL4A,WDTC1,0.93
9606.ENSP00000364589,CUL4A,DCAF13,0.927
9606.ENSP00000364589,CUL4A,POLR2B,0.916
9606.ENSP00000364589,CUL4A,POLR2A,0.915
9606.ENSP00000364589,CUL4A,SKP1,0.913
9606.ENSP00000364589,CUL4A,POLR2C,0.913
9606.ENSP00000364589,CUL4A,UVSSA,0.911
9606.ENSP00000364589,CUL4A,POLR2H,0.909
9606.ENSP00000364589,CUL4A,POLR2G,0.901
9606.ENSP00000364589,CUL4A,POLR2J,0.901
9606.ENSP00000364979,COL4A1,COL4A2,0.999
9606.ENSP00000364979,COL4A1,CD44,0.928
9606.ENSP00000364979,COL4A1,ITGA1,0.923
9606.ENSP00000364979,COL4A1,COL5A1,0.915
9606.ENSP00000364979,COL4A1,COL5A2,0.914
9606.ENSP00000364979,COL4A1,GP6,0.906
9606.ENSP00000365042,CSNK2B,CSNK2A2,0.999
9606.ENSP00000365042,CSNK2B,CSNK2A1,0.999
9606.ENSP00000365042,CSNK2B,CSNK2A3,0.967
9606.ENSP00000365042,CSNK2B,NFKBIA,0.964
9606.ENSP00000365042,CSNK2B,RYBP,0.964
9606.ENSP00000365042,CSNK2B,PCGF5,0.961
9606.ENSP00000365042,CSNK2B,CTNNB1,0.955
9606.ENSP00000365042,CSNK2B,RRP7A,0.944
9606.ENSP00000365042,CSNK2B,SSRP1,0.943
9606.ENSP00000365042,CSNK2B,DVL2,0.94
9606.ENSP00000365042,CSNK2B,NOL6,0.935
9606.ENSP00000365042,CSNK2B,SUPT16H,0.926
9606.ENSP00000365042,CSNK2B,DVL1,0.917
9606.ENSP00000365042,CSNK2B,DVL3,0.917
9606.ENSP00000365042,CSNK2B,PTEN,0.91
9606.ENSP00000365042,CSNK2B,PRNP,0.909
9606.ENSP00000365042,CSNK2B,FUNDC1,0.906
9606.ENSP00000365042,CSNK2B,RNF2,0.902
9606.ENSP00000365272,DLG2,GRIN2A,0.997
9606.ENSP00000365272,DLG2,GRIN2B,0.996
9606.ENSP00000365272,DLG2,DLG3,0.984
9606.ENSP00000365272,DLG2,TJAP1,0.978
9606.ENSP00000365272,DLG2,DLG4,0.969
9606.ENSP00000365272,DLG2,DLG1,0.962
9606.ENSP00000365272,DLG2,KCNA4,0.923
9606.ENSP00000365272,DLG2,SHANK3,0.919
9606.ENSP00000365272,DLG2,UBE3A,0.913
9606.ENSP00000365272,DLG2,ADAM22,0.912
9606.ENSP00000365272,DLG2,GRIA1,0.908
9606.ENSP00000365272,DLG2,BEGAIN,0.901
9606.ENSP00000365625,DHX16,SF3B1,0.999
9606.ENSP00000365625,DHX16,EFTUD2,0.999
9606.ENSP00000365625,DHX16,GPKOW,0.999
9606.ENSP00000365625,DHX16,PRPF8,0.999
9606.ENSP00000365625,DHX16,XAB2,0.999
9606.ENSP00000365625,DHX16,SNRNP200,0.999
9606.ENSP00000365625,DHX16,SF3B3,0.999
9606.ENSP00000365625,DHX16,SF3B2,0.999
9606.ENSP00000365625,DHX16,SF3A3,0.998
9606.ENSP00000365625,DHX16,RBMX2,0.998
9606.ENSP00000365625,DHX16,CWC27,0.998
9606.ENSP00000365625,DHX16,RNF113A,0.998
9606.ENSP00000365625,DHX16,SNRPA1,0.998
9606.ENSP00000365625,DHX16,SF3A1,0.998
9606.ENSP00000365625,DHX16,SF3A2,0.998
9606.ENSP00000365625,DHX16,CWC22,0.998
9606.ENSP00000365625,DHX16,PHF5A,0.998
9606.ENSP00000365625,DHX16,BUD13,0.998
9606.ENSP00000365625,DHX16,CDC40,0.997
9606.ENSP00000365625,DHX16,SF3B4,0.997
9606.ENSP00000365625,DHX16,SF3B5,0.997
9606.ENSP00000365625,DHX16,CDC5L,0.997
9606.ENSP00000365625,DHX16,DHX38,0.997
9606.ENSP00000365625,DHX16,SNIP1,0.997
9606.ENSP00000365625,DHX16,SNRPF,0.996
9606.ENSP00000365625,DHX16,SNRPE,0.995
9606.ENSP00000365625,DHX16,SNRPB2,0.995
9606.ENSP00000365625,DHX16,SRRM2,0.995
9606.ENSP00000365625,DHX16,SNRPD1,0.992
9606.ENSP00000365625,DHX16,SNRPD2,0.991
9606.ENSP00000365625,DHX16,CRNKL1,0.991
9606.ENSP00000365625,DHX16,SNRPD3,0.99
9606.ENSP00000365625,DHX16,SNRPG,0.989
9606.ENSP00000365625,DHX16,PRPF19,0.988
9606.ENSP00000365625,DHX16,RBM22,0.985
9606.ENSP00000365625,DHX16,SNRPB,0.985
9606.ENSP00000365625,DHX16,SNW1,0.985
9606.ENSP00000365625,DHX16,PLRG1,0.984
9606.ENSP00000365625,DHX16,PPIL1,0.977
9606.ENSP00000365625,DHX16,BUD31,0.977
9606.ENSP00000365625,DHX16,CWC15,0.976
9606.ENSP00000365625,DHX16,PRPF3,0.973
9606.ENSP00000365625,DHX16,PPIL2,0.973
9606.ENSP00000365625,DHX16,PRPF6,0.966
9606.ENSP00000365625,DHX16,PRPF31,0.965
9606.ENSP00000365625,DHX16,LSM6,0.958
9606.ENSP00000365625,DHX16,LSM5,0.956
9606.ENSP00000365625,DHX16,SART1,0.953
9606.ENSP00000365625,DHX16,LSM2,0.952
9606.ENSP00000365625,DHX16,PRPF4,0.95
9606.ENSP00000365625,DHX16,PRPF38A,0.945
9606.ENSP00000365625,DHX16,SYF2,0.94
9606.ENSP00000365625,DHX16,MFAP1,0.932
9606.ENSP00000365625,DHX16,SNU13,0.931
9606.ENSP00000365625,DHX16,TXNL4A,0.928
9606.ENSP00000365625,DHX16,ARMC7,0.925
9606.ENSP00000365625,DHX16,LSM7,0.919
9606.ENSP00000365625,DHX16,DDX5,0.918
9606.ENSP00000365625,DHX16,YJU2,0.917
9606.ENSP00000365625,DHX16,IK,0.916
9606.ENSP00000365625,DHX16,WBP4,0.916
9606.ENSP00000365625,DHX16,ZMAT2,0.915
9606.ENSP00000365625,DHX16,LSM3,0.915
9606.ENSP00000365625,DHX16,SMU1,0.914
9606.ENSP00000365625,DHX16,MAGOHB,0.913
9606.ENSP00000365625,DHX16,LSM8,0.913
9606.ENSP00000365625,DHX16,LSM4,0.91
9606.ENSP00000365625,DHX16,EIF4A3,0.909
9606.ENSP00000365625,DHX16,THOC2,0.906
9606.ENSP00000365625,DHX16,MTREX,0.903
9606.ENSP00000365625,DHX16,ZC3H13,0.9
9606.ENSP00000365840,ENTPD6,ENTPD1,0.953
9606.ENSP00000365840,ENTPD6,ENTPD3,0.952
9606.ENSP00000365840,ENTPD6,ENTPD4,0.942
9606.ENSP00000365840,ENTPD6,CANT1,0.942
9606.ENSP00000365840,ENTPD6,ENTPD8,0.942
9606.ENSP00000365840,ENTPD6,ENPP3,0.933
9606.ENSP00000365840,ENTPD6,UCKL1,0.93
9606.ENSP00000365840,ENTPD6,ITPA,0.924
9606.ENSP00000365840,ENTPD6,ENPP1,0.923
9606.ENSP00000365840,ENTPD6,ADSS2,0.92
9606.ENSP00000365840,ENTPD6,RRM2B,0.918
9606.ENSP00000365840,ENTPD6,AMPD2,0.918
9606.ENSP00000365840,ENTPD6,GMPS,0.916
9606.ENSP00000365840,ENTPD6,AMPD1,0.916
9606.ENSP00000365840,ENTPD6,RRM1,0.916
9606.ENSP00000365840,ENTPD6,RRM2,0.915
9606.ENSP00000365840,ENTPD6,UCK2,0.914
9606.ENSP00000365840,ENTPD6,UCK1,0.913
9606.ENSP00000365840,ENTPD6,APRT,0.912
9606.ENSP00000365840,ENTPD6,ADSS1,0.911
9606.ENSP00000365840,ENTPD6,ENTPD5,0.911
9606.ENSP00000365840,ENTPD6,IMPDH1,0.909
9606.ENSP00000365840,ENTPD6,IMPDH2,0.907
9606.ENSP00000365840,ENTPD6,ATIC,0.907
9606.ENSP00000365840,ENTPD6,AMPD3,0.906
9606.ENSP00000365840,ENTPD6,GMPR,0.906
9606.ENSP00000365840,ENTPD6,UMPS,0.903
9606.ENSP00000365840,ENTPD6,PKM,0.901
9606.ENSP00000365840,ENTPD6,HDDC3,0.9
9606.ENSP00000365840,ENTPD6,UPRT,0.9
9606.ENSP00000365840,ENTPD6,PKLR,0.9
9606.ENSP00000365840,ENTPD6,HPRT1,0.9
9606.ENSP00000366416,EDNRB,EDN1,0.999
9606.ENSP00000366416,EDNRB,EDN3,0.999
9606.ENSP00000366416,EDNRB,EDN2,0.999
9606.ENSP00000366416,EDNRB,EDNRA,0.994
9606.ENSP00000366416,EDNRB,GNAQ,0.975
9606.ENSP00000366416,EDNRB,GNA11,0.971
9606.ENSP00000366416,EDNRB,AGT,0.962
9606.ENSP00000366416,EDNRB,GNA13,0.96
9606.ENSP00000366416,EDNRB,KNG1,0.943
9606.ENSP00000366416,EDNRB,GNA12,0.93
9606.ENSP00000366416,EDNRB,GNAI1,0.921
9606.ENSP00000366416,EDNRB,GNAI2,0.919
9606.ENSP00000366416,EDNRB,GNAI3,0.916
9606.ENSP00000366416,EDNRB,F2,0.91
9606.ENSP00000366416,EDNRB,SOX10,0.908
9606.ENSP00000366416,EDNRB,ECE1,0.905
9606.ENSP00000366416,EDNRB,GDNF,0.9
9606.ENSP00000366557,CRNKL1,DHX8,0.999
9606.ENSP00000366557,CRNKL1,AQR,0.999
9606.ENSP00000366557,CRNKL1,SNRPE,0.999
9606.ENSP00000366557,CRNKL1,XAB2,0.999
9606.ENSP00000366557,CRNKL1,SNRPD3,0.999
9606.ENSP00000366557,CRNKL1,RBM22,0.999
9606.ENSP00000366557,CRNKL1,CDC5L,0.999
9606.ENSP00000366557,CRNKL1,CWC15,0.999
9606.ENSP00000366557,CRNKL1,SNW1,0.999
9606.ENSP00000366557,CRNKL1,SNRPF,0.999
9606.ENSP00000366557,CRNKL1,SYF2,0.999
9606.ENSP00000366557,CRNKL1,BUD31,0.999
9606.ENSP00000366557,CRNKL1,PRPF19,0.999
9606.ENSP00000366557,CRNKL1,SNRPD1,0.999
9606.ENSP00000366557,CRNKL1,SNRPD2,0.999
9606.ENSP00000366557,CRNKL1,PLRG1,0.999
9606.ENSP00000366557,CRNKL1,CDC40,0.999
9606.ENSP00000366557,CRNKL1,EFTUD2,0.999
9606.ENSP00000366557,CRNKL1,PRPF8,0.999
9606.ENSP00000366557,CRNKL1,CWC22,0.999
9606.ENSP00000366557,CRNKL1,SNRPA1,0.999
9606.ENSP00000366557,CRNKL1,SNRPG,0.999
9606.ENSP00000366557,CRNKL1,PPIE,0.998
9606.ENSP00000366557,CRNKL1,ISY1,0.998
9606.ENSP00000366557,CRNKL1,BCAS2,0.998
9606.ENSP00000366557,CRNKL1,SNRNP40,0.998
9606.ENSP00000366557,CRNKL1,SNRPB2,0.997
9606.ENSP00000366557,CRNKL1,YJU2,0.997
9606.ENSP00000366557,CRNKL1,SNRNP200,0.997
9606.ENSP00000366557,CRNKL1,SLU7,0.997
9606.ENSP00000366557,CRNKL1,CCDC12,0.997
9606.ENSP00000366557,CRNKL1,SRRM2,0.996
9606.ENSP00000366557,CRNKL1,SNRPB,0.995
9606.ENSP00000366557,CRNKL1,PPIL1,0.995
9606.ENSP00000366557,CRNKL1,SF3B1,0.995
9606.ENSP00000366557,CRNKL1,DHX38,0.994
9606.ENSP00000366557,CRNKL1,ISY1-RAB43,0.994
9606.ENSP00000366557,CRNKL1,SF3B3,0.994
9606.ENSP00000366557,CRNKL1,DHX16,0.991
9606.ENSP00000366557,CRNKL1,TFIP11,0.988
9606.ENSP00000366557,CRNKL1,DHX15,0.988
9606.ENSP00000366557,CRNKL1,SF3B2,0.986
9606.ENSP00000366557,CRNKL1,DDX23,0.983
9606.ENSP00000366557,CRNKL1,BUD13,0.98
9606.ENSP00000366557,CRNKL1,SF3A1,0.977
9606.ENSP00000366557,CRNKL1,SART1,0.976
9606.ENSP00000366557,CRNKL1,SNRPN,0.974
9606.ENSP00000366557,CRNKL1,HTATSF1,0.971
9606.ENSP00000366557,CRNKL1,CTNNBL1,0.97
9606.ENSP00000366557,CRNKL1,ZNF830,0.969
9606.ENSP00000366557,CRNKL1,LSM2,0.967
9606.ENSP00000366557,CRNKL1,CWF19L2,0.966
9606.ENSP00000366557,CRNKL1,PHF5A,0.965
9606.ENSP00000366557,CRNKL1,SF3A3,0.965
9606.ENSP00000366557,CRNKL1,SNIP1,0.963
9606.ENSP00000366557,CRNKL1,CWC27,0.959
9606.ENSP00000366557,CRNKL1,LSM6,0.959
9606.ENSP00000366557,CRNKL1,RNF113A,0.958
9606.ENSP00000366557,CRNKL1,LSM5,0.956
9606.ENSP00000366557,CRNKL1,LSM7,0.955
9606.ENSP00000366557,CRNKL1,CWC25,0.948
9606.ENSP00000366557,CRNKL1,SF3A2,0.948
9606.ENSP00000366557,CRNKL1,SF3B4,0.946
9606.ENSP00000366557,CRNKL1,PRCC,0.944
9606.ENSP00000366557,CRNKL1,CACTIN,0.944
9606.ENSP00000366557,CRNKL1,EIF4A3,0.94
9606.ENSP00000366557,CRNKL1,RBMX2,0.939
9606.ENSP00000366557,CRNKL1,MFAP1,0.932
9606.ENSP00000366557,CRNKL1,TCERG1,0.926
9606.ENSP00000366557,CRNKL1,ARMC7,0.922
9606.ENSP00000366557,CRNKL1,LSM3,0.921
9606.ENSP00000366557,CRNKL1,MAGOH,0.919
9606.ENSP00000366557,CRNKL1,PRPF38A,0.914
9606.ENSP00000366557,CRNKL1,ZMAT2,0.914
9606.ENSP00000366557,CRNKL1,PPWD1,0.911
9606.ENSP00000366557,CRNKL1,WDR70,0.911
9606.ENSP00000366557,CRNKL1,PPIL2,0.91
9606.ENSP00000366557,CRNKL1,SF3B5,0.901
9606.ENSP00000366997,DIS3,EXOSC3,0.999
9606.ENSP00000366997,DIS3,EXOSC2,0.999
9606.ENSP00000366997,DIS3,EXOSC1,0.999
9606.ENSP00000366997,DIS3,EXOSC9,0.999
9606.ENSP00000366997,DIS3,EXOSC10,0.999
9606.ENSP00000366997,DIS3,EXOSC6,0.999
9606.ENSP00000366997,DIS3,EXOSC5,0.999
9606.ENSP00000366997,DIS3,EXOSC8,0.999
9606.ENSP00000366997,DIS3,EXOSC7,0.999
9606.ENSP00000366997,DIS3,EXOSC4,0.999
9606.ENSP00000366997,DIS3,C1D,0.997
9606.ENSP00000366997,DIS3,MTREX,0.994
9606.ENSP00000366997,DIS3,MPHOSPH6,0.989
9606.ENSP00000366997,DIS3,PNPT1,0.985
9606.ENSP00000366997,DIS3,SUPV3L1,0.977
9606.ENSP00000366997,DIS3,ZFC3H1,0.957
9606.ENSP00000366997,DIS3,HBS1L,0.947
9606.ENSP00000366997,DIS3,DIS3L,0.947
9606.ENSP00000367001,DPP6,KCND2,0.994
9606.ENSP00000367001,DPP6,KCNIP1,0.964
9606.ENSP00000367001,DPP6,KCND3,0.933
9606.ENSP00000367001,DPP6,SCN5A,0.909
9606.ENSP00000367064,CUBN,CBLIF,0.999
9606.ENSP00000367064,CUBN,AMN,0.999
9606.ENSP00000367064,CUBN,LRP2,0.999
9606.ENSP00000367064,CUBN,GC,0.997
9606.ENSP00000367064,CUBN,ALB,0.992
9606.ENSP00000367064,CUBN,APOA1,0.985
9606.ENSP00000367527,DCLRE1C,PRKDC,0.999
9606.ENSP00000367527,DCLRE1C,XRCC5,0.998
9606.ENSP00000367527,DCLRE1C,XRCC6,0.997
9606.ENSP00000367527,DCLRE1C,LIG4,0.997
9606.ENSP00000367527,DCLRE1C,NHEJ1,0.992
9606.ENSP00000367527,DCLRE1C,XRCC4,0.983
9606.ENSP00000367527,DCLRE1C,ATM,0.956
9606.ENSP00000367527,DCLRE1C,MSH2,0.944
9606.ENSP00000367527,DCLRE1C,ERCC5,0.944
9606.ENSP00000367527,DCLRE1C,ERCC1,0.943
9606.ENSP00000367527,DCLRE1C,ERCC4,0.937
9606.ENSP00000367527,DCLRE1C,MSH6,0.935
9606.ENSP00000367527,DCLRE1C,PAXX,0.928
9606.ENSP00000367527,DCLRE1C,POLD1,0.923
9606.ENSP00000367527,DCLRE1C,ATP23,0.922
9606.ENSP00000367527,DCLRE1C,ERCC8,0.921
9606.ENSP00000367527,DCLRE1C,RAD23B,0.919
9606.ENSP00000367527,DCLRE1C,XPC,0.911
9606.ENSP00000367527,DCLRE1C,PHF21A,0.909
9606.ENSP00000367527,DCLRE1C,CETN2,0.905
9606.ENSP00000367527,DCLRE1C,KDM1A,0.903
9606.ENSP00000367527,DCLRE1C,SWSAP1,0.9
9606.ENSP00000367527,DCLRE1C,ZSWIM7,0.9
9606.ENSP00000367527,DCLRE1C,RCOR1,0.9
9606.ENSP00000367815,DNAAF1,DNAI2,0.983
9606.ENSP00000367815,DNAAF1,DNALI1,0.968
9606.ENSP00000367815,DNAAF1,DNAH5,0.964
9606.ENSP00000367815,DNAAF1,DNAI1,0.946
9606.ENSP00000367815,DNAAF1,RSPH4A,0.943
9606.ENSP00000367815,DNAAF1,DNAAF2,0.939
9606.ENSP00000367815,DNAAF1,RSPH9,0.931
9606.ENSP00000367815,DNAAF1,DNAH11,0.906
9606.ENSP00000367900,CDK11A,CCNL1,0.982
9606.ENSP00000367900,CDK11A,CCNL2,0.927
9606.ENSP00000368450,CD83,CD1B,0.962
9606.ENSP00000368450,CD83,CD40,0.951
9606.ENSP00000368450,CD83,CD1C,0.942
9606.ENSP00000368450,CD83,CD86,0.926
9606.ENSP00000368450,CD83,TNF,0.923
9606.ENSP00000368450,CD83,CD1E,0.916
9606.ENSP00000368450,CD83,CD1D,0.914
9606.ENSP00000368450,CD83,CD80,0.914
9606.ENSP00000368927,EIF1AX,EIF1,0.999
9606.ENSP00000368927,EIF1AX,RPS15,0.998
9606.ENSP00000368927,EIF1AX,FAU,0.997
9606.ENSP00000368927,EIF1AX,RPS18,0.996
9606.ENSP00000368927,EIF1AX,RPS3,0.996
9606.ENSP00000368927,EIF1AX,RPS23,0.996
9606.ENSP00000368927,EIF1AX,RPS11,0.996
9606.ENSP00000368927,EIF1AX,EIF2S1,0.995
9606.ENSP00000368927,EIF1AX,EIF2S2,0.995
9606.ENSP00000368927,EIF1AX,RPS20,0.994
9606.ENSP00000368927,EIF1AX,RPS2,0.992
9606.ENSP00000368927,EIF1AX,RPS16,0.991
9606.ENSP00000368927,EIF1AX,EIF3A,0.991
9606.ENSP00000368927,EIF1AX,RPS9,0.991
9606.ENSP00000368927,EIF1AX,EIF5B,0.991
9606.ENSP00000368927,EIF1AX,RPS5,0.989
9606.ENSP00000368927,EIF1AX,RPS14,0.987
9606.ENSP00000368927,EIF1AX,RPS29,0.987
9606.ENSP00000368927,EIF1AX,EIF1B,0.986
9606.ENSP00000368927,EIF1AX,EIF2S3,0.986
9606.ENSP00000368927,EIF1AX,EIF3E,0.985
9606.ENSP00000368927,EIF1AX,EIF3C,0.983
9606.ENSP00000368927,EIF1AX,EIF3B,0.981
9606.ENSP00000368927,EIF1AX,EIF4A1,0.981
9606.ENSP00000368927,EIF1AX,IPO13,0.981
9606.ENSP00000368927,EIF1AX,RPSA,0.979
9606.ENSP00000368927,EIF1AX,RPS13,0.979
9606.ENSP00000368927,EIF1AX,RPS24,0.978
9606.ENSP00000368927,EIF1AX,RPS3A,0.978
9606.ENSP00000368927,EIF1AX,EIF3J,0.978
9606.ENSP00000368927,EIF1AX,EIF3G,0.977
9606.ENSP00000368927,EIF1AX,RPS17,0.976
9606.ENSP00000368927,EIF1AX,RPS28,0.976
9606.ENSP00000368927,EIF1AX,RPS25,0.975
9606.ENSP00000368927,EIF1AX,RPS6,0.975
9606.ENSP00000368927,EIF1AX,EIF5,0.975
9606.ENSP00000368927,EIF1AX,EIF3D,0.975
9606.ENSP00000368927,EIF1AX,EIF3I,0.975
9606.ENSP00000368927,EIF1AX,RPS19,0.974
9606.ENSP00000368927,EIF1AX,RPS7,0.973
9606.ENSP00000368927,EIF1AX,RPS27A,0.973
9606.ENSP00000368927,EIF1AX,RPS26,0.973
9606.ENSP00000368927,EIF1AX,RPS8,0.972
9606.ENSP00000368927,EIF1AX,RPS12,0.971
9606.ENSP00000368927,EIF1AX,RPS21,0.968
9606.ENSP00000368927,EIF1AX,RACK1,0.965
9606.ENSP00000368927,EIF1AX,RPS10,0.965
9606.ENSP00000368927,EIF1AX,EIF3K,0.963
9606.ENSP00000368927,EIF1AX,RPS4X,0.962
9606.ENSP00000368927,EIF1AX,EIF3H,0.96
9606.ENSP00000368927,EIF1AX,RPS10-NUDT3,0.958
9606.ENSP00000368927,EIF1AX,EIF3F,0.956
9606.ENSP00000368927,EIF1AX,RPS27,0.955
9606.ENSP00000368927,EIF1AX,RPS15A,0.953
9606.ENSP00000368927,EIF1AX,EIF1AY,0.952
9606.ENSP00000368927,EIF1AX,RPL4,0.951
9606.ENSP00000368927,EIF1AX,RPL35,0.947
9606.ENSP00000368927,EIF1AX,RPL23,0.945
9606.ENSP00000368927,EIF1AX,RPL11,0.945
9606.ENSP00000368927,EIF1AX,MRPS10,0.943
9606.ENSP00000368927,EIF1AX,MRPS12,0.942
9606.ENSP00000368927,EIF1AX,ABCE1,0.941
9606.ENSP00000368927,EIF1AX,MRPS5,0.938
9606.ENSP00000368927,EIF1AX,CD74,0.934
9606.ENSP00000368927,EIF1AX,RPL5,0.932
9606.ENSP00000368927,EIF1AX,EIF4G1,0.932
9606.ENSP00000368927,EIF1AX,RSAD1,0.929
9606.ENSP00000368927,EIF1AX,IMP3,0.929
9606.ENSP00000368927,EIF1AX,RPL23A,0.924
9606.ENSP00000368927,EIF1AX,MRPL4,0.911
9606.ENSP00000368927,EIF1AX,RAN,0.911
9606.ENSP00000368927,EIF1AX,EIF3M,0.902
9606.ENSP00000369129,DSP,JUP,0.999
9606.ENSP00000369129,DSP,PKP2,0.999
9606.ENSP00000369129,DSP,DSG1,0.998
9606.ENSP00000369129,DSP,DSG2,0.998
9606.ENSP00000369129,DSP,DSC2,0.998
9606.ENSP00000369129,DSP,PKP1,0.995
9606.ENSP00000369129,DSP,EVPL,0.969
9606.ENSP00000369129,DSP,DSC1,0.959
9606.ENSP00000369129,DSP,KRT18,0.957
9606.ENSP00000369129,DSP,PPL,0.953
9606.ENSP00000369129,DSP,PKP4,0.949
9606.ENSP00000369129,DSP,DSC3,0.946
9606.ENSP00000369129,DSP,DSG3,0.935
9606.ENSP00000369129,DSP,PKP3,0.93
9606.ENSP00000369129,DSP,CDH17,0.927
9606.ENSP00000369213,DDX58,MAVS,0.999
9606.ENSP00000369213,DDX58,ATG5,0.999
9606.ENSP00000369213,DDX58,ISG15,0.999
9606.ENSP00000369213,DDX58,ATG12,0.999
9606.ENSP00000369213,DDX58,OASL,0.999
9606.ENSP00000369213,DDX58,TRIM25,0.999
9606.ENSP00000369213,DDX58,RNF135,0.998
9606.ENSP00000369213,DDX58,DHX58,0.997
9606.ENSP00000369213,DDX58,NLRC5,0.995
9606.ENSP00000369213,DDX58,IFIT1,0.995
9606.ENSP00000369213,DDX58,STAT1,0.994
9606.ENSP00000369213,DDX58,TBK1,0.994
9606.ENSP00000369213,DDX58,DDX60,0.992
9606.ENSP00000369213,DDX58,RNF125,0.991
9606.ENSP00000369213,DDX58,EIF2AK2,0.991
9606.ENSP00000369213,DDX58,IRF3,0.99
9606.ENSP00000369213,DDX58,IRF7,0.99
9606.ENSP00000369213,DDX58,CYLD,0.989
9606.ENSP00000369213,DDX58,TRAF3,0.986
9606.ENSP00000369213,DDX58,MYOM2,0.983
9606.ENSP00000369213,DDX58,RPS27A,0.983
9606.ENSP00000369213,DDX58,IFIT2,0.982
9606.ENSP00000369213,DDX58,IKBKE,0.978
9606.ENSP00000369213,DDX58,TLR3,0.973
9606.ENSP00000369213,DDX58,UBC,0.972
9606.ENSP00000369213,DDX58,TRAF6,0.971
9606.ENSP00000369213,DDX58,MX1,0.971
9606.ENSP00000369213,DDX58,ZC3HAV1,0.971
9606.ENSP00000369213,DDX58,IFIT3,0.966
9606.ENSP00000369213,DDX58,MX2,0.965
9606.ENSP00000369213,DDX58,IFNB1,0.961
9606.ENSP00000369213,DDX58,HERC5,0.96
9606.ENSP00000369213,DDX58,IFIH1,0.96
9606.ENSP00000369213,DDX58,RSAD2,0.953
9606.ENSP00000369213,DDX58,IFIT5,0.95
9606.ENSP00000369213,DDX58,OAS2,0.949
9606.ENSP00000369213,DDX58,NLRX1,0.947
9606.ENSP00000369213,DDX58,OAS1,0.944
9606.ENSP00000369213,DDX58,OAS3,0.943
9606.ENSP00000369213,DDX58,AIM2,0.942
9606.ENSP00000369213,DDX58,UBB,0.94
9606.ENSP00000369213,DDX58,USP18,0.94
9606.ENSP00000369213,DDX58,UBA52,0.939
9606.ENSP00000369213,DDX58,USP25,0.937
9606.ENSP00000369213,DDX58,STING1,0.932
9606.ENSP00000369213,DDX58,TRAF2,0.927
9606.ENSP00000369213,DDX58,TLR7,0.92
9606.ENSP00000369213,DDX58,RIPK1,0.915
9606.ENSP00000369213,DDX58,IFI44,0.913
9606.ENSP00000369213,DDX58,UBE2L6,0.904
9606.ENSP00000369213,DDX58,TLR9,0.902
9606.ENSP00000369213,DDX58,IFNA1,0.902
9606.ENSP00000369268,CNGA4,CNGB1,0.999
9606.ENSP00000369268,CNGA4,CNGA2,0.998
9606.ENSP00000369268,CNGA4,CALM3,0.97
9606.ENSP00000369268,CNGA4,CALML4,0.969
9606.ENSP00000369268,CNGA4,CALML3,0.969
9606.ENSP00000369268,CNGA4,CALML6,0.969
9606.ENSP00000369268,CNGA4,CALML5,0.969
9606.ENSP00000369390,CDK14,CCNY,0.999
9606.ENSP00000369716,CHD3,HDAC2,0.999
9606.ENSP00000369716,CHD3,MTA1,0.999
9606.ENSP00000369716,CHD3,GATAD2A,0.999
9606.ENSP00000369716,CHD3,HDAC1,0.999
9606.ENSP00000369716,CHD3,MTA2,0.999
9606.ENSP00000369716,CHD3,CHD4,0.999
9606.ENSP00000369716,CHD3,RBBP4,0.999
9606.ENSP00000369716,CHD3,RBBP7,0.999
9606.ENSP00000369716,CHD3,MTA3,0.998
9606.ENSP00000369716,CHD3,GATAD2B,0.996
9606.ENSP00000369716,CHD3,TRIM28,0.983
9606.ENSP00000369716,CHD3,MBD3,0.982
9606.ENSP00000369716,CHD3,CDK2AP1,0.966
9606.ENSP00000369716,CHD3,MBD2,0.956
9606.ENSP00000369716,CHD3,KDM1A,0.941
9606.ENSP00000369716,CHD3,CBX3,0.901
9606.ENSP00000369889,COL2A1,COL11A1,0.976
9606.ENSP00000369889,COL2A1,COL11A2,0.965
9606.ENSP00000369889,COL2A1,SOX9,0.944
9606.ENSP00000369889,COL2A1,CD44,0.942
9606.ENSP00000369889,COL2A1,COL9A1,0.918
9606.ENSP00000369889,COL2A1,GP6,0.914
9606.ENSP00000370021,CNTLN,PCNT,0.969
9606.ENSP00000370021,CNTLN,LRRC45,0.923
9606.ENSP00000370021,CNTLN,CROCC,0.922
9606.ENSP00000370337,CEP152,PLK4,0.999
9606.ENSP00000370337,CEP152,CEP63,0.998
9606.ENSP00000370337,CEP152,CENPJ,0.995
9606.ENSP00000370337,CEP152,CDK5RAP2,0.988
9606.ENSP00000370337,CEP152,STIL,0.979
9606.ENSP00000370337,CEP152,SASS6,0.975
9606.ENSP00000370337,CEP152,CEP135,0.968
9606.ENSP00000370337,CEP152,CEP192,0.958
9606.ENSP00000370337,CEP152,ASPM,0.917
9606.ENSP00000370408,CDX2,KRT20,0.924
9606.ENSP00000370408,CDX2,POU5F1,0.923
9606.ENSP00000370408,CDX2,C17orf97,0.904
9606.ENSP00000370938,CDK8,MED12,0.999
9606.ENSP00000370938,CDK8,MED14,0.999
9606.ENSP00000370938,CDK8,MED6,0.999
9606.ENSP00000370938,CDK8,MED13,0.999
9606.ENSP00000370938,CDK8,MED17,0.999
9606.ENSP00000370938,CDK8,CCNC,0.999
9606.ENSP00000370938,CDK8,MED8,0.998
9606.ENSP00000370938,CDK8,MED1,0.998
9606.ENSP00000370938,CDK8,MED21,0.998
9606.ENSP00000370938,CDK8,MED18,0.998
9606.ENSP00000370938,CDK8,MED30,0.997
9606.ENSP00000370938,CDK8,MED13L,0.997
9606.ENSP00000370938,CDK8,MED7,0.997
9606.ENSP00000370938,CDK8,MED16,0.997
9606.ENSP00000370938,CDK8,MED23,0.996
9606.ENSP00000370938,CDK8,MED15,0.996
9606.ENSP00000370938,CDK8,MED26,0.996
9606.ENSP00000370938,CDK8,MED12L,0.995
9606.ENSP00000370938,CDK8,MED10,0.995
9606.ENSP00000370938,CDK8,MED19,0.994
9606.ENSP00000370938,CDK8,CDK19,0.994
9606.ENSP00000370938,CDK8,MED29,0.993
9606.ENSP00000370938,CDK8,MED4,0.992
9606.ENSP00000370938,CDK8,MED31,0.992
9606.ENSP00000370938,CDK8,MED22,0.992
9606.ENSP00000370938,CDK8,MED24,0.991
9606.ENSP00000370938,CDK8,MED9,0.988
9606.ENSP00000370938,CDK8,MED28,0.987
9606.ENSP00000370938,CDK8,MED27,0.987
9606.ENSP00000370938,CDK8,MED11,0.986
9606.ENSP00000370938,CDK8,MED20,0.986
9606.ENSP00000370938,CDK8,POLR2A,0.977
9606.ENSP00000370938,CDK8,MED25,0.975
9606.ENSP00000370938,CDK8,THRAP3,0.93
9606.ENSP00000370938,CDK8,CCNH,0.929
9606.ENSP00000370938,CDK8,CCNT1,0.924
9606.ENSP00000370938,CDK8,PPARGC1B,0.9
9606.ENSP00000370978,CRLF2,IL7R,0.999
9606.ENSP00000370978,CRLF2,TSLP,0.999
9606.ENSP00000370978,CRLF2,JAK2,0.981
9606.ENSP00000370978,CRLF2,P2RY8,0.953
9606.ENSP00000370978,CRLF2,IL7,0.948
9606.ENSP00000370978,CRLF2,IL33,0.946
9606.ENSP00000370978,CRLF2,JAK1,0.917
9606.ENSP00000371278,CDC37L1,HSP90AA1,0.972
9606.ENSP00000371278,CDC37L1,HSP90AB1,0.954
9606.ENSP00000371278,CDC37L1,STIP1,0.928
9606.ENSP00000371308,CENPJ,SASS6,0.998
9606.ENSP00000371308,CENPJ,PLK4,0.996
9606.ENSP00000371308,CENPJ,CEP135,0.996
9606.ENSP00000371308,CENPJ,CEP152,0.995
9606.ENSP00000371308,CENPJ,STIL,0.994
9606.ENSP00000371308,CENPJ,CCP110,0.98
9606.ENSP00000371308,CENPJ,TUBG1,0.973
9606.ENSP00000371308,CENPJ,PLK1,0.953
9606.ENSP00000371308,CENPJ,CDK5RAP2,0.951
9606.ENSP00000371308,CENPJ,TUBGCP6,0.944
9606.ENSP00000371308,CENPJ,ASPM,0.942
9606.ENSP00000371308,CENPJ,TUBA1B,0.942
9606.ENSP00000371308,CENPJ,TUBB2B,0.937
9606.ENSP00000371308,CENPJ,PLK2,0.931
9606.ENSP00000371308,CENPJ,TUBGCP4,0.928
9606.ENSP00000371308,CENPJ,MZT1,0.925
9606.ENSP00000371308,CENPJ,TUBB2A,0.925
9606.ENSP00000371308,CENPJ,TUBGCP5,0.924
9606.ENSP00000371308,CENPJ,CEP192,0.922
9606.ENSP00000371308,CENPJ,BLOC1S2,0.921
9606.ENSP00000371308,CENPJ,BRCA1,0.92
9606.ENSP00000371308,CENPJ,PCNT,0.917
9606.ENSP00000371308,CENPJ,MCPH1,0.916
9606.ENSP00000371308,CENPJ,MARK4,0.9
9606.ENSP00000371308,CENPJ,MZT2B,0.9
9606.ENSP00000372023,CHEK2,BRCA1,0.999
9606.ENSP00000372023,CHEK2,ATM,0.999
9606.ENSP00000372023,CHEK2,TP53,0.999
9606.ENSP00000372023,CHEK2,CDC25A,0.998
9606.ENSP00000372023,CHEK2,CDC25C,0.998
9606.ENSP00000372023,CHEK2,ATR,0.998
9606.ENSP00000372023,CHEK2,TP53BP1,0.996
9606.ENSP00000372023,CHEK2,MDC1,0.99
9606.ENSP00000372023,CHEK2,CDC7,0.988
9606.ENSP00000372023,CHEK2,BRCA2,0.985
9606.ENSP00000372023,CHEK2,MDM2,0.983
9606.ENSP00000372023,CHEK2,RAD9A,0.981
9606.ENSP00000372023,CHEK2,CHEK1,0.971
9606.ENSP00000372023,CHEK2,H2AX,0.957
9606.ENSP00000372023,CHEK2,PRKDC,0.937
9606.ENSP00000372023,CHEK2,BARD1,0.937
9606.ENSP00000372023,CHEK2,NBN,0.935
9606.ENSP00000372023,CHEK2,MSH2,0.934
9606.ENSP00000372023,CHEK2,RAD51,0.93
9606.ENSP00000372023,CHEK2,MCM4,0.927
9606.ENSP00000372023,CHEK2,CDC45,0.926
9606.ENSP00000372023,CHEK2,PALB2,0.921
9606.ENSP00000372023,CHEK2,MDM4,0.92
9606.ENSP00000372023,CHEK2,PPM1D,0.918
9606.ENSP00000372023,CHEK2,DBF4,0.912
9606.ENSP00000372023,CHEK2,ASF1B,0.91
9606.ENSP00000372023,CHEK2,ASF1A,0.91
9606.ENSP00000372023,CHEK2,MUS81,0.906
9606.ENSP00000372023,CHEK2,PLK1,0.9
9606.ENSP00000372023,CHEK2,MRE11,0.9
9606.ENSP00000372193,CLCN7,OSTM1,0.999
9606.ENSP00000372193,CLCN7,TCIRG1,0.97
9606.ENSP00000372193,CLCN7,PLEKHM1,0.909
9606.ENSP00000372459,CTIF,NCBP1,0.963
9606.ENSP00000372459,CTIF,NCBP2,0.928
9606.ENSP00000372459,CTIF,DDX19A,0.906
9606.ENSP00000372750,CHRM5,GRM5,0.946
9606.ENSP00000372750,CHRM5,CHRM3,0.933
9606.ENSP00000372750,CHRM5,GNAQ,0.91
9606.ENSP00000372750,CHRM5,CHRM1,0.905
9606.ENSP00000372750,CHRM5,GNG12,0.903
9606.ENSP00000372750,CHRM5,KNG1,0.903
9606.ENSP00000372750,CHRM5,GNA11,0.902
9606.ENSP00000373169,DRD3,GNB1,0.984
9606.ENSP00000373169,DRD3,GNAI1,0.983
9606.ENSP00000373169,DRD3,DRD4,0.943
9606.ENSP00000373169,DRD3,GNG2,0.941
9606.ENSP00000373706,DIAPH1,RHOA,0.994
9606.ENSP00000373706,DIAPH1,RHOC,0.973
9606.ENSP00000373706,DIAPH1,AGER,0.972
9606.ENSP00000373706,DIAPH1,PFN4,0.971
9606.ENSP00000373706,DIAPH1,PFN1,0.97
9606.ENSP00000373706,DIAPH1,PFN3,0.965
9606.ENSP00000373706,DIAPH1,RHOD,0.955
9606.ENSP00000373706,DIAPH1,ACTG1,0.936
9606.ENSP00000373706,DIAPH1,ACTB,0.934
9606.ENSP00000373706,DIAPH1,DIAPH3,0.93
9606.ENSP00000373706,DIAPH1,DIAPH2,0.906
9606.ENSP00000373905,DNM2,HCLS1,0.998
9606.ENSP00000373905,DNM2,CTTN,0.993
9606.ENSP00000373905,DNM2,BIN1,0.992
9606.ENSP00000373905,DNM2,AMPH,0.992
9606.ENSP00000373905,DNM2,DNM3,0.984
9606.ENSP00000373905,DNM2,DNM1,0.983
9606.ENSP00000373905,DNM2,WASL,0.979
9606.ENSP00000373905,DNM2,ARC,0.978
9606.ENSP00000373905,DNM2,CAV1,0.976
9606.ENSP00000373905,DNM2,SH3GL2,0.973
9606.ENSP00000373905,DNM2,SH3GL3,0.962
9606.ENSP00000373905,DNM2,ITSN1,0.947
9606.ENSP00000373905,DNM2,GRB2,0.937
9606.ENSP00000373905,DNM2,SNX9,0.937
9606.ENSP00000373905,DNM2,MTM1,0.925
9606.ENSP00000373905,DNM2,SNX18,0.917
9606.ENSP00000373905,DNM2,CLTC,0.911
9606.ENSP00000373905,DNM2,SRC,0.909
9606.ENSP00000373905,DNM2,CLTCL1,0.907
9606.ENSP00000373905,DNM2,MTMR14,0.906
9606.ENSP00000374212,EP400,RUVBL1,0.999
9606.ENSP00000374212,EP400,ACTL6A,0.999
9606.ENSP00000374212,EP400,BRD8,0.999
9606.ENSP00000374212,EP400,YEATS4,0.999
9606.ENSP00000374212,EP400,TRRAP,0.999
9606.ENSP00000374212,EP400,KAT5,0.999
9606.ENSP00000374212,EP400,RUVBL2,0.999
9606.ENSP00000374212,EP400,DMAP1,0.999
9606.ENSP00000374212,EP400,MORF4L1,0.997
9606.ENSP00000374212,EP400,MEAF6,0.994
9606.ENSP00000374212,EP400,ANP32E,0.992
9606.ENSP00000374212,EP400,H2AZ1,0.991
9606.ENSP00000374212,EP400,ING3,0.989
9606.ENSP00000374212,EP400,MRGBP,0.988
9606.ENSP00000374212,EP400,VPS72,0.988
9606.ENSP00000374212,EP400,MORF4L2,0.978
9606.ENSP00000374212,EP400,EPC1,0.976
9606.ENSP00000374212,EP400,MBTD1,0.967
9606.ENSP00000374212,EP400,EPC2,0.966
9606.ENSP00000374212,EP400,ACTB,0.965
9606.ENSP00000374212,EP400,MYCL,0.96
9606.ENSP00000374212,EP400,ZNHIT1,0.959
9606.ENSP00000374212,EP400,MYC,0.954
9606.ENSP00000374212,EP400,INO80C,0.95
9606.ENSP00000374212,EP400,ACTR8,0.95
9606.ENSP00000374212,EP400,H2AZ2,0.947
9606.ENSP00000374212,EP400,ACTR5,0.943
9606.ENSP00000374212,EP400,MSL1,0.94
9606.ENSP00000374212,EP400,ACTL6B,0.937
9606.ENSP00000374212,EP400,KAT8,0.934
9606.ENSP00000374212,EP400,INO80,0.934
9606.ENSP00000374212,EP400,ACTR6,0.93
9606.ENSP00000374212,EP400,NFRKB,0.929
9606.ENSP00000374212,EP400,H4C6,0.929
9606.ENSP00000374212,EP400,YY1,0.925
9606.ENSP00000374212,EP400,MSL3,0.924
9606.ENSP00000374212,EP400,INO80B,0.921
9606.ENSP00000374212,EP400,INO80E,0.914
9606.ENSP00000374212,EP400,TFPT,0.912
9606.ENSP00000374212,EP400,H2AC18,0.906
9606.ENSP00000374212,EP400,H2AC20,0.906
9606.ENSP00000374212,EP400,MSL2,0.905
9606.ENSP00000374212,EP400,SRCAP,0.903
9606.ENSP00000374212,EP400,UCHL5,0.902
9606.ENSP00000374212,EP400,TP53,0.902
9606.ENSP00000374212,EP400,MCRS1,0.902
9606.ENSP00000374323,EPHA6,ABL1,0.926
9606.ENSP00000374323,EPHA6,EFNA5,0.923
9606.ENSP00000374323,EPHA6,NGEF,0.923
9606.ENSP00000374323,EPHA6,RASA1,0.905
9606.ENSP00000374323,EPHA6,EFNA2,0.902
9606.ENSP00000376297,DYNLL1,BCL2L11,0.999
9606.ENSP00000376297,DYNLL1,DYNC2H1,0.999
9606.ENSP00000376297,DYNLL1,DYNC1I2,0.998
9606.ENSP00000376297,DYNLL1,WDR60,0.998
9606.ENSP00000376297,DYNLL1,DYNC1I1,0.997
9606.ENSP00000376297,DYNLL1,WDR34,0.997
9606.ENSP00000376297,DYNLL1,DYNLRB1,0.997
9606.ENSP00000376297,DYNLL1,DYNC1H1,0.995
9606.ENSP00000376297,DYNLL1,DYNC2LI1,0.995
9606.ENSP00000376297,DYNLL1,STRN4,0.994
9606.ENSP00000376297,DYNLL1,MOB4,0.994
9606.ENSP00000376297,DYNLL1,TRAF3IP3,0.994
9606.ENSP00000376297,DYNLL1,DYNLL2,0.99
9606.ENSP00000376297,DYNLL1,DYNC1LI2,0.989
9606.ENSP00000376297,DYNLL1,DYNLT1,0.988
9606.ENSP00000376297,DYNLL1,DYNC1LI1,0.986
9606.ENSP00000376297,DYNLL1,DYNLT3,0.976
9606.ENSP00000376297,DYNLL1,NOS1,0.957
9606.ENSP00000376297,DYNLL1,DYNLRB2,0.956
9606.ENSP00000376297,DYNLL1,AMBRA1,0.952
9606.ENSP00000376297,DYNLL1,MAG,0.952
9606.ENSP00000376297,DYNLL1,NDE1,0.948
9606.ENSP00000376297,DYNLL1,TP53BP1,0.945
9606.ENSP00000376297,DYNLL1,DCTN1,0.943
9606.ENSP00000376297,DYNLL1,PAFAH1B1,0.941
9606.ENSP00000376297,DYNLL1,TCTEX1D2,0.928
9606.ENSP00000376297,DYNLL1,DCTN2,0.915
9606.ENSP00000376297,DYNLL1,BECN1,0.901
9606.ENSP00000376457,ECT2,RACGAP1,0.999
9606.ENSP00000376457,ECT2,KIF23,0.999
9606.ENSP00000376457,ECT2,ANLN,0.994
9606.ENSP00000376457,ECT2,RHOA,0.966
9606.ENSP00000376457,ECT2,CDK1,0.963
9606.ENSP00000376457,ECT2,BUB1,0.947
9606.ENSP00000376457,ECT2,PLK1,0.937
9606.ENSP00000376457,ECT2,ASPM,0.924
9606.ENSP00000376457,ECT2,CDC42,0.924
9606.ENSP00000376457,ECT2,KIF20A,0.922
9606.ENSP00000376457,ECT2,CEP55,0.913
9606.ENSP00000376457,ECT2,CCNB1,0.911
9606.ENSP00000376458,CDON,SHH,0.999
9606.ENSP00000376458,CDON,IHH,0.999
9606.ENSP00000376458,CDON,DHH,0.999
9606.ENSP00000376458,CDON,PTCH1,0.998
9606.ENSP00000376458,CDON,GAS1,0.995
9606.ENSP00000376458,CDON,PTCH2,0.968
9606.ENSP00000376458,CDON,BOC,0.942
9606.ENSP00000376458,CDON,LRP2,0.924
9606.ENSP00000376544,CD79B,CD79A,0.999
9606.ENSP00000376544,CD79B,LYN,0.997
9606.ENSP00000376544,CD79B,SYK,0.997
9606.ENSP00000376544,CD79B,IGLL1,0.996
9606.ENSP00000376544,CD79B,VPREB1,0.993
9606.ENSP00000376544,CD79B,CD19,0.991
9606.ENSP00000376544,CD79B,CXCL9,0.989
9606.ENSP00000376544,CD79B,IGLL5,0.971
9606.ENSP00000376544,CD79B,BTK,0.965
9606.ENSP00000376544,CD79B,IGHD,0.964
9606.ENSP00000376544,CD79B,BLNK,0.961
9606.ENSP00000376544,CD79B,CD22,0.96
9606.ENSP00000376544,CD79B,LOC102723407,0.948
9606.ENSP00000376544,CD79B,VPREB3,0.925
9606.ENSP00000376544,CD79B,BLK,0.921
9606.ENSP00000377703,DGKA,LPL,0.901
9606.ENSP00000378248,CXXC4,DVL1,0.983
9606.ENSP00000378248,CXXC4,TET2,0.923
9606.ENSP00000378248,CXXC4,DVL3,0.921
9606.ENSP00000378248,CXXC4,DVL2,0.915
9606.ENSP00000378350,CDC23,ANAPC4,0.999
9606.ENSP00000378350,CDC23,CDC20,0.999
9606.ENSP00000378350,CDC23,ANAPC5,0.999
9606.ENSP00000378350,CDC23,ANAPC13,0.999
9606.ENSP00000378350,CDC23,ANAPC11,0.999
9606.ENSP00000378350,CDC23,CDC16,0.999
9606.ENSP00000378350,CDC23,BUB1B,0.999
9606.ENSP00000378350,CDC23,CDC26,0.999
9606.ENSP00000378350,CDC23,ANAPC2,0.999
9606.ENSP00000378350,CDC23,ANAPC16,0.999
9606.ENSP00000378350,CDC23,ANAPC15,0.999
9606.ENSP00000378350,CDC23,FZR1,0.999
9606.ENSP00000378350,CDC23,ANAPC10,0.999
9606.ENSP00000378350,CDC23,ANAPC7,0.999
9606.ENSP00000378350,CDC23,ANAPC1,0.999
9606.ENSP00000378350,CDC23,CDC27,0.999
9606.ENSP00000378350,CDC23,UBE2S,0.995
9606.ENSP00000378350,CDC23,TRIM33,0.994
9606.ENSP00000378350,CDC23,MAD2L1,0.993
9606.ENSP00000378350,CDC23,NEK2,0.992
9606.ENSP00000378350,CDC23,UBE2C,0.991
9606.ENSP00000378350,CDC23,FBXO5,0.985
9606.ENSP00000378350,CDC23,BUB3,0.979
9606.ENSP00000378350,CDC23,CCNB1,0.974
9606.ENSP00000378350,CDC23,CCNB2,0.953
9606.ENSP00000378350,CDC23,CCNA2,0.942
9606.ENSP00000378350,CDC23,BUB1,0.934
9606.ENSP00000378350,CDC23,BRCC3,0.913
9606.ENSP00000378350,CDC23,BARD1,0.913
9606.ENSP00000378350,CDC23,CUL7,0.912
9606.ENSP00000378350,CDC23,BRCA1,0.911
9606.ENSP00000378350,CDC23,PCGF6,0.911
9606.ENSP00000378350,CDC23,BMI1,0.908
9606.ENSP00000378350,CDC23,BCOR,0.906
9606.ENSP00000378350,CDC23,RNF2,0.905
9606.ENSP00000378350,CDC23,PCGF2,0.905
9606.ENSP00000378350,CDC23,CBX8,0.905
9606.ENSP00000378350,CDC23,RING1,0.903
9606.ENSP00000378350,CDC23,CBX2,0.902
9606.ENSP00000378350,CDC23,BABAM2,0.901
9606.ENSP00000378350,CDC23,UBB,0.901
9606.ENSP00000378350,CDC23,UBC,0.901
9606.ENSP00000378350,CDC23,PHC3,0.9
9606.ENSP00000378350,CDC23,CBX4,0.9
9606.ENSP00000378350,CDC23,PHC1,0.9
9606.ENSP00000378350,CDC23,PHC2,0.9
9606.ENSP00000378557,DAAM1,DVL1,0.999
9606.ENSP00000378557,DAAM1,RHOA,0.996
9606.ENSP00000378557,DAAM1,DVL2,0.978
9606.ENSP00000378557,DAAM1,DVL3,0.948
9606.ENSP00000378557,DAAM1,DAAM2,0.909
9606.ENSP00000378557,DAAM1,SRRM4,0.902
9606.ENSP00000379683,CYP19A1,HSD3B1,0.988
9606.ENSP00000379683,CYP19A1,HSD17B1,0.984
9606.ENSP00000379683,CYP19A1,HSD3B2,0.979
9606.ENSP00000379683,CYP19A1,HSD17B3,0.972
9606.ENSP00000379683,CYP19A1,SRD5A1,0.972
9606.ENSP00000379683,CYP19A1,CYP17A1,0.971
9606.ENSP00000379683,CYP19A1,HSD17B2,0.966
9606.ENSP00000379683,CYP19A1,HSD17B7,0.961
9606.ENSP00000379683,CYP19A1,SRD5A2,0.961
9606.ENSP00000379683,CYP19A1,SULT1E1,0.959
9606.ENSP00000379683,CYP19A1,HSD17B12,0.956
9606.ENSP00000379683,CYP19A1,AKR1C3,0.956
9606.ENSP00000379683,CYP19A1,CYP1A1,0.953
9606.ENSP00000379683,CYP19A1,CYP3A4,0.95
9606.ENSP00000379683,CYP19A1,CYP11B1,0.949
9606.ENSP00000379683,CYP19A1,CYP11B2,0.947
9606.ENSP00000379683,CYP19A1,UGT1A7,0.945
9606.ENSP00000379683,CYP19A1,CYP3A5,0.944
9606.ENSP00000379683,CYP19A1,UGT1A4,0.941
9606.ENSP00000379683,CYP19A1,UGT1A8,0.941
9606.ENSP00000379683,CYP19A1,UGT1A1,0.94
9606.ENSP00000379683,CYP19A1,UGT1A10,0.939
9606.ENSP00000379683,CYP19A1,UGT1A6,0.939
9606.ENSP00000379683,CYP19A1,UGT2B17,0.937
9606.ENSP00000379683,CYP19A1,UGT2B15,0.936
9606.ENSP00000379683,CYP19A1,HSD17B6,0.936
9606.ENSP00000379683,CYP19A1,UGT2B7,0.935
9606.ENSP00000379683,CYP19A1,HSD17B8,0.932
9606.ENSP00000379683,CYP19A1,UGT2B4,0.929
9606.ENSP00000379683,CYP19A1,SRD5A3,0.928
9606.ENSP00000379683,CYP19A1,ESR1,0.927
9606.ENSP00000379683,CYP19A1,UGT2A2,0.926
9606.ENSP00000379683,CYP19A1,UGT1A3,0.926
9606.ENSP00000379683,CYP19A1,UGT1A9,0.926
9606.ENSP00000379683,CYP19A1,UGT1A5,0.926
9606.ENSP00000379683,CYP19A1,ESR2,0.925
9606.ENSP00000379683,CYP19A1,UGT2B11,0.925
9606.ENSP00000379683,CYP19A1,UGT2B28,0.925
9606.ENSP00000379683,CYP19A1,UGT2B10,0.925
9606.ENSP00000379683,CYP19A1,UGT2A3,0.923
9606.ENSP00000379683,CYP19A1,AKR1D1,0.922
9606.ENSP00000380033,DDX17,DROSHA,0.998
9606.ENSP00000380033,DDX17,DGCR8,0.996
9606.ENSP00000380033,DDX17,DDX5,0.994
9606.ENSP00000380033,DDX17,ESR1,0.992
9606.ENSP00000380033,DDX17,TP53,0.97
9606.ENSP00000380033,DDX17,HDAC1,0.936
9606.ENSP00000380033,DDX17,HNRNPM,0.901
9606.ENSP00000380044,CSNK1E,PER2,0.999
9606.ENSP00000380044,CSNK1E,CRY1,0.999
9606.ENSP00000380044,CSNK1E,ARNTL,0.997
9606.ENSP00000380044,CSNK1E,CRY2,0.997
9606.ENSP00000380044,CSNK1E,PER1,0.996
9606.ENSP00000380044,CSNK1E,PER3,0.994
9606.ENSP00000380044,CSNK1E,CLOCK,0.994
9606.ENSP00000380044,CSNK1E,AXIN1,0.993
9606.ENSP00000380044,CSNK1E,GSK3B,0.989
9606.ENSP00000380044,CSNK1E,CSNK1D,0.989
9606.ENSP00000380044,CSNK1E,NPAS2,0.989
9606.ENSP00000380044,CSNK1E,LTV1,0.969
9606.ENSP00000380044,CSNK1E,DVL2,0.967
9606.ENSP00000380044,CSNK1E,DVL1,0.957
9606.ENSP00000380044,CSNK1E,DDX3X,0.945
9606.ENSP00000380044,CSNK1E,DVL3,0.94
9606.ENSP00000380044,CSNK1E,YWHAH,0.932
9606.ENSP00000380044,CSNK1E,BYSL,0.931
9606.ENSP00000380044,CSNK1E,PRKACA,0.925
9606.ENSP00000380044,CSNK1E,GRK3,0.923
9606.ENSP00000380044,CSNK1E,RIOK2,0.923
9606.ENSP00000380044,CSNK1E,AXIN2,0.921
9606.ENSP00000380044,CSNK1E,PNO1,0.919
9606.ENSP00000380044,CSNK1E,PRKACB,0.914
9606.ENSP00000380044,CSNK1E,PRKACG,0.914
9606.ENSP00000380044,CSNK1E,NOB1,0.913
9606.ENSP00000380044,CSNK1E,FOXO1,0.912
9606.ENSP00000380044,CSNK1E,FOXO3,0.912
9606.ENSP00000380044,CSNK1E,SMO,0.911
9606.ENSP00000380044,CSNK1E,GRK2,0.911
9606.ENSP00000380044,CSNK1E,YWHAE,0.909
9606.ENSP00000380044,CSNK1E,YWHAZ,0.909
9606.ENSP00000380044,CSNK1E,YAP1,0.909
9606.ENSP00000380044,CSNK1E,YWHAQ,0.908
9606.ENSP00000380044,CSNK1E,YWHAG,0.908
9606.ENSP00000380044,CSNK1E,YWHAB,0.908
9606.ENSP00000380044,CSNK1E,FOXO4,0.905
9606.ENSP00000380044,CSNK1E,WWTR1,0.904
9606.ENSP00000380044,CSNK1E,TPTEP2-CSNK1E,0.9
9606.ENSP00000380602,CNTN4,PTPRG,0.96
9606.ENSP00000380602,CNTN4,APP,0.95
9606.ENSP00000380718,CDYL,EHMT2,0.995
9606.ENSP00000380718,CDYL,MIER1,0.933
9606.ENSP00000380718,CDYL,WIZ,0.914
9606.ENSP00000380718,CDYL,EHMT1,0.912
9606.ENSP00000380718,CDYL,EZH2,0.9
9606.ENSP00000380911,CEP83,SCLT1,0.999
9606.ENSP00000380911,CEP83,CEP164,0.997
9606.ENSP00000380911,CEP83,FBF1,0.994
9606.ENSP00000380911,CEP83,CEP89,0.993
9606.ENSP00000381097,EPHB1,EFNB2,0.999
9606.ENSP00000381097,EPHB1,EFNB1,0.999
9606.ENSP00000381097,EPHB1,EFNB3,0.998
9606.ENSP00000381097,EPHB1,EFNA4,0.957
9606.ENSP00000381097,EPHB1,EFNA5,0.945
9606.ENSP00000381097,EPHB1,ABL1,0.94
9606.ENSP00000381097,EPHB1,NGEF,0.936
9606.ENSP00000381097,EPHB1,EFNA1,0.925
9606.ENSP00000381097,EPHB1,RASA1,0.917
9606.ENSP00000381657,DOT1L,MLLT10,0.999
9606.ENSP00000381657,DOT1L,MLLT3,0.998
9606.ENSP00000381657,DOT1L,H3C13,0.997
9606.ENSP00000381657,DOT1L,H3C12,0.996
9606.ENSP00000381657,DOT1L,MLLT1,0.995
9606.ENSP00000381657,DOT1L,H4C6,0.98
9606.ENSP00000381657,DOT1L,MLLT6,0.971
9606.ENSP00000381657,DOT1L,H3C14,0.968
9606.ENSP00000381657,DOT1L,H2BC11,0.964
9606.ENSP00000381657,DOT1L,H2BC12,0.964
9606.ENSP00000381657,DOT1L,H3C6,0.961
9606.ENSP00000381657,DOT1L,H3C3,0.961
9606.ENSP00000381657,DOT1L,RPS27A,0.96
9606.ENSP00000381657,DOT1L,UBC,0.955
9606.ENSP00000381657,DOT1L,AFF1,0.951
9606.ENSP00000381657,DOT1L,UBB,0.949
9606.ENSP00000381657,DOT1L,UBA52,0.938
9606.ENSP00000381657,DOT1L,H4C5,0.937
9606.ENSP00000381657,DOT1L,H4C11,0.937
9606.ENSP00000381657,DOT1L,H4C8,0.937
9606.ENSP00000381657,DOT1L,H4C9,0.937
9606.ENSP00000381657,DOT1L,H4C2,0.937
9606.ENSP00000381657,DOT1L,H4-16,0.937
9606.ENSP00000381657,DOT1L,H4C14,0.937
9606.ENSP00000381657,DOT1L,H4C3,0.937
9606.ENSP00000381657,DOT1L,H4C15,0.937
9606.ENSP00000381657,DOT1L,H4C4,0.937
9606.ENSP00000381657,DOT1L,H4C13,0.937
9606.ENSP00000381657,DOT1L,H4C12,0.937
9606.ENSP00000381657,DOT1L,H4C1,0.937
9606.ENSP00000381657,DOT1L,H3C7,0.934
9606.ENSP00000381657,DOT1L,H3C2,0.933
9606.ENSP00000381657,DOT1L,H3C10,0.932
9606.ENSP00000381657,DOT1L,H3C4,0.932
9606.ENSP00000381657,DOT1L,H3C1,0.932
9606.ENSP00000381657,DOT1L,H3C8,0.932
9606.ENSP00000381657,DOT1L,H3C11,0.932
9606.ENSP00000381657,DOT1L,H3C15,0.932
9606.ENSP00000381657,DOT1L,H2AC6,0.919
9606.ENSP00000381657,DOT1L,H2AC8,0.919
9606.ENSP00000381657,DOT1L,H2AC14,0.919
9606.ENSP00000381657,DOT1L,H2AC15,0.917
9606.ENSP00000381657,DOT1L,H2AC12,0.917
9606.ENSP00000381657,DOT1L,H2AC4,0.917
9606.ENSP00000381657,DOT1L,H2AC13,0.917
9606.ENSP00000381657,DOT1L,H2AC11,0.917
9606.ENSP00000381657,DOT1L,H2AC16,0.917
9606.ENSP00000381657,DOT1L,H2AC17,0.917
9606.ENSP00000381657,DOT1L,SETD1A,0.911
9606.ENSP00000381657,DOT1L,H3-4,0.91
9606.ENSP00000381657,DOT1L,SIRT1,0.909
9606.ENSP00000382004,CTNND1,CDH1,0.999
9606.ENSP00000382004,CTNND1,CDH17,0.999
9606.ENSP00000382004,CTNND1,ZBTB33,0.999
9606.ENSP00000382004,CTNND1,CDH2,0.999
9606.ENSP00000382004,CTNND1,CTNNB1,0.999
9606.ENSP00000382004,CTNND1,CDH5,0.999
9606.ENSP00000382004,CTNND1,AFDN,0.998
9606.ENSP00000382004,CTNND1,CTNNA1,0.998
9606.ENSP00000382004,CTNND1,EGFR,0.994
9606.ENSP00000382004,CTNND1,RHOA,0.986
9606.ENSP00000382004,CTNND1,VAV2,0.985
9606.ENSP00000382004,CTNND1,FYN,0.983
9606.ENSP00000382004,CTNND1,PTPRJ,0.98
9606.ENSP00000382004,CTNND1,MET,0.977
9606.ENSP00000382004,CTNND1,CDH3,0.975
9606.ENSP00000382004,CTNND1,PLEKHA7,0.973
9606.ENSP00000382004,CTNND1,CDC42,0.964
9606.ENSP00000382004,CTNND1,TJP1,0.956
9606.ENSP00000382004,CTNND1,FER,0.952
9606.ENSP00000382004,CTNND1,VCL,0.952
9606.ENSP00000382004,CTNND1,PTPRM,0.948
9606.ENSP00000382004,CTNND1,ARHGAP35,0.944
9606.ENSP00000382004,CTNND1,YES1,0.944
9606.ENSP00000382004,CTNND1,CDH4,0.942
9606.ENSP00000382004,CTNND1,ERBB2,0.938
9606.ENSP00000382004,CTNND1,PTPN6,0.936
9606.ENSP00000382004,CTNND1,CDH8,0.929
9606.ENSP00000382004,CTNND1,RAC2,0.925
9606.ENSP00000382004,CTNND1,CDH11,0.919
9606.ENSP00000382004,CTNND1,RAC3,0.907
9606.ENSP00000382004,CTNND1,APC2,0.906
9606.ENSP00000382004,CTNND1,JUP,0.901
9606.ENSP00000382083,COL25A1,COL26A1,0.916
9606.ENSP00000383737,DNAH14,DNAH1,0.957
9606.ENSP00000383737,DNAH14,DNAH12,0.946
9606.ENSP00000383938,CRELD2,SDF2L1,0.937
9606.ENSP00000383938,CRELD2,MANF,0.936
9606.ENSP00000384109,CUL4B,DCAF1,0.999
9606.ENSP00000384109,CUL4B,CUL4A,0.999
9606.ENSP00000384109,CUL4B,DTL,0.999
9606.ENSP00000384109,CUL4B,CRBN,0.999
9606.ENSP00000384109,CUL4B,DDB1,0.999
9606.ENSP00000384109,CUL4B,RBX1,0.999
9606.ENSP00000384109,CUL4B,DDB2,0.998
9606.ENSP00000384109,CUL4B,DET1,0.998
9606.ENSP00000384109,CUL4B,CAND1,0.997
9606.ENSP00000384109,CUL4B,DCAF11,0.996
9606.ENSP00000384109,CUL4B,DDA1,0.996
9606.ENSP00000384109,CUL4B,AMBRA1,0.992
9606.ENSP00000384109,CUL4B,DCAF8,0.992
9606.ENSP00000384109,CUL4B,DCAF4,0.989
9606.ENSP00000384109,CUL4B,ERCC8,0.984
9606.ENSP00000384109,CUL4B,DCAF7,0.984
9606.ENSP00000384109,CUL4B,DCAF15,0.978
9606.ENSP00000384109,CUL4B,COPS5,0.975
9606.ENSP00000384109,CUL4B,DCAF13,0.972
9606.ENSP00000384109,CUL4B,TRPC4AP,0.971
9606.ENSP00000384109,CUL4B,DCAF17,0.971
9606.ENSP00000384109,CUL4B,DCAF6,0.969
9606.ENSP00000384109,CUL4B,RNF7,0.967
9606.ENSP00000384109,CUL4B,COP1,0.966
9606.ENSP00000384109,CUL4B,DCAF10,0.965
9606.ENSP00000384109,CUL4B,COPS6,0.964
9606.ENSP00000384109,CUL4B,CUL1,0.964
9606.ENSP00000384109,CUL4B,NEDD8,0.958
9606.ENSP00000384109,CUL4B,DCAF5,0.955
9606.ENSP00000384109,CUL4B,DCAF12,0.955
9606.ENSP00000384109,CUL4B,COPS4,0.954
9606.ENSP00000384109,CUL4B,DCUN1D1,0.953
9606.ENSP00000384109,CUL4B,DCAF16,0.951
9606.ENSP00000384109,CUL4B,COPS8,0.947
9606.ENSP00000384109,CUL4B,COPS2,0.945
9606.ENSP00000384109,CUL4B,COPS3,0.943
9606.ENSP00000384109,CUL4B,GPS1,0.94
9606.ENSP00000384109,CUL4B,CDT1,0.937
9606.ENSP00000384109,CUL4B,FBXW5,0.935
9606.ENSP00000384109,CUL4B,CUL2,0.926
9606.ENSP00000384109,CUL4B,CDKN1B,0.926
9606.ENSP00000384109,CUL4B,COPS7A,0.921
9606.ENSP00000384109,CUL4B,COPS7B,0.919
9606.ENSP00000384109,CUL4B,CUL3,0.916
9606.ENSP00000384109,CUL4B,CUL7,0.904
9606.ENSP00000384109,CUL4B,SUV39H1,0.902
9606.ENSP00000384400,CHKB,PCYT2,0.993
9606.ENSP00000384400,CHKB,PCYT1B,0.983
9606.ENSP00000384400,CHKB,PCYT1A,0.981
9606.ENSP00000384400,CHKB,CPT1B,0.96
9606.ENSP00000384400,CHKB,GPCPD1,0.932
9606.ENSP00000384400,CHKB,TAC4,0.927
9606.ENSP00000384400,CHKB,PHOSPHO1,0.92
9606.ENSP00000384400,CHKB,ETNPPL,0.912
9606.ENSP00000384400,CHKB,CHAT,0.911
9606.ENSP00000384400,CHKB,ACHE,0.909
9606.ENSP00000384400,CHKB,CPT1C,0.906
9606.ENSP00000384400,CHKB,CHKA,0.905
9606.ENSP00000384638,CTNNA2,CTNNB1,0.998
9606.ENSP00000384638,CTNNA2,CTNNA1,0.979
9606.ENSP00000384638,CTNNA2,CDH1,0.969
9606.ENSP00000384638,CTNNA2,VCL,0.969
9606.ENSP00000384638,CTNNA2,AFDN,0.967
9606.ENSP00000384638,CTNNA2,TJP1,0.95
9606.ENSP00000384638,CTNNA2,CTNNA3,0.943
9606.ENSP00000384638,CTNNA2,CDH2,0.936
9606.ENSP00000384638,CTNNA2,CDH17,0.927
9606.ENSP00000384638,CTNNA2,CDH8,0.922
9606.ENSP00000384638,CTNNA2,ACTN1,0.921
9606.ENSP00000384638,CTNNA2,JUP,0.921
9606.ENSP00000384638,CTNNA2,YWHAH,0.92
9606.ENSP00000384638,CTNNA2,ACTN4,0.919
9606.ENSP00000384638,CTNNA2,ACTB,0.917
9606.ENSP00000384638,CTNNA2,YWHAE,0.915
9606.ENSP00000384638,CTNNA2,ACTG1,0.909
9606.ENSP00000384638,CTNNA2,YWHAZ,0.908
9606.ENSP00000384638,CTNNA2,YWHAG,0.907
9606.ENSP00000384638,CTNNA2,YWHAB,0.903
9606.ENSP00000384638,CTNNA2,YWHAQ,0.902
9606.ENSP00000384849,CDKN1A,CDK6,0.999
9606.ENSP00000384849,CDKN1A,CDK4,0.999
9606.ENSP00000384849,CDKN1A,CCND3,0.999
9606.ENSP00000384849,CDKN1A,TP53,0.999
9606.ENSP00000384849,CDKN1A,CCNE1,0.999
9606.ENSP00000384849,CDKN1A,PCNA,0.999
9606.ENSP00000384849,CDKN1A,CCND1,0.999
9606.ENSP00000384849,CDKN1A,CCNA1,0.999
9606.ENSP00000384849,CDKN1A,CCNE2,0.999
9606.ENSP00000384849,CDKN1A,CDK2,0.999
9606.ENSP00000384849,CDKN1A,CCND2,0.999
9606.ENSP00000384849,CDKN1A,CCNA2,0.999
9606.ENSP00000384849,CDKN1A,CDK1,0.998
9606.ENSP00000384849,CDKN1A,CASP3,0.996
9606.ENSP00000384849,CDKN1A,SKP2,0.996
9606.ENSP00000384849,CDKN1A,CCNL2,0.996
9606.ENSP00000384849,CDKN1A,FOXO3,0.995
9606.ENSP00000384849,CDKN1A,AKT1,0.995
9606.ENSP00000384849,CDKN1A,CIZ1,0.99
9606.ENSP00000384849,CDKN1A,BCCIP,0.99
9606.ENSP00000384849,CDKN1A,STAT3,0.984
9606.ENSP00000384849,CDKN1A,CDKN1B,0.982
9606.ENSP00000384849,CDKN1A,MYC,0.981
9606.ENSP00000384849,CDKN1A,SKP1,0.98
9606.ENSP00000384849,CDKN1A,MDM2,0.98
9606.ENSP00000384849,CDKN1A,CCNB1,0.977
9606.ENSP00000384849,CDKN1A,E2F1,0.977
9606.ENSP00000384849,CDKN1A,GADD45A,0.974
9606.ENSP00000384849,CDKN1A,MAP3K5,0.97
9606.ENSP00000384849,CDKN1A,CDKN2A,0.966
9606.ENSP00000384849,CDKN1A,RBL2,0.959
9606.ENSP00000384849,CDKN1A,CUL1,0.958
9606.ENSP00000384849,CDKN1A,CEBPA,0.956
9606.ENSP00000384849,CDKN1A,AKT2,0.955
9606.ENSP00000384849,CDKN1A,AKT3,0.95
9606.ENSP00000384849,CDKN1A,CDKN3,0.946
9606.ENSP00000384849,CDKN1A,RBX1,0.945
9606.ENSP00000384849,CDKN1A,SMAD4,0.94
9606.ENSP00000384849,CDKN1A,CDK3,0.94
9606.ENSP00000384849,CDKN1A,CCNB2,0.927
9606.ENSP00000384849,CDKN1A,CDC6,0.927
9606.ENSP00000384849,CDKN1A,CKS1B,0.926
9606.ENSP00000384849,CDKN1A,EP300,0.92
9606.ENSP00000384849,CDKN1A,TFAP4,0.919
9606.ENSP00000384849,CDKN1A,SMAD3,0.918
9606.ENSP00000384849,CDKN1A,HSP90AA1,0.909
9606.ENSP00000384849,CDKN1A,CREBBP,0.904
9606.ENSP00000384849,CDKN1A,HDAC1,0.903
9606.ENSP00000384849,CDKN1A,CDKN2C,0.902
9606.ENSP00000385269,ELAVL1,AGO2,0.997
9606.ENSP00000385269,ELAVL1,PABPN1,0.991
9606.ENSP00000385269,ELAVL1,UFC1,0.987
9606.ENSP00000385269,ELAVL1,IGF2BP1,0.978
9606.ENSP00000385269,ELAVL1,HNRNPC,0.976
9606.ENSP00000385269,ELAVL1,TIA1,0.975
9606.ENSP00000385269,ELAVL1,PTBP1,0.974
9606.ENSP00000385269,ELAVL1,TIAL1,0.974
9606.ENSP00000385269,ELAVL1,ANP32A,0.971
9606.ENSP00000385269,ELAVL1,HNRNPD,0.97
9606.ENSP00000385269,ELAVL1,HNRNPA1,0.965
9606.ENSP00000385269,ELAVL1,CCNA2,0.964
9606.ENSP00000385269,ELAVL1,CCNA1,0.96
9606.ENSP00000385269,ELAVL1,HNRNPK,0.955
9606.ENSP00000385269,ELAVL1,CCND1,0.946
9606.ENSP00000385269,ELAVL1,PRKCD,0.944
9606.ENSP00000385269,ELAVL1,G3BP1,0.942
9606.ENSP00000385269,ELAVL1,HNRNPU,0.94
9606.ENSP00000385269,ELAVL1,HNRNPA2B1,0.934
9606.ENSP00000385269,ELAVL1,HNRNPH1,0.933
9606.ENSP00000385269,ELAVL1,XPO1,0.925
9606.ENSP00000385269,ELAVL1,DHX9,0.92
9606.ENSP00000385269,ELAVL1,SRSF1,0.917
9606.ENSP00000385269,ELAVL1,PRKAA2,0.916
9606.ENSP00000385269,ELAVL1,ILF3,0.915
9606.ENSP00000385269,ELAVL1,PRKAA1,0.915
9606.ENSP00000385269,ELAVL1,KHSRP,0.912
9606.ENSP00000385269,ELAVL1,PCBP2,0.911
9606.ENSP00000385269,ELAVL1,PRKAB1,0.909
9606.ENSP00000385269,ELAVL1,PRKAB2,0.905
9606.ENSP00000385269,ELAVL1,PRKAG1,0.904
9606.ENSP00000385269,ELAVL1,IGF2BP3,0.903
9606.ENSP00000385269,ELAVL1,PRKCA,0.902
9606.ENSP00000385269,ELAVL1,PRKAG3,0.901
9606.ENSP00000385269,ELAVL1,HNRNPL,0.901
9606.ENSP00000385269,ELAVL1,PRKAG2,0.901
9606.ENSP00000385780,DGKB,ADCY5,0.928
9606.ENSP00000385780,DGKB,LPL,0.9
9606.ENSP00000386881,DYSF,CAV3,0.999
9606.ENSP00000386881,DYSF,TRIM72,0.989
9606.ENSP00000386881,DYSF,ANXA2,0.989
9606.ENSP00000386881,DYSF,CAPN3,0.985
9606.ENSP00000386881,DYSF,ANXA1,0.983
9606.ENSP00000386881,DYSF,AHNAK,0.982
9606.ENSP00000386881,DYSF,DMD,0.959
9606.ENSP00000386881,DYSF,ANO5,0.939
9606.ENSP00000386881,DYSF,SGCA,0.906
9606.ENSP00000386884,CXCR4,ITIH4,0.999
9606.ENSP00000386884,CXCR4,CXCL12,0.999
9606.ENSP00000386884,CXCR4,CCL21,0.999
9606.ENSP00000386884,CXCR4,CD4,0.999
9606.ENSP00000386884,CXCR4,CXCL1,0.998
9606.ENSP00000386884,CXCR4,CCL5,0.998
9606.ENSP00000386884,CXCR4,CCL19,0.998
9606.ENSP00000386884,CXCR4,CXCL13,0.998
9606.ENSP00000386884,CXCR4,CCL2,0.998
9606.ENSP00000386884,CXCR4,CXCL8,0.997
9606.ENSP00000386884,CXCR4,CXCL10,0.997
9606.ENSP00000386884,CXCR4,CCR5,0.996
9606.ENSP00000386884,CXCR4,ACKR3,0.996
9606.ENSP00000386884,CXCR4,CX3CL1,0.995
9606.ENSP00000386884,CXCR4,CCL4,0.995
9606.ENSP00000386884,CXCR4,ERVW-1,0.994
9606.ENSP00000386884,CXCR4,CXCL11,0.994
9606.ENSP00000386884,CXCR4,CXCL9,0.994
9606.ENSP00000386884,CXCR4,CD44,0.994
9606.ENSP00000386884,CXCR4,CD74,0.994
9606.ENSP00000386884,CXCR4,CCL3,0.993
9606.ENSP00000386884,CXCR4,CXCL2,0.993
9606.ENSP00000386884,CXCR4,CXCR2,0.992
9606.ENSP00000386884,CXCR4,MIF,0.991
9606.ENSP00000386884,CXCR4,CCR2,0.989
9606.ENSP00000386884,CXCR4,DPP4,0.985
9606.ENSP00000386884,CXCR4,CXCL5,0.985
9606.ENSP00000386884,CXCR4,CXCL14,0.984
9606.ENSP00000386884,CXCR4,VCAM1,0.978
9606.ENSP00000386884,CXCR4,ARRB2,0.975
9606.ENSP00000386884,CXCR4,ARRB1,0.973
9606.ENSP00000386884,CXCR4,CCL22,0.973
9606.ENSP00000386884,CXCR4,GNA12,0.972
9606.ENSP00000386884,CXCR4,CXCR3,0.969
9606.ENSP00000386884,CXCR4,PPBP,0.963
9606.ENSP00000386884,CXCR4,GNAQ,0.963
9606.ENSP00000386884,CXCR4,KITLG,0.96
9606.ENSP00000386884,CXCR4,CCR7,0.959
9606.ENSP00000386884,CXCR4,CCL20,0.958
9606.ENSP00000386884,CXCR4,GNA13,0.952
9606.ENSP00000386884,CXCR4,CXCR5,0.946
9606.ENSP00000386884,CXCR4,GNG11,0.945
9606.ENSP00000386884,CXCR4,GNAI1,0.944
9606.ENSP00000386884,CXCR4,CCR1,0.939
9606.ENSP00000386884,CXCR4,GDF5,0.938
9606.ENSP00000386884,CXCR4,AGT,0.936
9606.ENSP00000386884,CXCR4,CCL8,0.934
9606.ENSP00000386884,CXCR4,PTPRC,0.933
9606.ENSP00000386884,CXCR4,CXCL16,0.933
9606.ENSP00000386884,CXCR4,HMGB1,0.932
9606.ENSP00000386884,CXCR4,CXCL3,0.931
9606.ENSP00000386884,CXCR4,GNGT2,0.925
9606.ENSP00000386884,CXCR4,GNAI2,0.923
9606.ENSP00000386884,CXCR4,GNB5,0.923
9606.ENSP00000386884,CXCR4,GNB4,0.922
9606.ENSP00000386884,CXCR4,GNA11,0.921
9606.ENSP00000386884,CXCR4,IL6,0.921
9606.ENSP00000386884,CXCR4,GNB1,0.919
9606.ENSP00000386884,CXCR4,GNG4,0.919
9606.ENSP00000386884,CXCR4,GNG8,0.918
9606.ENSP00000386884,CXCR4,F2,0.918
9606.ENSP00000386884,CXCR4,GNG2,0.917
9606.ENSP00000386884,CXCR4,GNB2,0.917
9606.ENSP00000386884,CXCR4,GNB3,0.916
9606.ENSP00000386884,CXCR4,GNAI3,0.915
9606.ENSP00000386884,CXCR4,HIF1A,0.915
9606.ENSP00000386884,CXCR4,JAK3,0.914
9606.ENSP00000386884,CXCR4,GNG5,0.913
9606.ENSP00000386884,CXCR4,GNG7,0.913
9606.ENSP00000386884,CXCR4,DEFB103A,0.912
9606.ENSP00000386884,CXCR4,CCL17,0.912
9606.ENSP00000386884,CXCR4,GNG12,0.912
9606.ENSP00000386884,CXCR4,GNG3,0.911
9606.ENSP00000386884,CXCR4,GNG10,0.911
9606.ENSP00000386884,CXCR4,GNGT1,0.91
9606.ENSP00000386884,CXCR4,GNG13,0.908
9606.ENSP00000386884,CXCR4,CD8A,0.903
9606.ENSP00000386884,CXCR4,ENPEP,0.901
9606.ENSP00000387006,CWC22,RNF113A,0.999
9606.ENSP00000387006,CWC22,EIF4A3,0.999
9606.ENSP00000387006,CWC22,PRPF8,0.999
9606.ENSP00000387006,CWC22,CRNKL1,0.999
9606.ENSP00000387006,CWC22,CDC40,0.999
9606.ENSP00000387006,CWC22,EFTUD2,0.999
9606.ENSP00000387006,CWC22,CWC27,0.999
9606.ENSP00000387006,CWC22,SLU7,0.999
9606.ENSP00000387006,CWC22,PRPF19,0.999
9606.ENSP00000387006,CWC22,SNRNP200,0.999
9606.ENSP00000387006,CWC22,BUD31,0.999
9606.ENSP00000387006,CWC22,SRRM2,0.999
9606.ENSP00000387006,CWC22,SNW1,0.999
9606.ENSP00000387006,CWC22,XAB2,0.999
9606.ENSP00000387006,CWC22,YJU2,0.999
9606.ENSP00000387006,CWC22,CDC5L,0.999
9606.ENSP00000387006,CWC22,SNRPA1,0.998
9606.ENSP00000387006,CWC22,SF3B1,0.998
9606.ENSP00000387006,CWC22,PLRG1,0.998
9606.ENSP00000387006,CWC22,DHX16,0.998
9606.ENSP00000387006,CWC22,SNIP1,0.998
9606.ENSP00000387006,CWC22,FRG1,0.998
9606.ENSP00000387006,CWC22,BUD13,0.998
9606.ENSP00000387006,CWC22,RBM22,0.998
9606.ENSP00000387006,CWC22,FAM32A,0.998
9606.ENSP00000387006,CWC22,DHX38,0.998
9606.ENSP00000387006,CWC22,CWC25,0.997
9606.ENSP00000387006,CWC22,CWC15,0.997
9606.ENSP00000387006,CWC22,RBMX2,0.996
9606.ENSP00000387006,CWC22,AQR,0.996
9606.ENSP00000387006,CWC22,DHX8,0.996
9606.ENSP00000387006,CWC22,SF3A2,0.995
9606.ENSP00000387006,CWC22,SF3A1,0.995
9606.ENSP00000387006,CWC22,SF3A3,0.995
9606.ENSP00000387006,CWC22,SYF2,0.995
9606.ENSP00000387006,CWC22,SF3B2,0.995
9606.ENSP00000387006,CWC22,SF3B3,0.994
9606.ENSP00000387006,CWC22,ISY1,0.994
9606.ENSP00000387006,CWC22,MAGOHB,0.993
9606.ENSP00000387006,CWC22,SNRPD2,0.993
9606.ENSP00000387006,CWC22,PHF5A,0.993
9606.ENSP00000387006,CWC22,ISY1-RAB43,0.993
9606.ENSP00000387006,CWC22,SF3B5,0.992
9606.ENSP00000387006,CWC22,CASC3,0.992
9606.ENSP00000387006,CWC22,SNRPD1,0.992
9606.ENSP00000387006,CWC22,SF3B4,0.992
9606.ENSP00000387006,CWC22,SNRPE,0.991
9606.ENSP00000387006,CWC22,SNRPB2,0.991
9606.ENSP00000387006,CWC22,RBM8A,0.99
9606.ENSP00000387006,CWC22,SNRPG,0.99
9606.ENSP00000387006,CWC22,SNRPF,0.99
9606.ENSP00000387006,CWC22,SNRPD3,0.99
9606.ENSP00000387006,CWC22,SNRPB,0.989
9606.ENSP00000387006,CWC22,BCAS2,0.985
9606.ENSP00000387006,CWC22,SNRNP40,0.983
9606.ENSP00000387006,CWC22,PPIE,0.983
9606.ENSP00000387006,CWC22,PPIL1,0.982
9606.ENSP00000387006,CWC22,MAGOH,0.971
9606.ENSP00000387006,CWC22,GPKOW,0.968
9606.ENSP00000387006,CWC22,SRRM1,0.968
9606.ENSP00000387006,CWC22,PPIL2,0.964
9606.ENSP00000387006,CWC22,PRPF38A,0.951
9606.ENSP00000387006,CWC22,MFAP1,0.948
9606.ENSP00000387006,CWC22,ZMAT2,0.948
9606.ENSP00000387006,CWC22,PRPF6,0.943
9606.ENSP00000387006,CWC22,SART1,0.94
9606.ENSP00000387006,CWC22,PRPF3,0.932
9606.ENSP00000387006,CWC22,IK,0.93
9606.ENSP00000387006,CWC22,PRPF31,0.927
9606.ENSP00000387006,CWC22,WBP4,0.926
9606.ENSP00000387006,CWC22,LSM5,0.925
9606.ENSP00000387006,CWC22,LSM3,0.925
9606.ENSP00000387006,CWC22,LSM2,0.923
9606.ENSP00000387006,CWC22,ARMC7,0.922
9606.ENSP00000387006,CWC22,PRPF4,0.916
9606.ENSP00000387006,CWC22,SNU13,0.913
9606.ENSP00000387006,CWC22,SMU1,0.912
9606.ENSP00000387006,CWC22,LSM7,0.911
9606.ENSP00000387006,CWC22,TXNL4A,0.911
9606.ENSP00000387006,CWC22,LSM6,0.908
9606.ENSP00000387006,CWC22,LSM8,0.907
9606.ENSP00000387006,CWC22,UPF3B,0.906
9606.ENSP00000387006,CWC22,LSM4,0.904
9606.ENSP00000387209,CEP19,FGFR1OP,0.952
9606.ENSP00000387209,CEP19,RABL2A,0.948
9606.ENSP00000387209,CEP19,RABL2B,0.928
9606.ENSP00000387699,CREB1,CREBBP,0.999
9606.ENSP00000387699,CREB1,CRTC2,0.999
9606.ENSP00000387699,CREB1,EP300,0.999
9606.ENSP00000387699,CREB1,FOS,0.998
9606.ENSP00000387699,CREB1,CRTC1,0.998
9606.ENSP00000387699,CREB1,TP53,0.998
9606.ENSP00000387699,CREB1,JUN,0.998
9606.ENSP00000387699,CREB1,TAF4,0.997
9606.ENSP00000387699,CREB1,PPARGC1A,0.996
9606.ENSP00000387699,CREB1,PRKACA,0.996
9606.ENSP00000387699,CREB1,MECP2,0.996
9606.ENSP00000387699,CREB1,PRKACB,0.995
9606.ENSP00000387699,CREB1,PRKACG,0.994
9606.ENSP00000387699,CREB1,CREM,0.99
9606.ENSP00000387699,CREB1,RPS6KA5,0.988
9606.ENSP00000387699,CREB1,GSK3B,0.988
9606.ENSP00000387699,CREB1,MAPK3,0.987
9606.ENSP00000387699,CREB1,RFX1,0.987
9606.ENSP00000387699,CREB1,CAMK4,0.986
9606.ENSP00000387699,CREB1,RELA,0.986
9606.ENSP00000387699,CREB1,ATF2,0.986
9606.ENSP00000387699,CREB1,HTT,0.982
9606.ENSP00000387699,CREB1,CIITA,0.978
9606.ENSP00000387699,CREB1,CREB3L3,0.972
9606.ENSP00000387699,CREB1,AKT1,0.965
9606.ENSP00000387699,CREB1,JUND,0.965
9606.ENSP00000387699,CREB1,CEBPB,0.963
9606.ENSP00000387699,CREB1,NFATC2,0.962
9606.ENSP00000387699,CREB1,MAPK1,0.962
9606.ENSP00000387699,CREB1,ATF4,0.959
9606.ENSP00000387699,CREB1,BDNF,0.956
9606.ENSP00000387699,CREB1,CREB3L4,0.955
9606.ENSP00000387699,CREB1,CREB3,0.955
9606.ENSP00000387699,CREB1,EGR1,0.953
9606.ENSP00000387699,CREB1,ATF6B,0.953
9606.ENSP00000387699,CREB1,CTNNB1,0.95
9606.ENSP00000387699,CREB1,CCND1,0.949
9606.ENSP00000387699,CREB1,ATF1,0.947
9606.ENSP00000387699,CREB1,CREB5,0.944
9606.ENSP00000387699,CREB1,CREB3L1,0.938
9606.ENSP00000387699,CREB1,CREB3L2,0.936
9606.ENSP00000387699,CREB1,RPS6KA1,0.935
9606.ENSP00000387699,CREB1,RFXAP,0.934
9606.ENSP00000387699,CREB1,BCL2,0.925
9606.ENSP00000387699,CREB1,STAT3,0.924
9606.ENSP00000387699,CREB1,NR3C1,0.924
9606.ENSP00000387699,CREB1,CTSS,0.923
9606.ENSP00000387699,CREB1,FOXO1,0.92
9606.ENSP00000387699,CREB1,IL6,0.918
9606.ENSP00000387699,CREB1,KMT2A,0.917
9606.ENSP00000387699,CREB1,MAPKAPK2,0.916
9606.ENSP00000387699,CREB1,CRTC3,0.907
9606.ENSP00000387699,CREB1,ASCL1,0.906
9606.ENSP00000387699,CREB1,RFXANK,0.905
9606.ENSP00000387699,CREB1,FOSB,0.9
9606.ENSP00000388620,EOMES,CD8A,0.92
9606.ENSP00000388620,EOMES,TBXT,0.916
9606.ENSP00000388620,EOMES,SMAD2,0.914
9606.ENSP00000388620,EOMES,GZMK,0.9
9606.ENSP00000389140,DCC,NTN1,0.999
9606.ENSP00000389140,DCC,PTK2,0.991
9606.ENSP00000389140,DCC,MYO10,0.988
9606.ENSP00000389140,DCC,CASP9,0.973
9606.ENSP00000389140,DCC,DSCAM,0.969
9606.ENSP00000389140,DCC,UNC5B,0.961
9606.ENSP00000389140,DCC,SRC,0.943
9606.ENSP00000389140,DCC,NTN4,0.94
9606.ENSP00000389140,DCC,APPL1,0.938
9606.ENSP00000389140,DCC,UNC5D,0.938
9606.ENSP00000389140,DCC,CASP3,0.932
9606.ENSP00000389140,DCC,NCK1,0.926
9606.ENSP00000389140,DCC,UNC5A,0.925
9606.ENSP00000389140,DCC,UNC5C,0.92
9606.ENSP00000389140,DCC,PLCG1,0.904
9606.ENSP00000389140,DCC,PLCG2,0.9
9606.ENSP00000389714,CTNNA3,CTNNB1,0.998
9606.ENSP00000389714,CTNNA3,PKP2,0.982
9606.ENSP00000389714,CTNNA3,CDH1,0.981
9606.ENSP00000389714,CTNNA3,VCL,0.973
9606.ENSP00000389714,CTNNA3,CTNNA1,0.955
9606.ENSP00000389714,CTNNA3,TJP1,0.955
9606.ENSP00000389714,CTNNA3,CTNNA2,0.943
9606.ENSP00000389714,CTNNA3,YWHAG,0.936
9606.ENSP00000389714,CTNNA3,AFDN,0.934
9606.ENSP00000389714,CTNNA3,ACTN4,0.922
9606.ENSP00000389714,CTNNA3,JUP,0.917
9606.ENSP00000389714,CTNNA3,ACTN1,0.917
9606.ENSP00000389714,CTNNA3,ACTB,0.915
9606.ENSP00000389714,CTNNA3,LRRTM3,0.91
9606.ENSP00000389714,CTNNA3,ACTG1,0.907
9606.ENSP00000389714,CTNNA3,YWHAE,0.903
9606.ENSP00000389714,CTNNA3,YWHAH,0.902
9606.ENSP00000389714,CTNNA3,YWHAB,0.9
9606.ENSP00000389714,CTNNA3,YWHAZ,0.9
9606.ENSP00000389714,CTNNA3,YWHAQ,0.9
9606.ENSP00000391090,CHEK1,CDC25C,0.999
9606.ENSP00000391090,CHEK1,CDC25A,0.999
9606.ENSP00000391090,CHEK1,CLSPN,0.999
9606.ENSP00000391090,CHEK1,ATR,0.999
9606.ENSP00000391090,CHEK1,ATM,0.998
9606.ENSP00000391090,CHEK1,RAD51,0.998
9606.ENSP00000391090,CHEK1,TP53,0.997
9606.ENSP00000391090,CHEK1,BRCA1,0.996
9606.ENSP00000391090,CHEK1,CDC45,0.994
9606.ENSP00000391090,CHEK1,TIMELESS,0.993
9606.ENSP00000391090,CHEK1,WEE1,0.992
9606.ENSP00000391090,CHEK1,TP53BP1,0.992
9606.ENSP00000391090,CHEK1,TOPBP1,0.989
9606.ENSP00000391090,CHEK1,CDC25B,0.984
9606.ENSP00000391090,CHEK1,RAD17,0.982
9606.ENSP00000391090,CHEK1,ATRIP,0.981
9606.ENSP00000391090,CHEK1,MCM4,0.978
9606.ENSP00000391090,CHEK1,EXO1,0.973
9606.ENSP00000391090,CHEK1,CHEK2,0.971
9606.ENSP00000391090,CHEK1,MCM10,0.969
9606.ENSP00000391090,CHEK1,BRCA2,0.963
9606.ENSP00000391090,CHEK1,RAD9A,0.963
9606.ENSP00000391090,CHEK1,HUS1,0.96
9606.ENSP00000391090,CHEK1,FANCD2,0.958
9606.ENSP00000391090,CHEK1,WEE2,0.955
9606.ENSP00000391090,CHEK1,MCM3,0.95
9606.ENSP00000391090,CHEK1,TIPIN,0.948
9606.ENSP00000391090,CHEK1,BUB1,0.946
9606.ENSP00000391090,CHEK1,RFC4,0.942
9606.ENSP00000391090,CHEK1,CDC6,0.941
9606.ENSP00000391090,CHEK1,MDC1,0.94
9606.ENSP00000391090,CHEK1,CCNA2,0.939
9606.ENSP00000391090,CHEK1,CCNB1,0.935
9606.ENSP00000391090,CHEK1,CDT1,0.934
9606.ENSP00000391090,CHEK1,BRIP1,0.933
9606.ENSP00000391090,CHEK1,BLM,0.932
9606.ENSP00000391090,CHEK1,DTL,0.931
9606.ENSP00000391090,CHEK1,PRKDC,0.928
9606.ENSP00000391090,CHEK1,MAD2L1,0.927
9606.ENSP00000391090,CHEK1,RPA2,0.925
9606.ENSP00000391090,CHEK1,DBF4,0.921
9606.ENSP00000391090,CHEK1,XRCC6,0.913
9606.ENSP00000391090,CHEK1,CDC7,0.911
9606.ENSP00000391090,CHEK1,CDK1,0.911
9606.ENSP00000391090,CHEK1,PPP2R2A,0.907
9606.ENSP00000391090,CHEK1,MCM7,0.906
9606.ENSP00000391090,CHEK1,DDB1,0.902
9606.ENSP00000391090,CHEK1,RBBP8,0.902
9606.ENSP00000391090,CHEK1,MCM6,0.901
9606.ENSP00000391090,CHEK1,CUL1,0.9
9606.ENSP00000391090,CHEK1,USP7,0.9
9606.ENSP00000392025,CYLD,TRAF6,0.999
9606.ENSP00000392025,CYLD,RIPK1,0.999
9606.ENSP00000392025,CYLD,TNFRSF1A,0.999
9606.ENSP00000392025,CYLD,IKBKG,0.999
9606.ENSP00000392025,CYLD,SPATA2,0.997
9606.ENSP00000392025,CYLD,TRADD,0.995
9606.ENSP00000392025,CYLD,UBC,0.995
9606.ENSP00000392025,CYLD,IKBKE,0.994
9606.ENSP00000392025,CYLD,RNF31,0.993
9606.ENSP00000392025,CYLD,TRAF2,0.992
9606.ENSP00000392025,CYLD,THOC2,0.992
9606.ENSP00000392025,CYLD,DDX58,0.989
9606.ENSP00000392025,CYLD,THOC3,0.989
9606.ENSP00000392025,CYLD,GLI2,0.988
9606.ENSP00000392025,CYLD,BCL3,0.986
9606.ENSP00000392025,CYLD,TNF,0.985
9606.ENSP00000392025,CYLD,SQSTM1,0.979
9606.ENSP00000392025,CYLD,RPS27A,0.975
9606.ENSP00000392025,CYLD,CASP8,0.972
9606.ENSP00000392025,CYLD,UBB,0.971
9606.ENSP00000392025,CYLD,TBK1,0.969
9606.ENSP00000392025,CYLD,UBA52,0.966
9606.ENSP00000392025,CYLD,THOC1,0.962
9606.ENSP00000392025,CYLD,SPATA2L,0.955
9606.ENSP00000392025,CYLD,BIRC3,0.944
9606.ENSP00000392025,CYLD,BIRC2,0.943
9606.ENSP00000392025,CYLD,LSP1,0.942
9606.ENSP00000392025,CYLD,MIB2,0.941
9606.ENSP00000392025,CYLD,OPTN,0.938
9606.ENSP00000392025,CYLD,SHARPIN,0.936
9606.ENSP00000392025,CYLD,FADD,0.931
9606.ENSP00000392025,CYLD,CHUK,0.921
9606.ENSP00000392025,CYLD,CLIP3,0.92
9606.ENSP00000392025,CYLD,ITCH,0.912
9606.ENSP00000392028,CHD7,CHD8,0.957
9606.ENSP00000392028,CHD7,PAICS,0.946
9606.ENSP00000392094,EFTUD2,SRRM2,0.999
9606.ENSP00000392094,EFTUD2,SNW1,0.999
9606.ENSP00000392094,EFTUD2,SF3B2,0.999
9606.ENSP00000392094,EFTUD2,PRPF31,0.999
9606.ENSP00000392094,EFTUD2,PRPF4,0.999
9606.ENSP00000392094,EFTUD2,SNRNP200,0.999
9606.ENSP00000392094,EFTUD2,SNRPF,0.999
9606.ENSP00000392094,EFTUD2,SF3B3,0.999
9606.ENSP00000392094,EFTUD2,SYF2,0.999
9606.ENSP00000392094,EFTUD2,BUD31,0.999
9606.ENSP00000392094,EFTUD2,BCAS2,0.999
9606.ENSP00000392094,EFTUD2,SART1,0.999
9606.ENSP00000392094,EFTUD2,AQR,0.999
9606.ENSP00000392094,EFTUD2,SNRPE,0.999
9606.ENSP00000392094,EFTUD2,SNRPB,0.999
9606.ENSP00000392094,EFTUD2,SNRPD3,0.999
9606.ENSP00000392094,EFTUD2,XAB2,0.999
9606.ENSP00000392094,EFTUD2,PPIL1,0.999
9606.ENSP00000392094,EFTUD2,RBM22,0.999
9606.ENSP00000392094,EFTUD2,CDC5L,0.999
9606.ENSP00000392094,EFTUD2,CWC15,0.999
9606.ENSP00000392094,EFTUD2,PRPF6,0.999
9606.ENSP00000392094,EFTUD2,PRPF8,0.999
9606.ENSP00000392094,EFTUD2,SNRNP40,0.999
9606.ENSP00000392094,EFTUD2,CWC22,0.999
9606.ENSP00000392094,EFTUD2,SNRPA1,0.999
9606.ENSP00000392094,EFTUD2,CRNKL1,0.999
9606.ENSP00000392094,EFTUD2,SF3A1,0.999
9606.ENSP00000392094,EFTUD2,MFAP1,0.999
9606.ENSP00000392094,EFTUD2,SNRPG,0.999
9606.ENSP00000392094,EFTUD2,PRPF3,0.999
9606.ENSP00000392094,EFTUD2,SF3B4,0.999
9606.ENSP00000392094,EFTUD2,DHX16,0.999
9606.ENSP00000392094,EFTUD2,SNRPD2,0.999
9606.ENSP00000392094,EFTUD2,PRPF19,0.999
9606.ENSP00000392094,EFTUD2,SNRPD1,0.999
9606.ENSP00000392094,EFTUD2,PLRG1,0.999
9606.ENSP00000392094,EFTUD2,LSM8,0.999
9606.ENSP00000392094,EFTUD2,CDC40,0.999
9606.ENSP00000392094,EFTUD2,TXNL4A,0.999
9606.ENSP00000392094,EFTUD2,SF3B1,0.999
9606.ENSP00000392094,EFTUD2,DDX23,0.999
9606.ENSP00000392094,EFTUD2,SNRPB2,0.998
9606.ENSP00000392094,EFTUD2,DHX8,0.998
9606.ENSP00000392094,EFTUD2,SF3A2,0.998
9606.ENSP00000392094,EFTUD2,LSM5,0.998
9606.ENSP00000392094,EFTUD2,ZMAT2,0.998
9606.ENSP00000392094,EFTUD2,LSM7,0.998
9606.ENSP00000392094,EFTUD2,LSM2,0.998
9606.ENSP00000392094,EFTUD2,SF3A3,0.998
9606.ENSP00000392094,EFTUD2,SNU13,0.998
9606.ENSP00000392094,EFTUD2,DHX15,0.997
9606.ENSP00000392094,EFTUD2,LSM3,0.997
9606.ENSP00000392094,EFTUD2,LSM4,0.997
9606.ENSP00000392094,EFTUD2,BUD13,0.996
9606.ENSP00000392094,EFTUD2,DHX38,0.996
9606.ENSP00000392094,EFTUD2,LSM6,0.996
9606.ENSP00000392094,EFTUD2,SNIP1,0.995
9606.ENSP00000392094,EFTUD2,SNRPA,0.995
9606.ENSP00000392094,EFTUD2,USP39,0.995
9606.ENSP00000392094,EFTUD2,CWC27,0.995
9606.ENSP00000392094,EFTUD2,PHF5A,0.994
9606.ENSP00000392094,EFTUD2,IK,0.994
9606.ENSP00000392094,EFTUD2,CWF19L2,0.994
9606.ENSP00000392094,EFTUD2,AAR2,0.994
9606.ENSP00000392094,EFTUD2,RBMX2,0.994
9606.ENSP00000392094,EFTUD2,SNRPN,0.993
9606.ENSP00000392094,EFTUD2,YJU2,0.993
9606.ENSP00000392094,EFTUD2,SF3B5,0.993
9606.ENSP00000392094,EFTUD2,RNF113A,0.993
9606.ENSP00000392094,EFTUD2,PPIE,0.992
9606.ENSP00000392094,EFTUD2,EIF4A3,0.992
9606.ENSP00000392094,EFTUD2,PRPF38A,0.991
9606.ENSP00000392094,EFTUD2,SMU1,0.991
9606.ENSP00000392094,EFTUD2,TFIP11,0.989
9606.ENSP00000392094,EFTUD2,MAGOHB,0.988
9606.ENSP00000392094,EFTUD2,ISY1,0.986
9606.ENSP00000392094,EFTUD2,WBP4,0.986
9606.ENSP00000392094,EFTUD2,CWC25,0.986
9606.ENSP00000392094,EFTUD2,PPIH,0.981
9606.ENSP00000392094,EFTUD2,ISY1-RAB43,0.976
9606.ENSP00000392094,EFTUD2,FAU,0.976
9606.ENSP00000392094,EFTUD2,TCERG1,0.974
9606.ENSP00000392094,EFTUD2,SLU7,0.974
9606.ENSP00000392094,EFTUD2,CCDC12,0.973
9606.ENSP00000392094,EFTUD2,NCBP1,0.966
9606.ENSP00000392094,EFTUD2,SRSF1,0.964
9606.ENSP00000392094,EFTUD2,CD2BP2,0.959
9606.ENSP00000392094,EFTUD2,NCBP2,0.959
9606.ENSP00000392094,EFTUD2,CCDC130,0.957
9606.ENSP00000392094,EFTUD2,SNRNP70,0.956
9606.ENSP00000392094,EFTUD2,PRPF4B,0.956
9606.ENSP00000392094,EFTUD2,RPL5,0.955
9606.ENSP00000392094,EFTUD2,RPS3,0.955
9606.ENSP00000392094,EFTUD2,RPL11,0.954
9606.ENSP00000392094,EFTUD2,MRPL12,0.953
9606.ENSP00000392094,EFTUD2,RPS15,0.951
9606.ENSP00000392094,EFTUD2,RPL23A,0.95
9606.ENSP00000392094,EFTUD2,MRPS9,0.95
9606.ENSP00000392094,EFTUD2,RPS18,0.949
9606.ENSP00000392094,EFTUD2,RPL23,0.949
9606.ENSP00000392094,EFTUD2,RPS11,0.949
9606.ENSP00000392094,EFTUD2,RPL35,0.947
9606.ENSP00000392094,EFTUD2,MAGOH,0.947
9606.ENSP00000392094,EFTUD2,SNRPC,0.944
9606.ENSP00000392094,EFTUD2,MRPL9,0.943
9606.ENSP00000392094,EFTUD2,MRPS6,0.942
9606.ENSP00000392094,EFTUD2,MRPL21,0.942
9606.ENSP00000392094,EFTUD2,MRPS16,0.941
9606.ENSP00000392094,EFTUD2,MRPL27,0.94
9606.ENSP00000392094,EFTUD2,MRPL17,0.937
9606.ENSP00000392094,EFTUD2,RPS28,0.936
9606.ENSP00000392094,EFTUD2,MRPL36,0.936
9606.ENSP00000392094,EFTUD2,RPL19,0.935
9606.ENSP00000392094,EFTUD2,RPS3A,0.934
9606.ENSP00000392094,EFTUD2,RBM42,0.933
9606.ENSP00000392094,EFTUD2,MRPL20,0.933
9606.ENSP00000392094,EFTUD2,RPS6,0.931
9606.ENSP00000392094,EFTUD2,SNRNP27,0.93
9606.ENSP00000392094,EFTUD2,RPS19,0.928
9606.ENSP00000392094,EFTUD2,MRPL19,0.928
9606.ENSP00000392094,EFTUD2,SF3B6,0.927
9606.ENSP00000392094,EFTUD2,PPIL2,0.925
9606.ENSP00000392094,EFTUD2,RPL30,0.924
9606.ENSP00000392094,EFTUD2,MRPL32,0.923
9606.ENSP00000392094,EFTUD2,ARMC7,0.923
9606.ENSP00000392094,EFTUD2,RPL24,0.919
9606.ENSP00000392094,EFTUD2,EAPP,0.917
9606.ENSP00000392094,EFTUD2,TUFM,0.914
9606.ENSP00000392094,EFTUD2,CTNNBL1,0.91
9606.ENSP00000392094,EFTUD2,CLGN,0.905
9606.ENSP00000392094,EFTUD2,PRPF18,0.904
9606.ENSP00000392094,EFTUD2,MRRF,0.903
9606.ENSP00000393183,DCAF1,CUL4A,0.999
9606.ENSP00000393183,DCAF1,CUL4B,0.999
9606.ENSP00000393183,DCAF1,RBX1,0.999
9606.ENSP00000393183,DCAF1,DDB1,0.999
9606.ENSP00000393183,DCAF1,DTL,0.996
9606.ENSP00000393183,DCAF1,SAMHD1,0.995
9606.ENSP00000393183,DCAF1,DDA1,0.995
9606.ENSP00000393183,DCAF1,UNG,0.979
9606.ENSP00000393183,DCAF1,DDB2,0.967
9606.ENSP00000393183,DCAF1,NF2,0.956
9606.ENSP00000393183,DCAF1,AMBRA1,0.947
9606.ENSP00000393183,DCAF1,DCAF11,0.946
9606.ENSP00000393183,DCAF1,DCAF15,0.944
9606.ENSP00000393183,DCAF1,DCAF4,0.943
9606.ENSP00000393183,DCAF1,DCAF13,0.943
9606.ENSP00000393183,DCAF1,DYRK2,0.941
9606.ENSP00000393183,DCAF1,DCAF17,0.933
9606.ENSP00000393183,DCAF1,DCAF8,0.933
9606.ENSP00000393183,DCAF1,DCAF6,0.932
9606.ENSP00000393183,DCAF1,DCAF12,0.932
9606.ENSP00000393183,DCAF1,DCAF10,0.93
9606.ENSP00000393183,DCAF1,DET1,0.928
9606.ENSP00000393183,DCAF1,DCAF5,0.925
9606.ENSP00000393183,DCAF1,FBXW5,0.922
9606.ENSP00000393183,DCAF1,COP1,0.919
9606.ENSP00000393183,DCAF1,CRBN,0.919
9606.ENSP00000393183,DCAF1,TRPC4AP,0.91
9606.ENSP00000393183,DCAF1,DCAF7,0.908
9606.ENSP00000393183,DCAF1,CDKN1B,0.906
9606.ENSP00000393183,DCAF1,DCAF16,0.906
9606.ENSP00000393183,DCAF1,ERCC8,0.9
9606.ENSP00000394227,CSF2RA,CSF2,0.999
9606.ENSP00000394227,CSF2RA,CSF2RB,0.999
9606.ENSP00000394888,DOCK8,CDC42,0.997
9606.ENSP00000394888,DOCK8,WAS,0.956
9606.ENSP00000394888,DOCK8,LRCH1,0.935
9606.ENSP00000394888,DOCK8,KANK1,0.935
9606.ENSP00000394888,DOCK8,LRCH3,0.929
9606.ENSP00000394888,DOCK8,RHOJ,0.922
9606.ENSP00000394888,DOCK8,WIPF1,0.904
9606.ENSP00000398880,CDK12,CCNK,0.999
9606.ENSP00000398880,CDK12,DDB1,0.974
9606.ENSP00000398880,CDK12,POLR2A,0.966
9606.ENSP00000398880,CDK12,CDK13,0.954
9606.ENSP00000398880,CDK12,CCNT1,0.953
9606.ENSP00000398880,CDK12,CCNT2,0.942
9606.ENSP00000398880,CDK12,CCNH,0.939
9606.ENSP00000398880,CDK12,SUPT5H,0.933
9606.ENSP00000401514,DNAH1,DNAH12,0.98
9606.ENSP00000401514,DNAH1,CFAP70,0.958
9606.ENSP00000401514,DNAH1,DNAH14,0.957
9606.ENSP00000401514,DNAH1,CCDC114,0.931
9606.ENSP00000401514,DNAH1,DNAH2,0.929
9606.ENSP00000401514,DNAH1,DNAH8,0.921
9606.ENSP00000401514,DNAH1,DNAH17,0.919
9606.ENSP00000401514,DNAH1,DNAH7,0.911
9606.ENSP00000401514,DNAH1,DNAH3,0.91
9606.ENSP00000401514,DNAH1,DNAI2,0.904
9606.ENSP00000402460,CLSTN2,NMNAT3,0.902
9606.ENSP00000402608,CPS1,ASS1,0.999
9606.ENSP00000402608,CPS1,OTC,0.998
9606.ENSP00000402608,CPS1,GLUL,0.972
9606.ENSP00000402608,CPS1,GLUD1,0.969
9606.ENSP00000402608,CPS1,GLUD2,0.968
9606.ENSP00000402608,CPS1,GLS2,0.923
9606.ENSP00000402608,CPS1,NAGS,0.917
9606.ENSP00000402608,CPS1,GLS,0.914
9606.ENSP00000402608,CPS1,CAD,0.908
9606.ENSP00000407822,CNTN6,CHL1,0.984
9606.ENSP00000407822,CNTN6,PTPRG,0.934
9606.ENSP00000408367,CHTF8,RFC5,0.999
9606.ENSP00000408367,CHTF8,CHTF18,0.999
9606.ENSP00000408367,CHTF8,RFC2,0.999
9606.ENSP00000408367,CHTF8,DSCC1,0.999
9606.ENSP00000408367,CHTF8,RFC3,0.997
9606.ENSP00000408367,CHTF8,RFC4,0.997
9606.ENSP00000408367,CHTF8,SMC3,0.936
9606.ENSP00000408367,CHTF8,ESCO1,0.904
9606.ENSP00000410059,EEF1D,EEF1G,0.999
9606.ENSP00000410059,EEF1D,EEF1B2,0.999
9606.ENSP00000410059,EEF1D,EEF1A1,0.997
9606.ENSP00000410059,EEF1D,VARS1,0.978
9606.ENSP00000410059,EEF1D,KTN1,0.969
9606.ENSP00000410059,EEF1D,EEF1A2,0.96
9606.ENSP00000410059,EEF1D,RPS19,0.952
9606.ENSP00000410059,EEF1D,RPS11,0.951
9606.ENSP00000410059,EEF1D,TPT1,0.95
9606.ENSP00000410059,EEF1D,RPL23,0.95
9606.ENSP00000410059,EEF1D,RPL35,0.945
9606.ENSP00000410059,EEF1D,RPS18,0.945
9606.ENSP00000410059,EEF1D,RPS24,0.944
9606.ENSP00000410059,EEF1D,RPL5,0.936
9606.ENSP00000410059,EEF1D,RPS3,0.931
9606.ENSP00000410059,EEF1D,RPL21,0.93
9606.ENSP00000410059,EEF1D,RPS3A,0.928
9606.ENSP00000410059,EEF1D,RPL18A,0.928
9606.ENSP00000410059,EEF1D,RPL15,0.925
9606.ENSP00000410059,EEF1D,RPS6,0.923
9606.ENSP00000410059,EEF1D,RPL23A,0.922
9606.ENSP00000410059,EEF1D,RPS15,0.92
9606.ENSP00000410059,EEF1D,RPS25,0.919
9606.ENSP00000410059,EEF1D,RPLP1,0.918
9606.ENSP00000410059,EEF1D,RPS14,0.915
9606.ENSP00000410059,EEF1D,RPS7,0.907
9606.ENSP00000410059,EEF1D,RPL18,0.905
9606.ENSP00000410059,EEF1D,RPS8,0.9
9606.ENSP00000410746,DOCK4,FAU,0.995
9606.ENSP00000410746,DOCK4,RPS24,0.98
9606.ENSP00000410746,DOCK4,RPS7,0.98
9606.ENSP00000410746,DOCK4,RPL18,0.979
9606.ENSP00000410746,DOCK4,RPL24,0.979
9606.ENSP00000410746,DOCK4,RPS6,0.979
9606.ENSP00000410746,DOCK4,RPS3,0.979
9606.ENSP00000410746,DOCK4,RPL34,0.978
9606.ENSP00000410746,DOCK4,RPL6,0.978
9606.ENSP00000410746,DOCK4,RPL23A,0.978
9606.ENSP00000410746,DOCK4,RPL21,0.978
9606.ENSP00000410746,DOCK4,RPS11,0.978
9606.ENSP00000410746,DOCK4,RPL31,0.978
9606.ENSP00000410746,DOCK4,RPS3A,0.978
9606.ENSP00000410746,DOCK4,RPL23,0.977
9606.ENSP00000410746,DOCK4,RPS16,0.977
9606.ENSP00000410746,DOCK4,RPL11,0.977
9606.ENSP00000410746,DOCK4,RPL13,0.977
9606.ENSP00000410746,DOCK4,RPS25,0.977
9606.ENSP00000410746,DOCK4,RPS20,0.977
9606.ENSP00000410746,DOCK4,RPS2,0.977
9606.ENSP00000410746,DOCK4,RPS15,0.977
9606.ENSP00000410746,DOCK4,RPS17,0.977
9606.ENSP00000410746,DOCK4,RPL4,0.977
9606.ENSP00000410746,DOCK4,RPS19,0.976
9606.ENSP00000410746,DOCK4,RPS18,0.976
9606.ENSP00000410746,DOCK4,RPL5,0.976
9606.ENSP00000410746,DOCK4,RPL19,0.976
9606.ENSP00000410746,DOCK4,RPL14,0.976
9606.ENSP00000410746,DOCK4,RPL28,0.976
9606.ENSP00000410746,DOCK4,RPS23,0.976
9606.ENSP00000410746,DOCK4,RPL15,0.975
9606.ENSP00000410746,DOCK4,RPL37A,0.975
9606.ENSP00000410746,DOCK4,RPS8,0.975
9606.ENSP00000410746,DOCK4,RPLP0,0.975
9606.ENSP00000410746,DOCK4,RPL36,0.974
9606.ENSP00000410746,DOCK4,RPL8,0.974
9606.ENSP00000410746,DOCK4,RPL29,0.974
9606.ENSP00000410746,DOCK4,RPS27A,0.974
9606.ENSP00000410746,DOCK4,RPS21,0.973
9606.ENSP00000410746,DOCK4,RPS26,0.973
9606.ENSP00000410746,DOCK4,RPL18A,0.973
9606.ENSP00000410746,DOCK4,RPS9,0.973
9606.ENSP00000410746,DOCK4,RPL35A,0.972
9606.ENSP00000410746,DOCK4,RPL27A,0.971
9606.ENSP00000410746,DOCK4,RPL38,0.97
9606.ENSP00000410746,DOCK4,RPLP1,0.969
9606.ENSP00000410746,DOCK4,ELMO2,0.967
9606.ENSP00000410746,DOCK4,RPLP2,0.967
9606.ENSP00000410746,DOCK4,RPS28,0.961
9606.ENSP00000410746,DOCK4,EEF2,0.956
9606.ENSP00000410746,DOCK4,RPL35,0.955
9606.ENSP00000410746,DOCK4,UBA52,0.955
9606.ENSP00000410746,DOCK4,RPL30,0.954
9606.ENSP00000410746,DOCK4,RAP1A,0.936
9606.ENSP00000410746,DOCK4,ELMO1,0.935
9606.ENSP00000410746,DOCK4,EEF1G,0.935
9606.ENSP00000410746,DOCK4,RPL17,0.933
9606.ENSP00000410746,DOCK4,RPL17-C18orf32,0.933
9606.ENSP00000410746,DOCK4,FLT3LG,0.932
9606.ENSP00000410746,DOCK4,RPL13A,0.932
9606.ENSP00000410746,DOCK4,RPS10,0.926
9606.ENSP00000410746,DOCK4,RPS10-NUDT3,0.926
9606.ENSP00000410746,DOCK4,CXorf66,0.925
9606.ENSP00000410746,DOCK4,RPSA,0.925
9606.ENSP00000410746,DOCK4,RPL9,0.924
9606.ENSP00000410746,DOCK4,RAP1B,0.923
9606.ENSP00000410746,DOCK4,MED1,0.922
9606.ENSP00000410746,DOCK4,MRTO4,0.919
9606.ENSP00000410746,DOCK4,RPL26,0.919
9606.ENSP00000410746,DOCK4,RPL26L1,0.919
9606.ENSP00000410746,DOCK4,RPL3,0.917
9606.ENSP00000410746,DOCK4,RPL3L,0.917
9606.ENSP00000410746,DOCK4,DHX37,0.913
9606.ENSP00000410746,DOCK4,RPL10,0.909
9606.ENSP00000410746,DOCK4,CD74,0.909
9606.ENSP00000410746,DOCK4,RPS14,0.909
9606.ENSP00000410746,DOCK4,RPL10L,0.909
9606.ENSP00000410746,DOCK4,RPL39,0.908
9606.ENSP00000410746,DOCK4,WDR31,0.906
9606.ENSP00000410746,DOCK4,RPL39L,0.906
9606.ENSP00000410746,DOCK4,EIF5B,0.906
9606.ENSP00000410746,DOCK4,EIF6,0.904
9606.ENSP00000410746,DOCK4,MRNIP,0.901
9606.ENSP00000410746,DOCK4,RSL24D1,0.901
9606.ENSP00000410769,CNBP,MBNL2,0.972
9606.ENSP00000410769,CNBP,MBNL3,0.971
9606.ENSP00000410769,CNBP,MBNL1,0.96
9606.ENSP00000410769,CNBP,DMPK,0.916
9606.ENSP00000414851,ELP2,ELP3,0.999
9606.ENSP00000414851,ELP2,ELP5,0.998
9606.ENSP00000414851,ELP2,ELP1,0.998
9606.ENSP00000414851,ELP2,ELP4,0.997
9606.ENSP00000414851,ELP2,ELP6,0.992
9606.ENSP00000416250,EIF2B1,EIF2B3,0.999
9606.ENSP00000416250,EIF2B1,EIF2B4,0.999
9606.ENSP00000416250,EIF2B1,EIF2B5,0.999
9606.ENSP00000416250,EIF2B1,EIF2B2,0.999
9606.ENSP00000416250,EIF2B1,EIF2S3,0.999
9606.ENSP00000416250,EIF2B1,EIF2S2,0.999
9606.ENSP00000416250,EIF2B1,EIF2S1,0.999
9606.ENSP00000417078,DHX36,DDX21,0.998
9606.ENSP00000417078,DHX36,DDX1,0.997
9606.ENSP00000417078,DHX36,DDX56,0.996
9606.ENSP00000417078,DHX36,MYD88,0.928
9606.ENSP00000417183,DUSP7,MAPK8,0.927
9606.ENSP00000417183,DUSP7,MAPK14,0.927
9606.ENSP00000417183,DUSP7,MAPK9,0.92
9606.ENSP00000417183,DUSP7,MAPK1,0.916
9606.ENSP00000417183,DUSP7,DUSP9,0.9
9606.ENSP00000418915,CDKN2A,NPM1,0.999
9606.ENSP00000418915,CDKN2A,MDM2,0.999
9606.ENSP00000418915,CDKN2A,CDK4,0.999
9606.ENSP00000418915,CDKN2A,CDK6,0.999
9606.ENSP00000418915,CDKN2A,TP53,0.999
9606.ENSP00000418915,CDKN2A,MYC,0.998
9606.ENSP00000418915,CDKN2A,CCND1,0.998
9606.ENSP00000418915,CDKN2A,CDK2,0.993
9606.ENSP00000418915,CDKN2A,KRAS,0.992
9606.ENSP00000418915,CDKN2A,HRAS,0.99
9606.ENSP00000418915,CDKN2A,CCND2,0.99
9606.ENSP00000418915,CDKN2A,NRAS,0.984
9606.ENSP00000418915,CDKN2A,CYTH1,0.976
9606.ENSP00000418915,CDKN2A,CCND3,0.975
9606.ENSP00000418915,CDKN2A,E2F1,0.969
9606.ENSP00000418915,CDKN2A,CDKN1A,0.966
9606.ENSP00000418915,CDKN2A,MDM4,0.963
9606.ENSP00000418915,CDKN2A,CCNL2,0.962
9606.ENSP00000418915,CDKN2A,CDKN2AIP,0.958
9606.ENSP00000418915,CDKN2A,HIF1A,0.956
9606.ENSP00000418915,CDKN2A,CDKN2B,0.951
9606.ENSP00000418915,CDKN2A,MAPK14,0.944
9606.ENSP00000418915,CDKN2A,ARF1,0.94
9606.ENSP00000418915,CDKN2A,MTAP,0.931
9606.ENSP00000418915,CDKN2A,RRAS,0.93
9606.ENSP00000418915,CDKN2A,CTNNB1,0.93
9606.ENSP00000418915,CDKN2A,CDKN1B,0.93
9606.ENSP00000418915,CDKN2A,MRAS,0.925
9606.ENSP00000418915,CDKN2A,MAPK11,0.924
9606.ENSP00000418915,CDKN2A,MAPK13,0.924
9606.ENSP00000418915,CDKN2A,MAPK12,0.924
9606.ENSP00000418915,CDKN2A,PTEN,0.923
9606.ENSP00000418915,CDKN2A,CDC6,0.922
9606.ENSP00000418915,CDKN2A,RRAS2,0.922
9606.ENSP00000418915,CDKN2A,HUWE1,0.915
9606.ENSP00000418915,CDKN2A,BMI1,0.913
9606.ENSP00000418915,CDKN2A,EGFR,0.91
9606.ENSP00000418915,CDKN2A,CDC7,0.905
9606.ENSP00000419599,DPH3,SERGEF,0.999
9606.ENSP00000419599,DPH3,DPH2,0.994
9606.ENSP00000419599,DPH3,DPH1,0.993
9606.ENSP00000419599,DPH3,EEF2,0.949
9606.ENSP00000419599,DPH3,ELP3,0.927
9606.ENSP00000424565,CDHR2,CDHR5,0.998
9606.ENSP00000424565,CDHR2,USH1C,0.9
9606.ENSP00000424838,DDX4,PIWIL2,0.939
9606.ENSP00000424838,DDX4,TDRD1,0.93
9606.ENSP00000424838,DDX4,MAEL,0.925
9606.ENSP00000424838,DDX4,DAZL,0.922
9606.ENSP00000424838,DDX4,MOV10L1,0.919
9606.ENSP00000424838,DDX4,RANBP9,0.91
9606.ENSP00000425561,EIF4E,PABPC1,0.999
9606.ENSP00000425561,EIF4E,EIF4A1,0.999
9606.ENSP00000425561,EIF4E,EIF4EBP1,0.999
9606.ENSP00000425561,EIF4E,EIF4A2,0.999
9606.ENSP00000425561,EIF4E,EIF4EBP2,0.999
9606.ENSP00000425561,EIF4E,EIF4G2,0.999
9606.ENSP00000425561,EIF4E,EIF4B,0.999
9606.ENSP00000425561,EIF4E,EIF4EBP3,0.999
9606.ENSP00000425561,EIF4E,EIF4G1,0.999
9606.ENSP00000425561,EIF4E,EIF4ENIF1,0.999
9606.ENSP00000425561,EIF4E,EIF4G3,0.999
9606.ENSP00000425561,EIF4E,NGDN,0.998
9606.ENSP00000425561,EIF4E,CYFIP1,0.997
9606.ENSP00000425561,EIF4E,NCBP1,0.997
9606.ENSP00000425561,EIF4E,DDX3X,0.995
9606.ENSP00000425561,EIF4E,EIF4A3,0.993
9606.ENSP00000425561,EIF4E,AGO2,0.991
9606.ENSP00000425561,EIF4E,DDX6,0.991
9606.ENSP00000425561,EIF4E,NCBP2,0.991
9606.ENSP00000425561,EIF4E,EIF3B,0.987
9606.ENSP00000425561,EIF4E,EIF5,0.987
9606.ENSP00000425561,EIF4E,EIF4H,0.987
9606.ENSP00000425561,EIF4E,RPS6KB1,0.985
9606.ENSP00000425561,EIF4E,AGO1,0.983
9606.ENSP00000425561,EIF4E,DCP2,0.98
9606.ENSP00000425561,EIF4E,PAIP1,0.978
9606.ENSP00000425561,EIF4E,RPS6,0.974
9606.ENSP00000425561,EIF4E,FMR1,0.974
9606.ENSP00000425561,EIF4E,XRN1,0.969
9606.ENSP00000425561,EIF4E,MKNK1,0.965
9606.ENSP00000425561,EIF4E,MTOR,0.962
9606.ENSP00000425561,EIF4E,DHX9,0.962
9606.ENSP00000425561,EIF4E,EIF2S1,0.954
9606.ENSP00000425561,EIF4E,GEMIN5,0.952
9606.ENSP00000425561,EIF4E,RPTOR,0.949
9606.ENSP00000425561,EIF4E,DICER1,0.948
9606.ENSP00000425561,EIF4E,CPEB1,0.946
9606.ENSP00000425561,EIF4E,TNRC6A,0.945
9606.ENSP00000425561,EIF4E,LIMD1,0.943
9606.ENSP00000425561,EIF4E,RNMT,0.943
9606.ENSP00000425561,EIF4E,TARBP2,0.939
9606.ENSP00000425561,EIF4E,FKBP1A,0.939
9606.ENSP00000425561,EIF4E,TIA1,0.938
9606.ENSP00000425561,EIF4E,SLBP,0.936
9606.ENSP00000425561,EIF4E,EIF4E2,0.932
9606.ENSP00000425561,EIF4E,XPO5,0.929
9606.ENSP00000425561,EIF4E,NCBP3,0.928
9606.ENSP00000425561,EIF4E,RAMAC,0.916
9606.ENSP00000425561,EIF4E,G3BP1,0.914
9606.ENSP00000425561,EIF4E,RPS6KB2,0.905
9606.ENSP00000425759,COX7C,MT-CO3,0.999
9606.ENSP00000425759,COX7C,COX6B1,0.999
9606.ENSP00000425759,COX7C,UQCR10,0.999
9606.ENSP00000425759,COX7C,COX6A1,0.999
9606.ENSP00000425759,COX7C,COX4I1,0.999
9606.ENSP00000425759,COX7C,UQCRC2,0.999
9606.ENSP00000425759,COX7C,COX6C,0.999
9606.ENSP00000425759,COX7C,MT-CO2,0.999
9606.ENSP00000425759,COX7C,UQCRFS1,0.999
9606.ENSP00000425759,COX7C,COX5B,0.999
9606.ENSP00000425759,COX7C,UQCRB,0.999
9606.ENSP00000425759,COX7C,COX6A2,0.999
9606.ENSP00000425759,COX7C,COX5A,0.999
9606.ENSP00000425759,COX7C,NDUFA4,0.999
9606.ENSP00000425759,COX7C,MT-CO1,0.999
9606.ENSP00000425759,COX7C,UQCRQ,0.999
9606.ENSP00000425759,COX7C,COX7B,0.999
9606.ENSP00000425759,COX7C,COX8A,0.997
9606.ENSP00000425759,COX7C,UQCRH,0.997
9606.ENSP00000425759,COX7C,COX7A2,0.997
9606.ENSP00000425759,COX7C,CYC1,0.997
9606.ENSP00000425759,COX7C,UQCR11,0.995
9606.ENSP00000425759,COX7C,C1orf198,0.994
9606.ENSP00000425759,COX7C,COX7A1,0.994
9606.ENSP00000425759,COX7C,UQCRC1,0.994
9606.ENSP00000425759,COX7C,NDUFS4,0.993
9606.ENSP00000425759,COX7C,NDUFA2,0.992
9606.ENSP00000425759,COX7C,COX4I2,0.991
9606.ENSP00000425759,COX7C,NDUFA1,0.99
9606.ENSP00000425759,COX7C,NDUFA5,0.989
9606.ENSP00000425759,COX7C,NDUFS6,0.989
9606.ENSP00000425759,COX7C,NDUFA6,0.988
9606.ENSP00000425759,COX7C,COX6B2,0.986
9606.ENSP00000425759,COX7C,NDUFB9,0.985
9606.ENSP00000425759,COX7C,COA6,0.985
9606.ENSP00000425759,COX7C,NDUFB4,0.984
9606.ENSP00000425759,COX7C,MT-CYB,0.982
9606.ENSP00000425759,COX7C,NDUFS5,0.98
9606.ENSP00000425759,COX7C,NDUFB3,0.98
9606.ENSP00000425759,COX7C,NDUFA7,0.979
9606.ENSP00000425759,COX7C,COX7A2L,0.977
9606.ENSP00000425759,COX7C,NDUFB7,0.977
9606.ENSP00000425759,COX7C,NDUFA12,0.977
9606.ENSP00000425759,COX7C,NDUFB8,0.977
9606.ENSP00000425759,COX7C,ATP5PF,0.975
9606.ENSP00000425759,COX7C,NDUFB5,0.975
9606.ENSP00000425759,COX7C,NDUFB6,0.974
9606.ENSP00000425759,COX7C,TRIR,0.973
9606.ENSP00000425759,COX7C,UQCRHL,0.972
9606.ENSP00000425759,COX7C,NDUFC1,0.97
9606.ENSP00000425759,COX7C,ATP5ME,0.968
9606.ENSP00000425759,COX7C,NDUFB10,0.967
9606.ENSP00000425759,COX7C,NDUFV2,0.967
9606.ENSP00000425759,COX7C,ATP5MG,0.966
9606.ENSP00000425759,COX7C,NDUFB11,0.965
9606.ENSP00000425759,COX7C,GATC,0.963
9606.ENSP00000425759,COX7C,ATP5PD,0.962
9606.ENSP00000425759,COX7C,NDUFC2,0.962
9606.ENSP00000425759,COX7C,NDUFA3,0.961
9606.ENSP00000425759,COX7C,NDUFA13,0.961
9606.ENSP00000425759,COX7C,NDUFA11,0.954
9606.ENSP00000425759,COX7C,MT-ND5,0.954
9606.ENSP00000425759,COX7C,NDUFB1,0.953
9606.ENSP00000425759,COX7C,NDUFS3,0.948
9606.ENSP00000425759,COX7C,NDUFA8,0.947
9606.ENSP00000425759,COX7C,NDUFV3,0.946
9606.ENSP00000425759,COX7C,NDUFA9,0.946
9606.ENSP00000425759,COX7C,NDUFS8,0.945
9606.ENSP00000425759,COX7C,NDUFB2,0.944
9606.ENSP00000425759,COX7C,NDUFS2,0.943
9606.ENSP00000425759,COX7C,NDUFAB1,0.928
9606.ENSP00000425759,COX7C,NDUFV1,0.927
9606.ENSP00000425759,COX7C,ATP5PO,0.926
9606.ENSP00000425759,COX7C,NDUFS7,0.922
9606.ENSP00000425759,COX7C,ATP5F1E,0.915
9606.ENSP00000425759,COX7C,NDUFA10,0.906
9606.ENSP00000425759,COX7C,COX7B2,0.906
9606.ENSP00000425759,COX7C,NDUFS1,0.905
9606.ENSP00000425759,COX7C,ATP5F1D,0.9
9606.ENSP00000425979,DROSHA,DDX5,0.999
9606.ENSP00000425979,DROSHA,DGCR8,0.999
9606.ENSP00000425979,DROSHA,DDX17,0.998
9606.ENSP00000425979,DROSHA,TP53,0.996
9606.ENSP00000425979,DROSHA,AGO2,0.995
9606.ENSP00000425979,DROSHA,TARDBP,0.992
9606.ENSP00000425979,DROSHA,FUS,0.992
9606.ENSP00000425979,DROSHA,DICER1,0.992
9606.ENSP00000425979,DROSHA,TARBP2,0.989
9606.ENSP00000425979,DROSHA,AGO1,0.989
9606.ENSP00000425979,DROSHA,KHSRP,0.985
9606.ENSP00000425979,DROSHA,SMAD2,0.978
9606.ENSP00000425979,DROSHA,NANOG,0.96
9606.ENSP00000425979,DROSHA,AGO4,0.952
9606.ENSP00000425979,DROSHA,AGO3,0.947
9606.ENSP00000425979,DROSHA,XPO5,0.946
9606.ENSP00000425979,DROSHA,BRCA1,0.944
9606.ENSP00000425979,DROSHA,PRKRA,0.94
9606.ENSP00000425979,DROSHA,SNIP1,0.928
9606.ENSP00000425979,DROSHA,PDCD4,0.918
9606.ENSP00000425979,DROSHA,HNRNPA1,0.915
9606.ENSP00000425979,DROSHA,SMAD3,0.907
9606.ENSP00000425979,DROSHA,NANOGP8,0.9
9606.ENSP00000427108,CDKN2AIP,CDKN2A,0.958
9606.ENSP00000427108,CDKN2AIP,XRN2,0.933
9606.ENSP00000427514,CEBPA,RUNX1,0.994
9606.ENSP00000427514,CEBPA,CDK2,0.992
9606.ENSP00000427514,CEBPA,PPARG,0.991
9606.ENSP00000427514,CEBPA,CDK4,0.991
9606.ENSP00000427514,CEBPA,SPI1,0.99
9606.ENSP00000427514,CEBPA,CEBPB,0.99
9606.ENSP00000427514,CEBPA,FLT3,0.981
9606.ENSP00000427514,CEBPA,FOXO1,0.975
9606.ENSP00000427514,CEBPA,RUNX1T1,0.961
9606.ENSP00000427514,CEBPA,CDKN1A,0.956
9606.ENSP00000427514,CEBPA,TRIB1,0.949
9606.ENSP00000427514,CEBPA,LEP,0.943
9606.ENSP00000427514,CEBPA,DDIT3,0.943
9606.ENSP00000427514,CEBPA,ADIPOQ,0.942
9606.ENSP00000427514,CEBPA,KLF5,0.941
9606.ENSP00000427514,CEBPA,HDAC1,0.939
9606.ENSP00000427514,CEBPA,GATA2,0.939
9606.ENSP00000427514,CEBPA,CSF3R,0.936
9606.ENSP00000427514,CEBPA,TP53,0.93
9606.ENSP00000427514,CEBPA,PER2,0.929
9606.ENSP00000427514,CEBPA,TNF,0.926
9606.ENSP00000427514,CEBPA,PCBP2,0.925
9606.ENSP00000427514,CEBPA,SLC2A4,0.922
9606.ENSP00000427514,CEBPA,FABP4,0.914
9606.ENSP00000427514,CEBPA,E2F1,0.913
9606.ENSP00000427514,CEBPA,RARA,0.909
9606.ENSP00000427514,CEBPA,MYC,0.904
9606.ENSP00000427514,CEBPA,EP300,0.902
9606.ENSP00000429283,DOCK2,ELMO1,0.999
9606.ENSP00000429283,DOCK2,RAC2,0.994
9606.ENSP00000429283,DOCK2,RAC3,0.993
9606.ENSP00000429283,DOCK2,RAC1,0.94
9606.ENSP00000429283,DOCK2,FGR,0.936
9606.ENSP00000429283,DOCK2,HCK,0.933
9606.ENSP00000429283,DOCK2,SRC,0.929
9606.ENSP00000429283,DOCK2,LYN,0.927
9606.ENSP00000431759,CFAP54,TMEM212,0.98
9606.ENSP00000433112,DKK3,DKK2,0.967
9606.ENSP00000433112,DKK3,LRP5,0.964
9606.ENSP00000433112,DKK3,DKK1,0.949
9606.ENSP00000433205,EMSY,BRCA2,0.997
9606.ENSP00000433205,EMSY,CBX1,0.966
9606.ENSP00000433205,EMSY,PHF12,0.96
9606.ENSP00000433205,EMSY,MORF4L1,0.941
9606.ENSP00000433205,EMSY,ZMYND11,0.92
9606.ENSP00000433205,EMSY,GATAD1,0.919
9606.ENSP00000433205,EMSY,SIN3B,0.906
9606.ENSP00000433205,EMSY,KDM5A,0.904
9606.ENSP00000433459,CREBZF,HCFC1,0.995
9606.ENSP00000433459,CREBZF,HCFC2,0.971
9606.ENSP00000433459,CREBZF,CREB3,0.945
9606.ENSP00000434614,CDC27,CDC16,0.999
9606.ENSP00000434614,CDC27,ANAPC11,0.999
9606.ENSP00000434614,CDC27,ANAPC13,0.999
9606.ENSP00000434614,CDC27,ANAPC5,0.999
9606.ENSP00000434614,CDC27,ANAPC4,0.999
9606.ENSP00000434614,CDC27,CDC20,0.999
9606.ENSP00000434614,CDC27,CCNB1,0.999
9606.ENSP00000434614,CDC27,CDC23,0.999
9606.ENSP00000434614,CDC27,ANAPC16,0.999
9606.ENSP00000434614,CDC27,ANAPC2,0.999
9606.ENSP00000434614,CDC27,CDC26,0.999
9606.ENSP00000434614,CDC27,BUB1B,0.999
9606.ENSP00000434614,CDC27,NEK2,0.999
9606.ENSP00000434614,CDC27,ANAPC7,0.999
9606.ENSP00000434614,CDC27,ANAPC10,0.999
9606.ENSP00000434614,CDC27,ANAPC1,0.999
9606.ENSP00000434614,CDC27,FZR1,0.999
9606.ENSP00000434614,CDC27,UBE2S,0.999
9606.ENSP00000434614,CDC27,MAD2L1,0.999
9606.ENSP00000434614,CDC27,BUB3,0.999
9606.ENSP00000434614,CDC27,ANAPC15,0.996
9606.ENSP00000434614,CDC27,TRIM33,0.994
9606.ENSP00000434614,CDC27,MXI1,0.994
9606.ENSP00000434614,CDC27,UBE2C,0.993
9606.ENSP00000434614,CDC27,FBXO5,0.984
9606.ENSP00000434614,CDC27,CCNA2,0.983
9606.ENSP00000434614,CDC27,PTTG1,0.976
9606.ENSP00000434614,CDC27,MPPE1,0.962
9606.ENSP00000434614,CDC27,CCNB2,0.947
9606.ENSP00000434614,CDC27,CDK1,0.942
9606.ENSP00000434614,CDC27,BRCA1,0.923
9606.ENSP00000434614,CDC27,PPP2CA,0.923
9606.ENSP00000434614,CDC27,BARD1,0.914
9606.ENSP00000434614,CDC27,CUL7,0.914
9606.ENSP00000434614,CDC27,UBB,0.909
9606.ENSP00000434614,CDC27,CBX4,0.909
9606.ENSP00000434614,CDC27,RNF2,0.907
9606.ENSP00000434614,CDC27,BCOR,0.907
9606.ENSP00000434614,CDC27,PHC3,0.907
9606.ENSP00000434614,CDC27,UBC,0.907
9606.ENSP00000434614,CDC27,BABAM2,0.906
9606.ENSP00000434614,CDC27,BRCC3,0.904
9606.ENSP00000434614,CDC27,PCGF6,0.904
9606.ENSP00000434614,CDC27,BMI1,0.903
9606.ENSP00000434614,CDC27,CBX8,0.903
9606.ENSP00000434614,CDC27,RING1,0.902
9606.ENSP00000434614,CDC27,PHC2,0.901
9606.ENSP00000434614,CDC27,PHC1,0.901
9606.ENSP00000434614,CDC27,PCGF2,0.9
9606.ENSP00000434614,CDC27,CBX2,0.9
9606.ENSP00000434995,CLP1,PCF11,0.999
9606.ENSP00000434995,CLP1,TSEN2,0.99
9606.ENSP00000434995,CLP1,TSEN15,0.979
9606.ENSP00000434995,CLP1,CSTF2,0.977
9606.ENSP00000434995,CLP1,TSEN54,0.974
9606.ENSP00000434995,CLP1,TSEN34,0.969
9606.ENSP00000434995,CLP1,GTF3C3,0.959
9606.ENSP00000434995,CLP1,CPSF6,0.936
9606.ENSP00000434995,CLP1,CPSF4,0.933
9606.ENSP00000434995,CLP1,CPSF1,0.925
9606.ENSP00000434995,CLP1,FIP1L1,0.923
9606.ENSP00000434995,CLP1,TARBP2,0.922
9606.ENSP00000434995,CLP1,CSTF2T,0.918
9606.ENSP00000434995,CLP1,AGO2,0.917
9606.ENSP00000434995,CLP1,POP7,0.91
9606.ENSP00000434995,CLP1,RPP38,0.908
9606.ENSP00000434995,CLP1,RPP30,0.905
9606.ENSP00000434995,CLP1,CSTF3,0.904
9606.ENSP00000434995,CLP1,POP4,0.904
9606.ENSP00000434995,CLP1,POP1,0.903
9606.ENSP00000434995,CLP1,RPP40,0.903
9606.ENSP00000434995,CLP1,DICER1,0.903
9606.ENSP00000434995,CLP1,HSD17B10,0.902
9606.ENSP00000434995,CLP1,RPP14,0.901
9606.ENSP00000434995,CLP1,RPP21,0.9
9606.ENSP00000434995,CLP1,POP5,0.9
9606.ENSP00000434995,CLP1,PRORP,0.9
9606.ENSP00000434995,CLP1,RPP25,0.9
9606.ENSP00000436864,CELF1,HNRNPC,0.998
9606.ENSP00000436864,CELF1,RALY,0.995
9606.ENSP00000436864,CELF1,MBNL1,0.985
9606.ENSP00000436864,CELF1,CLCN1,0.931
9606.ENSP00000436864,CELF1,DMPK,0.925
9606.ENSP00000436864,CELF1,MBNL2,0.923
9606.ENSP00000436864,CELF1,PTBP1,0.913
9606.ENSP00000436864,CELF1,CEBPD,0.908
9606.ENSP00000436864,CELF1,HNRNPH1,0.905
9606.ENSP00000436864,CELF1,MBNL3,0.903
9606.ENSP00000437256,DICER1,AGO1,0.999
9606.ENSP00000437256,DICER1,PRKRA,0.999
9606.ENSP00000437256,DICER1,TARBP2,0.999
9606.ENSP00000437256,DICER1,AGO2,0.999
9606.ENSP00000437256,DICER1,TNRC6A,0.998
9606.ENSP00000437256,DICER1,XPO5,0.995
9606.ENSP00000437256,DICER1,RBM8A,0.994
9606.ENSP00000437256,DICER1,DGCR8,0.993
9606.ENSP00000437256,DICER1,ADAR,0.993
9606.ENSP00000437256,DICER1,DROSHA,0.992
9606.ENSP00000437256,DICER1,FMR1,0.991
9606.ENSP00000437256,DICER1,MOV10,0.991
9606.ENSP00000437256,DICER1,AGO3,0.991
9606.ENSP00000437256,DICER1,AGO4,0.99
9606.ENSP00000437256,DICER1,DHX9,0.987
9606.ENSP00000437256,DICER1,DDX6,0.984
9606.ENSP00000437256,DICER1,KHSRP,0.979
9606.ENSP00000437256,DICER1,TARDBP,0.979
9606.ENSP00000437256,DICER1,ERI1,0.967
9606.ENSP00000437256,DICER1,FXR1,0.959
9606.ENSP00000437256,DICER1,PIWIL1,0.957
9606.ENSP00000437256,DICER1,PIWIL4,0.956
9606.ENSP00000437256,DICER1,POP1,0.948
9606.ENSP00000437256,DICER1,EIF4E,0.948
9606.ENSP00000437256,DICER1,DCP2,0.943
9606.ENSP00000437256,DICER1,FXR2,0.931
9606.ENSP00000437256,DICER1,RPP38,0.927
9606.ENSP00000437256,DICER1,EIF2AK2,0.923
9606.ENSP00000437256,DICER1,RPP40,0.915
9606.ENSP00000437256,DICER1,TNRC6B,0.913
9606.ENSP00000437256,DICER1,LIMD1,0.913
9606.ENSP00000437256,DICER1,POP4,0.911
9606.ENSP00000437256,DICER1,RPP25,0.909
9606.ENSP00000437256,DICER1,PRORP,0.908
9606.ENSP00000437256,DICER1,POP5,0.907
9606.ENSP00000437256,DICER1,RPP30,0.907
9606.ENSP00000437256,DICER1,CLP1,0.903
9606.ENSP00000437256,DICER1,POP7,0.902
9606.ENSP00000437256,DICER1,RPP14,0.901
9606.ENSP00000437256,DICER1,RPP21,0.9
9606.ENSP00000437256,DICER1,HSD17B10,0.9
9606.ENSP00000438788,CUL7,RBX1,0.999
9606.ENSP00000438788,CUL7,SKP1,0.999
9606.ENSP00000438788,CUL7,OBSL1,0.999
9606.ENSP00000438788,CUL7,FBXW8,0.999
9606.ENSP00000438788,CUL7,CCDC8,0.997
9606.ENSP00000438788,CUL7,FAU,0.992
9606.ENSP00000438788,CUL7,GLMN,0.992
9606.ENSP00000438788,CUL7,RPL23,0.985
9606.ENSP00000438788,CUL7,MRPS9,0.984
9606.ENSP00000438788,CUL7,RPS18,0.984
9606.ENSP00000438788,CUL7,RPL23A,0.983
9606.ENSP00000438788,CUL7,MRPL36,0.98
9606.ENSP00000438788,CUL7,RPL11,0.98
9606.ENSP00000438788,CUL7,TUFM,0.98
9606.ENSP00000438788,CUL7,MRPL17,0.978
9606.ENSP00000438788,CUL7,RPL35,0.978
9606.ENSP00000438788,CUL7,MRPS16,0.978
9606.ENSP00000438788,CUL7,RPS3,0.978
9606.ENSP00000438788,CUL7,MRPL21,0.977
9606.ENSP00000438788,CUL7,RPL19,0.977
9606.ENSP00000438788,CUL7,ANAPC10,0.977
9606.ENSP00000438788,CUL7,RNF7,0.977
9606.ENSP00000438788,CUL7,MRPS6,0.976
9606.ENSP00000438788,CUL7,MRPL20,0.976
9606.ENSP00000438788,CUL7,MRPL19,0.976
9606.ENSP00000438788,CUL7,RPL18,0.975
9606.ENSP00000438788,CUL7,RPL21,0.973
9606.ENSP00000438788,CUL7,MRPL27,0.973
9606.ENSP00000438788,CUL7,MRPL33,0.972
9606.ENSP00000438788,CUL7,RPL15,0.972
9606.ENSP00000438788,CUL7,RPL5,0.972
9606.ENSP00000438788,CUL7,RPS3A,0.972
9606.ENSP00000438788,CUL7,MRPL12,0.971
9606.ENSP00000438788,CUL7,RPS15,0.971
9606.ENSP00000438788,CUL7,RPS11,0.971
9606.ENSP00000438788,CUL7,MRPL9,0.97
9606.ENSP00000438788,CUL7,RPS6,0.969
9606.ENSP00000438788,CUL7,ANAPC11,0.969
9606.ENSP00000438788,CUL7,TP53,0.969
9606.ENSP00000438788,CUL7,UBA52,0.968
9606.ENSP00000438788,CUL7,CUL9,0.966
9606.ENSP00000438788,CUL7,RPS9,0.966
9606.ENSP00000438788,CUL7,MRPS12,0.964
9606.ENSP00000438788,CUL7,MRPL13,0.964
9606.ENSP00000438788,CUL7,RPS19,0.963
9606.ENSP00000438788,CUL7,RPL34,0.962
9606.ENSP00000438788,CUL7,PDCD11,0.962
9606.ENSP00000438788,CUL7,MRPS15,0.961
9606.ENSP00000438788,CUL7,CUL3,0.96
9606.ENSP00000438788,CUL7,MRPS11,0.96
9606.ENSP00000438788,CUL7,MRPS14,0.96
9606.ENSP00000438788,CUL7,MRPS5,0.959
9606.ENSP00000438788,CUL7,CUL2,0.959
9606.ENSP00000438788,CUL7,RPL24,0.958
9606.ENSP00000438788,CUL7,RPS8,0.958
9606.ENSP00000438788,CUL7,RPS25,0.957
9606.ENSP00000438788,CUL7,RPL37A,0.957
9606.ENSP00000438788,CUL7,RPL13,0.957
9606.ENSP00000438788,CUL7,MRPL3,0.956
9606.ENSP00000438788,CUL7,RPS26,0.956
9606.ENSP00000438788,CUL7,MRPL22,0.954
9606.ENSP00000438788,CUL7,CUL4A,0.954
9606.ENSP00000438788,CUL7,RPS17,0.952
9606.ENSP00000438788,CUL7,MRPL16,0.952
9606.ENSP00000438788,CUL7,MRPS10,0.951
9606.ENSP00000438788,CUL7,RPL30,0.949
9606.ENSP00000438788,CUL7,RPLP1,0.949
9606.ENSP00000438788,CUL7,MRPL32,0.949
9606.ENSP00000438788,CUL7,RNF2,0.946
9606.ENSP00000438788,CUL7,RPS24,0.946
9606.ENSP00000438788,CUL7,RPL29,0.946
9606.ENSP00000438788,CUL7,RPL36,0.945
9606.ENSP00000438788,CUL7,RPL31,0.945
9606.ENSP00000438788,CUL7,NEDD8,0.944
9606.ENSP00000438788,CUL7,RPS7,0.941
9606.ENSP00000438788,CUL7,RPS28,0.939
9606.ENSP00000438788,CUL7,MRPL4,0.938
9606.ENSP00000438788,CUL7,ANAPC7,0.937
9606.ENSP00000438788,CUL7,RPL18A,0.937
9606.ENSP00000438788,CUL7,RPL35A,0.936
9606.ENSP00000438788,CUL7,MRPL24,0.935
9606.ENSP00000438788,CUL7,MRPS2,0.932
9606.ENSP00000438788,CUL7,MRPL11,0.931
9606.ENSP00000438788,CUL7,UBE2S,0.931
9606.ENSP00000438788,CUL7,RPLP2,0.927
9606.ENSP00000438788,CUL7,RPS21,0.925
9606.ENSP00000438788,CUL7,UBE2C,0.923
9606.ENSP00000438788,CUL7,RPS2,0.919
9606.ENSP00000438788,CUL7,RPL28,0.919
9606.ENSP00000438788,CUL7,RING1,0.918
9606.ENSP00000438788,CUL7,ANAPC2,0.918
9606.ENSP00000438788,CUL7,RPL9,0.917
9606.ENSP00000438788,CUL7,RPLP0,0.917
9606.ENSP00000438788,CUL7,FBXW11,0.915
9606.ENSP00000438788,CUL7,CDC27,0.914
9606.ENSP00000438788,CUL7,BRCA1,0.913
9606.ENSP00000438788,CUL7,CDC16,0.913
9606.ENSP00000438788,CUL7,ANAPC5,0.912
9606.ENSP00000438788,CUL7,CDC23,0.912
9606.ENSP00000438788,CUL7,PPP1R26,0.912
9606.ENSP00000438788,CUL7,RPL38,0.912
9606.ENSP00000438788,CUL7,BARD1,0.911
9606.ENSP00000438788,CUL7,SEC61A1,0.907
9606.ENSP00000438788,CUL7,BCOR,0.907
9606.ENSP00000438788,CUL7,PHC1,0.907
9606.ENSP00000438788,CUL7,BMI1,0.906
9606.ENSP00000438788,CUL7,ANAPC1,0.905
9606.ENSP00000438788,CUL7,BRCC3,0.904
9606.ENSP00000438788,CUL7,CUL4B,0.904
9606.ENSP00000438788,CUL7,CBX8,0.904
9606.ENSP00000438788,CUL7,BABAM2,0.903
9606.ENSP00000438788,CUL7,ANAPC4,0.903
9606.ENSP00000438788,CUL7,MRPL46,0.903
9606.ENSP00000438788,CUL7,CBX4,0.903
9606.ENSP00000438788,CUL7,PHC2,0.902
9606.ENSP00000438788,CUL7,PCGF2,0.901
9606.ENSP00000438788,CUL7,ANAPC13,0.901
9606.ENSP00000438788,CUL7,CDC26,0.901
9606.ENSP00000438788,CUL7,CBX2,0.9
9606.ENSP00000438788,CUL7,ANAPC16,0.9
9606.ENSP00000438788,CUL7,PHC3,0.9
9606.ENSP00000438788,CUL7,PCGF6,0.9
9606.ENSP00000438788,CUL7,ANAPC15,0.9
9606.ENSP00000439068,CRADD,PIDD1,0.999
9606.ENSP00000439068,CRADD,CASP2,0.999
9606.ENSP00000439068,CRADD,TRADD,0.98
9606.ENSP00000439068,CRADD,FADD,0.967
9606.ENSP00000439068,CRADD,CYFIP2,0.934
9606.ENSP00000439244,CIZ1,CDKN1A,0.99
9606.ENSP00000439479,DMXL1,ROGDI,0.969
9606.ENSP00000439479,DMXL1,ATP6V1B1,0.907
9606.ENSP00000440542,CHD4,MTA2,0.999
9606.ENSP00000440542,CHD4,HDAC1,0.999
9606.ENSP00000440542,CHD4,CHD3,0.999
9606.ENSP00000440542,CHD4,RBBP4,0.999
9606.ENSP00000440542,CHD4,RBBP7,0.999
9606.ENSP00000440542,CHD4,HDAC2,0.999
9606.ENSP00000440542,CHD4,MTA1,0.999
9606.ENSP00000440542,CHD4,GATAD2A,0.999
9606.ENSP00000440542,CHD4,GATAD2B,0.998
9606.ENSP00000440542,CHD4,MTA3,0.998
9606.ENSP00000440542,CHD4,H3C13,0.995
9606.ENSP00000440542,CHD4,MBD3,0.994
9606.ENSP00000440542,CHD4,H3C12,0.994
9606.ENSP00000440542,CHD4,H3-3B,0.994
9606.ENSP00000440542,CHD4,EZH2,0.993
9606.ENSP00000440542,CHD4,H3-4,0.992
9606.ENSP00000440542,CHD4,H4C6,0.992
9606.ENSP00000440542,CHD4,H3-5,0.992
9606.ENSP00000440542,CHD4,ADNP,0.991
9606.ENSP00000440542,CHD4,KDM1A,0.99
9606.ENSP00000440542,CHD4,BRD4,0.989
9606.ENSP00000440542,CHD4,H3-2,0.989
9606.ENSP00000440542,CHD4,H3C1,0.985
9606.ENSP00000440542,CHD4,IKZF1,0.969
9606.ENSP00000440542,CHD4,SMARCA4,0.966
9606.ENSP00000440542,CHD4,UBTF,0.956
9606.ENSP00000440542,CHD4,NAB2,0.952
9606.ENSP00000440542,CHD4,ZMYND8,0.946
9606.ENSP00000440542,CHD4,H4C5,0.945
9606.ENSP00000440542,CHD4,H4C2,0.945
9606.ENSP00000440542,CHD4,H4C14,0.945
9606.ENSP00000440542,CHD4,H4C4,0.945
9606.ENSP00000440542,CHD4,H4C11,0.944
9606.ENSP00000440542,CHD4,H4C8,0.944
9606.ENSP00000440542,CHD4,H4C9,0.944
9606.ENSP00000440542,CHD4,H4C3,0.944
9606.ENSP00000440542,CHD4,H4C12,0.944
9606.ENSP00000440542,CHD4,H4C13,0.944
9606.ENSP00000440542,CHD4,MBD2,0.942
9606.ENSP00000440542,CHD4,H3C14,0.938
9606.ENSP00000440542,CHD4,RNF8,0.934
9606.ENSP00000440542,CHD4,CBX3,0.934
9606.ENSP00000440542,CHD4,EP300,0.933
9606.ENSP00000440542,CHD4,H2AC8,0.933
9606.ENSP00000440542,CHD4,H4C1,0.927
9606.ENSP00000440542,CHD4,H4-16,0.926
9606.ENSP00000440542,CHD4,H4C15,0.925
9606.ENSP00000440542,CHD4,SMARCC1,0.924
9606.ENSP00000440542,CHD4,H2BC11,0.922
9606.ENSP00000440542,CHD4,H3-3A,0.922
9606.ENSP00000440542,CHD4,H3C6,0.922
9606.ENSP00000440542,CHD4,H3C3,0.921
9606.ENSP00000440542,CHD4,MCRS1,0.92
9606.ENSP00000440542,CHD4,H3C2,0.919
9606.ENSP00000440542,CHD4,H3C10,0.915
9606.ENSP00000440542,CHD4,H3C4,0.915
9606.ENSP00000440542,CHD4,H3C15,0.915
9606.ENSP00000440542,CHD4,H3C11,0.915
9606.ENSP00000440542,CHD4,H3C8,0.915
9606.ENSP00000440542,CHD4,H3C7,0.915
9606.ENSP00000440542,CHD4,H2AC6,0.911
9606.ENSP00000440542,CHD4,H2AZ1,0.911
9606.ENSP00000440542,CHD4,CBX1,0.91
9606.ENSP00000440542,CHD4,CDK2AP1,0.91
9606.ENSP00000440542,CHD4,IRF1,0.91
9606.ENSP00000440542,CHD4,CSNK2A1,0.909
9606.ENSP00000440542,CHD4,TRIM27,0.903
9606.ENSP00000440689,CYP2E1,CYP3A4,0.991
9606.ENSP00000440689,CYP2E1,ADH1B,0.988
9606.ENSP00000440689,CYP2E1,CYP1A2,0.982
9606.ENSP00000440689,CYP2E1,UGT1A6,0.981
9606.ENSP00000440689,CYP2E1,GSTP1,0.979
9606.ENSP00000440689,CYP2E1,GSTM1,0.976
9606.ENSP00000440689,CYP2E1,EPHX1,0.971
9606.ENSP00000440689,CYP2E1,UGT1A1,0.97
9606.ENSP00000440689,CYP2E1,UGT1A4,0.97
9606.ENSP00000440689,CYP2E1,UGT1A7,0.969
9606.ENSP00000440689,CYP2E1,UGT1A10,0.969
9606.ENSP00000440689,CYP2E1,UGT1A8,0.968
9606.ENSP00000440689,CYP2E1,NAT2,0.966
9606.ENSP00000440689,CYP2E1,NAT1,0.966
9606.ENSP00000440689,CYP2E1,ADH1C,0.965
9606.ENSP00000440689,CYP2E1,FANCG,0.965
9606.ENSP00000440689,CYP2E1,CYP4A11,0.964
9606.ENSP00000440689,CYP2E1,ADH1A,0.963
9606.ENSP00000440689,CYP2E1,ADH6,0.962
9606.ENSP00000440689,CYP2E1,UGT1A9,0.962
9606.ENSP00000440689,CYP2E1,UGT2B7,0.962
9606.ENSP00000440689,CYP2E1,ADH4,0.961
9606.ENSP00000440689,CYP2E1,HPGDS,0.961
9606.ENSP00000440689,CYP2E1,CYB5A,0.959
9606.ENSP00000440689,CYP2E1,UGT2B15,0.957
9606.ENSP00000440689,CYP2E1,UGT1A5,0.956
9606.ENSP00000440689,CYP2E1,UGT1A3,0.956
9606.ENSP00000440689,CYP2E1,UGT2B4,0.955
9606.ENSP00000440689,CYP2E1,ADH7,0.953
9606.ENSP00000440689,CYP2E1,UGT2B17,0.951
9606.ENSP00000440689,CYP2E1,CYP2C8,0.951
9606.ENSP00000440689,CYP2E1,UGT2A2,0.951
9606.ENSP00000440689,CYP2E1,UGT2B10,0.951
9606.ENSP00000440689,CYP2E1,UGT2A3,0.951
9606.ENSP00000440689,CYP2E1,UGT2B28,0.951
9606.ENSP00000440689,CYP2E1,UGT2B11,0.95
9606.ENSP00000440689,CYP2E1,CYP7A1,0.948
9606.ENSP00000440689,CYP2E1,ADH5,0.947
9606.ENSP00000440689,CYP2E1,CYP4F2,0.947
9606.ENSP00000440689,CYP2E1,CYP4A22,0.947
9606.ENSP00000440689,CYP2E1,CYP4F3,0.946
9606.ENSP00000440689,CYP2E1,GSTA1,0.945
9606.ENSP00000440689,CYP2E1,CYP2J2,0.944
9606.ENSP00000440689,CYP2E1,GSTM3,0.944
9606.ENSP00000440689,CYP2E1,PTGS2,0.943
9606.ENSP00000440689,CYP2E1,MGST3,0.942
9606.ENSP00000440689,CYP2E1,GSTA4,0.941
9606.ENSP00000440689,CYP2E1,ALDH3A1,0.939
9606.ENSP00000440689,CYP2E1,CYP1A1,0.939
9606.ENSP00000440689,CYP2E1,PPIG,0.939
9606.ENSP00000440689,CYP2E1,GSTM2,0.938
9606.ENSP00000440689,CYP2E1,GSTA2,0.937
9606.ENSP00000440689,CYP2E1,HSD3B1,0.936
9606.ENSP00000440689,CYP2E1,CYP2C9,0.936
9606.ENSP00000440689,CYP2E1,ALDH3B1,0.935
9606.ENSP00000440689,CYP2E1,CES1,0.933
9606.ENSP00000440689,CYP2E1,GSTA3,0.932
9606.ENSP00000440689,CYP2E1,GSTT2B,0.932
9606.ENSP00000440689,CYP2E1,POR,0.931
9606.ENSP00000440689,CYP2E1,HSD11B1,0.931
9606.ENSP00000440689,CYP2E1,CYP17A1,0.931
9606.ENSP00000440689,CYP2E1,HSD3B2,0.931
9606.ENSP00000440689,CYP2E1,ALDH3B2,0.928
9606.ENSP00000440689,CYP2E1,CYP2A6,0.928
9606.ENSP00000440689,CYP2E1,CYP2U1,0.928
9606.ENSP00000440689,CYP2E1,CBR1,0.927
9606.ENSP00000440689,CYP2E1,CBR3,0.926
9606.ENSP00000440689,CYP2E1,GSTO1,0.926
9606.ENSP00000440689,CYP2E1,CYP2A13,0.924
9606.ENSP00000440689,CYP2E1,MGST1,0.924
9606.ENSP00000440689,CYP2E1,AKR1C1,0.923
9606.ENSP00000440689,CYP2E1,GSTA5,0.923
9606.ENSP00000440689,CYP2E1,ALOX12,0.922
9606.ENSP00000440689,CYP2E1,GSTM4,0.922
9606.ENSP00000440689,CYP2E1,PTGS1,0.921
9606.ENSP00000440689,CYP2E1,GSTO2,0.921
9606.ENSP00000440689,CYP2E1,CYP2B6,0.921
9606.ENSP00000440689,CYP2E1,GSTM5,0.921
9606.ENSP00000440689,CYP2E1,ALOX5,0.92
9606.ENSP00000440689,CYP2E1,SULT2B1,0.919
9606.ENSP00000440689,CYP2E1,HSD11B1L,0.917
9606.ENSP00000440689,CYP2E1,ALOX15,0.916
9606.ENSP00000440689,CYP2E1,CYP2C19,0.915
9606.ENSP00000440689,CYP2E1,AKR1C3,0.91
9606.ENSP00000440689,CYP2E1,STS,0.91
9606.ENSP00000440689,CYP2E1,MGST2,0.907
9606.ENSP00000440689,CYP2E1,ALOX12B,0.907
9606.ENSP00000440689,CYP2E1,ALOX15B,0.906
9606.ENSP00000441158,CLTCL1,CLTA,0.999
9606.ENSP00000441158,CLTCL1,CLTB,0.999
9606.ENSP00000441158,CLTCL1,GAK,0.996
9606.ENSP00000441158,CLTCL1,DNAJC6,0.996
9606.ENSP00000441158,CLTCL1,AP2B1,0.992
9606.ENSP00000441158,CLTCL1,EPN2,0.984
9606.ENSP00000441158,CLTCL1,EPN3,0.981
9606.ENSP00000441158,CLTCL1,AP2A1,0.98
9606.ENSP00000441158,CLTCL1,AP2S1,0.955
9606.ENSP00000441158,CLTCL1,CLINT1,0.948
9606.ENSP00000441158,CLTCL1,EPS15,0.939
9606.ENSP00000441158,CLTCL1,SNAP91,0.939
9606.ENSP00000441158,CLTCL1,CLTC,0.937
9606.ENSP00000441158,CLTCL1,EHD2,0.933
9606.ENSP00000441158,CLTCL1,AP2A2,0.93
9606.ENSP00000441158,CLTCL1,AMPH,0.928
9606.ENSP00000441158,CLTCL1,EPN1,0.921
9606.ENSP00000441158,CLTCL1,HTT,0.921
9606.ENSP00000441158,CLTCL1,PICALM,0.915
9606.ENSP00000441158,CLTCL1,BIN1,0.913
9606.ENSP00000441158,CLTCL1,HIP1,0.913
9606.ENSP00000441158,CLTCL1,DNM2,0.907
9606.ENSP00000441158,CLTCL1,SYNJ1,0.907
9606.ENSP00000441858,DMXL2,WDR7,0.992
9606.ENSP00000441858,DMXL2,ROGDI,0.958
9606.ENSP00000441858,DMXL2,MADD,0.937
9606.ENSP00000441858,DMXL2,RAB3GAP1,0.913
9606.ENSP00000441858,DMXL2,RAB3GAP2,0.9
9606.ENSP00000443985,CPEB2,FMR1,0.923
9606.ENSP00000443985,CPEB2,CDK1,0.919
9606.ENSP00000443985,CPEB2,AURKA,0.918
9606.ENSP00000443985,CPEB2,PLK1,0.915
9606.ENSP00000443985,CPEB2,CCNB2,0.904
9606.ENSP00000444198,CITED2,EP300,0.999
9606.ENSP00000444198,CITED2,CREBBP,0.995
9606.ENSP00000444198,CITED2,TFAP2A,0.989
9606.ENSP00000444198,CITED2,TFAP2C,0.945
9606.ENSP00000444198,CITED2,FOXO3,0.933
9606.ENSP00000444198,CITED2,HIF1A,0.915
9606.ENSP00000447006,CNTN1,CNTNAP1,0.999
9606.ENSP00000447006,CNTN1,NFASC,0.998
9606.ENSP00000447006,CNTN1,PTPRZ1,0.992
9606.ENSP00000447006,CNTN1,NRCAM,0.969
9606.ENSP00000447006,CNTN1,L1CAM,0.945
9606.ENSP00000448665,DDIT3,ATF4,0.996
9606.ENSP00000448665,DDIT3,CEBPB,0.994
9606.ENSP00000448665,DDIT3,ATF6,0.989
9606.ENSP00000448665,DDIT3,ATF3,0.988
9606.ENSP00000448665,DDIT3,XBP1,0.988
9606.ENSP00000448665,DDIT3,BCL2,0.972
9606.ENSP00000448665,DDIT3,NFE2L2,0.968
9606.ENSP00000448665,DDIT3,BCL2L11,0.956
9606.ENSP00000448665,DDIT3,EIF2S1,0.951
9606.ENSP00000448665,DDIT3,MAPK14,0.95
9606.ENSP00000448665,DDIT3,ATF6B,0.95
9606.ENSP00000448665,DDIT3,PPP1R15A,0.949
9606.ENSP00000448665,DDIT3,CEBPG,0.949
9606.ENSP00000448665,DDIT3,CEBPA,0.943
9606.ENSP00000448665,DDIT3,TRIB3,0.931
9606.ENSP00000448665,DDIT3,MAPK11,0.928
9606.ENSP00000448665,DDIT3,MAPK13,0.925
9606.ENSP00000448665,DDIT3,MAPK12,0.924
9606.ENSP00000448665,DDIT3,HSPA5,0.921
9606.ENSP00000448665,DDIT3,FOS,0.905
9606.ENSP00000449716,CMKLR1,RARRES2,0.999
9606.ENSP00000456908,CTU2,CTU1,0.998
9606.ENSP00000456908,CTU2,URM1,0.952
9606.ENSP00000458355,DNAH2,DNAH7,0.96
9606.ENSP00000458355,DNAH2,CFAP70,0.957
9606.ENSP00000458355,DNAH2,DNAH1,0.929
9606.ENSP00000458355,DNAH2,DNAH3,0.92
9606.ENSP00000458355,DNAH2,DNAH8,0.915
9606.ENSP00000458355,DNAH2,DNAH17,0.914
9606.ENSP00000458663,CIC,ATXN1,0.996
9606.ENSP00000460683,CTDNEP1,CNEP1R1,0.994
9606.ENSP00000462701,CDH8,CTNNB1,0.955
9606.ENSP00000462701,CDH8,CTNND1,0.929
9606.ENSP00000462701,CDH8,CTNNA2,0.922
9606.ENSP00000465765,ELOF1,SUPT5H,0.974
9606.ENSP00000465765,ELOF1,SUPT4H1,0.96
9606.ENSP00000465765,ELOF1,POLR2A,0.957
9606.ENSP00000465765,ELOF1,POLR2B,0.95
9606.ENSP00000465765,ELOF1,POLR2C,0.942
9606.ENSP00000465765,ELOF1,CDC73,0.934
9606.ENSP00000465765,ELOF1,LEO1,0.923
9606.ENSP00000465765,ELOF1,SUPT16H,0.917
9606.ENSP00000465765,ELOF1,POLR2D,0.9
9606.ENSP00000470152,DTNA,SSPN,0.99
9606.ENSP00000470152,DTNA,DMD,0.988
9606.ENSP00000470152,DTNA,SYNC,0.987
9606.ENSP00000470152,DTNA,SNTA1,0.984
9606.ENSP00000470152,DTNA,SNTB2,0.974
9606.ENSP00000470152,DTNA,DAG1,0.974
9606.ENSP00000470152,DTNA,SNTB1,0.946
9606.ENSP00000470152,DTNA,SNTG2,0.945
9606.ENSP00000470152,DTNA,UTRN,0.926
9606.ENSP00000470152,DTNA,SGCA,0.901
9606.ENSP00000470560,EMG1,BYSL,0.999
9606.ENSP00000470560,EMG1,KRR1,0.999
9606.ENSP00000470560,EMG1,NOC4L,0.999
9606.ENSP00000470560,EMG1,NOP58,0.999
9606.ENSP00000470560,EMG1,NOP14,0.999
9606.ENSP00000470560,EMG1,FCF1,0.999
9606.ENSP00000470560,EMG1,WDR46,0.998
9606.ENSP00000470560,EMG1,UTP4,0.998
9606.ENSP00000470560,EMG1,HEATR1,0.998
9606.ENSP00000470560,EMG1,UTP6,0.998
9606.ENSP00000470560,EMG1,UTP18,0.998
9606.ENSP00000470560,EMG1,NOL6,0.998
9606.ENSP00000470560,EMG1,WDR43,0.998
9606.ENSP00000470560,EMG1,WDR36,0.998
9606.ENSP00000470560,EMG1,UTP11,0.998
9606.ENSP00000470560,EMG1,RCL1,0.998
9606.ENSP00000470560,EMG1,IMP3,0.997
9606.ENSP00000470560,EMG1,DCAF13,0.997
9606.ENSP00000470560,EMG1,AATF,0.997
9606.ENSP00000470560,EMG1,IMP4,0.997
9606.ENSP00000470560,EMG1,NAT10,0.997
9606.ENSP00000470560,EMG1,BMS1,0.997
9606.ENSP00000470560,EMG1,UTP20,0.997
9606.ENSP00000470560,EMG1,UTP3,0.997
9606.ENSP00000470560,EMG1,NGDN,0.996
9606.ENSP00000470560,EMG1,UTP15,0.996
9606.ENSP00000470560,EMG1,RPS6,0.996
9606.ENSP00000470560,EMG1,RPS7,0.996
9606.ENSP00000470560,EMG1,NOP56,0.996
9606.ENSP00000470560,EMG1,SNU13,0.996
9606.ENSP00000470560,EMG1,RPS9,0.996
9606.ENSP00000470560,EMG1,RRP9,0.996
9606.ENSP00000470560,EMG1,FBL,0.995
9606.ENSP00000470560,EMG1,WDR75,0.995
9606.ENSP00000470560,EMG1,WDR3,0.995
9606.ENSP00000470560,EMG1,MPHOSPH10,0.995
9606.ENSP00000470560,EMG1,TBL3,0.995
9606.ENSP00000470560,EMG1,RRP7A,0.995
9606.ENSP00000470560,EMG1,UTP14A,0.994
9606.ENSP00000470560,EMG1,PWP2,0.994
9606.ENSP00000470560,EMG1,RPS14,0.994
9606.ENSP00000470560,EMG1,RPS23,0.994
9606.ENSP00000470560,EMG1,RPS19,0.993
9606.ENSP00000470560,EMG1,RPS5,0.993
9606.ENSP00000470560,EMG1,PDCD11,0.993
9606.ENSP00000470560,EMG1,NOL10,0.992
9606.ENSP00000470560,EMG1,RPS28,0.991
9606.ENSP00000470560,EMG1,RPS13,0.991
9606.ENSP00000470560,EMG1,RPS24,0.989
9606.ENSP00000470560,EMG1,RPS3A,0.989
9606.ENSP00000470560,EMG1,RPS8,0.988
9606.ENSP00000470560,EMG1,RPS16,0.987
9606.ENSP00000470560,EMG1,RPS11,0.987
9606.ENSP00000470560,EMG1,DNTTIP2,0.987
9606.ENSP00000470560,EMG1,RSL1D1,0.984
9606.ENSP00000470560,EMG1,RPS18,0.982
9606.ENSP00000470560,EMG1,NOL11,0.978
9606.ENSP00000470560,EMG1,DHX37,0.978
9606.ENSP00000470560,EMG1,RPS27,0.977
9606.ENSP00000470560,EMG1,PNO1,0.972
9606.ENSP00000470560,EMG1,DDX49,0.968
9606.ENSP00000470560,EMG1,DIMT1,0.965
9606.ENSP00000470560,EMG1,RPS15A,0.965
9606.ENSP00000470560,EMG1,LOC102724159,0.959
9606.ENSP00000470560,EMG1,NIP7,0.958
9606.ENSP00000470560,EMG1,UTP14C,0.956
9606.ENSP00000470560,EMG1,FBLL1,0.955
9606.ENSP00000470560,EMG1,EXOSC10,0.952
9606.ENSP00000470560,EMG1,NHP2,0.952
9606.ENSP00000470560,EMG1,RPS12,0.94
9606.ENSP00000470560,EMG1,RPS4X,0.939
9606.ENSP00000470560,EMG1,WDR12,0.936
9606.ENSP00000470560,EMG1,RPS27A,0.911
9606.ENSP00000470560,EMG1,EXOSC1,0.9
9606.ENSP00000477715,CPEB1,TENT2,0.988
9606.ENSP00000477715,CPEB1,SYMPK,0.985
9606.ENSP00000477715,CPEB1,NGDN,0.961
9606.ENSP00000477715,CPEB1,FMR1,0.959
9606.ENSP00000477715,CPEB1,AURKA,0.955
9606.ENSP00000477715,CPEB1,EIF4E,0.946
9606.ENSP00000477715,CPEB1,DDX6,0.943
9606.ENSP00000477715,CPEB1,CDK1,0.938
9606.ENSP00000477715,CPEB1,PARN,0.935
9606.ENSP00000477715,CPEB1,PLK1,0.933
9606.ENSP00000477715,CPEB1,CCNB2,0.928
9606.ENSP00000477715,CPEB1,LSM14A,0.905
9606.ENSP00000478121,ELOC,CUL5,0.999
9606.ENSP00000478121,ELOC,RBX1,0.999
9606.ENSP00000478121,ELOC,CBFB,0.999
9606.ENSP00000478121,ELOC,HIF1A,0.999
9606.ENSP00000478121,ELOC,VHL,0.999
9606.ENSP00000478121,ELOC,ELOB,0.999
9606.ENSP00000478121,ELOC,ELOA,0.999
9606.ENSP00000478121,ELOC,CUL2,0.999
9606.ENSP00000478121,ELOC,SOCS2,0.999
9606.ENSP00000478121,ELOC,RNF7,0.999
9606.ENSP00000478121,ELOC,ASB9,0.998
9606.ENSP00000478121,ELOC,NEDD8,0.998
9606.ENSP00000478121,ELOC,ELOA2,0.997
9606.ENSP00000478121,ELOC,EPAS1,0.995
9606.ENSP00000478121,ELOC,SOCS4,0.995
9606.ENSP00000478121,ELOC,CISH,0.993
9606.ENSP00000478121,ELOC,LRR1,0.989
9606.ENSP00000478121,ELOC,SOCS1,0.989
9606.ENSP00000478121,ELOC,SOCS6,0.986
9606.ENSP00000478121,ELOC,CUL1,0.983
9606.ENSP00000478121,ELOC,RACK1,0.975
9606.ENSP00000478121,ELOC,SOCS3,0.973
9606.ENSP00000478121,ELOC,SPSB4,0.97
9606.ENSP00000478121,ELOC,COPS5,0.96
9606.ENSP00000478121,ELOC,SPSB1,0.955
9606.ENSP00000478121,ELOC,COMMD1,0.955
9606.ENSP00000478121,ELOC,ANKRD9,0.951
9606.ENSP00000478121,ELOC,ERCC6,0.943
9606.ENSP00000478121,ELOC,ZER1,0.943
9606.ENSP00000478121,ELOC,ZYG11B,0.941
9606.ENSP00000478121,ELOC,SKP1,0.936
9606.ENSP00000478121,ELOC,CTR9,0.932
9606.ENSP00000478121,ELOC,WDR61,0.928
9606.ENSP00000478121,ELOC,MCM7,0.926
9606.ENSP00000478121,ELOC,FEM1B,0.924
9606.ENSP00000478121,ELOC,ASB4,0.923
9606.ENSP00000478121,ELOC,BRD4,0.921
9606.ENSP00000478121,ELOC,LEO1,0.921
9606.ENSP00000478121,ELOC,EGLN1,0.92
9606.ENSP00000478121,ELOC,CDC73,0.916
9606.ENSP00000478121,ELOC,APOBEC3F,0.913
9606.ENSP00000478121,ELOC,SUPT4H1,0.91
9606.ENSP00000478121,ELOC,EAF1,0.909
9606.ENSP00000478121,ELOC,CCNT1,0.909
9606.ENSP00000478121,ELOC,UBXN7,0.908
9606.ENSP00000478121,ELOC,PEX2,0.908
9606.ENSP00000478121,ELOC,CDK9,0.908
9606.ENSP00000478121,ELOC,SAT2,0.906
9606.ENSP00000478121,ELOC,KLHDC1,0.906
9606.ENSP00000478121,ELOC,ELL,0.906
9606.ENSP00000478121,ELOC,KLHDC3,0.906
9606.ENSP00000478121,ELOC,RTF1,0.905
9606.ENSP00000478121,ELOC,NELFE,0.905
9606.ENSP00000478121,ELOC,TCEA2,0.905
9606.ENSP00000478121,ELOC,EAF2,0.905
9606.ENSP00000478121,ELOC,AFF4,0.905
9606.ENSP00000478121,ELOC,NELFB,0.905
9606.ENSP00000478121,ELOC,NELFCD,0.904
9606.ENSP00000478121,ELOC,MLLT1,0.904
9606.ENSP00000478121,ELOC,AFF1,0.903
9606.ENSP00000478121,ELOC,ELL2,0.903
9606.ENSP00000478121,ELOC,SUPT5H,0.903
9606.ENSP00000478121,ELOC,NELFA,0.902
9606.ENSP00000478121,ELOC,CCNT2,0.902
9606.ENSP00000478121,ELOC,ZSWIM8,0.902
9606.ENSP00000478121,ELOC,ELL3,0.902
9606.ENSP00000478121,ELOC,GPS1,0.902
9606.ENSP00000478121,ELOC,ELP4,0.901
9606.ENSP00000478121,ELOC,PRAME,0.901
9606.ENSP00000478121,ELOC,MLLT3,0.901
9606.ENSP00000478121,ELOC,PAF1,0.901
9606.ENSP00000478121,ELOC,ICE2,0.9
9606.ENSP00000478121,ELOC,ZC3H8,0.9
9606.ENSP00000478121,ELOC,ICE1,0.9
9606.ENSP00000478754,DDX6,DCP2,0.999
9606.ENSP00000478754,DDX6,DCP1A,0.999
9606.ENSP00000478754,DDX6,EDC3,0.999
9606.ENSP00000478754,DDX6,LSM14A,0.999
9606.ENSP00000478754,DDX6,AGO2,0.999
9606.ENSP00000478754,DDX6,EDC4,0.999
9606.ENSP00000478754,DDX6,CNOT1,0.999
9606.ENSP00000478754,DDX6,PATL1,0.999
9606.ENSP00000478754,DDX6,EIF4ENIF1,0.999
9606.ENSP00000478754,DDX6,AGO1,0.998
9606.ENSP00000478754,DDX6,TNRC6A,0.998
9606.ENSP00000478754,DDX6,LSM1,0.998
9606.ENSP00000478754,DDX6,DCP1B,0.996
9606.ENSP00000478754,DDX6,ATXN2,0.993
9606.ENSP00000478754,DDX6,XRN1,0.993
9606.ENSP00000478754,DDX6,EIF4E,0.991
9606.ENSP00000478754,DDX6,LSM14B,0.989
9606.ENSP00000478754,DDX6,LSM7,0.989
9606.ENSP00000478754,DDX6,CNOT4,0.985
9606.ENSP00000478754,DDX6,DICER1,0.984
9606.ENSP00000478754,DDX6,GIGYF1,0.97
9606.ENSP00000478754,DDX6,DHX9,0.967
9606.ENSP00000478754,DDX6,CNOT7,0.963
9606.ENSP00000478754,DDX6,POLR2A,0.963
9606.ENSP00000478754,DDX6,PABPC1,0.962
9606.ENSP00000478754,DDX6,CNOT3,0.958
9606.ENSP00000478754,DDX6,ATXN2L,0.952
9606.ENSP00000478754,DDX6,TARBP2,0.952
9606.ENSP00000478754,DDX6,PATL2,0.95
9606.ENSP00000478754,DDX6,LSM12,0.945
9606.ENSP00000478754,DDX6,XPO5,0.943
9606.ENSP00000478754,DDX6,CPEB1,0.943
9606.ENSP00000478754,DDX6,LIMD1,0.939
9606.ENSP00000478754,DDX6,UPF1,0.93
9606.ENSP00000478754,DDX6,CNOT8,0.93
9606.ENSP00000478754,DDX6,AGO3,0.926
9606.ENSP00000478754,DDX6,GIGYF2,0.925
9606.ENSP00000478754,DDX6,G3BP1,0.917
9606.ENSP00000478754,DDX6,LSM4,0.913
9606.ENSP00000478754,DDX6,YBX1,0.91
9606.ENSP00000479322,CLIP1,IQGAP1,0.999
9606.ENSP00000479322,CLIP1,DCTN1,0.999
9606.ENSP00000479322,CLIP1,CLASP2,0.993
9606.ENSP00000479322,CLIP1,MAPRE1,0.989
9606.ENSP00000479322,CLIP1,CLASP1,0.982
9606.ENSP00000479322,CLIP1,CDC42,0.979
9606.ENSP00000479322,CLIP1,CLASRP,0.973
9606.ENSP00000479322,CLIP1,TUBA1A,0.972
9606.ENSP00000479322,CLIP1,MAPRE3,0.951
9606.ENSP00000479322,CLIP1,MTOR,0.946
9606.ENSP00000479322,CLIP1,PAFAH1B1,0.929
9606.ENSP00000479322,CLIP1,TUBA1B,0.927
9606.ENSP00000479322,CLIP1,PLK1,0.902
9606.ENSP00000479606,CLTC,CLTB,0.999
9606.ENSP00000479606,CLTC,CLTA,0.999
9606.ENSP00000479606,CLTC,DNAJC6,0.998
9606.ENSP00000479606,CLTC,GAK,0.998
9606.ENSP00000479606,CLTC,AP2B1,0.997
9606.ENSP00000479606,CLTC,AP2A1,0.989
9606.ENSP00000479606,CLTC,EPN2,0.988
9606.ENSP00000479606,CLTC,AP2M1,0.988
9606.ENSP00000479606,CLTC,EPN3,0.981
9606.ENSP00000479606,CLTC,HIP1,0.98
9606.ENSP00000479606,CLTC,AP2A2,0.976
9606.ENSP00000479606,CLTC,EPS15,0.974
9606.ENSP00000479606,CLTC,CLINT1,0.972
9606.ENSP00000479606,CLTC,PICALM,0.971
9606.ENSP00000479606,CLTC,AP1G1,0.961
9606.ENSP00000479606,CLTC,AMPH,0.961
9606.ENSP00000479606,CLTC,ARRB1,0.958
9606.ENSP00000479606,CLTC,AP2S1,0.958
9606.ENSP00000479606,CLTC,HIP1R,0.95
9606.ENSP00000479606,CLTC,OCRL,0.949
9606.ENSP00000479606,CLTC,SNAP91,0.948
9606.ENSP00000479606,CLTC,EHD2,0.945
9606.ENSP00000479606,CLTC,HTT,0.941
9606.ENSP00000479606,CLTC,DNM1,0.941
9606.ENSP00000479606,CLTC,CLTCL1,0.937
9606.ENSP00000479606,CLTC,ATG16L1,0.936
9606.ENSP00000479606,CLTC,BIN1,0.936
9606.ENSP00000479606,CLTC,AP1S1,0.934
9606.ENSP00000479606,CLTC,ARRB2,0.933
9606.ENSP00000479606,CLTC,AFTPH,0.932
9606.ENSP00000479606,CLTC,EPN1,0.929
9606.ENSP00000479606,CLTC,SYNJ1,0.928
9606.ENSP00000479606,CLTC,HGS,0.928
9606.ENSP00000479606,CLTC,TOM1L1,0.92
9606.ENSP00000479606,CLTC,AP1B1,0.917
9606.ENSP00000479606,CLTC,ITSN1,0.912
9606.ENSP00000479606,CLTC,GGA1,0.911
9606.ENSP00000479606,CLTC,DNM2,0.911
9606.ENSP00000479606,CLTC,TNK2,0.91
9606.ENSP00000479606,CLTC,GGA2,0.908
9606.ENSP00000479606,CLTC,NCALD,0.908
9606.ENSP00000479606,CLTC,KCNQ5,0.904
9606.ENSP00000479606,CLTC,ARF1,0.903
9606.ENSP00000480763,EPHA5,EFNA5,0.999
9606.ENSP00000480763,EPHA5,EFNA3,0.985
9606.ENSP00000480763,EPHA5,EFNA2,0.984
9606.ENSP00000480763,EPHA5,EFNA1,0.982
9606.ENSP00000480763,EPHA5,ABL1,0.963
9606.ENSP00000480763,EPHA5,EFNB2,0.956
9606.ENSP00000480763,EPHA5,NGEF,0.93
9606.ENSP00000480763,EPHA5,EFNA4,0.926
9606.ENSP00000480763,EPHA5,RASA1,0.911
9606.ENSP00000481038,CYFIP1,FXR1,0.999
9606.ENSP00000481038,CYFIP1,NCKAP1L,0.999
9606.ENSP00000481038,CYFIP1,ABI1,0.999
9606.ENSP00000481038,CYFIP1,FMR1,0.999
9606.ENSP00000481038,CYFIP1,BRK1,0.999
9606.ENSP00000481038,CYFIP1,NCKAP1,0.999
9606.ENSP00000481038,CYFIP1,WASF2,0.999
9606.ENSP00000481038,CYFIP1,WASF1,0.999
9606.ENSP00000481038,CYFIP1,FXR2,0.999
9606.ENSP00000481038,CYFIP1,ABI2,0.999
9606.ENSP00000481038,CYFIP1,EIF4E,0.997
9606.ENSP00000481038,CYFIP1,WASF3,0.996
9606.ENSP00000481038,CYFIP1,RAC1,0.993
9606.ENSP00000481038,CYFIP1,NIPA2,0.993
9606.ENSP00000481038,CYFIP1,ABI3,0.991
9606.ENSP00000481038,CYFIP1,TUBGCP5,0.989
9606.ENSP00000481038,CYFIP1,NIPA1,0.979
9606.ENSP00000481038,CYFIP1,CYFIP2,0.975
9606.ENSP00000481038,CYFIP1,BAIAP2,0.945
9606.ENSP00000481038,CYFIP1,PCDH10,0.939
9606.ENSP00000481038,CYFIP1,RAC2,0.93
9606.ENSP00000481038,CYFIP1,ARF1,0.918
9606.ENSP00000481038,CYFIP1,EIF4E1B,0.918
9606.ENSP00000481038,CYFIP1,RAC3,0.917
9606.ENSP00000481038,CYFIP1,EIF4E2,0.905
9606.ENSP00000481038,CYFIP1,NCK1,0.902
9606.ENSP00000481762,CSDE1,PABPC1,0.985
9606.ENSP00000481762,CSDE1,SYNCRIP,0.984
9606.ENSP00000481762,CSDE1,STRAP,0.977
9606.ENSP00000481762,CSDE1,YBX1,0.975
9606.ENSP00000481762,CSDE1,HNRNPU,0.947
9606.ENSP00000481762,CSDE1,IGF2BP1,0.932
9606.ENSP00000481762,CSDE1,HNRNPD,0.931
9606.ENSP00000481762,CSDE1,DHX9,0.929
9606.ENSP00000481762,CSDE1,PAIP1,0.919
9606.ENSP00000481956,CREB3L1,CREB3L2,0.955
9606.ENSP00000481956,CREB3L1,CREB3L3,0.95
9606.ENSP00000481956,CREB3L1,CREB3,0.947
9606.ENSP00000481956,CREB3L1,CREB1,0.938
9606.ENSP00000481956,CREB3L1,ATF6B,0.931
9606.ENSP00000481956,CREB3L1,ATF4,0.929
9606.ENSP00000481956,CREB3L1,CREB3L4,0.928
9606.ENSP00000481956,CREB3L1,MBTPS2,0.926
9606.ENSP00000481956,CREB3L1,CREBBP,0.923
9606.ENSP00000481956,CREB3L1,CREB5,0.919
9606.ENSP00000481956,CREB3L1,EP300,0.917
9606.ENSP00000481956,CREB3L1,CRTC2,0.91
9606.ENSP00000481956,CREB3L1,CREM,0.905
9606.ENSP00000481956,CREB3L1,MAPK3,0.905
9606.ENSP00000481956,CREB3L1,GSK3B,0.904
9606.ENSP00000481956,CREB3L1,CAMK4,0.903
9606.ENSP00000481956,CREB3L1,ATF2,0.903
9606.ENSP00000481956,CREB3L1,PPARGC1A,0.901
9606.ENSP00000481956,CREB3L1,RPS6KA5,0.9
9606.ENSP00000481956,CREB3L1,MAPK1,0.9
9606.ENSP00000481994,EPHB6,EFNB1,0.999
9606.ENSP00000481994,EPHB6,EFNB2,0.999
9606.ENSP00000481994,EPHB6,EFNB3,0.999
9606.ENSP00000481994,EPHB6,EFNA1,0.921
9606.ENSP00000481994,EPHB6,NGEF,0.919
9606.ENSP00000481994,EPHB6,EFNA5,0.913
9606.ENSP00000481994,EPHB6,RASA1,0.91
9606.ENSP00000481994,EPHB6,EFNA3,0.907
9606.ENSP00000481994,EPHB6,ABL1,0.907
9606.ENSP00000481994,EPHB6,EFNA4,0.904
9606.ENSP00000482245,DACH1,EYA1,0.942
9606.ENSP00000482245,DACH1,SIX1,0.939
9606.ENSP00000482245,DACH1,SMAD4,0.927
9606.ENSP00000483495,DDX27,RBM28,0.986
9606.ENSP00000483495,DDX27,FTSJ3,0.985
9606.ENSP00000483495,DDX27,PES1,0.979
9606.ENSP00000483495,DDX27,NIFK,0.979
9606.ENSP00000483495,DDX27,BOP1,0.974
9606.ENSP00000483495,DDX27,RBM34,0.958
9606.ENSP00000483495,DDX27,WDR12,0.955
9606.ENSP00000483495,DDX27,NOC2L,0.955
9606.ENSP00000483495,DDX27,UTP18,0.951
9606.ENSP00000483495,DDX27,RPF2,0.949
9606.ENSP00000483495,DDX27,PUM3,0.945
9606.ENSP00000483495,DDX27,WDR3,0.943
9606.ENSP00000483495,DDX27,NOP56,0.941
9606.ENSP00000483495,DDX27,NOP2,0.934
9606.ENSP00000483495,DDX27,UTP14A,0.932
9606.ENSP00000483495,DDX27,KRR1,0.931
9606.ENSP00000483495,DDX27,DDX56,0.929
9606.ENSP00000483495,DDX27,BMS1,0.926
9606.ENSP00000483495,DDX27,EBNA1BP2,0.919
9606.ENSP00000483495,DDX27,DKC1,0.919
9606.ENSP00000483495,DDX27,NSUN6,0.915
9606.ENSP00000483495,DDX27,RRP8,0.915
9606.ENSP00000483495,DDX27,GTPBP4,0.911
9606.ENSP00000483495,DDX27,RBM19,0.911
9606.ENSP00000483495,DDX27,CEBPZ,0.91
9606.ENSP00000483495,DDX27,NOP14,0.908
9606.ENSP00000483495,DDX27,MAK16,0.903
9606.ENSP00000483495,DDX27,WDR46,0.901
9606.ENSP00000483667,CHD1,H3C13,0.994
9606.ENSP00000483667,CHD1,H3C12,0.994
9606.ENSP00000483667,CHD1,H3-3B,0.994
9606.ENSP00000483667,CHD1,H3-4,0.989
9606.ENSP00000483667,CHD1,H3-2,0.989
9606.ENSP00000483667,CHD1,H3-5,0.989
9606.ENSP00000483667,CHD1,RTF1,0.98
9606.ENSP00000483667,CHD1,H3C1,0.962
9606.ENSP00000483667,CHD1,H3C6,0.941
9606.ENSP00000483667,CHD1,H3C3,0.94
9606.ENSP00000483667,CHD1,H3C14,0.932
9606.ENSP00000483667,CHD1,H3-3A,0.927
9606.ENSP00000483667,CHD1,H3C4,0.92
9606.ENSP00000483667,CHD1,H3C2,0.919
9606.ENSP00000483667,CHD1,H3C10,0.919
9606.ENSP00000483667,CHD1,H3C8,0.919
9606.ENSP00000483667,CHD1,H3C11,0.919
9606.ENSP00000483667,CHD1,H3C15,0.919
9606.ENSP00000483667,CHD1,H3C7,0.919
9606.ENSP00000483667,CHD1,SSRP1,0.901
9606.ENSP00000484928,CDH4,CTNND1,0.942
9606.ENSP00000485010,CIITA,RFX5,0.999
9606.ENSP00000485010,CIITA,RFXANK,0.998
9606.ENSP00000485010,CIITA,RFXAP,0.996
9606.ENSP00000485010,CIITA,CREB1,0.978
9606.ENSP00000485010,CIITA,NFYC,0.96
9606.ENSP00000485010,CIITA,NFYA,0.96
9606.ENSP00000485010,CIITA,RFX1,0.958
9606.ENSP00000485010,CIITA,STAT1,0.957
9606.ENSP00000485010,CIITA,NFYB,0.95
9606.ENSP00000485010,CIITA,NAIP,0.931
9606.ENSP00000485010,CIITA,CEBPB,0.915
9606.ENSP00000485010,CIITA,CEBPG,0.903
9606.ENSP00000485478,CDHR1,PROM1,0.917
9606.ENSP00000486361,DBI,TSPO,0.941
9606.ENSP00000486361,DBI,PEX3,0.926
9606.ENSP00000486361,DBI,APOA5,0.918
9606.ENSP00000486361,DBI,APOE,0.913
9606.ENSP00000486361,DBI,PLA2G7,0.9
9606.ENSP00000486540,CNOT9,CNOT6L,0.999
9606.ENSP00000486540,CNOT9,CNOT7,0.999
9606.ENSP00000486540,CNOT9,CNOT4,0.999
9606.ENSP00000486540,CNOT9,CNOT8,0.999
9606.ENSP00000486540,CNOT9,CNOT2,0.999
9606.ENSP00000486540,CNOT9,CNOT3,0.999
9606.ENSP00000486540,CNOT9,CNOT6,0.999
9606.ENSP00000486540,CNOT9,CNOT11,0.999
9606.ENSP00000486540,CNOT9,CNOT1,0.999
9606.ENSP00000486540,CNOT9,CNOT10,0.999
9606.ENSP00000486540,CNOT9,TNKS1BP1,0.986
9606.ENSP00000486540,CNOT9,TOB1,0.979
9606.ENSP00000486540,CNOT9,TNRC6A,0.976
9606.ENSP00000486540,CNOT9,MTREX,0.97
9606.ENSP00000486540,CNOT9,CPEB3,0.909
9606.ENSP00000494040,DDX3X,TBK1,0.999
9606.ENSP00000494040,DDX3X,IKBKE,0.996
9606.ENSP00000494040,DDX3X,EIF4E,0.995
9606.ENSP00000494040,DDX3X,XPO1,0.992
9606.ENSP00000494040,DDX3X,EIF4G1,0.977
9606.ENSP00000494040,DDX3X,MAVS,0.966
9606.ENSP00000494040,DDX3X,PABPC1,0.956
9606.ENSP00000494040,DDX3X,CSNK1E,0.945
9606.ENSP00000494040,DDX3X,EIF2S1,0.927
9606.ENSP00000494040,DDX3X,G3BP1,0.912
9606.ENSP00000494538,CTCF,RAD21,0.999
9606.ENSP00000494538,CTCF,YY1,0.991
9606.ENSP00000494538,CTCF,SMC3,0.989
9606.ENSP00000494538,CTCF,SUZ12,0.987
9606.ENSP00000494538,CTCF,STAG2,0.983
9606.ENSP00000494538,CTCF,NPM1,0.975
9606.ENSP00000494538,CTCF,SMC1A,0.963
9606.ENSP00000494538,CTCF,EP300,0.959
9606.ENSP00000494538,CTCF,POU5F1,0.955
9606.ENSP00000494538,CTCF,CHD8,0.944
9606.ENSP00000494538,CTCF,IGF2,0.935
9606.ENSP00000494538,CTCF,SIN3A,0.932
9606.ENSP00000494538,CTCF,PARP1,0.924
9606.ENSP00000494538,CTCF,EZH2,0.916
9606.ENSP00000495240,CHD8,CTNNB1,0.993
9606.ENSP00000495240,CHD8,WDR5,0.992
9606.ENSP00000495240,CHD8,RBBP5,0.981
9606.ENSP00000495240,CHD8,TAF1,0.964
9606.ENSP00000495240,CHD8,CHD7,0.957
9606.ENSP00000495240,CHD8,BRD4,0.957
9606.ENSP00000495240,CHD8,KMT2A,0.946
9606.ENSP00000495240,CHD8,CTCF,0.944
9606.ENSP00000495240,CHD8,RUVBL1,0.942
9606.ENSP00000495240,CHD8,RUVBL2,0.938
9606.ENSP00000495240,CHD8,TAF9,0.927
9606.ENSP00000495240,CHD8,KANSL1,0.926
9606.ENSP00000495240,CHD8,TAF6,0.921
9606.ENSP00000495240,CHD8,PHF20,0.919
9606.ENSP00000495240,CHD8,INO80C,0.918
9606.ENSP00000495240,CHD8,KAT8,0.916
9606.ENSP00000495240,CHD8,HCFC1,0.916
9606.ENSP00000495240,CHD8,RNF2,0.916
9606.ENSP00000495240,CHD8,LAS1L,0.914
9606.ENSP00000495240,CHD8,ASH2L,0.912
9606.ENSP00000495240,CHD8,TAF4,0.91
9606.ENSP00000495240,CHD8,PELP1,0.91
9606.ENSP00000495240,CHD8,MGA,0.909
9606.ENSP00000495240,CHD8,SENP3,0.908
9606.ENSP00000495240,CHD8,TEX10,0.908
9606.ENSP00000495240,CHD8,MCRS1,0.907
9606.ENSP00000495240,CHD8,PRPF31,0.904
9606.ENSP00000495240,CHD8,TAF7,0.904
9606.ENSP00000495240,CHD8,MAX,0.903
9606.ENSP00000495240,CHD8,E2F6,0.902
9606.ENSP00000495240,CHD8,C17orf49,0.9
9606.ENSP00000495360,CTNNB1,TCF7,0.999
9606.ENSP00000495360,CTNNB1,POU5F1,0.999
9606.ENSP00000495360,CTNNB1,HNF4A,0.999
9606.ENSP00000495360,CTNNB1,TCF7L2,0.999
9606.ENSP00000495360,CTNNB1,TCF4,0.999
9606.ENSP00000495360,CTNNB1,LEF1,0.999
9606.ENSP00000495360,CTNNB1,CDH1,0.999
9606.ENSP00000495360,CTNNB1,CDH17,0.999
9606.ENSP00000495360,CTNNB1,APC,0.999
9606.ENSP00000495360,CTNNB1,PSEN1,0.999
9606.ENSP00000495360,CTNNB1,EP300,0.999
9606.ENSP00000495360,CTNNB1,GSK3B,0.999
9606.ENSP00000495360,CTNNB1,CSNK1A1,0.999
9606.ENSP00000495360,CTNNB1,SRC,0.999
9606.ENSP00000495360,CTNNB1,IQGAP1,0.999
9606.ENSP00000495360,CTNNB1,AXIN1,0.999
9606.ENSP00000495360,CTNNB1,CDH2,0.999
9606.ENSP00000495360,CTNNB1,SMAD3,0.999
9606.ENSP00000495360,CTNNB1,CTNND1,0.999
9606.ENSP00000495360,CTNNB1,SKP1,0.999
9606.ENSP00000495360,CTNNB1,BCL9,0.999
9606.ENSP00000495360,CTNNB1,BTRC,0.999
9606.ENSP00000495360,CTNNB1,RUVBL1,0.999
9606.ENSP00000495360,CTNNB1,TCF7L1,0.999
9606.ENSP00000495360,CTNNB1,CREBBP,0.999
9606.ENSP00000495360,CTNNB1,CDH5,0.999
9606.ENSP00000495360,CTNNB1,CTNNBIP1,0.999
9606.ENSP00000495360,CTNNB1,AXIN2,0.999
9606.ENSP00000495360,CTNNB1,CTNNA1,0.999
9606.ENSP00000495360,CTNNB1,MUC1,0.998
9606.ENSP00000495360,CTNNB1,PECAM1,0.998
9606.ENSP00000495360,CTNNB1,SMARCA4,0.998
9606.ENSP00000495360,CTNNB1,SMAD4,0.998
9606.ENSP00000495360,CTNNB1,SMAD2,0.998
9606.ENSP00000495360,CTNNB1,HIF1A,0.998
9606.ENSP00000495360,CTNNB1,TBL1X,0.998
9606.ENSP00000495360,CTNNB1,CTNNA3,0.998
9606.ENSP00000495360,CTNNB1,FOXO3,0.998
9606.ENSP00000495360,CTNNB1,CTNNA2,0.998
9606.ENSP00000495360,CTNNB1,EGFR,0.998
9606.ENSP00000495360,CTNNB1,ERBB2,0.998
9606.ENSP00000495360,CTNNB1,VCL,0.997
9606.ENSP00000495360,CTNNB1,RUVBL2,0.997
9606.ENSP00000495360,CTNNB1,TBL1XR1,0.997
9606.ENSP00000495360,CTNNB1,YAP1,0.997
9606.ENSP00000495360,CTNNB1,AR,0.996
9606.ENSP00000495360,CTNNB1,KDR,0.996
9606.ENSP00000495360,CTNNB1,GSK3A,0.996
9606.ENSP00000495360,CTNNB1,PKM,0.996
9606.ENSP00000495360,CTNNB1,CDH3,0.995
9606.ENSP00000495360,CTNNB1,TJP1,0.995
9606.ENSP00000495360,CTNNB1,TERT,0.995
9606.ENSP00000495360,CTNNB1,APC2,0.994
9606.ENSP00000495360,CTNNB1,FOXM1,0.994
9606.ENSP00000495360,CTNNB1,PPARG,0.994
9606.ENSP00000495360,CTNNB1,DVL1,0.994
9606.ENSP00000495360,CTNNB1,YWHAZ,0.993
9606.ENSP00000495360,CTNNB1,FHL2,0.993
9606.ENSP00000495360,CTNNB1,PYGO2,0.993
9606.ENSP00000495360,CTNNB1,CHD8,0.993
9606.ENSP00000495360,CTNNB1,CDH11,0.993
9606.ENSP00000495360,CTNNB1,FBXW11,0.993
9606.ENSP00000495360,CTNNB1,TBL1Y,0.992
9606.ENSP00000495360,CTNNB1,AMER1,0.992
9606.ENSP00000495360,CTNNB1,LRP5,0.992
9606.ENSP00000495360,CTNNB1,TBX5,0.992
9606.ENSP00000495360,CTNNB1,CBY1,0.992
9606.ENSP00000495360,CTNNB1,BCL9L,0.992
9606.ENSP00000495360,CTNNB1,LRP6,0.992
9606.ENSP00000495360,CTNNB1,SOX2,0.991
9606.ENSP00000495360,CTNNB1,SIAH1,0.991
9606.ENSP00000495360,CTNNB1,KLF4,0.991
9606.ENSP00000495360,CTNNB1,MAGI2,0.986
9606.ENSP00000495360,CTNNB1,EZH2,0.986
9606.ENSP00000495360,CTNNB1,FYN,0.986
9606.ENSP00000495360,CTNNB1,IGF1R,0.985
9606.ENSP00000495360,CTNNB1,MYC,0.985
9606.ENSP00000495360,CTNNB1,PXN,0.985
9606.ENSP00000495360,CTNNB1,MET,0.985
9606.ENSP00000495360,CTNNB1,FOXO1,0.985
9606.ENSP00000495360,CTNNB1,HDAC1,0.985
9606.ENSP00000495360,CTNNB1,SOX9,0.982
9606.ENSP00000495360,CTNNB1,PTPRF,0.982
9606.ENSP00000495360,CTNNB1,CDC73,0.98
9606.ENSP00000495360,CTNNB1,AKT1,0.979
9606.ENSP00000495360,CTNNB1,MEN1,0.978
9606.ENSP00000495360,CTNNB1,JUP,0.978
9606.ENSP00000495360,CTNNB1,RUNX3,0.977
9606.ENSP00000495360,CTNNB1,WNT3A,0.976
9606.ENSP00000495360,CTNNB1,NOTCH1,0.976
9606.ENSP00000495360,CTNNB1,UBE3A,0.974
9606.ENSP00000495360,CTNNB1,WNT1,0.973
9606.ENSP00000495360,CTNNB1,EMD,0.973
9606.ENSP00000495360,CTNNB1,CCND1,0.972
9606.ENSP00000495360,CTNNB1,CACYBP,0.971
9606.ENSP00000495360,CTNNB1,LRRFIP1,0.971
9606.ENSP00000495360,CTNNB1,RBPJ,0.971
9606.ENSP00000495360,CTNNB1,PTPN1,0.97
9606.ENSP00000495360,CTNNB1,PTPRB,0.967
9606.ENSP00000495360,CTNNB1,SOX17,0.967
9606.ENSP00000495360,CTNNB1,CASP3,0.965
9606.ENSP00000495360,CTNNB1,ESR1,0.965
9606.ENSP00000495360,CTNNB1,CTBP1,0.965
9606.ENSP00000495360,CTNNB1,NFKB1,0.964
9606.ENSP00000495360,CTNNB1,TRRAP,0.964
9606.ENSP00000495360,CTNNB1,MAGI1,0.963
9606.ENSP00000495360,CTNNB1,PITX2,0.963
9606.ENSP00000495360,CTNNB1,DKK1,0.963
9606.ENSP00000495360,CTNNB1,NR5A2,0.961
9606.ENSP00000495360,CTNNB1,KRIT1,0.961
9606.ENSP00000495360,CTNNB1,TLE1,0.96
9606.ENSP00000495360,CTNNB1,MAGI3,0.959
9606.ENSP00000495360,CTNNB1,TCF3,0.958
9606.ENSP00000495360,CTNNB1,PRKACB,0.957
9606.ENSP00000495360,CTNNB1,CDH15,0.957
9606.ENSP00000495360,CTNNB1,PRKACA,0.957
9606.ENSP00000495360,CTNNB1,PRKACG,0.956
9606.ENSP00000495360,CTNNB1,CDH8,0.955
9606.ENSP00000495360,CTNNB1,CSNK2B,0.955
9606.ENSP00000495360,CTNNB1,ROCK1,0.953
9606.ENSP00000495360,CTNNB1,TLE3,0.952
9606.ENSP00000495360,CTNNB1,CREB1,0.95
9606.ENSP00000495360,CTNNB1,PYGO1,0.949
9606.ENSP00000495360,CTNNB1,ABL1,0.949
9606.ENSP00000495360,CTNNB1,SETD1A,0.947
9606.ENSP00000495360,CTNNB1,FGFR1,0.947
9606.ENSP00000495360,CTNNB1,NANOG,0.946
9606.ENSP00000495360,CTNNB1,SMAD7,0.946
9606.ENSP00000495360,CTNNB1,FER,0.945
9606.ENSP00000495360,CTNNB1,ROCK2,0.945
9606.ENSP00000495360,CTNNB1,CSNK2A2,0.945
9606.ENSP00000495360,CTNNB1,TAX1BP3,0.943
9606.ENSP00000495360,CTNNB1,PTEN,0.943
9606.ENSP00000495360,CTNNB1,CAV1,0.942
9606.ENSP00000495360,CTNNB1,WNT3,0.941
9606.ENSP00000495360,CTNNB1,MEF2C,0.939
9606.ENSP00000495360,CTNNB1,OCLN,0.937
9606.ENSP00000495360,CTNNB1,CSNK2A1,0.936
9606.ENSP00000495360,CTNNB1,KMT2D,0.936
9606.ENSP00000495360,CTNNB1,RBBP5,0.935
9606.ENSP00000495360,CTNNB1,TLE4,0.935
9606.ENSP00000495360,CTNNB1,FZD2,0.934
9606.ENSP00000495360,CTNNB1,SNAI1,0.934
9606.ENSP00000495360,CTNNB1,FAT1,0.933
9606.ENSP00000495360,CTNNB1,LIMA1,0.931
9606.ENSP00000495360,CTNNB1,DVL2,0.93
9606.ENSP00000495360,CTNNB1,CDKN2A,0.93
9606.ENSP00000495360,CTNNB1,CSNK1A1L,0.928
9606.ENSP00000495360,CTNNB1,TP53,0.927
9606.ENSP00000495360,CTNNB1,FBXW7,0.924
9606.ENSP00000495360,CTNNB1,PTPRM,0.923
9606.ENSP00000495360,CTNNB1,RELA,0.92
9606.ENSP00000495360,CTNNB1,LDB1,0.918
9606.ENSP00000495360,CTNNB1,SOX6,0.918
9606.ENSP00000495360,CTNNB1,FOXO4,0.915
9606.ENSP00000495360,CTNNB1,FZD1,0.913
9606.ENSP00000495360,CTNNB1,ASH2L,0.913
9606.ENSP00000495360,CTNNB1,CSNK2A3,0.913
9606.ENSP00000495360,CTNNB1,CBL,0.91
9606.ENSP00000495360,CTNNB1,CDC42,0.908
9606.ENSP00000495360,CTNNB1,CUL1,0.906
9606.ENSP00000495360,CTNNB1,SLC9A3R1,0.903
9606.ENSP00000495360,CTNNB1,SIRT1,0.902
9606.ENSP00000495360,CTNNB1,PTPN11,0.902
9606.ENSP00000495360,CTNNB1,ARHGAP10,0.902
9606.ENSP00000495360,CTNNB1,PIK3CA,0.901
9606.ENSP00000495360,CTNNB1,SIRT2,0.9
9606.ENSP00000497102,CTLA4,CD86,0.999
9606.ENSP00000497102,CTLA4,LOC102723996,0.999
9606.ENSP00000497102,CTLA4,CD80,0.999
9606.ENSP00000497102,CTLA4,CD274,0.999
9606.ENSP00000497102,CTLA4,ICOS,0.998
9606.ENSP00000497102,CTLA4,PDCD1LG2,0.998
9606.ENSP00000497102,CTLA4,PDCD1,0.992
9606.ENSP00000497102,CTLA4,ICOSLG,0.992
9606.ENSP00000497102,CTLA4,LGALS9,0.991
9606.ENSP00000497102,CTLA4,CD28,0.991
9606.ENSP00000497102,CTLA4,PTPN11,0.991
9606.ENSP00000497102,CTLA4,LCN2,0.988
9606.ENSP00000497102,CTLA4,CD276,0.985
9606.ENSP00000497102,CTLA4,FOXP3,0.976
9606.ENSP00000497102,CTLA4,LGALS9C,0.973
9606.ENSP00000497102,CTLA4,CD40,0.973
9606.ENSP00000497102,CTLA4,LGALS9B,0.973
9606.ENSP00000497102,CTLA4,LAG3,0.965
9606.ENSP00000497102,CTLA4,CD4,0.955
9606.ENSP00000497102,CTLA4,PTPN6,0.954
9606.ENSP00000497102,CTLA4,VTCN1,0.953
9606.ENSP00000497102,CTLA4,IFNG,0.951
9606.ENSP00000497102,CTLA4,PVR,0.95
9606.ENSP00000497102,CTLA4,IL2,0.943
9606.ENSP00000497102,CTLA4,CD8A,0.94
9606.ENSP00000497102,CTLA4,TNFRSF18,0.932
9606.ENSP00000497102,CTLA4,NECTIN2,0.931
9606.ENSP00000497102,CTLA4,LOC102723407,0.93
9606.ENSP00000497102,CTLA4,MTUS2,0.926
9606.ENSP00000497102,CTLA4,MTUS1,0.925
9606.ENSP00000497102,CTLA4,TIGIT,0.922
9606.ENSP00000497102,CTLA4,IL10,0.922
9606.ENSP00000497102,CTLA4,LCK,0.911
9606.ENSP00000497102,CTLA4,IDO1,0.91
9606.ENSP00000497102,CTLA4,FYN,0.91
9606.ENSP00000497102,CTLA4,HAVCR2,0.907
9606.ENSP00000497102,CTLA4,TNFRSF4,0.907
9606.ENSP00000497102,CTLA4,IGHV3-43D,0.901
9606.ENSP00000497102,CTLA4,IGHV3-16,0.9
9606.ENSP00000497102,CTLA4,AP2M1,0.9
9606.ENSP00000497102,CTLA4,IGHV3OR16-9,0.9
9606.ENSP00000497733,CDC42,ARHGEF7,0.999
9606.ENSP00000497733,CDC42,ARHGAP1,0.999
9606.ENSP00000497733,CDC42,ITSN1,0.999
9606.ENSP00000497733,CDC42,TNK2,0.999
9606.ENSP00000497733,CDC42,IQGAP2,0.999
9606.ENSP00000497733,CDC42,WASL,0.999
9606.ENSP00000497733,CDC42,PARD6B,0.999
9606.ENSP00000497733,CDC42,IQGAP1,0.999
9606.ENSP00000497733,CDC42,PAK1,0.999
9606.ENSP00000497733,CDC42,PAK6,0.999
9606.ENSP00000497733,CDC42,ARHGDIA,0.999
9606.ENSP00000497733,CDC42,PIK3CB,0.999
9606.ENSP00000497733,CDC42,WAS,0.999
9606.ENSP00000497733,CDC42,BAIAP2,0.999
9606.ENSP00000497733,CDC42,AKT1,0.999
9606.ENSP00000497733,CDC42,PARD3,0.999
9606.ENSP00000497733,CDC42,PAK4,0.999
9606.ENSP00000497733,CDC42,VAV1,0.999
9606.ENSP00000497733,CDC42,PAK2,0.998
9606.ENSP00000497733,CDC42,PARD6A,0.998
9606.ENSP00000497733,CDC42,PRKCZ,0.998
9606.ENSP00000497733,CDC42,TRIP10,0.998
9606.ENSP00000497733,CDC42,CDC42BPA,0.998
9606.ENSP00000497733,CDC42,FNBP1L,0.997
9606.ENSP00000497733,CDC42,FMNL1,0.997
9606.ENSP00000497733,CDC42,DOCK8,0.997
9606.ENSP00000497733,CDC42,PARD6G,0.997
9606.ENSP00000497733,CDC42,PAK5,0.996
9606.ENSP00000497733,CDC42,TIAM1,0.995
9606.ENSP00000497733,CDC42,PAK3,0.995
9606.ENSP00000497733,CDC42,DOCK7,0.994
9606.ENSP00000497733,CDC42,MAP3K11,0.993
9606.ENSP00000497733,CDC42,EXOC1,0.992
9606.ENSP00000497733,CDC42,PIK3R1,0.992
9606.ENSP00000497733,CDC42,PREX1,0.991
9606.ENSP00000497733,CDC42,DIAPH3,0.991
9606.ENSP00000497733,CDC42,SRC,0.991
9606.ENSP00000497733,CDC42,VASP,0.991
9606.ENSP00000497733,CDC42,WIPF1,0.989
9606.ENSP00000497733,CDC42,IQGAP3,0.989
9606.ENSP00000497733,CDC42,FMNL2,0.988
9606.ENSP00000497733,CDC42,FGD1,0.988
9606.ENSP00000497733,CDC42,CD44,0.987
9606.ENSP00000497733,CDC42,ARHGAP17,0.987
9606.ENSP00000497733,CDC42,SRGAP1,0.987
9606.ENSP00000497733,CDC42,VAV2,0.986
9606.ENSP00000497733,CDC42,MAPK8,0.986
9606.ENSP00000497733,CDC42,ARHGEF6,0.985
9606.ENSP00000497733,CDC42,DOCK10,0.983
9606.ENSP00000497733,CDC42,PIK3CA,0.982
9606.ENSP00000497733,CDC42,ARHGEF4,0.98
9606.ENSP00000497733,CDC42,ITSN2,0.979
9606.ENSP00000497733,CDC42,CDC42EP5,0.979
9606.ENSP00000497733,CDC42,CLIP1,0.979
9606.ENSP00000497733,CDC42,RACGAP1,0.979
9606.ENSP00000497733,CDC42,DOCK9,0.977
9606.ENSP00000497733,CDC42,FYN,0.977
9606.ENSP00000497733,CDC42,FLNA,0.976
9606.ENSP00000497733,CDC42,MAPK9,0.976
9606.ENSP00000497733,CDC42,VAV3,0.976
9606.ENSP00000497733,CDC42,ACTB,0.975
9606.ENSP00000497733,CDC42,ARHGDIG,0.974
9606.ENSP00000497733,CDC42,PIK3R2,0.974
9606.ENSP00000497733,CDC42,NCK1,0.973
9606.ENSP00000497733,CDC42,NGEF,0.973
9606.ENSP00000497733,CDC42,RABIF,0.972
9606.ENSP00000497733,CDC42,GIT2,0.971
9606.ENSP00000497733,CDC42,PTEN,0.971
9606.ENSP00000497733,CDC42,EXOC7,0.968
9606.ENSP00000497733,CDC42,PRKCI,0.968
9606.ENSP00000497733,CDC42,MAPK14,0.968
9606.ENSP00000497733,CDC42,SRGAP3,0.968
9606.ENSP00000497733,CDC42,MAP3K1,0.967
9606.ENSP00000497733,CDC42,FGD3,0.967
9606.ENSP00000497733,CDC42,CDC42EP2,0.966
9606.ENSP00000497733,CDC42,PIK3CD,0.965
9606.ENSP00000497733,CDC42,ARHGEF9,0.965
9606.ENSP00000497733,CDC42,CTNND1,0.964
9606.ENSP00000497733,CDC42,MCF2,0.964
9606.ENSP00000497733,CDC42,SLCO6A1,0.961
9606.ENSP00000497733,CDC42,ARHGEF1,0.96
9606.ENSP00000497733,CDC42,RALBP1,0.958
9606.ENSP00000497733,CDC42,ACTG1,0.957
9606.ENSP00000497733,CDC42,MAP3K4,0.956
9606.ENSP00000497733,CDC42,MCF2L,0.956
9606.ENSP00000497733,CDC42,RHOA,0.955
9606.ENSP00000497733,CDC42,EGFR,0.955
9606.ENSP00000497733,CDC42,WASF1,0.953
9606.ENSP00000497733,CDC42,CDC42EP1,0.952
9606.ENSP00000497733,CDC42,ARHGDIB,0.951
9606.ENSP00000497733,CDC42,ACTR2,0.95
9606.ENSP00000497733,CDC42,SPATA13,0.949
9606.ENSP00000497733,CDC42,SRGAP2,0.948
9606.ENSP00000497733,CDC42,STK24,0.948
9606.ENSP00000497733,CDC42,MAPK11,0.947
9606.ENSP00000497733,CDC42,MAPK12,0.946
9606.ENSP00000497733,CDC42,MAPK13,0.946
9606.ENSP00000497733,CDC42,KDR,0.945
9606.ENSP00000497733,CDC42,WHAMM,0.943
9606.ENSP00000497733,CDC42,RAC2,0.943
9606.ENSP00000497733,CDC42,CDC42EP4,0.942
9606.ENSP00000497733,CDC42,CDC42SE2,0.942
9606.ENSP00000497733,CDC42,CTTN,0.938
9606.ENSP00000497733,CDC42,BNIP2,0.938
9606.ENSP00000497733,CDC42,TUBA1B,0.938
9606.ENSP00000497733,CDC42,DOCK11,0.937
9606.ENSP00000497733,CDC42,TUBA1C,0.936
9606.ENSP00000497733,CDC42,GIT1,0.935
9606.ENSP00000497733,CDC42,CFL2,0.935
9606.ENSP00000497733,CDC42,WASF2,0.934
9606.ENSP00000497733,CDC42,TUBA1A,0.934
9606.ENSP00000497733,CDC42,RASA1,0.933
9606.ENSP00000497733,CDC42,ARHGAP32,0.933
9606.ENSP00000497733,CDC42,MAP3K5,0.932
9606.ENSP00000497733,CDC42,RAC3,0.932
9606.ENSP00000497733,CDC42,CDC42EP3,0.931
9606.ENSP00000497733,CDC42,TUBA4A,0.931
9606.ENSP00000497733,CDC42,CFL1,0.93
9606.ENSP00000497733,CDC42,MAGI1,0.93
9606.ENSP00000497733,CDC42,TUBA3D,0.927
9606.ENSP00000497733,CDC42,FNBP1,0.926
9606.ENSP00000497733,CDC42,PIK3R3,0.925
9606.ENSP00000497733,CDC42,FARP2,0.925
9606.ENSP00000497733,CDC42,TUBA8,0.925
9606.ENSP00000497733,CDC42,TUBAL3,0.924
9606.ENSP00000497733,CDC42,ECT2,0.924
9606.ENSP00000497733,CDC42,ABLIM1,0.923
9606.ENSP00000497733,CDC42,TUBA3E,0.923
9606.ENSP00000497733,CDC42,CDC42BPB,0.923
9606.ENSP00000497733,CDC42,GRB2,0.922
9606.ENSP00000497733,CDC42,NGFR,0.921
9606.ENSP00000497733,CDC42,ANXA2,0.921
9606.ENSP00000497733,CDC42,CBL,0.912
9606.ENSP00000497733,CDC42,DOCK1,0.912
9606.ENSP00000497733,CDC42,ABLIM3,0.909
9606.ENSP00000497733,CDC42,CTNNB1,0.908
9606.ENSP00000497733,CDC42,MYL6,0.907
9606.ENSP00000498382,DEPDC5,MIOS,0.999
9606.ENSP00000498382,DEPDC5,ITFG2,0.999
9606.ENSP00000498382,DEPDC5,NPRL2,0.999
9606.ENSP00000498382,DEPDC5,SZT2,0.999
9606.ENSP00000498382,DEPDC5,WDR24,0.999
9606.ENSP00000498382,DEPDC5,C12orf66,0.999
9606.ENSP00000498382,DEPDC5,RRAGC,0.999
9606.ENSP00000498382,DEPDC5,NPRL3,0.999
9606.ENSP00000498382,DEPDC5,WDR59,0.999
9606.ENSP00000498382,DEPDC5,RRAGA,0.999
9606.ENSP00000498382,DEPDC5,KPTN,0.999
9606.ENSP00000498382,DEPDC5,SESN2,0.998
9606.ENSP00000498382,DEPDC5,SEH1L,0.994
9606.ENSP00000498382,DEPDC5,LAMP1,0.994
9606.ENSP00000498382,DEPDC5,SEC13,0.993
9606.ENSP00000498382,DEPDC5,RRAGB,0.985
9606.ENSP00000498382,DEPDC5,BMT2,0.966
9606.ENSP00000498382,DEPDC5,LAMTOR4,0.946
9606.ENSP00000498382,DEPDC5,LAMTOR5,0.94
9606.ENSP00000498382,DEPDC5,LAMTOR2,0.94
9606.ENSP00000498382,DEPDC5,LAMTOR1,0.938
9606.ENSP00000498382,DEPDC5,LAMTOR3,0.936
9606.ENSP00000498602,ELMO3,DOCK1,0.999
9606.ENSP00000498602,ELMO3,WDR35,0.993
9606.ENSP00000498602,ELMO3,ELMO1,0.981
9606.ENSP00000498602,ELMO3,ELMO2,0.978
9606.ENSP00000498602,ELMO3,CRK,0.966
9606.ENSP00000498602,ELMO3,RHOG,0.955
9606.ENSP00000498602,ELMO3,DOCK3,0.909
9606.ENSP00000498602,ELMO3,GULP1,0.907
9606.ENSP00000498653,DEK,UPF1,0.996
9606.ENSP00000498653,DEK,SRRM1,0.978
9606.ENSP00000498653,DEK,RNPS1,0.973
9606.ENSP00000498653,DEK,BAZ1B,0.934
9606.ENSP00000498653,DEK,NUP214,0.932
9606.ENSP00000498653,DEK,MYBBP1A,0.932
9606.ENSP00000498653,DEK,SF3B1,0.928
9606.ENSP00000498653,DEK,SMARCA5,0.922
9606.ENSP00000498653,DEK,DDX21,0.913
9606.ENSP00000498653,DEK,U2AF1,0.907
9606.ENSP00000498766,DSPP,DMP1,0.982
9606.ENSP00000498766,DSPP,MEPE,0.954
9606.ENSP00000498766,DSPP,ITGB6,0.946
9606.ENSP00000498766,DSPP,IBSP,0.93
9606.ENSP00000498766,DSPP,ITGB1,0.922
9606.ENSP00000498766,DSPP,ITGAV,0.905
9606.ENSP00000499185,ENC1,CUL3,0.982
9606.ENSP00000499185,ENC1,KLHL25,0.978
9606.ENSP00000499185,ENC1,KLHL9,0.953
9606.ENSP00000499185,ENC1,RBX1,0.936
9606.ENSP00000499185,ENC1,KLHL13,0.936
9606.ENSP00000499185,ENC1,KEAP1,0.936
9606.ENSP00000499185,ENC1,KBTBD8,0.927
9606.ENSP00000499185,ENC1,GAN,0.926
9606.ENSP00000499185,ENC1,KLHL41,0.921
9606.ENSP00000499185,ENC1,KLHL7,0.921
9606.ENSP00000499185,ENC1,KLHL42,0.92
9606.ENSP00000499185,ENC1,KLHL3,0.915
9606.ENSP00000499185,ENC1,KLHL12,0.914
9606.ENSP00000499185,ENC1,KLHL20,0.913
9606.ENSP00000499185,ENC1,HEXB,0.912
9606.ENSP00000499185,ENC1,KLHL22,0.912
9606.ENSP00000499185,ENC1,KLHL8,0.912
9606.ENSP00000499185,ENC1,KLHL21,0.91
9606.ENSP00000499185,ENC1,SPOP,0.908
9606.ENSP00000499185,ENC1,KCTD17,0.905
9606.ENSP00000499185,ENC1,SPOPL,0.905
9606.ENSP00000499185,ENC1,TNFAIP1,0.901
9606.ENSP00000499185,ENC1,ZSWIM8,0.9
9606.ENSP00000499185,ENC1,LZTR1,0.9
9606.ENSP00000499185,ENC1,KCTD13,0.9
9606.ENSP00000499185,ENC1,KBTBD7,0.9
9606.ENSP00000499185,ENC1,KBTBD6,0.9
9606.ENSP00000078429,GNA11,GNB1,0.994
9606.ENSP00000078429,GNA11,CASR,0.977
9606.ENSP00000078429,GNA11,PLCB4,0.973
9606.ENSP00000078429,GNA11,GNAQ,0.973
9606.ENSP00000078429,GNA11,PLCB1,0.973
9606.ENSP00000078429,GNA11,EDNRB,0.971
9606.ENSP00000078429,GNA11,ADRA1A,0.969
9606.ENSP00000078429,GNA11,ADRA1D,0.961
9606.ENSP00000078429,GNA11,EDNRA,0.96
9606.ENSP00000078429,GNA11,PLCB3,0.952
9606.ENSP00000078429,GNA11,GNG2,0.948
9606.ENSP00000078429,GNA11,PLCB2,0.944
9606.ENSP00000078429,GNA11,GHSR,0.943
9606.ENSP00000078429,GNA11,AGTR1,0.942
9606.ENSP00000078429,GNA11,CCR5,0.942
9606.ENSP00000078429,GNA11,PTH1R,0.936
9606.ENSP00000078429,GNA11,PLCG1,0.936
9606.ENSP00000078429,GNA11,ADRA1B,0.927
9606.ENSP00000078429,GNA11,HTR2B,0.925
9606.ENSP00000078429,GNA11,BDKRB2,0.925
9606.ENSP00000078429,GNA11,GNRHR,0.922
9606.ENSP00000078429,GNA11,CXCR4,0.921
9606.ENSP00000078429,GNA11,CCKAR,0.921
9606.ENSP00000078429,GNA11,GRM1,0.921
9606.ENSP00000078429,GNA11,HTR2A,0.92
9606.ENSP00000078429,GNA11,CHRM1,0.92
9606.ENSP00000078429,GNA11,AVPR1A,0.917
9606.ENSP00000078429,GNA11,HTR2C,0.915
9606.ENSP00000078429,GNA11,BDKRB1,0.915
9606.ENSP00000078429,GNA11,ADRA2A,0.914
9606.ENSP00000078429,GNA11,ADRA2C,0.914
9606.ENSP00000078429,GNA11,FFAR1,0.913
9606.ENSP00000078429,GNA11,KISS1R,0.913
9606.ENSP00000078429,GNA11,ADRA2B,0.91
9606.ENSP00000078429,GNA11,AVPR1B,0.909
9606.ENSP00000078429,GNA11,CHRM3,0.908
9606.ENSP00000078429,GNA11,GRM5,0.907
9606.ENSP00000078429,GNA11,PLCG2,0.906
9606.ENSP00000078429,GNA11,CHRM5,0.902
9606.ENSP00000080059,HDAC7,KAT5,0.98
9606.ENSP00000080059,HDAC7,FOXA1,0.976
9606.ENSP00000080059,HDAC7,MEF2A,0.959
9606.ENSP00000080059,HDAC7,NCOR1,0.959
9606.ENSP00000080059,HDAC7,FOXP3,0.953
9606.ENSP00000080059,HDAC7,EP300,0.94
9606.ENSP00000080059,HDAC7,NCOR2,0.93
9606.ENSP00000080059,HDAC7,HIF1A,0.927
9606.ENSP00000160262,ICAM3,CD209,0.999
9606.ENSP00000160262,ICAM3,ITGB2,0.999
9606.ENSP00000160262,ICAM3,ITGAL,0.999
9606.ENSP00000160262,ICAM3,CLEC4M,0.992
9606.ENSP00000160262,ICAM3,ICAM2,0.965
9606.ENSP00000160262,ICAM3,ICAM1,0.964
9606.ENSP00000163416,GOLGA5,COG7,0.964
9606.ENSP00000163416,GOLGA5,GOLGB1,0.923
9606.ENSP00000166139,FSTL3,MSTN,0.999
9606.ENSP00000166139,FSTL3,INHBA,0.989
9606.ENSP00000168712,FGF4,FGFR1,0.999
9606.ENSP00000168712,FGF4,FGFR2,0.999
9606.ENSP00000168712,FGF4,FGFR4,0.997
9606.ENSP00000168712,FGF4,KL,0.991
9606.ENSP00000168712,FGF4,EGF,0.989
9606.ENSP00000168712,FGF4,FGFR3,0.969
9606.ENSP00000168712,FGF4,HSPG2,0.953
9606.ENSP00000168712,FGF4,KLB,0.951
9606.ENSP00000168712,FGF4,FGFBP1,0.938
9606.ENSP00000168712,FGF4,DCN,0.936
9606.ENSP00000168712,FGF4,KDR,0.932
9606.ENSP00000168712,FGF4,SHH,0.928
9606.ENSP00000168712,FGF4,CD44,0.923
9606.ENSP00000168712,FGF4,EGFR,0.922
9606.ENSP00000168712,FGF4,FLT4,0.91
9606.ENSP00000199936,HSD17B2,HSD17B1,0.999
9606.ENSP00000199936,HSD17B2,HSD17B3,0.998
9606.ENSP00000199936,HSD17B2,DHRS11,0.995
9606.ENSP00000199936,HSD17B2,AKR1C3,0.982
9606.ENSP00000199936,HSD17B2,SRD5A1,0.977
9606.ENSP00000199936,HSD17B2,CYP17A1,0.972
9606.ENSP00000199936,HSD17B2,HSD3B2,0.97
9606.ENSP00000199936,HSD17B2,CYP19A1,0.966
9606.ENSP00000199936,HSD17B2,HSD3B1,0.964
9606.ENSP00000199936,HSD17B2,CYP1A1,0.962
9606.ENSP00000199936,HSD17B2,HSD17B7,0.961
9606.ENSP00000199936,HSD17B2,SULT1E1,0.959
9606.ENSP00000199936,HSD17B2,SRD5A2,0.958
9606.ENSP00000199936,HSD17B2,SRD5A3,0.953
9606.ENSP00000199936,HSD17B2,CYP1B1,0.941
9606.ENSP00000199936,HSD17B2,CYP11B1,0.938
9606.ENSP00000199936,HSD17B2,CYP3A5,0.937
9606.ENSP00000199936,HSD17B2,HSD17B8,0.935
9606.ENSP00000199936,HSD17B2,HSD17B12,0.934
9606.ENSP00000199936,HSD17B2,CYP3A4,0.932
9606.ENSP00000199936,HSD17B2,AKR1D1,0.931
9606.ENSP00000199936,HSD17B2,HSD17B4,0.928
9606.ENSP00000199936,HSD17B2,CYP11B2,0.927
9606.ENSP00000199936,HSD17B2,HSD17B6,0.92
9606.ENSP00000215631,GADD45B,MAP3K4,0.999
9606.ENSP00000215631,GADD45B,CDK1,0.981
9606.ENSP00000215631,GADD45B,MAP2K7,0.979
9606.ENSP00000215631,GADD45B,CCNB1,0.97
9606.ENSP00000215631,GADD45B,GADD45A,0.965
9606.ENSP00000215631,GADD45B,TP53,0.964
9606.ENSP00000215631,GADD45B,GADD45G,0.955
9606.ENSP00000215631,GADD45B,CCNB2,0.926
9606.ENSP00000215631,GADD45B,PCNA,0.912
9606.ENSP00000215631,GADD45B,CCNB3,0.91
9606.ENSP00000218316,GPR50,MTNR1A,0.955
9606.ENSP00000218316,GPR50,MTNR1B,0.938
9606.ENSP00000221419,HNRNPL,HNRNPA2B1,0.999
9606.ENSP00000221419,HNRNPL,ILF3,0.995
9606.ENSP00000221419,HNRNPL,PTBP1,0.993
9606.ENSP00000221419,HNRNPL,HNRNPA1,0.993
9606.ENSP00000221419,HNRNPL,HNRNPC,0.99
9606.ENSP00000221419,HNRNPL,HNRNPK,0.99
9606.ENSP00000221419,HNRNPL,HNRNPH1,0.982
9606.ENSP00000221419,HNRNPL,HNRNPU,0.974
9606.ENSP00000221419,HNRNPL,HNRNPM,0.974
9606.ENSP00000221419,HNRNPL,HNRNPA3,0.97
9606.ENSP00000221419,HNRNPL,HNRNPR,0.961
9606.ENSP00000221419,HNRNPL,SRSF3,0.952
9606.ENSP00000221419,HNRNPL,PCBP2,0.951
9606.ENSP00000221419,HNRNPL,HNRNPF,0.95
9606.ENSP00000221419,HNRNPL,HNRNPDL,0.948
9606.ENSP00000221419,HNRNPL,U2AF2,0.946
9606.ENSP00000221419,HNRNPL,SRSF1,0.945
9606.ENSP00000221419,HNRNPL,PCBP1,0.938
9606.ENSP00000221419,HNRNPL,SETD2,0.935
9606.ENSP00000221419,HNRNPL,SYNCRIP,0.933
9606.ENSP00000221419,HNRNPL,FUS,0.927
9606.ENSP00000221419,HNRNPL,RBMX,0.927
9606.ENSP00000221419,HNRNPL,SRSF7,0.926
9606.ENSP00000221419,HNRNPL,HNRNPD,0.924
9606.ENSP00000221419,HNRNPL,SFPQ,0.918
9606.ENSP00000221419,HNRNPL,TRA2B,0.903
9606.ENSP00000221419,HNRNPL,DHX9,0.901
9606.ENSP00000221419,HNRNPL,ELAVL1,0.901
9606.ENSP00000222329,ERF,SCAF1,0.999
9606.ENSP00000222330,GSK3A,AXIN1,0.999
9606.ENSP00000222330,GSK3A,APC,0.997
9606.ENSP00000222330,GSK3A,CTNNB1,0.996
9606.ENSP00000222330,GSK3A,AKT1,0.993
9606.ENSP00000222330,GSK3A,CSNK1A1,0.991
9606.ENSP00000222330,GSK3A,GSK3B,0.98
9606.ENSP00000222330,GSK3A,AXIN2,0.962
9606.ENSP00000222330,GSK3A,AKT3,0.937
9606.ENSP00000222330,GSK3A,AKT2,0.937
9606.ENSP00000222330,GSK3A,APP,0.927
9606.ENSP00000222330,GSK3A,MAPT,0.911
9606.ENSP00000222330,GSK3A,SIAH1,0.911
9606.ENSP00000222330,GSK3A,CACYBP,0.902
9606.ENSP00000222390,HGF,MET,0.999
9606.ENSP00000222390,HGF,NTRK1,0.997
9606.ENSP00000222390,HGF,IL7,0.991
9606.ENSP00000222390,HGF,EGFR,0.98
9606.ENSP00000222390,HGF,FN1,0.967
9606.ENSP00000222390,HGF,KDR,0.966
9606.ENSP00000222390,HGF,CD44,0.964
9606.ENSP00000222390,HGF,FGF2,0.955
9606.ENSP00000222390,HGF,IGF1R,0.955
9606.ENSP00000222390,HGF,NRP1,0.952
9606.ENSP00000222390,HGF,ERBB3,0.952
9606.ENSP00000222390,HGF,SPINT1,0.944
9606.ENSP00000222390,HGF,MST1R,0.936
9606.ENSP00000222390,HGF,KIT,0.925
9606.ENSP00000222390,HGF,TGFB1,0.921
9606.ENSP00000222390,HGF,ERBB2,0.918
9606.ENSP00000222390,HGF,FLT1,0.908
9606.ENSP00000222390,HGF,FGFR2,0.906
9606.ENSP00000222390,HGF,SDC1,0.901
9606.ENSP00000226798,FRG1,CWC22,0.998
9606.ENSP00000226798,FRG1,FRG2,0.987
9606.ENSP00000226798,FRG1,DUX4,0.927
9606.ENSP00000226798,FRG1,PRPF8,0.906
9606.ENSP00000226798,FRG1,SNRPF,0.902
9606.ENSP00000226798,FRG1,CIR1,0.901
9606.ENSP00000228682,GLI1,SUFU,0.999
9606.ENSP00000228682,GLI1,KIF7,0.997
9606.ENSP00000228682,GLI1,SPOP,0.99
9606.ENSP00000228682,GLI1,SMO,0.988
9606.ENSP00000228682,GLI1,BTRC,0.983
9606.ENSP00000228682,GLI1,SHH,0.979
9606.ENSP00000228682,GLI1,PTCH1,0.978
9606.ENSP00000228682,GLI1,STK36,0.966
9606.ENSP00000228682,GLI1,PRKACA,0.966
9606.ENSP00000228682,GLI1,IHH,0.965
9606.ENSP00000228682,GLI1,GLI2,0.958
9606.ENSP00000228682,GLI1,FBXW11,0.957
9606.ENSP00000228682,GLI1,ARRB2,0.954
9606.ENSP00000228682,GLI1,PRKACG,0.954
9606.ENSP00000228682,GLI1,PRKACB,0.954
9606.ENSP00000228682,GLI1,SPOPL,0.952
9606.ENSP00000228682,GLI1,CUL3,0.945
9606.ENSP00000228682,GLI1,CUL1,0.934
9606.ENSP00000228682,GLI1,KAT2B,0.932
9606.ENSP00000228682,GLI1,ARRB1,0.93
9606.ENSP00000228682,GLI1,GLI3,0.923
9606.ENSP00000228682,GLI1,CDC73,0.92
9606.ENSP00000228837,FGF6,FGFR1,0.999
9606.ENSP00000228837,FGF6,FGFR4,0.997
9606.ENSP00000228837,FGF6,FGFR2,0.997
9606.ENSP00000228837,FGF6,KL,0.991
9606.ENSP00000228837,FGF6,EGF,0.988
9606.ENSP00000228837,FGF6,FGFR3,0.961
9606.ENSP00000228837,FGF6,HSPG2,0.948
9606.ENSP00000228837,FGF6,FGFBP1,0.942
9606.ENSP00000228837,FGF6,DCN,0.936
9606.ENSP00000228837,FGF6,KDR,0.929
9606.ENSP00000228837,FGF6,EGFR,0.924
9606.ENSP00000228837,FGF6,FLT4,0.912
9606.ENSP00000228837,FGF6,KLB,0.903
9606.ENSP00000229330,HCFC2,HCFC1,0.982
9606.ENSP00000229330,HCFC2,CREBZF,0.971
9606.ENSP00000229330,HCFC2,WDR5,0.959
9606.ENSP00000229330,HCFC2,RBBP5,0.955
9606.ENSP00000229330,HCFC2,ASH2L,0.941
9606.ENSP00000229330,HCFC2,CREB3,0.924
9606.ENSP00000229330,HCFC2,KMT2B,0.907
9606.ENSP00000229758,FBXO5,CDC20,0.999
9606.ENSP00000229758,FBXO5,ANAPC4,0.999
9606.ENSP00000229758,FBXO5,FZR1,0.998
9606.ENSP00000229758,FBXO5,SKP1,0.997
9606.ENSP00000229758,FBXO5,BTRC,0.992
9606.ENSP00000229758,FBXO5,ANAPC2,0.989
9606.ENSP00000229758,FBXO5,ANAPC10,0.986
9606.ENSP00000229758,FBXO5,CDC23,0.985
9606.ENSP00000229758,FBXO5,CUL1,0.985
9606.ENSP00000229758,FBXO5,CDC27,0.984
9606.ENSP00000229758,FBXO5,CDC16,0.984
9606.ENSP00000229758,FBXO5,CDC26,0.981
9606.ENSP00000229758,FBXO5,PLK1,0.978
9606.ENSP00000229758,FBXO5,ANAPC5,0.977
9606.ENSP00000229758,FBXO5,ANAPC13,0.971
9606.ENSP00000229758,FBXO5,ANAPC1,0.969
9606.ENSP00000229758,FBXO5,ANAPC16,0.969
9606.ENSP00000229758,FBXO5,FBXW11,0.965
9606.ENSP00000229758,FBXO5,ANAPC15,0.952
9606.ENSP00000229758,FBXO5,RBX1,0.94
9606.ENSP00000229758,FBXO5,CDK1,0.937
9606.ENSP00000229758,FBXO5,ANAPC7,0.927
9606.ENSP00000229758,FBXO5,CCNA2,0.916
9606.ENSP00000229769,FANCE,FANCM,0.999
9606.ENSP00000229769,FANCE,FANCB,0.999
9606.ENSP00000229769,FANCE,FANCC,0.999
9606.ENSP00000229769,FANCE,CENPX,0.999
9606.ENSP00000229769,FANCE,CENPS,0.999
9606.ENSP00000229769,FANCE,FANCF,0.999
9606.ENSP00000229769,FANCE,FAAP100,0.999
9606.ENSP00000229769,FANCE,FANCG,0.999
9606.ENSP00000229769,FANCE,FANCD2,0.999
9606.ENSP00000229769,FANCE,FANCA,0.999
9606.ENSP00000229769,FANCE,FAAP20,0.999
9606.ENSP00000229769,FANCE,FANCI,0.999
9606.ENSP00000229769,FANCE,FANCL,0.999
9606.ENSP00000229769,FANCE,HES1,0.998
9606.ENSP00000229769,FANCE,FAAP24,0.995
9606.ENSP00000229769,FANCE,UBE2T,0.993
9606.ENSP00000229769,FANCE,FAU,0.992
9606.ENSP00000229769,FANCE,RPS15,0.983
9606.ENSP00000229769,FANCE,RPL5,0.983
9606.ENSP00000229769,FANCE,RPS11,0.982
9606.ENSP00000229769,FANCE,RPS24,0.982
9606.ENSP00000229769,FANCE,RPL11,0.982
9606.ENSP00000229769,FANCE,RPS3,0.981
9606.ENSP00000229769,FANCE,RPL31,0.981
9606.ENSP00000229769,FANCE,RPS5,0.981
9606.ENSP00000229769,FANCE,RPL4,0.981
9606.ENSP00000229769,FANCE,RPL23,0.981
9606.ENSP00000229769,FANCE,RPS18,0.981
9606.ENSP00000229769,FANCE,RPS9,0.98
9606.ENSP00000229769,FANCE,RPL18A,0.98
9606.ENSP00000229769,FANCE,RPL23A,0.98
9606.ENSP00000229769,FANCE,RPS20,0.98
9606.ENSP00000229769,FANCE,RPLP0,0.979
9606.ENSP00000229769,FANCE,RPL30,0.979
9606.ENSP00000229769,FANCE,RPS25,0.979
9606.ENSP00000229769,FANCE,UBA52,0.979
9606.ENSP00000229769,FANCE,RPS23,0.978
9606.ENSP00000229769,FANCE,RPL8,0.978
9606.ENSP00000229769,FANCE,RPL24,0.978
9606.ENSP00000229769,FANCE,RPS2,0.978
9606.ENSP00000229769,FANCE,RPL9,0.978
9606.ENSP00000229769,FANCE,RPL13,0.978
9606.ENSP00000229769,FANCE,RPL35,0.978
9606.ENSP00000229769,FANCE,RPS13,0.977
9606.ENSP00000229769,FANCE,RPL18,0.977
9606.ENSP00000229769,FANCE,RPSA,0.977
9606.ENSP00000229769,FANCE,RPL27,0.976
9606.ENSP00000229769,FANCE,RPS27A,0.976
9606.ENSP00000229769,FANCE,RPL21,0.976
9606.ENSP00000229769,FANCE,RPS17,0.976
9606.ENSP00000229769,FANCE,RPS7,0.976
9606.ENSP00000229769,FANCE,RPS6,0.976
9606.ENSP00000229769,FANCE,RPS8,0.976
9606.ENSP00000229769,FANCE,RPL15,0.976
9606.ENSP00000229769,FANCE,RPS19,0.976
9606.ENSP00000229769,FANCE,RPS16,0.976
9606.ENSP00000229769,FANCE,RPL32,0.975
9606.ENSP00000229769,FANCE,RPS3A,0.975
9606.ENSP00000229769,FANCE,RPS26,0.975
9606.ENSP00000229769,FANCE,RPL7A,0.975
9606.ENSP00000229769,FANCE,RPL27A,0.975
9606.ENSP00000229769,FANCE,RPL36,0.975
9606.ENSP00000229769,FANCE,RPL6,0.975
9606.ENSP00000229769,FANCE,RPL19,0.975
9606.ENSP00000229769,FANCE,RPS12,0.975
9606.ENSP00000229769,FANCE,RPL14,0.974
9606.ENSP00000229769,FANCE,RPS21,0.974
9606.ENSP00000229769,FANCE,RACK1,0.974
9606.ENSP00000229769,FANCE,RPL35A,0.973
9606.ENSP00000229769,FANCE,MRPL19,0.971
9606.ENSP00000229769,FANCE,MRPL21,0.971
9606.ENSP00000229769,FANCE,MRPL17,0.971
9606.ENSP00000229769,FANCE,TUFM,0.971
9606.ENSP00000229769,FANCE,MRPL9,0.97
9606.ENSP00000229769,FANCE,RPS29,0.97
9606.ENSP00000229769,FANCE,MRPL36,0.97
9606.ENSP00000229769,FANCE,RPLP1,0.97
9606.ENSP00000229769,FANCE,MRPS9,0.97
9606.ENSP00000229769,FANCE,MRPS6,0.97
9606.ENSP00000229769,FANCE,RPL34,0.97
9606.ENSP00000229769,FANCE,MRPL20,0.969
9606.ENSP00000229769,FANCE,RPS28,0.969
9606.ENSP00000229769,FANCE,MRPS16,0.969
9606.ENSP00000229769,FANCE,MRPL27,0.967
9606.ENSP00000229769,FANCE,MRPL32,0.967
9606.ENSP00000229769,FANCE,RPL37,0.963
9606.ENSP00000229769,FANCE,RPL29,0.958
9606.ENSP00000229769,FANCE,RPL37A,0.957
9606.ENSP00000229769,FANCE,MRPL33,0.955
9606.ENSP00000229769,FANCE,RPL12,0.954
9606.ENSP00000229769,FANCE,RPL38,0.954
9606.ENSP00000229769,FANCE,RPL28,0.954
9606.ENSP00000229769,FANCE,MRPL12,0.953
9606.ENSP00000229769,FANCE,RPL26,0.944
9606.ENSP00000229769,FANCE,RPL26L1,0.94
9606.ENSP00000229769,FANCE,RPL17,0.939
9606.ENSP00000229769,FANCE,RPLP2,0.938
9606.ENSP00000229769,FANCE,RPL17-C18orf32,0.938
9606.ENSP00000229769,FANCE,RPL7L1,0.935
9606.ENSP00000229769,FANCE,RPL13A,0.932
9606.ENSP00000229769,FANCE,RPL10L,0.932
9606.ENSP00000229769,FANCE,FLT3LG,0.932
9606.ENSP00000229769,FANCE,EEF2,0.932
9606.ENSP00000229769,FANCE,MED1,0.932
9606.ENSP00000229769,FANCE,RPL10,0.932
9606.ENSP00000229769,FANCE,RPS14,0.931
9606.ENSP00000229769,FANCE,CD74,0.931
9606.ENSP00000229769,FANCE,RPL7,0.93
9606.ENSP00000229769,FANCE,RPL3L,0.929
9606.ENSP00000229769,FANCE,RPL3,0.929
9606.ENSP00000229769,FANCE,RPS10,0.927
9606.ENSP00000229769,FANCE,PDCD11,0.926
9606.ENSP00000229769,FANCE,MRNIP,0.921
9606.ENSP00000229769,FANCE,RPS27,0.92
9606.ENSP00000229769,FANCE,BRCA1,0.92
9606.ENSP00000229769,FANCE,CXorf66,0.918
9606.ENSP00000229769,FANCE,RSAD1,0.916
9606.ENSP00000229769,FANCE,RPS10-NUDT3,0.916
9606.ENSP00000229769,FANCE,RPS27L,0.916
9606.ENSP00000229769,FANCE,IFI35,0.911
9606.ENSP00000229769,FANCE,RPL39L,0.908
9606.ENSP00000229769,FANCE,RPL39,0.907
9606.ENSP00000229769,FANCE,AKNAD1,0.907
9606.ENSP00000229769,FANCE,MRRF,0.906
9606.ENSP00000230449,EXOC2,EXOC7,0.999
9606.ENSP00000230449,EXOC2,EXOC6,0.999
9606.ENSP00000230449,EXOC2,EXOC4,0.999
9606.ENSP00000230449,EXOC2,EXOC1,0.999
9606.ENSP00000230449,EXOC2,RALB,0.999
9606.ENSP00000230449,EXOC2,EXOC3,0.999
9606.ENSP00000230449,EXOC2,RALA,0.999
9606.ENSP00000230449,EXOC2,EXOC8,0.999
9606.ENSP00000230449,EXOC2,EXOC5,0.999
9606.ENSP00000230449,EXOC2,TBK1,0.996
9606.ENSP00000230449,EXOC2,EXOC6B,0.987
9606.ENSP00000230449,EXOC2,EXOC3L1,0.98
9606.ENSP00000230449,EXOC2,EXOC1L,0.951
9606.ENSP00000230449,EXOC2,RAB11A,0.921
9606.ENSP00000230449,EXOC2,SERGEF,0.912
9606.ENSP00000230449,EXOC2,ARHGEF2,0.909
9606.ENSP00000232424,HES1,FANCF,0.999
9606.ENSP00000232424,HES1,FANCA,0.999
9606.ENSP00000232424,HES1,FANCG,0.999
9606.ENSP00000232424,HES1,FANCL,0.999
9606.ENSP00000232424,HES1,FANCC,0.998
9606.ENSP00000232424,HES1,FANCE,0.998
9606.ENSP00000232424,HES1,NEUROG3,0.971
9606.ENSP00000232424,HES1,TLE1,0.953
9606.ENSP00000232424,HES1,RBPJ,0.946
9606.ENSP00000232424,HES1,FANCD2,0.933
9606.ENSP00000232424,HES1,HES5,0.92
9606.ENSP00000232424,HES1,HEY1,0.919
9606.ENSP00000232424,HES1,FANCI,0.9
9606.ENSP00000232461,GNAT1,RHO,0.999
9606.ENSP00000232461,GNAT1,PDE6G,0.997
9606.ENSP00000232461,GNAT1,GNB1,0.992
9606.ENSP00000232461,GNAT1,PDE6B,0.99
9606.ENSP00000232461,GNAT1,PDE6A,0.98
9606.ENSP00000232461,GNAT1,RGS9,0.976
9606.ENSP00000232461,GNAT1,GNGT1,0.973
9606.ENSP00000232461,GNAT1,GNAT2,0.95
9606.ENSP00000232461,GNAT1,GNB2,0.931
9606.ENSP00000232461,GNAT1,GNB4,0.923
9606.ENSP00000232461,GNAT1,OPN4,0.905
9606.ENSP00000237837,FGF23,KL,0.999
9606.ENSP00000237837,FGF23,FGFR1,0.999
9606.ENSP00000237837,FGF23,FGFR4,0.995
9606.ENSP00000237837,FGF23,GALNT3,0.987
9606.ENSP00000237837,FGF23,FGFR2,0.986
9606.ENSP00000237837,FGF23,PHEX,0.981
9606.ENSP00000237837,FGF23,FGFR3,0.98
9606.ENSP00000237837,FGF23,KLB,0.979
9606.ENSP00000237837,FGF23,PTH,0.976
9606.ENSP00000237837,FGF23,SLC34A3,0.945
9606.ENSP00000237837,FGF23,SLC34A1,0.936
9606.ENSP00000237837,FGF23,FGF8,0.935
9606.ENSP00000237837,FGF23,FGF9,0.918
9606.ENSP00000237837,FGF23,FGF22,0.912
9606.ENSP00000237837,FGF23,CYP27B1,0.907
9606.ENSP00000237837,FGF23,FGF17,0.906
9606.ENSP00000237837,FGF23,FGF18,0.904
9606.ENSP00000237837,FGF23,DMP1,0.901
9606.ENSP00000240093,FZD3,WNT5A,0.999
9606.ENSP00000240093,FZD3,WNT11,0.996
9606.ENSP00000240093,FZD3,WNT4,0.987
9606.ENSP00000240093,FZD3,WNT5B,0.986
9606.ENSP00000240093,FZD3,WNT1,0.96
9606.ENSP00000240093,FZD3,DVL1,0.958
9606.ENSP00000240093,FZD3,RYK,0.957
9606.ENSP00000240093,FZD3,WNT3A,0.956
9606.ENSP00000240093,FZD3,VANGL2,0.953
9606.ENSP00000240093,FZD3,WNT7B,0.947
9606.ENSP00000240093,FZD3,WNT7A,0.945
9606.ENSP00000240093,FZD3,LRP5,0.939
9606.ENSP00000240093,FZD3,WNT2B,0.936
9606.ENSP00000240093,FZD3,WNT2,0.926
9606.ENSP00000240093,FZD3,ZNRF3,0.925
9606.ENSP00000240093,FZD3,GPC4,0.919
9606.ENSP00000240093,FZD3,WNT6,0.919
9606.ENSP00000240093,FZD3,BAMBI,0.919
9606.ENSP00000240093,FZD3,RNF43,0.917
9606.ENSP00000240093,FZD3,GNAQ,0.915
9606.ENSP00000240093,FZD3,CELSR3,0.915
9606.ENSP00000240093,FZD3,LRP6,0.913
9606.ENSP00000241453,FLT3,FLT3LG,0.999
9606.ENSP00000241453,FLT3,KITLG,0.983
9606.ENSP00000241453,FLT3,CEBPA,0.981
9606.ENSP00000241453,FLT3,GRB2,0.972
9606.ENSP00000241453,FLT3,STAT3,0.971
9606.ENSP00000241453,FLT3,STAT5A,0.97
9606.ENSP00000241453,FLT3,STAT5B,0.97
9606.ENSP00000241453,FLT3,SPI1,0.965
9606.ENSP00000241453,FLT3,PIK3CA,0.958
9606.ENSP00000241453,FLT3,PIK3R1,0.956
9606.ENSP00000241453,FLT3,NPM1,0.943
9606.ENSP00000241453,FLT3,PIK3CD,0.94
9606.ENSP00000241453,FLT3,PIK3CB,0.93
9606.ENSP00000241453,FLT3,PIK3R2,0.922
9606.ENSP00000241453,FLT3,PIK3R3,0.92
9606.ENSP00000241453,FLT3,PTPRJ,0.905
9606.ENSP00000241453,FLT3,CSF1,0.9
9606.ENSP00000241453,FLT3,NRAS,0.9
9606.ENSP00000242159,HOXA7,HOXA5,0.96
9606.ENSP00000242159,HOXA7,HOXA9,0.946
9606.ENSP00000242159,HOXA7,HOXB7,0.938
9606.ENSP00000242159,HOXA7,HOXA6,0.921
9606.ENSP00000242159,HOXA7,MEIS1,0.907
9606.ENSP00000243108,HOXC6,HOXC9,0.999
9606.ENSP00000243108,HOXC6,HOXC4,0.966
9606.ENSP00000243108,HOXC6,HOXC5,0.951
9606.ENSP00000243108,HOXC6,HOXB7,0.929
9606.ENSP00000244426,FBXO9,SKP1,0.994
9606.ENSP00000244426,FBXO9,CUL1,0.973
9606.ENSP00000244534,H1-3,H1-4,0.95
9606.ENSP00000244534,H1-3,H1-5,0.911
9606.ENSP00000244537,H4C6,RBBP4,0.999
9606.ENSP00000244537,H4C6,H2AC8,0.999
9606.ENSP00000244537,H4C6,H2AC20,0.999
9606.ENSP00000244537,H4C6,H3-4,0.999
9606.ENSP00000244537,H4C6,H3-3B,0.999
9606.ENSP00000244537,H4C6,BRD4,0.999
9606.ENSP00000244537,H4C6,H3C13,0.999
9606.ENSP00000244537,H4C6,H3C12,0.999
9606.ENSP00000244537,H4C6,EP300,0.999
9606.ENSP00000244537,H4C6,H2AC18,0.999
9606.ENSP00000244537,H4C6,CENPA,0.999
9606.ENSP00000244537,H4C6,BRD2,0.999
9606.ENSP00000244537,H4C6,KMT5A,0.999
9606.ENSP00000244537,H4C6,HJURP,0.999
9606.ENSP00000244537,H4C6,H3-5,0.999
9606.ENSP00000244537,H4C6,TP53BP1,0.999
9606.ENSP00000244537,H4C6,H2BC21,0.999
9606.ENSP00000244537,H4C6,H2AX,0.998
9606.ENSP00000244537,H4C6,H3-2,0.998
9606.ENSP00000244537,H4C6,H2BC17,0.998
9606.ENSP00000244537,H4C6,TAF1,0.998
9606.ENSP00000244537,H4C6,HAT1,0.998
9606.ENSP00000244537,H4C6,PRMT5,0.997
9606.ENSP00000244537,H4C6,H2BC12,0.997
9606.ENSP00000244537,H4C6,SMARCA5,0.997
9606.ENSP00000244537,H4C6,NASP,0.997
9606.ENSP00000244537,H4C6,H3C1,0.997
9606.ENSP00000244537,H4C6,H2BC14,0.997
9606.ENSP00000244537,H4C6,KAT2B,0.996
9606.ENSP00000244537,H4C6,RBBP7,0.996
9606.ENSP00000244537,H4C6,ASF1A,0.996
9606.ENSP00000244537,H4C6,H2BC3,0.996
9606.ENSP00000244537,H4C6,H2AZ2,0.995
9606.ENSP00000244537,H4C6,H2AZ1,0.995
9606.ENSP00000244537,H4C6,CREBBP,0.995
9606.ENSP00000244537,H4C6,DAXX,0.994
9606.ENSP00000244537,H4C6,H2BC11,0.994
9606.ENSP00000244537,H4C6,PRMT1,0.994
9606.ENSP00000244537,H4C6,ASF1B,0.993
9606.ENSP00000244537,H4C6,KDM4A,0.993
9606.ENSP00000244537,H4C6,H2AC6,0.993
9606.ENSP00000244537,H4C6,KAT5,0.993
9606.ENSP00000244537,H4C6,H2BC18,0.993
9606.ENSP00000244537,H4C6,CHD4,0.992
9606.ENSP00000244537,H4C6,H2BC5,0.992
9606.ENSP00000244537,H4C6,H2AC4,0.992
9606.ENSP00000244537,H4C6,H2BC4,0.992
9606.ENSP00000244537,H4C6,MSL3,0.992
9606.ENSP00000244537,H4C6,SMARCA4,0.99
9606.ENSP00000244537,H4C6,H3C3,0.99
9606.ENSP00000244537,H4C6,SUPT16H,0.99
9606.ENSP00000244537,H4C6,H2AC13,0.989
9606.ENSP00000244537,H4C6,H2BC1,0.989
9606.ENSP00000244537,H4C6,H2BC9,0.989
9606.ENSP00000244537,H4C6,H2BU1,0.989
9606.ENSP00000244537,H4C6,BRDT,0.988
9606.ENSP00000244537,H4C6,RBBP5,0.988
9606.ENSP00000244537,H4C6,SSRP1,0.988
9606.ENSP00000244537,H4C6,H3C2,0.988
9606.ENSP00000244537,H4C6,H2BC15,0.987
9606.ENSP00000244537,H4C6,TONSL,0.986
9606.ENSP00000244537,H4C6,KAT2A,0.986
9606.ENSP00000244537,H4C6,H3C4,0.986
9606.ENSP00000244537,H4C6,H3C11,0.985
9606.ENSP00000244537,H4C6,L3MBTL1,0.985
9606.ENSP00000244537,H4C6,H4C9,0.984
9606.ENSP00000244537,H4C6,HDAC1,0.984
9606.ENSP00000244537,H4C6,H2AC21,0.984
9606.ENSP00000244537,H4C6,MCM2,0.984
9606.ENSP00000244537,H4C6,H2AC7,0.983
9606.ENSP00000244537,H4C6,H4C2,0.983
9606.ENSP00000244537,H4C6,ASH2L,0.982
9606.ENSP00000244537,H4C6,H3C7,0.982
9606.ENSP00000244537,H4C6,H4C4,0.982
9606.ENSP00000244537,H4C6,H2AC14,0.982
9606.ENSP00000244537,H4C6,KMT2A,0.982
9606.ENSP00000244537,H4C6,H3C6,0.981
9606.ENSP00000244537,H4C6,H4C5,0.981
9606.ENSP00000244537,H4C6,BARD1,0.981
9606.ENSP00000244537,H4C6,H4C13,0.981
9606.ENSP00000244537,H4C6,MACROH2A1,0.981
9606.ENSP00000244537,H4C6,DOT1L,0.98
9606.ENSP00000244537,H4C6,H4C11,0.98
9606.ENSP00000244537,H4C6,H3C8,0.98
9606.ENSP00000244537,H4C6,NPM1,0.98
9606.ENSP00000244537,H4C6,H3C14,0.979
9606.ENSP00000244537,H4C6,SMARCB1,0.979
9606.ENSP00000244537,H4C6,KMT2C,0.977
9606.ENSP00000244537,H4C6,EZH2,0.977
9606.ENSP00000244537,H4C6,H3C10,0.977
9606.ENSP00000244537,H4C6,IPO4,0.977
9606.ENSP00000244537,H4C6,H2AC17,0.976
9606.ENSP00000244537,H4C6,HDAC2,0.976
9606.ENSP00000244537,H4C6,H4C8,0.975
9606.ENSP00000244537,H4C6,H1-0,0.974
9606.ENSP00000244537,H4C6,DNMT3A,0.974
9606.ENSP00000244537,H4C6,RUVBL1,0.974
9606.ENSP00000244537,H4C6,H2BC10,0.973
9606.ENSP00000244537,H4C6,WDR5,0.973
9606.ENSP00000244537,H4C6,ACTB,0.973
9606.ENSP00000244537,H4C6,H2AC1,0.973
9606.ENSP00000244537,H4C6,H2AB2,0.973
9606.ENSP00000244537,H4C6,H2AC12,0.972
9606.ENSP00000244537,H4C6,NSD2,0.972
9606.ENSP00000244537,H4C6,RUVBL2,0.972
9606.ENSP00000244537,H4C6,DNAJC9,0.971
9606.ENSP00000244537,H4C6,H2BC8,0.971
9606.ENSP00000244537,H4C6,H2BC7,0.971
9606.ENSP00000244537,H4C6,H4C1,0.971
9606.ENSP00000244537,H4C6,H4C3,0.97
9606.ENSP00000244537,H4C6,H4C14,0.97
9606.ENSP00000244537,H4C6,H4-16,0.969
9606.ENSP00000244537,H4C6,H4C12,0.969
9606.ENSP00000244537,H4C6,H2BC6,0.968
9606.ENSP00000244537,H4C6,ACTL6A,0.968
9606.ENSP00000244537,H4C6,KAT7,0.968
9606.ENSP00000244537,H4C6,H1-4,0.968
9606.ENSP00000244537,H4C6,H4C15,0.968
9606.ENSP00000244537,H4C6,RPS27A,0.967
9606.ENSP00000244537,H4C6,PBRM1,0.967
9606.ENSP00000244537,H4C6,CHD1L,0.966
9606.ENSP00000244537,H4C6,POLR2A,0.965
9606.ENSP00000244537,H4C6,WDR77,0.965
9606.ENSP00000244537,H4C6,SUZ12,0.964
9606.ENSP00000244537,H4C6,POLR2C,0.964
9606.ENSP00000244537,H4C6,H2AB3,0.963
9606.ENSP00000244537,H4C6,TBP,0.963
9606.ENSP00000244537,H4C6,CENPC,0.963
9606.ENSP00000244537,H4C6,POLR2D,0.962
9606.ENSP00000244537,H4C6,H2AC15,0.962
9606.ENSP00000244537,H4C6,CENPN,0.961
9606.ENSP00000244537,H4C6,POLR2B,0.96
9606.ENSP00000244537,H4C6,ATAD2,0.96
9606.ENSP00000244537,H4C6,H2AC16,0.96
9606.ENSP00000244537,H4C6,H2AJ,0.959
9606.ENSP00000244537,H4C6,H2AC11,0.958
9606.ENSP00000244537,H4C6,KAT8,0.957
9606.ENSP00000244537,H4C6,MLLT3,0.956
9606.ENSP00000244537,H4C6,TAF12,0.956
9606.ENSP00000244537,H4C6,POLR2I,0.956
9606.ENSP00000244537,H4C6,POLR2L,0.955
9606.ENSP00000244537,H4C6,ACTR5,0.955
9606.ENSP00000244537,H4C6,ARID1A,0.954
9606.ENSP00000244537,H4C6,POLR2F,0.954
9606.ENSP00000244537,H4C6,PHF8,0.954
9606.ENSP00000244537,H4C6,H2AC19,0.954
9606.ENSP00000244537,H4C6,H3C15,0.954
9606.ENSP00000244537,H4C6,POLR2K,0.953
9606.ENSP00000244537,H4C6,POLR2H,0.953
9606.ENSP00000244537,H4C6,POLR2E,0.952
9606.ENSP00000244537,H4C6,MYC,0.95
9606.ENSP00000244537,H4C6,SETD2,0.947
9606.ENSP00000244537,H4C6,TAF6,0.947
9606.ENSP00000244537,H4C6,TP53,0.947
9606.ENSP00000244537,H4C6,H3-3A,0.947
9606.ENSP00000244537,H4C6,SMARCD1,0.946
9606.ENSP00000244537,H4C6,DPY30,0.946
9606.ENSP00000244537,H4C6,CENPS,0.945
9606.ENSP00000244537,H4C6,H3Y1,0.943
9606.ENSP00000244537,H4C6,HDAC3,0.941
9606.ENSP00000244537,H4C6,SMARCE1,0.94
9606.ENSP00000244537,H4C6,INO80,0.938
9606.ENSP00000244537,H4C6,SMARCC2,0.937
9606.ENSP00000244537,H4C6,BRD3,0.937
9606.ENSP00000244537,H4C6,H2BC13,0.936
9606.ENSP00000244537,H4C6,NSD3,0.936
9606.ENSP00000244537,H4C6,POLR2G,0.936
9606.ENSP00000244537,H4C6,UBA52,0.935
9606.ENSP00000244537,H4C6,SUPT5H,0.935
9606.ENSP00000244537,H4C6,SPTY2D1,0.935
9606.ENSP00000244537,H4C6,UBC,0.935
9606.ENSP00000244537,H4C6,UBB,0.934
9606.ENSP00000244537,H4C6,CENPX,0.933
9606.ENSP00000244537,H4C6,TAF9,0.932
9606.ENSP00000244537,H4C6,JMJD6,0.932
9606.ENSP00000244537,H4C6,DDB1,0.931
9606.ENSP00000244537,H4C6,hCG_2039566,0.931
9606.ENSP00000244537,H4C6,ARID2,0.931
9606.ENSP00000244537,H4C6,DDB2,0.93
9606.ENSP00000244537,H4C6,PAF1,0.93
9606.ENSP00000244537,H4C6,CHAF1B,0.929
9606.ENSP00000244537,H4C6,CBX3,0.929
9606.ENSP00000244537,H4C6,EP400,0.929
9606.ENSP00000244537,H4C6,POLR2J,0.927
9606.ENSP00000244537,H4C6,SUPT6H,0.925
9606.ENSP00000244537,H4C6,TRRAP,0.924
9606.ENSP00000244537,H4C6,BRD7,0.924
9606.ENSP00000244537,H4C6,CENPT,0.922
9606.ENSP00000244537,H4C6,HDAC8,0.921
9606.ENSP00000244537,H4C6,CENPI,0.921
9606.ENSP00000244537,H4C6,PRMT6,0.92
9606.ENSP00000244537,H4C6,PARP1,0.919
9606.ENSP00000244537,H4C6,CENPQ,0.918
9606.ENSP00000244537,H4C6,CENPH,0.918
9606.ENSP00000244537,H4C6,NSD1,0.918
9606.ENSP00000244537,H4C6,N6AMT1,0.917
9606.ENSP00000244537,H4C6,TAF5,0.916
9606.ENSP00000244537,H4C6,KMT2D,0.915
9606.ENSP00000244537,H4C6,MED1,0.913
9606.ENSP00000244537,H4C6,CENPW,0.913
9606.ENSP00000244537,H4C6,MDC1,0.913
9606.ENSP00000244537,H4C6,TAF7,0.913
9606.ENSP00000244537,H4C6,POU5F1,0.912
9606.ENSP00000244537,H4C6,CBX5,0.911
9606.ENSP00000244537,H4C6,CDC73,0.911
9606.ENSP00000244537,H4C6,PHF10,0.911
9606.ENSP00000244537,H4C6,CENPL,0.91
9606.ENSP00000244537,H4C6,XRCC5,0.908
9606.ENSP00000244537,H4C6,H2BS1,0.907
9606.ENSP00000244537,H4C6,H4C7,0.907
9606.ENSP00000244537,H4C6,LEO1,0.907
9606.ENSP00000244537,H4C6,H1-10,0.907
9606.ENSP00000244537,H4C6,SIRT1,0.906
9606.ENSP00000244537,H4C6,CENPU,0.905
9606.ENSP00000244537,H4C6,CTR9,0.905
9606.ENSP00000244537,H4C6,CENPM,0.905
9606.ENSP00000244537,H4C6,SMARCA2,0.905
9606.ENSP00000244537,H4C6,ENSP00000499734,0.905
9606.ENSP00000244537,H4C6,KMT5C,0.904
9606.ENSP00000244537,H4C6,BPTF,0.904
9606.ENSP00000244537,H4C6,CENPK,0.903
9606.ENSP00000244537,H4C6,CENPO,0.903
9606.ENSP00000244537,H4C6,CENPP,0.902
9606.ENSP00000244537,H4C6,KAT6A,0.902
9606.ENSP00000244537,H4C6,SIN3A,0.901
9606.ENSP00000244537,H4C6,KMT5B,0.901
9606.ENSP00000247270,EVI2A,EVI2B,0.995
9606.ENSP00000249504,HOXD11,HOXD10,0.999
9606.ENSP00000250263,ERI1,SLBP,0.999
9606.ENSP00000250263,ERI1,DICER1,0.967
9606.ENSP00000250263,ERI1,SYNCRIP,0.937
9606.ENSP00000250448,FOXA1,ESR1,0.998
9606.ENSP00000250448,FOXA1,GATA3,0.997
9606.ENSP00000250448,FOXA1,AR,0.996
9606.ENSP00000250448,FOXA1,HDAC7,0.976
9606.ENSP00000250448,FOXA1,TLE3,0.976
9606.ENSP00000250448,FOXA1,EP300,0.933
9606.ENSP00000250448,FOXA1,NKX2-1,0.916
9606.ENSP00000250448,FOXA1,NRIP1,0.902
9606.ENSP00000253801,G6PC,GCK,0.986
9606.ENSP00000253801,G6PC,SLC37A4,0.973
9606.ENSP00000253801,G6PC,HK3,0.949
9606.ENSP00000253801,G6PC,HK2,0.947
9606.ENSP00000253801,G6PC,HKDC1,0.946
9606.ENSP00000253801,G6PC,H6PD,0.945
9606.ENSP00000253801,G6PC,G6PD,0.942
9606.ENSP00000253801,G6PC,HK1,0.941
9606.ENSP00000253801,G6PC,PCK1,0.941
9606.ENSP00000253801,G6PC,GPI,0.939
9606.ENSP00000253801,G6PC,ALDOB,0.93
9606.ENSP00000253801,G6PC,PCK2,0.929
9606.ENSP00000253801,G6PC,G6PC3,0.917
9606.ENSP00000253801,G6PC,PGM2,0.917
9606.ENSP00000253801,G6PC,GALM,0.913
9606.ENSP00000253801,G6PC,INS,0.912
9606.ENSP00000253801,G6PC,LCT,0.912
9606.ENSP00000253801,G6PC,G6PC2,0.907
9606.ENSP00000253801,G6PC,ADPGK,0.905
9606.ENSP00000253801,G6PC,GLB1,0.903
9606.ENSP00000254108,FUS,TARDBP,0.999
9606.ENSP00000254108,FUS,TNPO1,0.994
9606.ENSP00000254108,FUS,SOD1,0.992
9606.ENSP00000254108,FUS,DROSHA,0.992
9606.ENSP00000254108,FUS,HNRNPA2B1,0.99
9606.ENSP00000254108,FUS,ENSP00000478249,0.987
9606.ENSP00000254108,FUS,SFPQ,0.985
9606.ENSP00000254108,FUS,SRSF10,0.985
9606.ENSP00000254108,FUS,ILF3,0.982
9606.ENSP00000254108,FUS,HNRNPC,0.976
9606.ENSP00000254108,FUS,HNRNPA1,0.975
9606.ENSP00000254108,FUS,PRMT1,0.961
9606.ENSP00000254108,FUS,MATR3-2,0.958
9606.ENSP00000254108,FUS,NONO,0.956
9606.ENSP00000254108,FUS,EWSR1,0.953
9606.ENSP00000254108,FUS,UBQLN2,0.952
9606.ENSP00000254108,FUS,SRSF2,0.95
9606.ENSP00000254108,FUS,HNRNPU,0.95
9606.ENSP00000254108,FUS,OPTN,0.948
9606.ENSP00000254108,FUS,HNRNPM,0.947
9606.ENSP00000254108,FUS,YBX1,0.943
9606.ENSP00000254108,FUS,HNRNPH1,0.941
9606.ENSP00000254108,FUS,HNRNPD,0.938
9606.ENSP00000254108,FUS,HNRNPA3,0.931
9606.ENSP00000254108,FUS,C9orf72,0.929
9606.ENSP00000254108,FUS,HNRNPL,0.927
9606.ENSP00000254108,FUS,HNRNPK,0.927
9606.ENSP00000254108,FUS,ATXN2,0.924
9606.ENSP00000254108,FUS,SMN1,0.921
9606.ENSP00000254108,FUS,HNRNPDL,0.918
9606.ENSP00000254108,FUS,MAPT,0.918
9606.ENSP00000254108,FUS,MATR3,0.91
9606.ENSP00000254108,FUS,EIF4A3,0.902
9606.ENSP00000254108,FUS,RBMX,0.9
9606.ENSP00000254799,GRSF1,GPX4,0.964
9606.ENSP00000254810,H3-3B,H4C7,0.999
9606.ENSP00000254810,H3-3B,WDR5,0.999
9606.ENSP00000254810,H3-3B,ATRX,0.999
9606.ENSP00000254810,H3-3B,DAXX,0.999
9606.ENSP00000254810,H3-3B,H2AC20,0.999
9606.ENSP00000254810,H3-3B,DNMT3L,0.999
9606.ENSP00000254810,H3-3B,H4C6,0.999
9606.ENSP00000254810,H3-3B,CBX5,0.999
9606.ENSP00000254810,H3-3B,DNMT3A,0.999
9606.ENSP00000254810,H3-3B,H2BC21,0.999
9606.ENSP00000254810,H3-3B,H2AC18,0.999
9606.ENSP00000254810,H3-3B,CBX3,0.999
9606.ENSP00000254810,H3-3B,ASF1A,0.999
9606.ENSP00000254810,H3-3B,EHMT2,0.998
9606.ENSP00000254810,H3-3B,KAT2B,0.998
9606.ENSP00000254810,H3-3B,ASF1B,0.998
9606.ENSP00000254810,H3-3B,CBX1,0.998
9606.ENSP00000254810,H3-3B,KDM4A,0.998
9606.ENSP00000254810,H3-3B,BPTF,0.998
9606.ENSP00000254810,H3-3B,BRD4,0.995
9606.ENSP00000254810,H3-3B,UHRF1,0.995
9606.ENSP00000254810,H3-3B,MLLT3,0.995
9606.ENSP00000254810,H3-3B,CHD4,0.994
9606.ENSP00000254810,H3-3B,ING2,0.994
9606.ENSP00000254810,H3-3B,CHD1,0.994
9606.ENSP00000254810,H3-3B,PBRM1,0.992
9606.ENSP00000254810,H3-3B,KAT6A,0.991
9606.ENSP00000254810,H3-3B,EZH2,0.99
9606.ENSP00000254810,H3-3B,H2BC12,0.989
9606.ENSP00000254810,H3-3B,PYGO2,0.989
9606.ENSP00000254810,H3-3B,DNMT1,0.987
9606.ENSP00000254810,H3-3B,NASP,0.987
9606.ENSP00000254810,H3-3B,KAT2A,0.987
9606.ENSP00000254810,H3-3B,HDAC1,0.986
9606.ENSP00000254810,H3-3B,H2BC11,0.986
9606.ENSP00000254810,H3-3B,RAG2,0.986
9606.ENSP00000254810,H3-3B,H2AC8,0.986
9606.ENSP00000254810,H3-3B,SETD2,0.985
9606.ENSP00000254810,H3-3B,H2BC17,0.985
9606.ENSP00000254810,H3-3B,CREBBP,0.985
9606.ENSP00000254810,H3-3B,KMT2A,0.985
9606.ENSP00000254810,H3-3B,PHF8,0.985
9606.ENSP00000254810,H3-3B,H2BC4,0.983
9606.ENSP00000254810,H3-3B,SMARCA4,0.983
9606.ENSP00000254810,H3-3B,AIRE,0.983
9606.ENSP00000254810,H3-3B,CBX6,0.982
9606.ENSP00000254810,H3-3B,SETDB1,0.982
9606.ENSP00000254810,H3-3B,ING1,0.981
9606.ENSP00000254810,H3-3B,RBBP4,0.981
9606.ENSP00000254810,H3-3B,SRSF1,0.981
9606.ENSP00000254810,H3-3B,PYGO1,0.981
9606.ENSP00000254810,H3-3B,MPHOSPH8,0.981
9606.ENSP00000254810,H3-3B,EHMT1,0.98
9606.ENSP00000254810,H3-3B,HAT1,0.978
9606.ENSP00000254810,H3-3B,KAT6B,0.977
9606.ENSP00000254810,H3-3B,MCM2,0.976
9606.ENSP00000254810,H3-3B,ING4,0.975
9606.ENSP00000254810,H3-3B,CARM1,0.975
9606.ENSP00000254810,H3-3B,CBX7,0.974
9606.ENSP00000254810,H3-3B,TRIM33,0.973
9606.ENSP00000254810,H3-3B,SUV39H1,0.973
9606.ENSP00000254810,H3-3B,CENPA,0.971
9606.ENSP00000254810,H3-3B,DNMT3B,0.971
9606.ENSP00000254810,H3-3B,NSD3,0.97
9606.ENSP00000254810,H3-3B,SGF29,0.969
9606.ENSP00000254810,H3-3B,H4C13,0.969
9606.ENSP00000254810,H3-3B,SPHK2,0.964
9606.ENSP00000254810,H3-3B,TP53BP1,0.964
9606.ENSP00000254810,H3-3B,DIDO1,0.964
9606.ENSP00000254810,H3-3B,KDM6B,0.963
9606.ENSP00000254810,H3-3B,EP300,0.962
9606.ENSP00000254810,H3-3B,SUZ12,0.962
9606.ENSP00000254810,H3-3B,ACTB,0.962
9606.ENSP00000254810,H3-3B,KDM6A,0.962
9606.ENSP00000254810,H3-3B,SPIN1,0.961
9606.ENSP00000254810,H3-3B,IPO4,0.961
9606.ENSP00000254810,H3-3B,RPS6KA5,0.959
9606.ENSP00000254810,H3-3B,H2AX,0.959
9606.ENSP00000254810,H3-3B,KDM1A,0.959
9606.ENSP00000254810,H3-3B,CBX2,0.958
9606.ENSP00000254810,H3-3B,EED,0.957
9606.ENSP00000254810,H3-3B,BANF1,0.956
9606.ENSP00000254810,H3-3B,H2AC7,0.956
9606.ENSP00000254810,H3-3B,H2AZ1,0.955
9606.ENSP00000254810,H3-3B,H3C13,0.954
9606.ENSP00000254810,H3-3B,RBBP7,0.953
9606.ENSP00000254810,H3-3B,HDGFL2,0.952
9606.ENSP00000254810,H3-3B,SIRT3,0.95
9606.ENSP00000254810,H3-3B,SIRT5,0.948
9606.ENSP00000254810,H3-3B,ING3,0.944
9606.ENSP00000254810,H3-3B,H2AC13,0.941
9606.ENSP00000254810,H3-3B,KMT2E,0.941
9606.ENSP00000254810,H3-3B,H2AC17,0.941
9606.ENSP00000254810,H3-3B,H2BC3,0.94
9606.ENSP00000254810,H3-3B,H4-16,0.939
9606.ENSP00000254810,H3-3B,H3C14,0.939
9606.ENSP00000254810,H3-3B,H4C5,0.938
9606.ENSP00000254810,H3-3B,MYC,0.938
9606.ENSP00000254810,H3-3B,H4C4,0.938
9606.ENSP00000254810,H3-3B,H4C3,0.938
9606.ENSP00000254810,H3-3B,JARID2,0.938
9606.ENSP00000254810,H3-3B,H4C14,0.938
9606.ENSP00000254810,H3-3B,H3-3A,0.937
9606.ENSP00000254810,H3-3B,H4C9,0.937
9606.ENSP00000254810,H3-3B,H4C1,0.937
9606.ENSP00000254810,H3-3B,H4C12,0.937
9606.ENSP00000254810,H3-3B,H4C11,0.936
9606.ENSP00000254810,H3-3B,H4C8,0.936
9606.ENSP00000254810,H3-3B,H2AC21,0.936
9606.ENSP00000254810,H3-3B,H4C2,0.936
9606.ENSP00000254810,H3-3B,SUPT6H,0.936
9606.ENSP00000254810,H3-3B,H4C15,0.936
9606.ENSP00000254810,H3-3B,HDAC2,0.936
9606.ENSP00000254810,H3-3B,SP100,0.934
9606.ENSP00000254810,H3-3B,HIRA,0.932
9606.ENSP00000254810,H3-3B,RBBP5,0.932
9606.ENSP00000254810,H3-3B,H2AC11,0.93
9606.ENSP00000254810,H3-3B,H2AC4,0.927
9606.ENSP00000254810,H3-3B,H2AC15,0.927
9606.ENSP00000254810,H3-3B,H2AC16,0.927
9606.ENSP00000254810,H3-3B,TONSL,0.926
9606.ENSP00000254810,H3-3B,H2BC14,0.926
9606.ENSP00000254810,H3-3B,MORC3,0.925
9606.ENSP00000254810,H3-3B,hCG_2039566,0.924
9606.ENSP00000254810,H3-3B,PPIE,0.924
9606.ENSP00000254810,H3-3B,DNAJC9,0.924
9606.ENSP00000254810,H3-3B,SETD1A,0.924
9606.ENSP00000254810,H3-3B,SIRT1,0.922
9606.ENSP00000254810,H3-3B,H2BS1,0.921
9606.ENSP00000254810,H3-3B,H2BU1,0.921
9606.ENSP00000254810,H3-3B,TRIM66,0.92
9606.ENSP00000254810,H3-3B,KMT2C,0.919
9606.ENSP00000254810,H3-3B,H2BC15,0.919
9606.ENSP00000254810,H3-3B,ZCWPW2,0.919
9606.ENSP00000254810,H3-3B,H2BC9,0.919
9606.ENSP00000254810,H3-3B,EGLN2,0.917
9606.ENSP00000254810,H3-3B,TBP,0.917
9606.ENSP00000254810,H3-3B,H3C12,0.916
9606.ENSP00000254810,H3-3B,H2BC1,0.916
9606.ENSP00000254810,H3-3B,ASH2L,0.915
9606.ENSP00000254810,H3-3B,KAT5,0.915
9606.ENSP00000254810,H3-3B,ZZZ3,0.915
9606.ENSP00000254810,H3-3B,BCL9,0.915
9606.ENSP00000254810,H3-3B,H2BC13,0.914
9606.ENSP00000254810,H3-3B,H2BC5,0.914
9606.ENSP00000254810,H3-3B,TNPO1,0.912
9606.ENSP00000254810,H3-3B,ACTL6A,0.911
9606.ENSP00000254810,H3-3B,CDY2A,0.91
9606.ENSP00000254810,H3-3B,CDY2B,0.91
9606.ENSP00000254810,H3-3B,SMARCA5,0.91
9606.ENSP00000254810,H3-3B,H3-4,0.909
9606.ENSP00000254810,H3-3B,PRDM9,0.908
9606.ENSP00000254810,H3-3B,PADI4,0.905
9606.ENSP00000254810,H3-3B,TAF3,0.904
9606.ENSP00000254810,H3-3B,AURKB,0.902
9606.ENSP00000256593,GSTM5,GSTM3,0.957
9606.ENSP00000256593,GSTM5,GSTM4,0.954
9606.ENSP00000256593,GSTM5,GSTM2,0.951
9606.ENSP00000256593,GSTM5,GPX4,0.94
9606.ENSP00000256593,GSTM5,GSTZ1,0.932
9606.ENSP00000256593,GSTM5,EPHX1,0.93
9606.ENSP00000256593,GSTM5,PRDX6,0.928
9606.ENSP00000256593,GSTM5,CYP2E1,0.921
9606.ENSP00000256593,GSTM5,GSR,0.921
9606.ENSP00000256593,GSTM5,CYP1A1,0.92
9606.ENSP00000256593,GSTM5,CYP1B1,0.92
9606.ENSP00000256593,GSTM5,GSS,0.918
9606.ENSP00000256593,GSTM5,CYP3A4,0.917
9606.ENSP00000256593,GSTM5,CYP1A2,0.917
9606.ENSP00000256593,GSTM5,CYP2A13,0.91
9606.ENSP00000256593,GSTM5,CYP2C9,0.908
9606.ENSP00000256593,GSTM5,CYP2A6,0.906
9606.ENSP00000256593,GSTM5,TXNDC12,0.9
9606.ENSP00000256999,FOLH1,KLK3,0.94
9606.ENSP00000256999,FOLH1,ASPA,0.934
9606.ENSP00000256999,FOLH1,RIMKLB,0.934
9606.ENSP00000256999,FOLH1,RIMKLA,0.932
9606.ENSP00000256999,FOLH1,NAT8L,0.926
9606.ENSP00000256999,FOLH1,PSCA,0.91
9606.ENSP00000257934,ESPL1,PTTG2,0.999
9606.ENSP00000257934,ESPL1,PTTG1,0.999
9606.ENSP00000257934,ESPL1,CCNB1,0.999
9606.ENSP00000257934,ESPL1,RAD21,0.997
9606.ENSP00000257934,ESPL1,CDK1,0.995
9606.ENSP00000257934,ESPL1,PLK1,0.994
9606.ENSP00000257934,ESPL1,SMC3,0.994
9606.ENSP00000257934,ESPL1,REC8,0.993
9606.ENSP00000257934,ESPL1,BUB1,0.99
9606.ENSP00000257934,ESPL1,STAG1,0.989
9606.ENSP00000257934,ESPL1,BUB1B,0.989
9606.ENSP00000257934,ESPL1,CDC20,0.988
9606.ENSP00000257934,ESPL1,STAG2,0.987
9606.ENSP00000257934,ESPL1,AURKB,0.985
9606.ENSP00000257934,ESPL1,SMC1B,0.976
9606.ENSP00000257934,ESPL1,SGO1,0.976
9606.ENSP00000257934,ESPL1,SMC1A,0.975
9606.ENSP00000257934,ESPL1,CDCA8,0.972
9606.ENSP00000257934,ESPL1,WAPL,0.959
9606.ENSP00000257934,ESPL1,CDC14A,0.947
9606.ENSP00000257934,ESPL1,KIF11,0.947
9606.ENSP00000257934,ESPL1,PDS5A,0.947
9606.ENSP00000257934,ESPL1,TTK,0.945
9606.ENSP00000257934,ESPL1,INCENP,0.944
9606.ENSP00000257934,ESPL1,MAD2L1,0.941
9606.ENSP00000257934,ESPL1,KIF2C,0.939
9606.ENSP00000257934,ESPL1,BUB3,0.932
9606.ENSP00000257934,ESPL1,CDCA5,0.93
9606.ENSP00000257934,ESPL1,UBE2C,0.927
9606.ENSP00000257934,ESPL1,CKS1B,0.926
9606.ENSP00000257934,ESPL1,CENPF,0.926
9606.ENSP00000257934,ESPL1,NDC80,0.925
9606.ENSP00000257934,ESPL1,FOXM1,0.923
9606.ENSP00000257934,ESPL1,SPAG5,0.922
9606.ENSP00000257934,ESPL1,BIRC5,0.917
9606.ENSP00000257934,ESPL1,SGO2,0.913
9606.ENSP00000257934,ESPL1,TOP2A,0.909
9606.ENSP00000257934,ESPL1,PLK4,0.906
9606.ENSP00000257934,ESPL1,CENPE,0.905
9606.ENSP00000258201,FHOD1,SYNE2,0.994
9606.ENSP00000258201,FHOD1,SYNE1,0.975
9606.ENSP00000258201,FHOD1,ROCK2,0.919
9606.ENSP00000259254,GYPC,EPB41,0.997
9606.ENSP00000259254,GYPC,GYPB,0.962
9606.ENSP00000259254,GYPC,GYPA,0.939
9606.ENSP00000259254,GYPC,HLA-A,0.924
9606.ENSP00000259254,GYPC,MPP1,0.918
9606.ENSP00000259254,GYPC,GYPE,0.902
9606.ENSP00000259254,GYPC,ADD2,0.902
9606.ENSP00000259951,HLA-F,LILRB1,0.999
9606.ENSP00000259951,HLA-F,B2M,0.999
9606.ENSP00000259951,HLA-F,HLA-E,0.997
9606.ENSP00000259951,HLA-F,HLA-A,0.996
9606.ENSP00000259951,HLA-F,LILRB2,0.994
9606.ENSP00000259951,HLA-F,KIR3DL2,0.993
9606.ENSP00000259951,HLA-F,HLA-C,0.99
9606.ENSP00000259951,HLA-F,HLA-B,0.982
9606.ENSP00000259951,HLA-F,HLA-G,0.978
9606.ENSP00000259951,HLA-F,HLA-DMA,0.97
9606.ENSP00000259951,HLA-F,KLRC1,0.965
9606.ENSP00000259951,HLA-F,KIR3DL1,0.964
9606.ENSP00000259951,HLA-F,TAPBP,0.959
9606.ENSP00000259951,HLA-F,LOC102723407,0.953
9606.ENSP00000259951,HLA-F,CALR,0.949
9606.ENSP00000259951,HLA-F,HLA-DPA1,0.949
9606.ENSP00000259951,HLA-F,CD8A,0.948
9606.ENSP00000259951,HLA-F,HLA-DRA,0.945
9606.ENSP00000259951,HLA-F,HLA-DRB1,0.94
9606.ENSP00000259951,HLA-F,HLA-DMB,0.937
9606.ENSP00000259951,HLA-F,HLA-DPB1,0.931
9606.ENSP00000259951,HLA-F,HLA-DOA,0.93
9606.ENSP00000259951,HLA-F,HLA-DOB,0.929
9606.ENSP00000259951,HLA-F,PDIA3,0.921
9606.ENSP00000259951,HLA-F,CD8B2,0.901
9606.ENSP00000260270,FDX1,CYP11A1,0.999
9606.ENSP00000260270,FDX1,FDXR,0.999
9606.ENSP00000260270,FDX1,CYCS,0.981
9606.ENSP00000260270,FDX1,ISCU,0.97
9606.ENSP00000260270,FDX1,NFS1,0.949
9606.ENSP00000260270,FDX1,STAR,0.946
9606.ENSP00000260270,FDX1,NDUFS8,0.914
9606.ENSP00000260270,FDX1,SCP2,0.914
9606.ENSP00000260270,FDX1,FXN,0.912
9606.ENSP00000260270,FDX1,CYP27A1,0.904
9606.ENSP00000260270,FDX1,MT-ND3,0.902
9606.ENSP00000260270,FDX1,NDUFS2,0.9
9606.ENSP00000261609,HERC2,RNF8,0.952
9606.ENSP00000261609,HERC2,NEURL4,0.937
9606.ENSP00000261609,HERC2,UBE3A,0.91
9606.ENSP00000261609,HERC2,MYT1,0.901
9606.ENSP00000261609,HERC2,DOCK10,0.901
9606.ENSP00000261609,HERC2,USP35,0.9
9606.ENSP00000261937,FLT4,VEGFC,0.999
9606.ENSP00000261937,FLT4,VEGFB,0.999
9606.ENSP00000261937,FLT4,VEGFD,0.999
9606.ENSP00000261937,FLT4,PGF,0.998
9606.ENSP00000261937,FLT4,KDR,0.994
9606.ENSP00000261937,FLT4,NRP2,0.992
9606.ENSP00000261937,FLT4,PDGFC,0.991
9606.ENSP00000261937,FLT4,ANGPT2,0.98
9606.ENSP00000261937,FLT4,GRB2,0.979
9606.ENSP00000261937,FLT4,SHC1,0.974
9606.ENSP00000261937,FLT4,CDH5,0.954
9606.ENSP00000261937,FLT4,FGF2,0.942
9606.ENSP00000261937,FLT4,LYVE1,0.94
9606.ENSP00000261937,FLT4,PECAM1,0.94
9606.ENSP00000261937,FLT4,PTK2,0.921
9606.ENSP00000261937,FLT4,FLT1,0.92
9606.ENSP00000261937,FLT4,ANGPT1,0.916
9606.ENSP00000261937,FLT4,FGF22,0.915
9606.ENSP00000261937,FLT4,FGF8,0.912
9606.ENSP00000261937,FLT4,FGF16,0.912
9606.ENSP00000261937,FLT4,FGF10,0.912
9606.ENSP00000261937,FLT4,FGF6,0.912
9606.ENSP00000261937,FLT4,EGF,0.911
9606.ENSP00000261937,FLT4,FGF17,0.91
9606.ENSP00000261937,FLT4,FGF4,0.91
9606.ENSP00000261937,FLT4,FGF3,0.91
9606.ENSP00000261937,FLT4,FGF20,0.91
9606.ENSP00000261937,FLT4,FGF9,0.909
9606.ENSP00000261937,FLT4,FGF7,0.909
9606.ENSP00000261937,FLT4,FGF18,0.909
9606.ENSP00000261937,FLT4,FGF5,0.908
9606.ENSP00000262426,FOXF1,SHH,0.915
9606.ENSP00000262460,GINS1,GINS3,0.999
9606.ENSP00000262460,GINS1,CDC45,0.999
9606.ENSP00000262460,GINS1,MCM3,0.999
9606.ENSP00000262460,GINS1,GINS2,0.999
9606.ENSP00000262460,GINS1,MCM2,0.999
9606.ENSP00000262460,GINS1,MCM7,0.999
9606.ENSP00000262460,GINS1,MCM5,0.999
9606.ENSP00000262460,GINS1,GINS4,0.999
9606.ENSP00000262460,GINS1,MCM4,0.999
9606.ENSP00000262460,GINS1,MCM6,0.998
9606.ENSP00000262460,GINS1,WDHD1,0.996
9606.ENSP00000262460,GINS1,TIPIN,0.996
9606.ENSP00000262460,GINS1,POLE2,0.996
9606.ENSP00000262460,GINS1,POLE,0.989
9606.ENSP00000262460,GINS1,TIMELESS,0.974
9606.ENSP00000262460,GINS1,MCM10,0.965
9606.ENSP00000262460,GINS1,MCM9,0.902
9606.ENSP00000262958,GNA15,PLCB2,0.976
9606.ENSP00000262958,GNA15,PLCB3,0.948
9606.ENSP00000262958,GNA15,PLCB1,0.947
9606.ENSP00000262958,GNA15,PLCB4,0.94
9606.ENSP00000262958,GNA15,RXFP4,0.927
9606.ENSP00000262958,GNA15,BDKRB2,0.921
9606.ENSP00000262995,GAB1,GRB2,0.999
9606.ENSP00000262995,GAB1,EGFR,0.999
9606.ENSP00000262995,GAB1,PTPN11,0.999
9606.ENSP00000262995,GAB1,SHC1,0.995
9606.ENSP00000262995,GAB1,CRKL,0.992
9606.ENSP00000262995,GAB1,SOS1,0.991
9606.ENSP00000262995,GAB1,PIK3R1,0.991
9606.ENSP00000262995,GAB1,MET,0.99
9606.ENSP00000262995,GAB1,SOS2,0.978
9606.ENSP00000262995,GAB1,CRK,0.972
9606.ENSP00000262995,GAB1,FRS2,0.959
9606.ENSP00000262995,GAB1,GAB2,0.953
9606.ENSP00000262995,GAB1,ROCK1,0.95
9606.ENSP00000262995,GAB1,ERBB2,0.948
9606.ENSP00000262995,GAB1,INSR,0.943
9606.ENSP00000262995,GAB1,IGF1R,0.935
9606.ENSP00000262995,GAB1,ERBB3,0.932
9606.ENSP00000262995,GAB1,SHC3,0.932
9606.ENSP00000262995,GAB1,AXL,0.926
9606.ENSP00000262995,GAB1,PIK3R2,0.926
9606.ENSP00000262995,GAB1,PDGFRB,0.925
9606.ENSP00000262995,GAB1,PIK3CD,0.925
9606.ENSP00000262995,GAB1,PIK3R3,0.924
9606.ENSP00000262995,GAB1,PIK3CB,0.922
9606.ENSP00000262995,GAB1,KDR,0.92
9606.ENSP00000262995,GAB1,PIK3CA,0.92
9606.ENSP00000262995,GAB1,FGFR3,0.919
9606.ENSP00000262995,GAB1,FGFR2,0.918
9606.ENSP00000262995,GAB1,KIT,0.914
9606.ENSP00000262995,GAB1,PDGFRA,0.911
9606.ENSP00000262995,GAB1,SHC2,0.91
9606.ENSP00000262995,GAB1,ROCK2,0.909
9606.ENSP00000262995,GAB1,IL6R,0.906
9606.ENSP00000262995,GAB1,SHC4,0.905
9606.ENSP00000263208,HIRA,CABIN1,0.999
9606.ENSP00000263208,HIRA,ASF1A,0.999
9606.ENSP00000263208,HIRA,UBN1,0.999
9606.ENSP00000263208,HIRA,ASF1B,0.986
9606.ENSP00000263208,HIRA,H3-3B,0.932
9606.ENSP00000263269,GRIN2D,GRIN1,0.999
9606.ENSP00000263269,GRIN2D,GRIN3A,0.998
9606.ENSP00000263269,GRIN2D,GRIN2B,0.998
9606.ENSP00000263269,GRIN2D,GRIN2A,0.998
9606.ENSP00000263269,GRIN2D,GRIN2C,0.998
9606.ENSP00000263269,GRIN2D,GRIN3B,0.996
9606.ENSP00000263269,GRIN2D,DLG4,0.976
9606.ENSP00000263269,GRIN2D,PDYN,0.947
9606.ENSP00000263269,GRIN2D,NOS1,0.945
9606.ENSP00000263269,GRIN2D,P2RX6,0.915
9606.ENSP00000263269,GRIN2D,P2RX1,0.913
9606.ENSP00000263269,GRIN2D,P2RX3,0.913
9606.ENSP00000263269,GRIN2D,P2RX5,0.908
9606.ENSP00000263269,GRIN2D,P2RX7,0.902
9606.ENSP00000263269,GRIN2D,P2RX4,0.902
9606.ENSP00000264498,FGF2,FGFR2,0.999
9606.ENSP00000264498,FGF2,FGFR4,0.999
9606.ENSP00000264498,FGF2,FGFR1,0.999
9606.ENSP00000264498,FGF2,FGFR3,0.999
9606.ENSP00000264498,FGF2,HSPG2,0.998
9606.ENSP00000264498,FGF2,KDR,0.998
9606.ENSP00000264498,FGF2,SDC1,0.997
9606.ENSP00000264498,FGF2,FGFBP1,0.995
9606.ENSP00000264498,FGF2,FLT1,0.993
9606.ENSP00000264498,FGF2,CD44,0.993
9606.ENSP00000264498,FGF2,SDC4,0.993
9606.ENSP00000264498,FGF2,GPC1,0.987
9606.ENSP00000264498,FGF2,S100B,0.986
9606.ENSP00000264498,FGF2,PDGFRA,0.982
9606.ENSP00000264498,FGF2,PTX3,0.982
9606.ENSP00000264498,FGF2,TGFB1,0.982
9606.ENSP00000264498,FGF2,CX3CL1,0.971
9606.ENSP00000264498,FGF2,EGF,0.969
9606.ENSP00000264498,FGF2,CCL11,0.968
9606.ENSP00000264498,FGF2,CSF2,0.965
9606.ENSP00000264498,FGF2,FN1,0.965
9606.ENSP00000264498,FGF2,FGF1,0.962
9606.ENSP00000264498,FGF2,CSF3,0.961
9606.ENSP00000264498,FGF2,NTRK1,0.959
9606.ENSP00000264498,FGF2,EGFR,0.957
9606.ENSP00000264498,FGF2,API5,0.955
9606.ENSP00000264498,FGF2,HGF,0.955
9606.ENSP00000264498,FGF2,PDGFB,0.953
9606.ENSP00000264498,FGF2,FGF17,0.953
9606.ENSP00000264498,FGF2,PDGFRB,0.953
9606.ENSP00000264498,FGF2,FLT4,0.942
9606.ENSP00000264498,FGF2,TEK,0.941
9606.ENSP00000264498,FGF2,BMP2,0.937
9606.ENSP00000264498,FGF2,NRP1,0.935
9606.ENSP00000264498,FGF2,SOX2,0.933
9606.ENSP00000264498,FGF2,POU5F1,0.931
9606.ENSP00000264498,FGF2,AKT1,0.926
9606.ENSP00000264498,FGF2,NANOG,0.924
9606.ENSP00000264498,FGF2,MMP9,0.919
9606.ENSP00000264498,FGF2,CXCL1,0.918
9606.ENSP00000264498,FGF2,FLT3LG,0.918
9606.ENSP00000264498,FGF2,NTRK2,0.908
9606.ENSP00000264498,FGF2,MET,0.905
9606.ENSP00000264498,FGF2,LIF,0.9
9606.ENSP00000264498,FGF2,IGF1R,0.9
9606.ENSP00000264606,HDAC4,NCOR2,0.999
9606.ENSP00000264606,HDAC4,NCOR1,0.999
9606.ENSP00000264606,HDAC4,RUNX2,0.997
9606.ENSP00000264606,HDAC4,ANKRA2,0.995
9606.ENSP00000264606,HDAC4,YWHAG,0.989
9606.ENSP00000264606,HDAC4,MEF2C,0.984
9606.ENSP00000264606,HDAC4,HSP90AA1,0.975
9606.ENSP00000264606,HDAC4,MEF2A,0.973
9606.ENSP00000264606,HDAC4,HDAC5,0.973
9606.ENSP00000264606,HDAC4,BCL6,0.966
9606.ENSP00000264606,HDAC4,NUP155,0.966
9606.ENSP00000264606,HDAC4,RFXANK,0.964
9606.ENSP00000264606,HDAC4,MEF2D,0.963
9606.ENSP00000264606,HDAC4,HSP90AB1,0.962
9606.ENSP00000264606,HDAC4,CAMK4,0.96
9606.ENSP00000264606,HDAC4,HIF1A,0.955
9606.ENSP00000264606,HDAC4,SIN3A,0.952
9606.ENSP00000264606,HDAC4,YY1,0.947
9606.ENSP00000264606,HDAC4,UBE2I,0.947
9606.ENSP00000264606,HDAC4,SMAD3,0.944
9606.ENSP00000264606,HDAC4,ZBTB16,0.942
9606.ENSP00000264606,HDAC4,HDAC3,0.924
9606.ENSP00000264606,HDAC4,CCND1,0.92
9606.ENSP00000264606,HDAC4,RANBP2,0.907
9606.ENSP00000264606,HDAC4,SIRT1,0.9
9606.ENSP00000264664,FGF10,FGFR1,0.999
9606.ENSP00000264664,FGF10,FGFR2,0.999
9606.ENSP00000264664,FGF10,FGFR4,0.995
9606.ENSP00000264664,FGF10,KL,0.991
9606.ENSP00000264664,FGF10,EGF,0.99
9606.ENSP00000264664,FGF10,FGFBP1,0.987
9606.ENSP00000264664,FGF10,FGFR3,0.981
9606.ENSP00000264664,FGF10,DCN,0.943
9606.ENSP00000264664,FGF10,KDR,0.933
9606.ENSP00000264664,FGF10,HSPG2,0.931
9606.ENSP00000264664,FGF10,EGFR,0.926
9606.ENSP00000264664,FGF10,SHH,0.924
9606.ENSP00000264664,FGF10,CD44,0.922
9606.ENSP00000264664,FGF10,FLT4,0.912
9606.ENSP00000264664,FGF10,PDGFRB,0.904
9606.ENSP00000264664,FGF10,KLB,0.903
9606.ENSP00000264664,FGF10,FRS2,0.902
9606.ENSP00000265276,GPAM,GPAT3,0.995
9606.ENSP00000265276,GPAM,GPAT4,0.992
9606.ENSP00000265276,GPAM,GPD1,0.972
9606.ENSP00000265276,GPAM,GPD1L,0.957
9606.ENSP00000265276,GPAM,GPD2,0.955
9606.ENSP00000265276,GPAM,AGPAT1,0.932
9606.ENSP00000265276,GPAM,GK,0.931
9606.ENSP00000265276,GPAM,GK2,0.93
9606.ENSP00000265276,GPAM,AGPAT2,0.926
9606.ENSP00000265276,GPAM,ADPRM,0.921
9606.ENSP00000265276,GPAM,GPAT2,0.919
9606.ENSP00000265276,GPAM,LPGAT1,0.913
9606.ENSP00000265276,GPAM,AGPAT3,0.912
9606.ENSP00000265276,GPAM,AGPAT4,0.911
9606.ENSP00000265276,GPAM,AGK,0.911
9606.ENSP00000265843,EXPH5,RAB27A,0.981
9606.ENSP00000265866,HNRNPH3,HNRNPA1,0.98
9606.ENSP00000265866,HNRNPH3,HNRNPA2B1,0.968
9606.ENSP00000265866,HNRNPH3,HNRNPH1,0.96
9606.ENSP00000265866,HNRNPH3,HNRNPM,0.945
9606.ENSP00000265866,HNRNPH3,HNRNPDL,0.922
9606.ENSP00000265866,HNRNPH3,HNRNPD,0.918
9606.ENSP00000267101,ERBB3,GRB2,0.999
9606.ENSP00000267101,ERBB3,NRG2,0.999
9606.ENSP00000267101,ERBB3,SHC1,0.999
9606.ENSP00000267101,ERBB3,EGF,0.999
9606.ENSP00000267101,ERBB3,ERBB4,0.999
9606.ENSP00000267101,ERBB3,EGFR,0.999
9606.ENSP00000267101,ERBB3,NRG1,0.999
9606.ENSP00000267101,ERBB3,ERBB2,0.999
9606.ENSP00000267101,ERBB3,TGFA,0.998
9606.ENSP00000267101,ERBB3,PIK3R1,0.998
9606.ENSP00000267101,ERBB3,PA2G4,0.996
9606.ENSP00000267101,ERBB3,RNF41,0.995
9606.ENSP00000267101,ERBB3,PIK3CA,0.993
9606.ENSP00000267101,ERBB3,AREG,0.993
9606.ENSP00000267101,ERBB3,HBEGF,0.991
9606.ENSP00000267101,ERBB3,PIK3R2,0.99
9606.ENSP00000267101,ERBB3,MET,0.987
9606.ENSP00000267101,ERBB3,EREG,0.982
9606.ENSP00000267101,ERBB3,NRG4,0.982
9606.ENSP00000267101,ERBB3,BTC,0.975
9606.ENSP00000267101,ERBB3,SRC,0.968
9606.ENSP00000267101,ERBB3,PIK3CB,0.966
9606.ENSP00000267101,ERBB3,GRB7,0.964
9606.ENSP00000267101,ERBB3,PIK3R3,0.96
9606.ENSP00000267101,ERBB3,SHC2,0.959
9606.ENSP00000267101,ERBB3,PLCG1,0.959
9606.ENSP00000267101,ERBB3,NRG3,0.958
9606.ENSP00000267101,ERBB3,SHC3,0.958
9606.ENSP00000267101,ERBB3,JAK2,0.955
9606.ENSP00000267101,ERBB3,HGF,0.952
9606.ENSP00000267101,ERBB3,PIK3CD,0.951
9606.ENSP00000267101,ERBB3,JAK1,0.947
9606.ENSP00000267101,ERBB3,SHC4,0.944
9606.ENSP00000267101,ERBB3,IGF1R,0.933
9606.ENSP00000267101,ERBB3,PLCG2,0.933
9606.ENSP00000267101,ERBB3,GAB1,0.932
9606.ENSP00000267101,ERBB3,KRAS,0.919
9606.ENSP00000267101,ERBB3,HSP90AA1,0.916
9606.ENSP00000267101,ERBB3,MUC4,0.914
9606.ENSP00000267101,ERBB3,DCN,0.913
9606.ENSP00000267101,ERBB3,STAT3,0.905
9606.ENSP00000267101,ERBB3,IGKV1D-33,0.902
9606.ENSP00000267101,ERBB3,IGLL5,0.902
9606.ENSP00000267101,ERBB3,IGKV1-33,0.902
9606.ENSP00000267101,ERBB3,IGHV3-43D,0.9
9606.ENSP00000267101,ERBB3,IGHV3-16,0.9
9606.ENSP00000267430,FANCM,FAAP20,0.999
9606.ENSP00000267430,FANCM,TOP3A,0.999
9606.ENSP00000267430,FANCM,FANCL,0.999
9606.ENSP00000267430,FANCM,FAAP100,0.999
9606.ENSP00000267430,FANCM,RMI1,0.999
9606.ENSP00000267430,FANCM,RMI2,0.999
9606.ENSP00000267430,FANCM,FANCG,0.999
9606.ENSP00000267430,FANCM,BLM,0.999
9606.ENSP00000267430,FANCM,FANCA,0.999
9606.ENSP00000267430,FANCM,CENPX,0.999
9606.ENSP00000267430,FANCM,CENPS,0.999
9606.ENSP00000267430,FANCM,FANCF,0.999
9606.ENSP00000267430,FANCM,RPA1,0.999
9606.ENSP00000267430,FANCM,FANCE,0.999
9606.ENSP00000267430,FANCM,FANCC,0.999
9606.ENSP00000267430,FANCM,FANCB,0.999
9606.ENSP00000267430,FANCM,FAAP24,0.999
9606.ENSP00000267430,FANCM,RPA2,0.998
9606.ENSP00000267430,FANCM,FANCI,0.998
9606.ENSP00000267430,FANCM,TELO2,0.998
9606.ENSP00000267430,FANCM,FANCD2,0.997
9606.ENSP00000267430,FANCM,MUS81,0.994
9606.ENSP00000267430,FANCM,WRN,0.994
9606.ENSP00000267430,FANCM,RECQL5,0.991
9606.ENSP00000267430,FANCM,RECQL4,0.991
9606.ENSP00000267430,FANCM,FBH1,0.99
9606.ENSP00000267430,FANCM,RAD52,0.99
9606.ENSP00000267430,FANCM,REV3L,0.987
9606.ENSP00000267430,FANCM,RAD51D,0.979
9606.ENSP00000267430,FANCM,RAD51D-2,0.979
9606.ENSP00000267430,FANCM,ATR,0.978
9606.ENSP00000267430,FANCM,RAD51,0.973
9606.ENSP00000267430,FANCM,UBE2T,0.971
9606.ENSP00000267430,FANCM,BRIP1,0.969
9606.ENSP00000267430,FANCM,TOP3B,0.966
9606.ENSP00000267430,FANCM,MEIOB,0.963
9606.ENSP00000267430,FANCM,RAD51C,0.96
9606.ENSP00000267430,FANCM,RAD51B,0.958
9606.ENSP00000267430,FANCM,RAD18,0.957
9606.ENSP00000267430,FANCM,ATRIP,0.955
9606.ENSP00000267430,FANCM,CORT,0.942
9606.ENSP00000267430,FANCM,PALB2,0.94
9606.ENSP00000267430,FANCM,SLX4,0.938
9606.ENSP00000267430,FANCM,BRCA2,0.937
9606.ENSP00000267430,FANCM,ERCC1,0.933
9606.ENSP00000267430,FANCM,MSH6,0.927
9606.ENSP00000267430,FANCM,CENPS-CORT,0.919
9606.ENSP00000267430,FANCM,BRCA1,0.916
9606.ENSP00000268695,GALNS,GLB1,0.997
9606.ENSP00000268695,GALNS,SUMF1,0.961
9606.ENSP00000268719,GID4,ARMC8,0.998
9606.ENSP00000268719,GID4,GID8,0.996
9606.ENSP00000268719,GID4,RMND5A,0.991
9606.ENSP00000268719,GID4,RANBP9,0.99
9606.ENSP00000268719,GID4,RANBP10,0.99
9606.ENSP00000268719,GID4,WDR26,0.972
9606.ENSP00000268719,GID4,MKLN1,0.915
9606.ENSP00000268719,GID4,MAEA,0.914
9606.ENSP00000269216,GATA6,LMCD1,0.963
9606.ENSP00000269216,GATA6,ZFPM2,0.94
9606.ENSP00000269216,GATA6,LOXL2,0.915
9606.ENSP00000269571,ERBB2,ERBB4,0.999
9606.ENSP00000269571,ERBB2,GRB7,0.999
9606.ENSP00000269571,ERBB2,NRG1,0.999
9606.ENSP00000269571,ERBB2,EGFR,0.999
9606.ENSP00000269571,ERBB2,ERBIN,0.999
9606.ENSP00000269571,ERBB2,GRB2,0.999
9606.ENSP00000269571,ERBB2,SHC1,0.999
9606.ENSP00000269571,ERBB2,ERBB3,0.999
9606.ENSP00000269571,ERBB2,CD44,0.999
9606.ENSP00000269571,ERBB2,SRC,0.999
9606.ENSP00000269571,ERBB2,EGF,0.999
9606.ENSP00000269571,ERBB2,HSP90AA1,0.999
9606.ENSP00000269571,ERBB2,TGFA,0.998
9606.ENSP00000269571,ERBB2,CTNNB1,0.998
9606.ENSP00000269571,ERBB2,MUC4,0.996
9606.ENSP00000269571,ERBB2,PIK3R1,0.995
9606.ENSP00000269571,ERBB2,PLXNB1,0.994
9606.ENSP00000269571,ERBB2,NRG2,0.994
9606.ENSP00000269571,ERBB2,IGF1R,0.993
9606.ENSP00000269571,ERBB2,HSP90AB1,0.993
9606.ENSP00000269571,ERBB2,IGF1,0.992
9606.ENSP00000269571,ERBB2,PIK3CA,0.992
9606.ENSP00000269571,ERBB2,PTK2,0.99
9606.ENSP00000269571,ERBB2,PIK3R2,0.985
9606.ENSP00000269571,ERBB2,STUB1,0.982
9606.ENSP00000269571,ERBB2,PLCG1,0.981
9606.ENSP00000269571,ERBB2,PGR,0.98
9606.ENSP00000269571,ERBB2,MUC1,0.979
9606.ENSP00000269571,ERBB2,PLCG2,0.979
9606.ENSP00000269571,ERBB2,ESR1,0.976
9606.ENSP00000269571,ERBB2,PIK3R3,0.975
9606.ENSP00000269571,ERBB2,PIK3CB,0.972
9606.ENSP00000269571,ERBB2,PTPN11,0.971
9606.ENSP00000269571,ERBB2,CDH1,0.97
9606.ENSP00000269571,ERBB2,KRAS,0.966
9606.ENSP00000269571,ERBB2,JAK2,0.966
9606.ENSP00000269571,ERBB2,INS,0.965
9606.ENSP00000269571,ERBB2,SHC3,0.961
9606.ENSP00000269571,ERBB2,SHC2,0.96
9606.ENSP00000269571,ERBB2,JAK1,0.959
9606.ENSP00000269571,ERBB2,AREG,0.959
9606.ENSP00000269571,ERBB2,DCN,0.958
9606.ENSP00000269571,ERBB2,JAK3,0.951
9606.ENSP00000269571,ERBB2,HSPA4,0.951
9606.ENSP00000269571,ERBB2,STAT3,0.948
9606.ENSP00000269571,ERBB2,GAB1,0.948
9606.ENSP00000269571,ERBB2,SHC4,0.946
9606.ENSP00000269571,ERBB2,TRIM21,0.945
9606.ENSP00000269571,ERBB2,HBEGF,0.944
9606.ENSP00000269571,ERBB2,ITGB4,0.944
9606.ENSP00000269571,ERBB2,CBL,0.944
9606.ENSP00000269571,ERBB2,PIK3CD,0.941
9606.ENSP00000269571,ERBB2,CTNND1,0.938
9606.ENSP00000269571,ERBB2,PTPN12,0.935
9606.ENSP00000269571,ERBB2,TP53,0.935
9606.ENSP00000269571,ERBB2,ACTB,0.932
9606.ENSP00000269571,ERBB2,EPCAM,0.927
9606.ENSP00000269571,ERBB2,BTC,0.925
9606.ENSP00000269571,ERBB2,HGF,0.918
9606.ENSP00000269571,ERBB2,BRCA1,0.918
9606.ENSP00000269571,ERBB2,IRS1,0.909
9606.ENSP00000269571,ERBB2,HRAS,0.907
9606.ENSP00000269571,ERBB2,NRAS,0.904
9606.ENSP00000269571,ERBB2,CCND1,0.904
9606.ENSP00000269571,ERBB2,IGKV2D-29,0.902
9606.ENSP00000269571,ERBB2,IGHV3-16,0.9
9606.ENSP00000269856,FEM1A,CUL2,0.948
9606.ENSP00000269856,FEM1A,ELOB,0.932
9606.ENSP00000269856,FEM1A,APPBP2,0.928
9606.ENSP00000269856,FEM1A,KLHDC2,0.927
9606.ENSP00000269856,FEM1A,KLHDC10,0.926
9606.ENSP00000269856,FEM1A,KLHDC3,0.923
9606.ENSP00000269856,FEM1A,RBX1,0.917
9606.ENSP00000269856,FEM1A,FEM1B,0.917
9606.ENSP00000269856,FEM1A,ZYG11B,0.915
9606.ENSP00000269856,FEM1A,ZER1,0.912
9606.ENSP00000269856,FEM1A,FEM1C,0.902
9606.ENSP00000269856,FEM1A,PRAME,0.901
9606.ENSP00000269856,FEM1A,PRAMEF6,0.9
9606.ENSP00000269856,FEM1A,ASB4,0.9
9606.ENSP00000269856,FEM1A,PRAMEF15,0.9
9606.ENSP00000269856,FEM1A,COMMD1,0.9
9606.ENSP00000270139,IFNAR1,IFNA2,0.999
9606.ENSP00000270139,IFNAR1,TYK2,0.999
9606.ENSP00000270139,IFNAR1,IFNB1,0.999
9606.ENSP00000270139,IFNAR1,IFNAR2,0.999
9606.ENSP00000270139,IFNAR1,JAK1,0.999
9606.ENSP00000270139,IFNAR1,STAT2,0.999
9606.ENSP00000270139,IFNAR1,IFNA1,0.999
9606.ENSP00000270139,IFNAR1,STAT1,0.998
9606.ENSP00000270139,IFNAR1,IFNE,0.997
9606.ENSP00000270139,IFNAR1,IFNK,0.997
9606.ENSP00000270139,IFNAR1,IFNW1,0.997
9606.ENSP00000270139,IFNAR1,IFNA17,0.994
9606.ENSP00000270139,IFNAR1,IFNGR1,0.992
9606.ENSP00000270139,IFNAR1,IFNA4,0.989
9606.ENSP00000270139,IFNAR1,IFNG,0.989
9606.ENSP00000270139,IFNAR1,SOCS1,0.988
9606.ENSP00000270139,IFNAR1,IFNA8,0.987
9606.ENSP00000270139,IFNAR1,IFNA10,0.983
9606.ENSP00000270139,IFNAR1,IFNA14,0.983
9606.ENSP00000270139,IFNAR1,IFNA13,0.982
9606.ENSP00000270139,IFNAR1,IFNA5,0.975
9606.ENSP00000270139,IFNAR1,IFNA6,0.974
9606.ENSP00000270139,IFNAR1,IFNA21,0.972
9606.ENSP00000270139,IFNAR1,IFNA16,0.972
9606.ENSP00000270139,IFNAR1,IFNA7,0.972
9606.ENSP00000270139,IFNAR1,RACK1,0.97
9606.ENSP00000270139,IFNAR1,IFNLR1,0.966
9606.ENSP00000270139,IFNAR1,JAK2,0.965
9606.ENSP00000270139,IFNAR1,IFNL2,0.953
9606.ENSP00000270139,IFNAR1,IFNL1,0.951
9606.ENSP00000270139,IFNAR1,IFNL3,0.94
9606.ENSP00000270139,IFNAR1,IRF9,0.934
9606.ENSP00000270139,IFNAR1,JAK3,0.933
9606.ENSP00000270139,IFNAR1,AXL,0.925
9606.ENSP00000270139,IFNAR1,IL10,0.908
9606.ENSP00000270139,IFNAR1,STAT3,0.906
9606.ENSP00000271234,FNBP1L,WASL,0.998
9606.ENSP00000271234,FNBP1L,CDC42,0.997
9606.ENSP00000271234,FNBP1L,WAS,0.96
9606.ENSP00000271234,FNBP1L,WIPF1,0.958
9606.ENSP00000271234,FNBP1L,FNBP1,0.945
9606.ENSP00000271234,FNBP1L,ATG3,0.917
9606.ENSP00000271234,FNBP1L,SQSTM1,0.909
9606.ENSP00000272342,ETAA1,ATRIP,0.913
9606.ENSP00000273550,FTH1,NCOA4,0.999
9606.ENSP00000273550,FTH1,FTL,0.999
9606.ENSP00000273550,FTH1,TFRC,0.995
9606.ENSP00000274093,GLRA3,GLRB,0.953
9606.ENSP00000274341,HAPLN1,ACAN,0.981
9606.ENSP00000274545,GABRA6,PLCL1,0.909
9606.ENSP00000274545,GABRA6,NSF,0.907
9606.ENSP00000274545,GABRA6,HAP1,0.902
9606.ENSP00000274545,GABRA6,TRAK2,0.9
9606.ENSP00000274547,GABRB2,GABRA1,0.996
9606.ENSP00000274547,GABRB2,GABRG2,0.989
9606.ENSP00000274547,GABRB2,GABRB3,0.969
9606.ENSP00000274547,GABRB2,TRAK2,0.968
9606.ENSP00000274547,GABRB2,GABRB1,0.95
9606.ENSP00000274547,GABRB2,HAP1,0.935
9606.ENSP00000274547,GABRB2,PLCL1,0.909
9606.ENSP00000274547,GABRB2,NSF,0.903
9606.ENSP00000275364,GNA12,ARHGEF1,0.999
9606.ENSP00000275364,GNA12,ARHGEF11,0.999
9606.ENSP00000275364,GNA12,ARHGEF12,0.999
9606.ENSP00000275364,GNA12,LPAR1,0.995
9606.ENSP00000275364,GNA12,S1PR3,0.993
9606.ENSP00000275364,GNA12,GNA13,0.992
9606.ENSP00000275364,GNA12,S1PR2,0.992
9606.ENSP00000275364,GNA12,S1PR5,0.99
9606.ENSP00000275364,GNA12,S1PR4,0.989
9606.ENSP00000275364,GNA12,RHOA,0.988
9606.ENSP00000275364,GNA12,F2R,0.986
9606.ENSP00000275364,GNA12,LPAR2,0.985
9606.ENSP00000275364,GNA12,GPR55,0.983
9606.ENSP00000275364,GNA12,LPAR6,0.982
9606.ENSP00000275364,GNA12,EDNRA,0.98
9606.ENSP00000275364,GNA12,LPAR5,0.98
9606.ENSP00000275364,GNA12,LPAR4,0.974
9606.ENSP00000275364,GNA12,AKAP13,0.973
9606.ENSP00000275364,GNA12,CXCR4,0.972
9606.ENSP00000275364,GNA12,ADRA1A,0.968
9606.ENSP00000275364,GNA12,ADGRG1,0.965
9606.ENSP00000275364,GNA12,ADRA1D,0.96
9606.ENSP00000275364,GNA12,AGTR1,0.954
9606.ENSP00000275364,GNA12,PTK2B,0.952
9606.ENSP00000275364,GNA12,GNG12,0.945
9606.ENSP00000275364,GNA12,CRHR1,0.934
9606.ENSP00000275364,GNA12,EDNRB,0.93
9606.ENSP00000275364,GNA12,PTH1R,0.925
9606.ENSP00000275364,GNA12,ADRA1B,0.925
9606.ENSP00000275364,GNA12,ADRA2A,0.924
9606.ENSP00000275364,GNA12,AVPR1A,0.917
9606.ENSP00000275364,GNA12,IGF1R,0.917
9606.ENSP00000275364,GNA12,RASA2,0.917
9606.ENSP00000275364,GNA12,GRM1,0.916
9606.ENSP00000275364,GNA12,AVPR1B,0.913
9606.ENSP00000275364,GNA12,ADRA2C,0.912
9606.ENSP00000275364,GNA12,ADRA2B,0.909
9606.ENSP00000275428,GGCT,GGT1,0.968
9606.ENSP00000275428,GGCT,OPLAH,0.966
9606.ENSP00000275428,GGCT,CHAC1,0.945
9606.ENSP00000275428,GGCT,CHAC2,0.942
9606.ENSP00000275428,GGCT,GGT7,0.939
9606.ENSP00000275428,GGCT,GGT6,0.938
9606.ENSP00000275428,GGCT,GGT5,0.938
9606.ENSP00000275428,GGCT,GSS,0.926
9606.ENSP00000275428,GGCT,GCLC,0.922
9606.ENSP00000275428,GGCT,GCLM,0.921
9606.ENSP00000275428,GGCT,LAP3,0.905
9606.ENSP00000275428,GGCT,ANPEP,0.902
9606.ENSP00000276708,GSDMC,GSDMB,0.977
9606.ENSP00000276708,GSDMC,GSDME,0.901
9606.ENSP00000280236,FSIP1,HSD17B10,0.982
9606.ENSP00000280481,FREM2,FREM1,0.994
9606.ENSP00000280481,FREM2,FRAS1,0.982
9606.ENSP00000280481,FREM2,ITGA8,0.937
9606.ENSP00000280481,FREM2,ITGB1,0.906
9606.ENSP00000282249,GUCY1A2,GUCY1B1,0.997
9606.ENSP00000282249,GUCY1A2,GUCY1A1,0.967
9606.ENSP00000282249,GUCY1A2,PRKG2,0.953
9606.ENSP00000282249,GUCY1A2,PRKG1,0.952
9606.ENSP00000282249,GUCY1A2,NOS1,0.912
9606.ENSP00000282249,GUCY1A2,ITPA,0.911
9606.ENSP00000282249,GUCY1A2,PKM,0.903
9606.ENSP00000282249,GUCY1A2,ENPP1,0.903
9606.ENSP00000282249,GUCY1A2,ENPP3,0.903
9606.ENSP00000282249,GUCY1A2,NUDT2,0.903
9606.ENSP00000282249,GUCY1A2,PKLR,0.903
9606.ENSP00000282397,FLT1,VEGFC,0.999
9606.ENSP00000282397,FLT1,VEGFB,0.999
9606.ENSP00000282397,FLT1,PGF,0.999
9606.ENSP00000282397,FLT1,VEGFD,0.999
9606.ENSP00000282397,FLT1,KDR,0.994
9606.ENSP00000282397,FLT1,NRP1,0.993
9606.ENSP00000282397,FLT1,FGF2,0.993
9606.ENSP00000282397,FLT1,PDGFC,0.989
9606.ENSP00000282397,FLT1,ANGPT1,0.984
9606.ENSP00000282397,FLT1,ANGPT2,0.983
9606.ENSP00000282397,FLT1,NRP2,0.971
9606.ENSP00000282397,FLT1,PTK2,0.948
9606.ENSP00000282397,FLT1,FGF1,0.944
9606.ENSP00000282397,FLT1,FLT4,0.92
9606.ENSP00000282397,FLT1,FGF7,0.918
9606.ENSP00000282397,FLT1,GRB2,0.913
9606.ENSP00000282397,FLT1,PDGFB,0.911
9606.ENSP00000282397,FLT1,PIK3R1,0.909
9606.ENSP00000282397,FLT1,HGF,0.908
9606.ENSP00000282397,FLT1,PIK3CB,0.908
9606.ENSP00000282397,FLT1,EGF,0.902
9606.ENSP00000282753,GRM1,GNAQ,0.998
9606.ENSP00000282753,GRM1,HOMER1,0.998
9606.ENSP00000282753,GRM1,HOMER3,0.99
9606.ENSP00000282753,GRM1,HOMER2,0.989
9606.ENSP00000282753,GRM1,GRM5,0.977
9606.ENSP00000282753,GRM1,CAMK2A,0.968
9606.ENSP00000282753,GRM1,SPTBN2,0.94
9606.ENSP00000282753,GRM1,DLGAP1,0.938
9606.ENSP00000282753,GRM1,CAMK2B,0.933
9606.ENSP00000282753,GRM1,AGAP2,0.928
9606.ENSP00000282753,GRM1,GNA11,0.921
9606.ENSP00000282753,GRM1,GRM4,0.92
9606.ENSP00000282753,GRM1,GNA12,0.916
9606.ENSP00000282753,GRM1,RORA,0.915
9606.ENSP00000282753,GRM1,GNAI2,0.912
9606.ENSP00000282753,GRM1,RAMP1,0.909
9606.ENSP00000282753,GRM1,GNAI1,0.907
9606.ENSP00000282753,GRM1,GNA13,0.907
9606.ENSP00000282753,GRM1,CALCRL,0.907
9606.ENSP00000282753,GRM1,GNAS,0.905
9606.ENSP00000282753,GRM1,GNAZ,0.905
9606.ENSP00000282753,GRM1,GABBR1,0.905
9606.ENSP00000282753,GRM1,RAMP2,0.904
9606.ENSP00000282753,GRM1,RAMP3,0.904
9606.ENSP00000282753,GRM1,GNAI3,0.903
9606.ENSP00000282753,GRM1,KAT5,0.903
9606.ENSP00000283921,HOXA10,HOXA9,0.931
9606.ENSP00000284486,FAM167A,BLK,0.978
9606.ENSP00000285071,FLCN,FNIP2,0.999
9606.ENSP00000285071,FLCN,RRAGC,0.999
9606.ENSP00000285071,FLCN,FNIP1,0.999
9606.ENSP00000285071,FLCN,RRAGA,0.998
9606.ENSP00000285071,FLCN,RRAGB,0.986
9606.ENSP00000285071,FLCN,RRAGD,0.983
9606.ENSP00000285071,FLCN,SLC38A9,0.942
9606.ENSP00000285071,FLCN,LAMTOR1,0.941
9606.ENSP00000285071,FLCN,LAMTOR4,0.94
9606.ENSP00000285071,FLCN,LAMTOR2,0.934
9606.ENSP00000285071,FLCN,LAMTOR3,0.933
9606.ENSP00000285071,FLCN,LAMTOR5,0.92
9606.ENSP00000285398,ERCC3,GTF2H3,0.999
9606.ENSP00000285398,ERCC3,GTF2H5,0.999
9606.ENSP00000285398,ERCC3,CDK7,0.999
9606.ENSP00000285398,ERCC3,XPA,0.999
9606.ENSP00000285398,ERCC3,GTF2E1,0.999
9606.ENSP00000285398,ERCC3,CCNH,0.999
9606.ENSP00000285398,ERCC3,GTF2H4,0.999
9606.ENSP00000285398,ERCC3,GTF2E2,0.999
9606.ENSP00000285398,ERCC3,MNAT1,0.999
9606.ENSP00000285398,ERCC3,ERCC2,0.999
9606.ENSP00000285398,ERCC3,GTF2H2,0.999
9606.ENSP00000285398,ERCC3,ERCC5,0.999
9606.ENSP00000285398,ERCC3,GTF2B,0.999
9606.ENSP00000285398,ERCC3,GTF2H1,0.999
9606.ENSP00000285398,ERCC3,POLR2A,0.998
9606.ENSP00000285398,ERCC3,TBP,0.998
9606.ENSP00000285398,ERCC3,GTF2A1,0.997
9606.ENSP00000285398,ERCC3,GTF2F1,0.997
9606.ENSP00000285398,ERCC3,GTF2H2C,0.996
9606.ENSP00000285398,ERCC3,POLR2E,0.996
9606.ENSP00000285398,ERCC3,ERCC1,0.994
9606.ENSP00000285398,ERCC3,GTF2F2,0.993
9606.ENSP00000285398,ERCC3,GTF2A2,0.993
9606.ENSP00000285398,ERCC3,MMS19,0.993
9606.ENSP00000285398,ERCC3,ERCC4,0.987
9606.ENSP00000285398,ERCC3,POLR2F,0.985
9606.ENSP00000285398,ERCC3,POLR2D,0.984
9606.ENSP00000285398,ERCC3,TAF2,0.984
9606.ENSP00000285398,ERCC3,TAF6,0.983
9606.ENSP00000285398,ERCC3,TAF8,0.982
9606.ENSP00000285398,ERCC3,TCEA1,0.982
9606.ENSP00000285398,ERCC3,TAF7,0.982
9606.ENSP00000285398,ERCC3,TAF1,0.982
9606.ENSP00000285398,ERCC3,TAF5,0.981
9606.ENSP00000285398,ERCC3,TAF9,0.98
9606.ENSP00000285398,ERCC3,TAF3,0.98
9606.ENSP00000285398,ERCC3,POLR2C,0.98
9606.ENSP00000285398,ERCC3,TAF10,0.98
9606.ENSP00000285398,ERCC3,TAF11,0.98
9606.ENSP00000285398,ERCC3,TAF13,0.979
9606.ENSP00000285398,ERCC3,POLR2B,0.977
9606.ENSP00000285398,ERCC3,ERCC6,0.976
9606.ENSP00000285398,ERCC3,POLR2I,0.972
9606.ENSP00000285398,ERCC3,XPC,0.972
9606.ENSP00000285398,ERCC3,POLR2G,0.971
9606.ENSP00000285398,ERCC3,RAD23B,0.968
9606.ENSP00000285398,ERCC3,POLR2H,0.967
9606.ENSP00000285398,ERCC3,MED7,0.966
9606.ENSP00000285398,ERCC3,MED14,0.963
9606.ENSP00000285398,ERCC3,POLR2K,0.962
9606.ENSP00000285398,ERCC3,POLR2L,0.961
9606.ENSP00000285398,ERCC3,BIVM-ERCC5,0.958
9606.ENSP00000285398,ERCC3,POLR2J,0.956
9606.ENSP00000285398,ERCC3,PUF60,0.953
9606.ENSP00000285398,ERCC3,TAF4,0.948
9606.ENSP00000285398,ERCC3,TAF12,0.947
9606.ENSP00000285398,ERCC3,MED26,0.947
9606.ENSP00000285398,ERCC3,MYC,0.942
9606.ENSP00000285398,ERCC3,MED6,0.94
9606.ENSP00000285398,ERCC3,MED1,0.939
9606.ENSP00000285398,ERCC3,CDK9,0.933
9606.ENSP00000285398,ERCC3,ERCC8,0.933
9606.ENSP00000285398,ERCC3,MED27,0.933
9606.ENSP00000285398,ERCC3,MED23,0.931
9606.ENSP00000285398,ERCC3,MED31,0.928
9606.ENSP00000285398,ERCC3,MED10,0.927
9606.ENSP00000285398,ERCC3,MED21,0.925
9606.ENSP00000285398,ERCC3,MED17,0.921
9606.ENSP00000285398,ERCC3,CCNT1,0.919
9606.ENSP00000285398,ERCC3,MED24,0.918
9606.ENSP00000285398,ERCC3,CCNT2,0.918
9606.ENSP00000285398,ERCC3,TP53,0.908
9606.ENSP00000285398,ERCC3,TAF9B,0.903
9606.ENSP00000286548,GNAQ,S1PR3,0.999
9606.ENSP00000286548,GNAQ,HRH1,0.999
9606.ENSP00000286548,GNAQ,GRM5,0.999
9606.ENSP00000286548,GNAQ,PLCB1,0.999
9606.ENSP00000286548,GNAQ,PLCB3,0.999
9606.ENSP00000286548,GNAQ,GRK2,0.999
9606.ENSP00000286548,GNAQ,S1PR2,0.998
9606.ENSP00000286548,GNAQ,GRM1,0.998
9606.ENSP00000286548,GNAQ,ARHGEF25,0.997
9606.ENSP00000286548,GNAQ,LPAR1,0.997
9606.ENSP00000286548,GNAQ,AGTR1,0.997
9606.ENSP00000286548,GNAQ,GNB1,0.997
9606.ENSP00000286548,GNAQ,CCKAR,0.996
9606.ENSP00000286548,GNAQ,HTR2B,0.995
9606.ENSP00000286548,GNAQ,HTR2C,0.995
9606.ENSP00000286548,GNAQ,OXTR,0.995
9606.ENSP00000286548,GNAQ,TBXA2R,0.995
9606.ENSP00000286548,GNAQ,LPAR2,0.994
9606.ENSP00000286548,GNAQ,PLCB2,0.994
9606.ENSP00000286548,GNAQ,ARHGEF12,0.993
9606.ENSP00000286548,GNAQ,RGS4,0.992
9606.ENSP00000286548,GNAQ,LPAR5,0.991
9606.ENSP00000286548,GNAQ,F2R,0.991
9606.ENSP00000286548,GNAQ,HTR2A,0.99
9606.ENSP00000286548,GNAQ,FFAR1,0.989
9606.ENSP00000286548,GNAQ,RGS2,0.988
9606.ENSP00000286548,GNAQ,ADRA1A,0.987
9606.ENSP00000286548,GNAQ,P2RY2,0.985
9606.ENSP00000286548,GNAQ,ADRA1D,0.983
9606.ENSP00000286548,GNAQ,GNRHR,0.983
9606.ENSP00000286548,GNAQ,BDKRB2,0.982
9606.ENSP00000286548,GNAQ,EDNRA,0.98
9606.ENSP00000286548,GNAQ,KISS1R,0.98
9606.ENSP00000286548,GNAQ,LPAR3,0.978
9606.ENSP00000286548,GNAQ,SUCLG2,0.978
9606.ENSP00000286548,GNAQ,ADRA1B,0.976
9606.ENSP00000286548,GNAQ,EDNRB,0.975
9606.ENSP00000286548,GNAQ,RIC8A,0.975
9606.ENSP00000286548,GNAQ,NRAS,0.974
9606.ENSP00000286548,GNAQ,BDKRB1,0.974
9606.ENSP00000286548,GNAQ,PLCB4,0.973
9606.ENSP00000286548,GNAQ,RHOA,0.973
9606.ENSP00000286548,GNAQ,GNA11,0.973
9606.ENSP00000286548,GNAQ,GNG2,0.972
9606.ENSP00000286548,GNAQ,GCGR,0.969
9606.ENSP00000286548,GNAQ,CASR,0.968
9606.ENSP00000286548,GNAQ,PTGER1,0.968
9606.ENSP00000286548,GNAQ,HRAS,0.967
9606.ENSP00000286548,GNAQ,F2RL1,0.967
9606.ENSP00000286548,GNAQ,LPAR4,0.965
9606.ENSP00000286548,GNAQ,ARHGEF1,0.964
9606.ENSP00000286548,GNAQ,TSHR,0.964
9606.ENSP00000286548,GNAQ,CXCR4,0.963
9606.ENSP00000286548,GNAQ,GHSR,0.963
9606.ENSP00000286548,GNAQ,CHRM1,0.963
9606.ENSP00000286548,GNAQ,AGT,0.962
9606.ENSP00000286548,GNAQ,KRAS,0.96
9606.ENSP00000286548,GNAQ,ADORA2A,0.959
9606.ENSP00000286548,GNAQ,ADRA2A,0.959
9606.ENSP00000286548,GNAQ,AVPR1A,0.957
9606.ENSP00000286548,GNAQ,P2RY1,0.955
9606.ENSP00000286548,GNAQ,CXCR2,0.953
9606.ENSP00000286548,GNAQ,ADRA2C,0.953
9606.ENSP00000286548,GNAQ,GAST,0.95
9606.ENSP00000286548,GNAQ,CHRM3,0.95
9606.ENSP00000286548,GNAQ,FZD6,0.947
9606.ENSP00000286548,GNAQ,AVPR1B,0.947
9606.ENSP00000286548,GNAQ,RGS16,0.947
9606.ENSP00000286548,GNAQ,PTH1R,0.946
9606.ENSP00000286548,GNAQ,FZD1,0.94
9606.ENSP00000286548,GNAQ,DRD1,0.939
9606.ENSP00000286548,GNAQ,CXCR5,0.938
9606.ENSP00000286548,GNAQ,APLNR,0.938
9606.ENSP00000286548,GNAQ,RGS19,0.937
9606.ENSP00000286548,GNAQ,RGS1,0.935
9606.ENSP00000286548,GNAQ,PLCG1,0.933
9606.ENSP00000286548,GNAQ,CCR1,0.932
9606.ENSP00000286548,GNAQ,RGS18,0.932
9606.ENSP00000286548,GNAQ,CCR5,0.932
9606.ENSP00000286548,GNAQ,FPR1,0.929
9606.ENSP00000286548,GNAQ,PLCG2,0.927
9606.ENSP00000286548,GNAQ,CCKBR,0.927
9606.ENSP00000286548,GNAQ,CCR2,0.926
9606.ENSP00000286548,GNAQ,CD81,0.925
9606.ENSP00000286548,GNAQ,CXCR1,0.925
9606.ENSP00000286548,GNAQ,ADRA2B,0.925
9606.ENSP00000286548,GNAQ,RGS5,0.923
9606.ENSP00000286548,GNAQ,ADORA2B,0.922
9606.ENSP00000286548,GNAQ,AGTR2,0.921
9606.ENSP00000286548,GNAQ,CCR7,0.92
9606.ENSP00000286548,GNAQ,PTGER3,0.919
9606.ENSP00000286548,GNAQ,DRD5,0.919
9606.ENSP00000286548,GNAQ,CXCR3,0.919
9606.ENSP00000286548,GNAQ,PLA2G4A,0.919
9606.ENSP00000286548,GNAQ,ARHGEF28,0.919
9606.ENSP00000286548,GNAQ,CX3CR1,0.918
9606.ENSP00000286548,GNAQ,DVL1,0.918
9606.ENSP00000286548,GNAQ,FZD9,0.917
9606.ENSP00000286548,GNAQ,MTNR1B,0.917
9606.ENSP00000286548,GNAQ,GNB5,0.917
9606.ENSP00000286548,GNAQ,FZD4,0.917
9606.ENSP00000286548,GNAQ,XCR1,0.916
9606.ENSP00000286548,GNAQ,CCR3,0.916
9606.ENSP00000286548,GNAQ,FZD3,0.915
9606.ENSP00000286548,GNAQ,FZD5,0.915
9606.ENSP00000286548,GNAQ,CCR10,0.914
9606.ENSP00000286548,GNAQ,CCR6,0.913
9606.ENSP00000286548,GNAQ,FZD2,0.913
9606.ENSP00000286548,GNAQ,FZD8,0.913
9606.ENSP00000286548,GNAQ,F2RL3,0.913
9606.ENSP00000286548,GNAQ,CXCR6,0.912
9606.ENSP00000286548,GNAQ,FZD10,0.912
9606.ENSP00000286548,GNAQ,CCR9,0.912
9606.ENSP00000286548,GNAQ,FZD7,0.912
9606.ENSP00000286548,GNAQ,DVL2,0.911
9606.ENSP00000286548,GNAQ,CHRM5,0.91
9606.ENSP00000286548,GNAQ,CCR8,0.91
9606.ENSP00000286548,GNAQ,KCNJ12,0.909
9606.ENSP00000286548,GNAQ,CCR4,0.908
9606.ENSP00000286548,GNAQ,KCNJ4,0.908
9606.ENSP00000286548,GNAQ,PLA2G6,0.908
9606.ENSP00000286548,GNAQ,ARRB1,0.908
9606.ENSP00000286548,GNAQ,KCNJ2,0.908
9606.ENSP00000286548,GNAQ,DVL3,0.908
9606.ENSP00000286548,GNAQ,KCNJ14,0.908
9606.ENSP00000286548,GNAQ,CAV1,0.905
9606.ENSP00000286548,GNAQ,KCNJ18,0.903
9606.ENSP00000286548,GNAQ,RGS21,0.903
9606.ENSP00000286548,GNAQ,RGS13,0.902
9606.ENSP00000286548,GNAQ,PIK3CA,0.901
9606.ENSP00000286548,GNAQ,GLP1R,0.901
9606.ENSP00000286548,GNAQ,PLA2G4D,0.9
9606.ENSP00000286548,GNAQ,PLA2G4E,0.9
9606.ENSP00000286548,GNAQ,PLA2G4F,0.9
9606.ENSP00000286548,GNAQ,PLA2G4C,0.9
9606.ENSP00000286548,GNAQ,JMJD7-PLA2G4B,0.9
9606.ENSP00000286548,GNAQ,PLA2G4B,0.9
9606.ENSP00000287647,FANCD2,FAN1,0.999
9606.ENSP00000287647,FANCD2,FANCB,0.999
9606.ENSP00000287647,FANCD2,FANCC,0.999
9606.ENSP00000287647,FANCD2,FANCE,0.999
9606.ENSP00000287647,FANCD2,UBE2T,0.999
9606.ENSP00000287647,FANCD2,FANCF,0.999
9606.ENSP00000287647,FANCD2,FANCA,0.999
9606.ENSP00000287647,FANCD2,BRCA1,0.999
9606.ENSP00000287647,FANCD2,FANCG,0.999
9606.ENSP00000287647,FANCD2,BRCA2,0.999
9606.ENSP00000287647,FANCD2,FANCI,0.999
9606.ENSP00000287647,FANCD2,FANCL,0.999
9606.ENSP00000287647,FANCD2,RAD51,0.998
9606.ENSP00000287647,FANCD2,USP1,0.998
9606.ENSP00000287647,FANCD2,FANCM,0.997
9606.ENSP00000287647,FANCD2,BRIP1,0.997
9606.ENSP00000287647,FANCD2,FAAP100,0.997
9606.ENSP00000287647,FANCD2,FAAP24,0.992
9606.ENSP00000287647,FANCD2,SLX4,0.992
9606.ENSP00000287647,FANCD2,PALB2,0.991
9606.ENSP00000287647,FANCD2,ATM,0.989
9606.ENSP00000287647,FANCD2,UBC,0.986
9606.ENSP00000287647,FANCD2,WDR48,0.978
9606.ENSP00000287647,FANCD2,MLH1,0.971
9606.ENSP00000287647,FANCD2,RBBP8,0.969
9606.ENSP00000287647,FANCD2,RPS27A,0.962
9606.ENSP00000287647,FANCD2,UBB,0.961
9606.ENSP00000287647,FANCD2,CENPS,0.96
9606.ENSP00000287647,FANCD2,CENPX,0.96
9606.ENSP00000287647,FANCD2,CHEK1,0.958
9606.ENSP00000287647,FANCD2,ERCC4,0.957
9606.ENSP00000287647,FANCD2,MSH2,0.957
9606.ENSP00000287647,FANCD2,ERCC1,0.951
9606.ENSP00000287647,FANCD2,UBA52,0.948
9606.ENSP00000287647,FANCD2,RAD18,0.939
9606.ENSP00000287647,FANCD2,MUS81,0.937
9606.ENSP00000287647,FANCD2,MDC1,0.936
9606.ENSP00000287647,FANCD2,RAD51C,0.934
9606.ENSP00000287647,FANCD2,BLM,0.933
9606.ENSP00000287647,FANCD2,HES1,0.933
9606.ENSP00000287647,FANCD2,ATR,0.93
9606.ENSP00000287647,FANCD2,XRCC3,0.926
9606.ENSP00000287647,FANCD2,POLN,0.918
9606.ENSP00000287647,FANCD2,XRCC5,0.918
9606.ENSP00000287647,FANCD2,SLX1A,0.916
9606.ENSP00000287647,FANCD2,MEN1,0.913
9606.ENSP00000287647,FANCD2,PRKDC,0.913
9606.ENSP00000287647,FANCD2,XRCC6,0.913
9606.ENSP00000287647,FANCD2,FOXO3,0.9
9606.ENSP00000287934,FZD1,WNT3A,0.998
9606.ENSP00000287934,FZD1,LRP5,0.998
9606.ENSP00000287934,FZD1,WNT1,0.997
9606.ENSP00000287934,FZD1,WNT5A,0.99
9606.ENSP00000287934,FZD1,WNT11,0.982
9606.ENSP00000287934,FZD1,DVL1,0.98
9606.ENSP00000287934,FZD1,LRP6,0.976
9606.ENSP00000287934,FZD1,RYK,0.976
9606.ENSP00000287934,FZD1,WNT2,0.953
9606.ENSP00000287934,FZD1,WNT7B,0.951
9606.ENSP00000287934,FZD1,WNT10B,0.947
9606.ENSP00000287934,FZD1,WNT4,0.946
9606.ENSP00000287934,FZD1,WNT2B,0.941
9606.ENSP00000287934,FZD1,ZNRF3,0.94
9606.ENSP00000287934,FZD1,GNAQ,0.94
9606.ENSP00000287934,FZD1,RNF43,0.939
9606.ENSP00000287934,FZD1,WNT7A,0.932
9606.ENSP00000287934,FZD1,WNT6,0.928
9606.ENSP00000287934,FZD1,DVL2,0.928
9606.ENSP00000287934,FZD1,AXIN1,0.928
9606.ENSP00000287934,FZD1,WNT3,0.926
9606.ENSP00000287934,FZD1,WNT10A,0.921
9606.ENSP00000287934,FZD1,WNT16,0.913
9606.ENSP00000287934,FZD1,CTNNB1,0.913
9606.ENSP00000287934,FZD1,BAMBI,0.913
9606.ENSP00000287934,FZD1,GPC4,0.911
9606.ENSP00000287934,FZD1,WNT5B,0.908
9606.ENSP00000287934,FZD1,ROR2,0.905
9606.ENSP00000287934,FZD1,DKK1,0.904
9606.ENSP00000287957,GATAD1,PHF12,0.965
9606.ENSP00000287957,GATAD1,KDM5A,0.959
9606.ENSP00000287957,GATAD1,EMSY,0.919
9606.ENSP00000287957,GATAD1,MORF4L1,0.913
9606.ENSP00000288078,FCSK,FPGT,0.953
9606.ENSP00000289004,HPD,HGD,0.999
9606.ENSP00000289004,HPD,TAT,0.998
9606.ENSP00000289004,HPD,FAH,0.993
9606.ENSP00000289004,HPD,GOT2,0.967
9606.ENSP00000289004,HPD,GOT1L1,0.963
9606.ENSP00000289004,HPD,GOT1,0.963
9606.ENSP00000289004,HPD,MIF,0.909
9606.ENSP00000289004,HPD,IL4I1,0.907
9606.ENSP00000289081,FANCC,FANCI,0.999
9606.ENSP00000289081,FANCC,FANCL,0.999
9606.ENSP00000289081,FANCC,FANCE,0.999
9606.ENSP00000289081,FANCC,CENPX,0.999
9606.ENSP00000289081,FANCC,CENPS,0.999
9606.ENSP00000289081,FANCC,FAAP20,0.999
9606.ENSP00000289081,FANCC,FANCF,0.999
9606.ENSP00000289081,FANCC,FANCD2,0.999
9606.ENSP00000289081,FANCC,FANCA,0.999
9606.ENSP00000289081,FANCC,FAAP100,0.999
9606.ENSP00000289081,FANCC,FANCM,0.999
9606.ENSP00000289081,FANCC,FANCG,0.999
9606.ENSP00000289081,FANCC,FANCB,0.999
9606.ENSP00000289081,FANCC,FAAP24,0.998
9606.ENSP00000289081,FANCC,HES1,0.998
9606.ENSP00000289081,FANCC,UBE2T,0.993
9606.ENSP00000289081,FANCC,POR,0.935
9606.ENSP00000289081,FANCC,BRCA1,0.926
9606.ENSP00000289081,FANCC,BRCA2,0.919
9606.ENSP00000289081,FANCC,BRIP1,0.913
9606.ENSP00000289081,FANCC,PALB2,0.908
9606.ENSP00000289316,H2BC5,H2AC6,0.998
9606.ENSP00000289316,H2BC5,H4C6,0.992
9606.ENSP00000289316,H2BC5,H3C13,0.985
9606.ENSP00000289316,H2BC5,CENPA,0.983
9606.ENSP00000289316,H2BC5,H2AC7,0.983
9606.ENSP00000289316,H2BC5,H2AJ,0.979
9606.ENSP00000289316,H2BC5,H2BC9,0.977
9606.ENSP00000289316,H2BC5,H2AC8,0.977
9606.ENSP00000289316,H2BC5,H2AC18,0.975
9606.ENSP00000289316,H2BC5,H2BC4,0.972
9606.ENSP00000289316,H2BC5,H2BC7,0.971
9606.ENSP00000289316,H2BC5,CENPN,0.969
9606.ENSP00000289316,H2BC5,H2BC21,0.966
9606.ENSP00000289316,H2BC5,H4C8,0.965
9606.ENSP00000289316,H2BC5,H4C5,0.946
9606.ENSP00000289316,H2BC5,H3C12,0.946
9606.ENSP00000289316,H2BC5,H2BC17,0.945
9606.ENSP00000289316,H2BC5,H4C14,0.938
9606.ENSP00000289316,H2BC5,H3-4,0.938
9606.ENSP00000289316,H2BC5,H4C4,0.937
9606.ENSP00000289316,H2BC5,H2BC10,0.937
9606.ENSP00000289316,H2BC5,hCG_2039566,0.934
9606.ENSP00000289316,H2BC5,H2BC3,0.933
9606.ENSP00000289316,H2BC5,H4C9,0.932
9606.ENSP00000289316,H2BC5,H2BC6,0.928
9606.ENSP00000289316,H2BC5,H4C3,0.926
9606.ENSP00000289316,H2BC5,H2AC20,0.925
9606.ENSP00000289316,H2BC5,H4C2,0.925
9606.ENSP00000289316,H2BC5,H4C12,0.921
9606.ENSP00000289316,H2BC5,H4-16,0.92
9606.ENSP00000289316,H2BC5,H4C11,0.92
9606.ENSP00000289316,H2BC5,H2BC14,0.919
9606.ENSP00000289316,H2BC5,H4C13,0.918
9606.ENSP00000289316,H2BC5,H4C1,0.916
9606.ENSP00000289316,H2BC5,H2AC17,0.916
9606.ENSP00000289316,H2BC5,RNF20,0.915
9606.ENSP00000289316,H2BC5,H4C15,0.914
9606.ENSP00000289316,H2BC5,H3-3B,0.914
9606.ENSP00000289316,H2BC5,H2AC13,0.911
9606.ENSP00000289316,H2BC5,H3C14,0.906
9606.ENSP00000289316,H2BC5,H2BC15,0.906
9606.ENSP00000289316,H2BC5,H2AZ1,0.901
9606.ENSP00000290295,HOXB13,PRAC1,0.988
9606.ENSP00000290295,HOXB13,MEIS1,0.964
9606.ENSP00000290295,HOXB13,MEIS2,0.927
9606.ENSP00000290295,HOXB13,PRAC2,0.921
9606.ENSP00000292408,FGFR4,FGF1,0.999
9606.ENSP00000292408,FGFR4,FGF19,0.999
9606.ENSP00000292408,FGFR4,KLB,0.999
9606.ENSP00000292408,FGFR4,FGF2,0.999
9606.ENSP00000292408,FGFR4,FGF4,0.997
9606.ENSP00000292408,FGFR4,FGF6,0.997
9606.ENSP00000292408,FGFR4,FGF9,0.997
9606.ENSP00000292408,FGFR4,FGF8,0.997
9606.ENSP00000292408,FGFR4,FGF5,0.997
9606.ENSP00000292408,FGFR4,FGF18,0.996
9606.ENSP00000292408,FGFR4,FGF17,0.996
9606.ENSP00000292408,FGFR4,FGF10,0.995
9606.ENSP00000292408,FGFR4,FGF23,0.995
9606.ENSP00000292408,FGFR4,FGF7,0.995
9606.ENSP00000292408,FGFR4,FGF16,0.994
9606.ENSP00000292408,FGFR4,FGF3,0.994
9606.ENSP00000292408,FGFR4,FGF20,0.993
9606.ENSP00000292408,FGFR4,KL,0.992
9606.ENSP00000292408,FGFR4,FGF21,0.992
9606.ENSP00000292408,FGFR4,FGF22,0.992
9606.ENSP00000292408,FGFR4,FGF13,0.99
9606.ENSP00000292408,FGFR4,FRS2,0.984
9606.ENSP00000292408,FGFR4,FGFR1,0.967
9606.ENSP00000292408,FGFR4,GRB2,0.95
9606.ENSP00000292408,FGFR4,KRAS,0.948
9606.ENSP00000292408,FGFR4,INS,0.946
9606.ENSP00000292408,FGFR4,NRAS,0.945
9606.ENSP00000292408,FGFR4,HRAS,0.943
9606.ENSP00000292408,FGFR4,SOS1,0.927
9606.ENSP00000292408,FGFR4,SOS2,0.922
9606.ENSP00000292408,FGFR4,IGLL5,0.904
9606.ENSP00000292408,FGFR4,IGHV3-43D,0.9
9606.ENSP00000292432,HK3,GPI,0.978
9606.ENSP00000292432,HK3,HK1,0.978
9606.ENSP00000292432,HK3,HK2,0.974
9606.ENSP00000292432,HK3,HKDC1,0.961
9606.ENSP00000292432,HK3,PFKL,0.959
9606.ENSP00000292432,HK3,PFKM,0.956
9606.ENSP00000292432,HK3,PFKP,0.954
9606.ENSP00000292432,HK3,G6PC3,0.95
9606.ENSP00000292432,HK3,G6PC,0.949
9606.ENSP00000292432,HK3,FBP1,0.946
9606.ENSP00000292432,HK3,G6PC2,0.943
9606.ENSP00000292432,HK3,MPI,0.94
9606.ENSP00000292432,HK3,G6PD,0.939
9606.ENSP00000292432,HK3,PGM2,0.936
9606.ENSP00000292432,HK3,GNPDA1,0.935
9606.ENSP00000292432,HK3,H6PD,0.933
9606.ENSP00000292432,HK3,FBP2,0.932
9606.ENSP00000292432,HK3,GNPNAT1,0.932
9606.ENSP00000292432,HK3,GNPDA2,0.932
9606.ENSP00000292432,HK3,PMM2,0.931
9606.ENSP00000292432,HK3,ADPGK,0.93
9606.ENSP00000292432,HK3,PMM1,0.928
9606.ENSP00000292432,HK3,MGAM,0.927
9606.ENSP00000292432,HK3,GALM,0.926
9606.ENSP00000292432,HK3,GFPT2,0.922
9606.ENSP00000292432,HK3,SORD,0.92
9606.ENSP00000292432,HK3,GFPT1,0.92
9606.ENSP00000292432,HK3,AMDHD2-2,0.919
9606.ENSP00000292432,HK3,KHK,0.917
9606.ENSP00000292432,HK3,MGAM2,0.916
9606.ENSP00000292432,HK3,GCK,0.916
9606.ENSP00000292432,HK3,GAA,0.915
9606.ENSP00000292432,HK3,SI,0.915
9606.ENSP00000292432,HK3,LCT,0.903
9606.ENSP00000292432,HK3,BAX,0.901
9606.ENSP00000292432,HK3,GLB1,0.9
9606.ENSP00000292432,HK3,GANC,0.9
9606.ENSP00000294117,GNG3,GNB2,0.999
9606.ENSP00000294117,GNG3,GNB1,0.999
9606.ENSP00000294117,GNG3,GNB5,0.998
9606.ENSP00000294117,GNG3,GNB4,0.998
9606.ENSP00000294117,GNG3,GNB3,0.998
9606.ENSP00000294117,GNG3,GNAS,0.967
9606.ENSP00000294117,GNG3,GNAI3,0.947
9606.ENSP00000294117,GNG3,GNG13,0.946
9606.ENSP00000294117,GNG3,GNAI1,0.938
9606.ENSP00000294117,GNG3,GNAO1,0.925
9606.ENSP00000294117,GNG3,GNAI2,0.917
9606.ENSP00000294117,GNG3,HTR7,0.913
9606.ENSP00000294117,GNG3,CXCR4,0.911
9606.ENSP00000294117,GNG3,APLNR,0.911
9606.ENSP00000294117,GNG3,MTNR1B,0.909
9606.ENSP00000294117,GNG3,CCR5,0.908
9606.ENSP00000294117,GNG3,PREX1,0.902
9606.ENSP00000294312,FGF19,KLB,0.999
9606.ENSP00000294312,FGF19,FGFR4,0.999
9606.ENSP00000294312,FGF19,FGFR1,0.991
9606.ENSP00000294312,FGF19,KL,0.976
9606.ENSP00000294312,FGF19,FGFR2,0.969
9606.ENSP00000294312,FGF19,FGFR3,0.933
9606.ENSP00000294312,FGF19,NR1H4,0.916
9606.ENSP00000294312,FGF19,LTO1,0.91
9606.ENSP00000294312,FGF19,IGLL5,0.9
9606.ENSP00000294312,FGF19,IGHV3-43D,0.9
9606.ENSP00000295452,GABRG1,PLCL1,0.918
9606.ENSP00000295452,GABRG1,NSF,0.907
9606.ENSP00000295452,GABRG1,TRAK2,0.905
9606.ENSP00000295452,GABRG1,HAP1,0.901
9606.ENSP00000295452,GABRG1,GABRB1,0.9
9606.ENSP00000295633,FSTL1,TLR2,0.963
9606.ENSP00000295633,FSTL1,TLR6,0.916
9606.ENSP00000296526,GRIA2,PICK1,0.999
9606.ENSP00000296526,GRIA2,GRIA4,0.999
9606.ENSP00000296526,GRIA2,GRIA1,0.999
9606.ENSP00000296526,GRIA2,GRIP1,0.999
9606.ENSP00000296526,GRIA2,GRIA3,0.999
9606.ENSP00000296526,GRIA2,CACNG2,0.995
9606.ENSP00000296526,GRIA2,CACNG8,0.994
9606.ENSP00000296526,GRIA2,CNIH2,0.99
9606.ENSP00000296526,GRIA2,CDH2,0.982
9606.ENSP00000296526,GRIA2,CNIH3,0.981
9606.ENSP00000296526,GRIA2,CAMK2A,0.977
9606.ENSP00000296526,GRIA2,DLG4,0.968
9606.ENSP00000296526,GRIA2,CAMK2B,0.953
9606.ENSP00000296526,GRIA2,NSF,0.942
9606.ENSP00000296526,GRIA2,PRKACB,0.939
9606.ENSP00000296526,GRIA2,PRKACA,0.937
9606.ENSP00000296526,GRIA2,PRKACG,0.936
9606.ENSP00000296526,GRIA2,GRIP2,0.935
9606.ENSP00000296526,GRIA2,GRIN2A,0.933
9606.ENSP00000296526,GRIA2,CACNG3,0.923
9606.ENSP00000296526,GRIA2,PPP1CA,0.908
9606.ENSP00000296526,GRIA2,CACNG4,0.907
9606.ENSP00000296526,GRIA2,PPP1CB,0.907
9606.ENSP00000296526,GRIA2,CACNG5,0.907
9606.ENSP00000296526,GRIA2,LYN,0.904
9606.ENSP00000296526,GRIA2,PPP1CC,0.901
9606.ENSP00000296526,GRIA2,GRIN1,0.901
9606.ENSP00000298542,FRMD7,CASK,0.932
9606.ENSP00000298542,FRMD7,GPR143,0.925
9606.ENSP00000299314,GNPTAB,GNPTG,0.999
9606.ENSP00000299314,GNPTAB,NAGPA,0.975
9606.ENSP00000301218,GRIK5,GRIK2,0.999
9606.ENSP00000301218,GRIK5,GRIK1,0.993
9606.ENSP00000301218,GRIK5,GRIK4,0.989
9606.ENSP00000301218,GRIK5,GRIK3,0.986
9606.ENSP00000301218,GRIK5,DLG4,0.949
9606.ENSP00000301659,GSDMA,GSDME,0.979
9606.ENSP00000302728,GUSB,KL,0.986
9606.ENSP00000302728,GUSB,CES1,0.981
9606.ENSP00000302728,GUSB,UGT1A10,0.954
9606.ENSP00000302728,GUSB,GNS,0.953
9606.ENSP00000302728,GUSB,UGT1A4,0.951
9606.ENSP00000302728,GUSB,UGT1A7,0.948
9606.ENSP00000302728,GUSB,UGT1A6,0.948
9606.ENSP00000302728,GUSB,UGT1A9,0.948
9606.ENSP00000302728,GUSB,UGT1A8,0.948
9606.ENSP00000302728,GUSB,UGT1A1,0.948
9606.ENSP00000302728,GUSB,UGT1A3,0.945
9606.ENSP00000302728,GUSB,UGT2B17,0.945
9606.ENSP00000302728,GUSB,UGT2B15,0.944
9606.ENSP00000302728,GUSB,UGT2B10,0.944
9606.ENSP00000302728,GUSB,UGT2B7,0.944
9606.ENSP00000302728,GUSB,UGT1A5,0.943
9606.ENSP00000302728,GUSB,UGT2B28,0.942
9606.ENSP00000302728,GUSB,UGT2B11,0.942
9606.ENSP00000302728,GUSB,UGT2B4,0.942
9606.ENSP00000302728,GUSB,UGT2A2,0.942
9606.ENSP00000302728,GUSB,HYAL1,0.942
9606.ENSP00000302728,GUSB,UGT2A3,0.941
9606.ENSP00000302728,GUSB,SPAM1,0.937
9606.ENSP00000302728,GUSB,HYAL2,0.931
9606.ENSP00000302728,GUSB,CES2,0.925
9606.ENSP00000302728,GUSB,HYAL4,0.921
9606.ENSP00000302728,GUSB,AKR1A1,0.916
9606.ENSP00000302728,GUSB,HYAL3,0.913
9606.ENSP00000302961,HSPA4,STIP1,0.999
9606.ENSP00000302961,HSPA4,HSPA8,0.999
9606.ENSP00000302961,HSPA4,DNAJB1,0.999
9606.ENSP00000302961,HSPA4,HSP90AB1,0.999
9606.ENSP00000302961,HSPA4,HSP90AA1,0.999
9606.ENSP00000302961,HSPA4,BAG1,0.999
9606.ENSP00000302961,HSPA4,STUB1,0.999
9606.ENSP00000302961,HSPA4,BAG3,0.999
9606.ENSP00000302961,HSPA4,FKBP4,0.998
9606.ENSP00000302961,HSPA4,HSPBP1,0.998
9606.ENSP00000302961,HSPA4,APAF1,0.997
9606.ENSP00000302961,HSPA4,ST13,0.997
9606.ENSP00000302961,HSPA4,TP53,0.997
9606.ENSP00000302961,HSPA4,BAG2,0.997
9606.ENSP00000302961,HSPA4,TLR4,0.996
9606.ENSP00000302961,HSPA4,CDC37,0.995
9606.ENSP00000302961,HSPA4,HSPB8,0.994
9606.ENSP00000302961,HSPA4,SNCA,0.994
9606.ENSP00000302961,HSPA4,TIMM44,0.993
9606.ENSP00000302961,HSPA4,HSPB1,0.992
9606.ENSP00000302961,HSPA4,FKBP5,0.992
9606.ENSP00000302961,HSPA4,NR3C1,0.992
9606.ENSP00000302961,HSPA4,TLR2,0.992
9606.ENSP00000302961,HSPA4,DNAJA1,0.992
9606.ENSP00000302961,HSPA4,LRP1,0.991
9606.ENSP00000302961,HSPA4,CD40,0.991
9606.ENSP00000302961,HSPA4,HSP90B1,0.99
9606.ENSP00000302961,HSPA4,HSPB2,0.988
9606.ENSP00000302961,HSPA4,SGTA,0.988
9606.ENSP00000302961,HSPA4,HSPB3,0.988
9606.ENSP00000302961,HSPA4,TOMM70,0.988
9606.ENSP00000302961,HSPA4,SP100,0.987
9606.ENSP00000302961,HSPA4,DNAJC2,0.986
9606.ENSP00000302961,HSPA4,HSF1,0.985
9606.ENSP00000302961,HSPA4,DNAJC7,0.983
9606.ENSP00000302961,HSPA4,DNAJB4,0.982
9606.ENSP00000302961,HSPA4,TTC1,0.982
9606.ENSP00000302961,HSPA4,CD63,0.981
9606.ENSP00000302961,HSPA4,OLR1,0.98
9606.ENSP00000302961,HSPA4,PPID,0.977
9606.ENSP00000302961,HSPA4,GRPEL1,0.975
9606.ENSP00000302961,HSPA4,DNAJB6,0.973
9606.ENSP00000302961,HSPA4,PGR,0.972
9606.ENSP00000302961,HSPA4,PRKN,0.971
9606.ENSP00000302961,HSPA4,AHSA1,0.971
9606.ENSP00000302961,HSPA4,AKT1,0.964
9606.ENSP00000302961,HSPA4,PGLYRP1,0.963
9606.ENSP00000302961,HSPA4,SOD1,0.963
9606.ENSP00000302961,HSPA4,BAG5,0.96
9606.ENSP00000302961,HSPA4,TJP1,0.959
9606.ENSP00000302961,HSPA4,CD81,0.959
9606.ENSP00000302961,HSPA4,HTT,0.958
9606.ENSP00000302961,HSPA4,MAPT,0.957
9606.ENSP00000302961,HSPA4,HSPA9,0.955
9606.ENSP00000302961,HSPA4,CALR,0.955
9606.ENSP00000302961,HSPA4,EGFR,0.954
9606.ENSP00000302961,HSPA4,PARK7,0.953
9606.ENSP00000302961,HSPA4,ERBB2,0.951
9606.ENSP00000302961,HSPA4,CD9,0.947
9606.ENSP00000302961,HSPA4,TRAF6,0.946
9606.ENSP00000302961,HSPA4,RICTOR,0.945
9606.ENSP00000302961,HSPA4,TSG101,0.944
9606.ENSP00000302961,HSPA4,DNAJB2,0.944
9606.ENSP00000302961,HSPA4,CLPB,0.941
9606.ENSP00000302961,HSPA4,HSPA1B,0.939
9606.ENSP00000302961,HSPA4,UBE3A,0.938
9606.ENSP00000302961,HSPA4,HIF1A,0.938
9606.ENSP00000302961,HSPA4,HSPH1,0.935
9606.ENSP00000302961,HSPA4,KLRD1,0.935
9606.ENSP00000302961,HSPA4,ESR1,0.931
9606.ENSP00000302961,HSPA4,HSPE1,0.93
9606.ENSP00000302961,HSPA4,HSPA6,0.925
9606.ENSP00000302961,HSPA4,CFTR,0.925
9606.ENSP00000302961,HSPA4,AR,0.925
9606.ENSP00000302961,HSPA4,IKBKG,0.924
9606.ENSP00000302961,HSPA4,HSPD1,0.924
9606.ENSP00000302961,HSPA4,HDAC1,0.921
9606.ENSP00000302961,HSPA4,TARDBP,0.92
9606.ENSP00000302961,HSPA4,HNRNPD,0.918
9606.ENSP00000302961,HSPA4,DNAJC3,0.916
9606.ENSP00000302961,HSPA4,EEF1A1,0.916
9606.ENSP00000302961,HSPA4,HSPA5,0.915
9606.ENSP00000302961,HSPA4,UBQLN2,0.915
9606.ENSP00000302961,HSPA4,BAG4,0.913
9606.ENSP00000302961,HSPA4,PTGES3,0.906
9606.ENSP00000302961,HSPA4,CASP3,0.906
9606.ENSP00000302961,HSPA4,EIF4G1,0.904
9606.ENSP00000302961,HSPA4,DNAJC5,0.903
9606.ENSP00000302961,HSPA4,DNAJA2,0.902
9606.ENSP00000302961,HSPA4,GAPDH,0.901
9606.ENSP00000302961,HSPA4,DNAJC19,0.9
9606.ENSP00000305480,FEN1,PCNA,0.999
9606.ENSP00000305480,FEN1,LIG1,0.999
9606.ENSP00000305480,FEN1,APEX1,0.998
9606.ENSP00000305480,FEN1,WRN,0.998
9606.ENSP00000305480,FEN1,POLD1,0.997
9606.ENSP00000305480,FEN1,DNA2,0.996
9606.ENSP00000305480,FEN1,POLD2,0.995
9606.ENSP00000305480,FEN1,POLB,0.987
9606.ENSP00000305480,FEN1,MRE11,0.984
9606.ENSP00000305480,FEN1,POLD3,0.983
9606.ENSP00000305480,FEN1,RECQL4,0.981
9606.ENSP00000305480,FEN1,MCM3,0.961
9606.ENSP00000305480,FEN1,NEIL1,0.961
9606.ENSP00000305480,FEN1,RFC4,0.96
9606.ENSP00000305480,FEN1,RAD51,0.959
9606.ENSP00000305480,FEN1,MSH6,0.95
9606.ENSP00000305480,FEN1,MSH2,0.948
9606.ENSP00000305480,FEN1,RFC3,0.947
9606.ENSP00000305480,FEN1,XRCC1,0.946
9606.ENSP00000305480,FEN1,ERCC1,0.946
9606.ENSP00000305480,FEN1,MCM5,0.942
9606.ENSP00000305480,FEN1,PARP1,0.941
9606.ENSP00000305480,FEN1,MCM4,0.941
9606.ENSP00000305480,FEN1,RFC2,0.939
9606.ENSP00000305480,FEN1,POLD4,0.934
9606.ENSP00000305480,FEN1,HUS1,0.934
9606.ENSP00000305480,FEN1,RAD52,0.933
9606.ENSP00000305480,FEN1,BLM,0.921
9606.ENSP00000305480,FEN1,RAD9A,0.916
9606.ENSP00000305480,FEN1,LIG3,0.914
9606.ENSP00000305480,FEN1,MCM2,0.912
9606.ENSP00000305480,FEN1,XPC,0.911
9606.ENSP00000305480,FEN1,CCNA2,0.908
9606.ENSP00000305480,FEN1,MCM6,0.907
9606.ENSP00000305480,FEN1,POLE,0.906
9606.ENSP00000305480,FEN1,MCM7,0.903
9606.ENSP00000305480,FEN1,RNASEH2A,0.902
9606.ENSP00000305480,FEN1,ATAD5,0.902
9606.ENSP00000305480,FEN1,EXO1,0.901
9606.ENSP00000305699,HOOK3,FAM160A2,0.996
9606.ENSP00000305699,HOOK3,AKTIP,0.992
9606.ENSP00000305699,HOOK3,HOOK1,0.987
9606.ENSP00000305699,HOOK3,DYNC1LI1,0.986
9606.ENSP00000305699,HOOK3,HOOK2,0.945
9606.ENSP00000306099,FGB,FGA,0.999
9606.ENSP00000306099,FGB,FGG,0.999
9606.ENSP00000306099,FGB,F2,0.999
9606.ENSP00000306099,FGB,SERPINC1,0.954
9606.ENSP00000306099,FGB,ITGB3,0.952
9606.ENSP00000306099,FGB,SERPIND1,0.951
9606.ENSP00000306099,FGB,PLG,0.948
9606.ENSP00000306099,FGB,AMBP,0.931
9606.ENSP00000306099,FGB,GC,0.931
9606.ENSP00000306099,FGB,ITGA2B,0.925
9606.ENSP00000306099,FGB,FN1,0.922
9606.ENSP00000306099,FGB,SERPINF2,0.914
9606.ENSP00000306099,FGB,AHSG,0.909
9606.ENSP00000306099,FGB,F13B,0.905
9606.ENSP00000306138,GRM5,HOMER1,0.999
9606.ENSP00000306138,GRM5,GNAQ,0.999
9606.ENSP00000306138,GRM5,GRM1,0.977
9606.ENSP00000306138,GRM5,ADORA2A,0.976
9606.ENSP00000306138,GRM5,CAMK2A,0.975
9606.ENSP00000306138,GRM5,HOMER2,0.965
9606.ENSP00000306138,GRM5,PRNP,0.953
9606.ENSP00000306138,GRM5,CHRM1,0.95
9606.ENSP00000306138,GRM5,CHRM5,0.946
9606.ENSP00000306138,GRM5,SHANK1,0.939
9606.ENSP00000306138,GRM5,CAMK2B,0.933
9606.ENSP00000306138,GRM5,HOMER3,0.929
9606.ENSP00000306138,GRM5,CHRM3,0.929
9606.ENSP00000306138,GRM5,GRIA1,0.916
9606.ENSP00000306138,GRM5,DLGAP1,0.915
9606.ENSP00000306138,GRM5,GNA11,0.907
9606.ENSP00000306138,GRM5,DLG4,0.902
9606.ENSP00000306894,ETV5,COP1,0.906
9606.ENSP00000306894,ETV5,DET1,0.906
9606.ENSP00000306999,ESCO2,SMC3,0.998
9606.ENSP00000306999,ESCO2,PDS5A,0.986
9606.ENSP00000306999,ESCO2,WAPL,0.973
9606.ENSP00000306999,ESCO2,RAD21,0.963
9606.ENSP00000306999,ESCO2,CHTF18,0.948
9606.ENSP00000306999,ESCO2,SMC1A,0.92
9606.ENSP00000306999,ESCO2,DSCC1,0.903
9606.ENSP00000307342,HCN1,HCN2,0.956
9606.ENSP00000307342,HCN1,HCN3,0.934
9606.ENSP00000307342,HCN1,HCN4,0.904
9606.ENSP00000307705,H1-4,CBX3,0.983
9606.ENSP00000307705,H1-4,H4C6,0.968
9606.ENSP00000307705,H1-4,H4C2,0.963
9606.ENSP00000307705,H1-4,H4C5,0.963
9606.ENSP00000307705,H1-4,KDM4A,0.952
9606.ENSP00000307705,H1-4,H1-3,0.95
9606.ENSP00000307705,H1-4,H4C13,0.946
9606.ENSP00000307705,H1-4,H4C3,0.946
9606.ENSP00000307705,H1-4,H4C4,0.944
9606.ENSP00000307705,H1-4,H3C12,0.944
9606.ENSP00000307705,H1-4,H4C11,0.943
9606.ENSP00000307705,H1-4,H4C8,0.937
9606.ENSP00000307705,H1-4,H4-16,0.934
9606.ENSP00000307705,H1-4,H3C1,0.931
9606.ENSP00000307705,H1-4,H4C9,0.93
9606.ENSP00000307705,H1-4,H4C1,0.929
9606.ENSP00000307705,H1-4,H4C15,0.928
9606.ENSP00000307705,H1-4,H3C2,0.928
9606.ENSP00000307705,H1-4,H2BC12,0.927
9606.ENSP00000307705,H1-4,H4C12,0.925
9606.ENSP00000307705,H1-4,H4C14,0.922
9606.ENSP00000307705,H1-4,H3C13,0.918
9606.ENSP00000307705,H1-4,H3C11,0.915
9606.ENSP00000307705,H1-4,H3C3,0.914
9606.ENSP00000307705,H1-4,H2AC8,0.913
9606.ENSP00000307705,H1-4,H2AC4,0.904
9606.ENSP00000307766,HTR1E,GNB1,0.98
9606.ENSP00000307766,HTR1E,GNAI1,0.967
9606.ENSP00000307766,HTR1E,GNG2,0.94
9606.ENSP00000307939,GCC2,RAB6A,0.999
9606.ENSP00000307939,GCC2,STX16,0.978
9606.ENSP00000307939,GCC2,RAB9A,0.976
9606.ENSP00000307939,GCC2,STX10,0.966
9606.ENSP00000307939,GCC2,GRIP1,0.959
9606.ENSP00000307939,GCC2,CLASRP,0.954
9606.ENSP00000307939,GCC2,RANBP2,0.946
9606.ENSP00000307939,GCC2,GOLGA4,0.939
9606.ENSP00000307939,GCC2,RAB9B,0.926
9606.ENSP00000308405,H2AZ2,H4C6,0.995
9606.ENSP00000308405,H2AZ2,H3C12,0.991
9606.ENSP00000308405,H2AZ2,H2BC21,0.989
9606.ENSP00000308405,H2AZ2,H3C6,0.96
9606.ENSP00000308405,H2AZ2,H3C3,0.959
9606.ENSP00000308405,H2AZ2,H4C3,0.953
9606.ENSP00000308405,H2AZ2,H3C4,0.951
9606.ENSP00000308405,H2AZ2,H4C4,0.951
9606.ENSP00000308405,H2AZ2,H4C1,0.95
9606.ENSP00000308405,H2AZ2,H4C13,0.95
9606.ENSP00000308405,H2AZ2,H4C12,0.95
9606.ENSP00000308405,H2AZ2,H4C15,0.95
9606.ENSP00000308405,H2AZ2,H4C9,0.95
9606.ENSP00000308405,H2AZ2,H4C2,0.95
9606.ENSP00000308405,H2AZ2,H4C8,0.95
9606.ENSP00000308405,H2AZ2,H4C11,0.95
9606.ENSP00000308405,H2AZ2,H4C14,0.949
9606.ENSP00000308405,H2AZ2,H4-16,0.949
9606.ENSP00000308405,H2AZ2,H4C5,0.949
9606.ENSP00000308405,H2AZ2,EP400,0.947
9606.ENSP00000308405,H2AZ2,H3C7,0.944
9606.ENSP00000308405,H2AZ2,H3C8,0.944
9606.ENSP00000308405,H2AZ2,H3C11,0.944
9606.ENSP00000308405,H2AZ2,H3C1,0.944
9606.ENSP00000308405,H2AZ2,H3C10,0.944
9606.ENSP00000308405,H2AZ2,H3C2,0.943
9606.ENSP00000308405,H2AZ2,RUVBL1,0.917
9606.ENSP00000308405,H2AZ2,SRCAP,0.904
9606.ENSP00000308944,HLTF,RAD18,0.996
9606.ENSP00000308944,HLTF,UBE2N,0.996
9606.ENSP00000308944,HLTF,UBE2V2,0.99
9606.ENSP00000308944,HLTF,PCNA,0.973
9606.ENSP00000308944,HLTF,S100A10,0.963
9606.ENSP00000308944,HLTF,RAD51,0.92
9606.ENSP00000310447,GLS2,GLUL,0.987
9606.ENSP00000310447,GLS2,GLUD1,0.984
9606.ENSP00000310447,GLS2,GLUD2,0.975
9606.ENSP00000310447,GLS2,ALDH18A1,0.972
9606.ENSP00000310447,GLS2,ALDH4A1,0.953
9606.ENSP00000310447,GLS2,GAD1,0.95
9606.ENSP00000310447,GLS2,GAD2,0.946
9606.ENSP00000310447,GLS2,PPAT,0.938
9606.ENSP00000310447,GLS2,GFPT1,0.929
9606.ENSP00000310447,GLS2,TP53,0.926
9606.ENSP00000310447,GLS2,GFPT2,0.924
9606.ENSP00000310447,GLS2,CPS1,0.923
9606.ENSP00000310447,GLS2,CAD,0.918
9606.ENSP00000310447,GLS2,GLS,0.916
9606.ENSP00000310447,GLS2,DGLUCY,0.9
9606.ENSP00000310520,ERCC4,XPA,0.999
9606.ENSP00000310520,ERCC4,SLX4,0.999
9606.ENSP00000310520,ERCC4,ERCC1,0.999
9606.ENSP00000310520,ERCC4,SLX1A,0.998
9606.ENSP00000310520,ERCC4,ERCC5,0.998
9606.ENSP00000310520,ERCC4,MUS81,0.994
9606.ENSP00000310520,ERCC4,RAD23B,0.99
9606.ENSP00000310520,ERCC4,MSH2,0.989
9606.ENSP00000310520,ERCC4,ERCC2,0.988
9606.ENSP00000310520,ERCC4,ERCC3,0.987
9606.ENSP00000310520,ERCC4,XPC,0.983
9606.ENSP00000310520,ERCC4,FAAP24,0.981
9606.ENSP00000310520,ERCC4,XRCC5,0.976
9606.ENSP00000310520,ERCC4,BIVM-ERCC5,0.975
9606.ENSP00000310520,ERCC4,ERCC8,0.975
9606.ENSP00000310520,ERCC4,XRCC6,0.972
9606.ENSP00000310520,ERCC4,MSH6,0.966
9606.ENSP00000310520,ERCC4,ATM,0.965
9606.ENSP00000310520,ERCC4,LIG4,0.965
9606.ENSP00000310520,ERCC4,POLD1,0.962
9606.ENSP00000310520,ERCC4,RAD52,0.962
9606.ENSP00000310520,ERCC4,EME1,0.96
9606.ENSP00000310520,ERCC4,FANCD2,0.957
9606.ENSP00000310520,ERCC4,XRCC4,0.945
9606.ENSP00000310520,ERCC4,DCLRE1C,0.937
9606.ENSP00000310520,ERCC4,CETN2,0.937
9606.ENSP00000310520,ERCC4,MSH3,0.936
9606.ENSP00000310520,ERCC4,PRKDC,0.935
9606.ENSP00000310520,ERCC4,ERCC6,0.934
9606.ENSP00000310520,ERCC4,RAD51,0.927
9606.ENSP00000310520,ERCC4,NHEJ1,0.923
9606.ENSP00000310520,ERCC4,RPA1,0.917
9606.ENSP00000310520,ERCC4,PHF21A,0.915
9606.ENSP00000310520,ERCC4,BRCA1,0.914
9606.ENSP00000310520,ERCC4,FANCA,0.912
9606.ENSP00000310520,ERCC4,ATP23,0.909
9606.ENSP00000310520,ERCC4,KDM1A,0.907
9606.ENSP00000310520,ERCC4,PAXX,0.906
9606.ENSP00000310520,ERCC4,EME2,0.905
9606.ENSP00000310520,ERCC4,SWSAP1,0.903
9606.ENSP00000310520,ERCC4,RCOR1,0.902
9606.ENSP00000310520,ERCC4,ZSWIM7,0.9
9606.ENSP00000310841,FBXO31,SKP1,0.996
9606.ENSP00000310841,FBXO31,CCND1,0.985
9606.ENSP00000310841,FBXO31,CUL1,0.969
9606.ENSP00000311697,FGF5,FGFR1,0.999
9606.ENSP00000311697,FGF5,FGFR2,0.998
9606.ENSP00000311697,FGF5,FGFR4,0.997
9606.ENSP00000311697,FGF5,EGF,0.993
9606.ENSP00000311697,FGF5,KL,0.991
9606.ENSP00000311697,FGF5,FGFR3,0.971
9606.ENSP00000311697,FGF5,HSPG2,0.946
9606.ENSP00000311697,FGF5,FGFBP1,0.945
9606.ENSP00000311697,FGF5,KDR,0.927
9606.ENSP00000311697,FGF5,EGFR,0.922
9606.ENSP00000311697,FGF5,FLT4,0.908
9606.ENSP00000311697,FGF5,DCN,0.905
9606.ENSP00000311697,FGF5,PDGFRA,0.904
9606.ENSP00000311697,FGF5,KLB,0.903
9606.ENSP00000312987,HNF4A,LEF1,0.999
9606.ENSP00000312987,HNF4A,CTNNB1,0.999
9606.ENSP00000312987,HNF4A,PPARGC1A,0.998
9606.ENSP00000312987,HNF4A,NR0B2,0.994
9606.ENSP00000312987,HNF4A,SMAD4,0.99
9606.ENSP00000312987,HNF4A,HNF1A,0.988
9606.ENSP00000312987,HNF4A,BCL9,0.979
9606.ENSP00000312987,HNF4A,EP300,0.978
9606.ENSP00000312987,HNF4A,FOXO1,0.973
9606.ENSP00000312987,HNF4A,NCOA1,0.965
9606.ENSP00000312987,HNF4A,CREBBP,0.96
9606.ENSP00000312987,HNF4A,SMAD3,0.957
9606.ENSP00000312987,HNF4A,NCOA2,0.944
9606.ENSP00000312987,HNF4A,CTBP1,0.936
9606.ENSP00000312987,HNF4A,TCF7L2,0.928
9606.ENSP00000312987,HNF4A,AXIN1,0.926
9606.ENSP00000312987,HNF4A,TLE1,0.923
9606.ENSP00000312987,HNF4A,MYC,0.921
9606.ENSP00000312987,HNF4A,GSK3B,0.919
9606.ENSP00000312987,HNF4A,PA2G4,0.905
9606.ENSP00000312999,GNAI2,GNB1,0.999
9606.ENSP00000312999,GNAI2,ADORA1,0.994
9606.ENSP00000312999,GNAI2,CNR1,0.993
9606.ENSP00000312999,GNAI2,GNAI3,0.992
9606.ENSP00000312999,GNAI2,DRD2,0.985
9606.ENSP00000312999,GNAI2,GNB2,0.982
9606.ENSP00000312999,GNAI2,GNB4,0.977
9606.ENSP00000312999,GNAI2,GNAI1,0.975
9606.ENSP00000312999,GNAI2,GNG2,0.974
9606.ENSP00000312999,GNAI2,GPSM1,0.969
9606.ENSP00000312999,GNAI2,GPSM2,0.956
9606.ENSP00000312999,GNAI2,RGS3,0.953
9606.ENSP00000312999,GNAI2,CRHR1,0.951
9606.ENSP00000312999,GNAI2,GNG4,0.95
9606.ENSP00000312999,GNAI2,RIC8A,0.948
9606.ENSP00000312999,GNAI2,ADRB2,0.948
9606.ENSP00000312999,GNAI2,GNB3,0.947
9606.ENSP00000312999,GNAI2,GNG7,0.947
9606.ENSP00000312999,GNAI2,P2RY12,0.946
9606.ENSP00000312999,GNAI2,RGS9,0.942
9606.ENSP00000312999,GNAI2,CCR5,0.942
9606.ENSP00000312999,GNAI2,GNG10,0.94
9606.ENSP00000312999,GNAI2,GAST,0.94
9606.ENSP00000312999,GNAI2,KRAS,0.938
9606.ENSP00000312999,GNAI2,SSTR2,0.937
9606.ENSP00000312999,GNAI2,MAPK3,0.937
9606.ENSP00000312999,GNAI2,PLCB2,0.934
9606.ENSP00000312999,GNAI2,MAPK1,0.934
9606.ENSP00000312999,GNAI2,ADCY5,0.933
9606.ENSP00000312999,GNAI2,ADCY6,0.931
9606.ENSP00000312999,GNAI2,GABBR2,0.929
9606.ENSP00000312999,GNAI2,GNG5,0.928
9606.ENSP00000312999,GNAI2,LPAR1,0.928
9606.ENSP00000312999,GNAI2,NRAS,0.927
9606.ENSP00000312999,GNAI2,PLCB3,0.926
9606.ENSP00000312999,GNAI2,PLCB1,0.926
9606.ENSP00000312999,GNAI2,PLCB4,0.924
9606.ENSP00000312999,GNAI2,PIK3R5,0.923
9606.ENSP00000312999,GNAI2,ADRB1,0.923
9606.ENSP00000312999,GNAI2,CXCR4,0.923
9606.ENSP00000312999,GNAI2,S1PR1,0.922
9606.ENSP00000312999,GNAI2,ADORA3,0.922
9606.ENSP00000312999,GNAI2,HRAS,0.922
9606.ENSP00000312999,GNAI2,KCNJ9,0.92
9606.ENSP00000312999,GNAI2,SRC,0.92
9606.ENSP00000312999,GNAI2,S1PR3,0.92
9606.ENSP00000312999,GNAI2,LYN,0.919
9606.ENSP00000312999,GNAI2,EDNRB,0.919
9606.ENSP00000312999,GNAI2,RASD1,0.918
9606.ENSP00000312999,GNAI2,GNG3,0.917
9606.ENSP00000312999,GNAI2,S1PR2,0.917
9606.ENSP00000312999,GNAI2,OPRM1,0.917
9606.ENSP00000312999,GNAI2,OPRD1,0.916
9606.ENSP00000312999,GNAI2,HCK,0.916
9606.ENSP00000312999,GNAI2,IGF1R,0.916
9606.ENSP00000312999,GNAI2,PIK3R1,0.915
9606.ENSP00000312999,GNAI2,SSTR5,0.915
9606.ENSP00000312999,GNAI2,PIK3CA,0.915
9606.ENSP00000312999,GNAI2,NPY1R,0.914
9606.ENSP00000312999,GNAI2,FGR,0.914
9606.ENSP00000312999,GNAI2,FPR2,0.914
9606.ENSP00000312999,GNAI2,PTGER3,0.914
9606.ENSP00000312999,GNAI2,SSTR1,0.913
9606.ENSP00000312999,GNAI2,SSTR3,0.913
9606.ENSP00000312999,GNAI2,PIK3CG,0.913
9606.ENSP00000312999,GNAI2,GRM1,0.912
9606.ENSP00000312999,GNAI2,RAPGEF3,0.912
9606.ENSP00000312999,GNAI2,S1PR4,0.912
9606.ENSP00000312999,GNAI2,ADRB3,0.912
9606.ENSP00000312999,GNAI2,RXFP1,0.911
9606.ENSP00000312999,GNAI2,PTGER4,0.911
9606.ENSP00000312999,GNAI2,GNB5,0.911
9606.ENSP00000312999,GNAI2,PIK3CB,0.911
9606.ENSP00000312999,GNAI2,BDKRB2,0.91
9606.ENSP00000312999,GNAI2,S1PR5,0.91
9606.ENSP00000312999,GNAI2,PTGER2,0.91
9606.ENSP00000312999,GNAI2,PIK3CD,0.91
9606.ENSP00000312999,GNAI2,PTH1R,0.91
9606.ENSP00000312999,GNAI2,GRM2,0.91
9606.ENSP00000312999,GNAI2,RXFP4,0.909
9606.ENSP00000312999,GNAI2,OXTR,0.909
9606.ENSP00000312999,GNAI2,RXFP3,0.909
9606.ENSP00000312999,GNAI2,PTGER1,0.909
9606.ENSP00000312999,GNAI2,KCNJ5,0.907
9606.ENSP00000312999,GNAI2,MMP14,0.906
9606.ENSP00000312999,GNAI2,RAPGEF4,0.906
9606.ENSP00000312999,GNAI2,NOS3,0.906
9606.ENSP00000312999,GNAI2,MMP25,0.905
9606.ENSP00000312999,GNAI2,GABBR1,0.904
9606.ENSP00000312999,GNAI2,MMP15,0.903
9606.ENSP00000312999,GNAI2,KCNJ3,0.903
9606.ENSP00000312999,GNAI2,MMP16,0.903
9606.ENSP00000312999,GNAI2,KCNJ6,0.903
9606.ENSP00000312999,GNAI2,GRM3,0.903
9606.ENSP00000312999,GNAI2,MMP24,0.903
9606.ENSP00000312999,GNAI2,MMP17,0.903
9606.ENSP00000312999,GNAI2,PIK3R3,0.902
9606.ENSP00000312999,GNAI2,PIK3R2,0.902
9606.ENSP00000312999,GNAI2,PIK3R6,0.901
9606.ENSP00000312999,GNAI2,CXCR5,0.901
9606.ENSP00000312999,GNAI2,CASR,0.9
9606.ENSP00000313034,FBXW5,DDB1,0.999
9606.ENSP00000313034,FBXW5,SKP1,0.998
9606.ENSP00000313034,FBXW5,SEC23B,0.997
9606.ENSP00000313034,FBXW5,CUL4A,0.995
9606.ENSP00000313034,FBXW5,RBX1,0.986
9606.ENSP00000313034,FBXW5,CUL1,0.972
9606.ENSP00000313034,FBXW5,CUL4B,0.935
9606.ENSP00000313034,FBXW5,DCAF13,0.935
9606.ENSP00000313034,FBXW5,DCAF1,0.922
9606.ENSP00000313034,FBXW5,DTL,0.921
9606.ENSP00000313034,FBXW5,DCAF7,0.917
9606.ENSP00000313034,FBXW5,DDB2,0.915
9606.ENSP00000313034,FBXW5,TRPC4AP,0.915
9606.ENSP00000313034,FBXW5,DCAF4,0.911
9606.ENSP00000313034,FBXW5,DDA1,0.908
9606.ENSP00000313034,FBXW5,TSC2,0.908
9606.ENSP00000313034,FBXW5,DET1,0.906
9606.ENSP00000313034,FBXW5,DCAF10,0.905
9606.ENSP00000313034,FBXW5,AMBRA1,0.904
9606.ENSP00000313034,FBXW5,DCAF6,0.904
9606.ENSP00000313034,FBXW5,DCAF15,0.904
9606.ENSP00000313034,FBXW5,DCAF8,0.903
9606.ENSP00000313034,FBXW5,CRBN,0.903
9606.ENSP00000313034,FBXW5,DCAF11,0.901
9606.ENSP00000313034,FBXW5,ERCC8,0.9
9606.ENSP00000313034,FBXW5,COP1,0.9
9606.ENSP00000313034,FBXW5,DCAF16,0.9
9606.ENSP00000313034,FBXW5,CDKN1B,0.9
9606.ENSP00000313034,FBXW5,DCAF5,0.9
9606.ENSP00000313034,FBXW5,DCAF17,0.9
9606.ENSP00000313034,FBXW5,DCAF12,0.9
9606.ENSP00000313199,HNRNPD,HNRNPA3,0.999
9606.ENSP00000313199,HNRNPD,EIF4G1,0.99
9606.ENSP00000313199,HNRNPD,HSPA8,0.98
9606.ENSP00000313199,HNRNPD,SYNCRIP,0.98
9606.ENSP00000313199,HNRNPD,PAIP1,0.977
9606.ENSP00000313199,HNRNPD,HNRNPU,0.973
9606.ENSP00000313199,HNRNPD,NCL,0.971
9606.ENSP00000313199,HNRNPD,ELAVL1,0.97
9606.ENSP00000313199,HNRNPD,DNMT1,0.968
9606.ENSP00000313199,HNRNPD,TNPO1,0.968
9606.ENSP00000313199,HNRNPD,HNRNPK,0.965
9606.ENSP00000313199,HNRNPD,HNRNPC,0.962
9606.ENSP00000313199,HNRNPD,HNRNPM,0.962
9606.ENSP00000313199,HNRNPD,PTBP1,0.96
9606.ENSP00000313199,HNRNPD,PABPC1,0.96
9606.ENSP00000313199,HNRNPD,PCBP2,0.956
9606.ENSP00000313199,HNRNPD,HNRNPA2B1,0.947
9606.ENSP00000313199,HNRNPD,HNRNPF,0.941
9606.ENSP00000313199,HNRNPD,FUS,0.938
9606.ENSP00000313199,HNRNPD,HNRNPA1,0.932
9606.ENSP00000313199,HNRNPD,CSDE1,0.931
9606.ENSP00000313199,HNRNPD,HNRNPH1,0.93
9606.ENSP00000313199,HNRNPD,KHSRP,0.929
9606.ENSP00000313199,HNRNPD,HNRNPL,0.924
9606.ENSP00000313199,HNRNPD,HNRNPH3,0.918
9606.ENSP00000313199,HNRNPD,HSPA4,0.918
9606.ENSP00000313199,HNRNPD,HSPB1,0.911
9606.ENSP00000313199,HNRNPD,KHDRBS1,0.907
9606.ENSP00000313199,HNRNPD,HNRNPR,0.906
9606.ENSP00000313432,GRHPR,AGXT,0.999
9606.ENSP00000313432,GRHPR,HOGA1,0.998
9606.ENSP00000313432,GRHPR,GLYCTK,0.986
9606.ENSP00000313432,GRHPR,HAO1,0.965
9606.ENSP00000313432,GRHPR,HAO2,0.948
9606.ENSP00000313432,GRHPR,GLO1,0.946
9606.ENSP00000313432,GRHPR,PGP,0.927
9606.ENSP00000313869,GORASP1,GOLGA2,0.999
9606.ENSP00000313869,GORASP1,USO1,0.99
9606.ENSP00000313869,GORASP1,BLZF1,0.98
9606.ENSP00000313869,GORASP1,PLK1,0.942
9606.ENSP00000313869,GORASP1,GOLGB1,0.931
9606.ENSP00000318085,HINFP,GSC,0.954
9606.ENSP00000318884,FMN2,SPIRE1,0.992
9606.ENSP00000318884,FMN2,SPIRE2,0.915
9606.ENSP00000319799,H1-8,H1-6,0.979
9606.ENSP00000319799,H1-8,H3-4,0.966
9606.ENSP00000319799,H1-8,H1-7,0.952
9606.ENSP00000319799,H1-8,H1-10,0.947
9606.ENSP00000320147,EZH2,SUZ12,0.999
9606.ENSP00000320147,EZH2,RBBP7,0.999
9606.ENSP00000320147,EZH2,RBBP4,0.999
9606.ENSP00000320147,EZH2,EED,0.999
9606.ENSP00000320147,EZH2,DNMT1,0.999
9606.ENSP00000320147,EZH2,HDAC1,0.999
9606.ENSP00000320147,EZH2,BMI1,0.999
9606.ENSP00000320147,EZH2,DNMT3B,0.999
9606.ENSP00000320147,EZH2,HDAC2,0.999
9606.ENSP00000320147,EZH2,AEBP2,0.999
9606.ENSP00000320147,EZH2,JARID2,0.999
9606.ENSP00000320147,EZH2,DNMT3A,0.999
9606.ENSP00000320147,EZH2,EZH1,0.999
9606.ENSP00000320147,EZH2,RNF2,0.998
9606.ENSP00000320147,EZH2,H3C13,0.998
9606.ENSP00000320147,EZH2,YY1,0.998
9606.ENSP00000320147,EZH2,PHF1,0.998
9606.ENSP00000320147,EZH2,MTF2,0.998
9606.ENSP00000320147,EZH2,SNAI1,0.998
9606.ENSP00000320147,EZH2,ASXL1,0.998
9606.ENSP00000320147,EZH2,KDM1A,0.997
9606.ENSP00000320147,EZH2,CBX7,0.996
9606.ENSP00000320147,EZH2,CHD4,0.993
9606.ENSP00000320147,EZH2,H3-3B,0.99
9606.ENSP00000320147,EZH2,RING1,0.989
9606.ENSP00000320147,EZH2,HDAC3,0.989
9606.ENSP00000320147,EZH2,PHF19,0.989
9606.ENSP00000320147,EZH2,H3-4,0.989
9606.ENSP00000320147,EZH2,CTNNB1,0.986
9606.ENSP00000320147,EZH2,H3C12,0.985
9606.ENSP00000320147,EZH2,PCGF1,0.985
9606.ENSP00000320147,EZH2,COMMD3-BMI1,0.985
9606.ENSP00000320147,EZH2,MYC,0.984
9606.ENSP00000320147,EZH2,PHC1,0.982
9606.ENSP00000320147,EZH2,CBX2,0.98
9606.ENSP00000320147,EZH2,AR,0.978
9606.ENSP00000320147,EZH2,VAV1,0.978
9606.ENSP00000320147,EZH2,H4C6,0.977
9606.ENSP00000320147,EZH2,STAT3,0.973
9606.ENSP00000320147,EZH2,H3-2,0.972
9606.ENSP00000320147,EZH2,H3-5,0.972
9606.ENSP00000320147,EZH2,PCGF2,0.971
9606.ENSP00000320147,EZH2,CBX4,0.969
9606.ENSP00000320147,EZH2,CBX8,0.968
9606.ENSP00000320147,EZH2,KDM6A,0.965
9606.ENSP00000320147,EZH2,CDK1,0.965
9606.ENSP00000320147,EZH2,EP300,0.963
9606.ENSP00000320147,EZH2,SCML2,0.958
9606.ENSP00000320147,EZH2,SUV39H1,0.957
9606.ENSP00000320147,EZH2,H2AC8,0.956
9606.ENSP00000320147,EZH2,PHC2,0.955
9606.ENSP00000320147,EZH2,EHMT2,0.953
9606.ENSP00000320147,EZH2,MYCN,0.952
9606.ENSP00000320147,EZH2,CBX6,0.948
9606.ENSP00000320147,EZH2,EPOP,0.947
9606.ENSP00000320147,EZH2,MDM2,0.945
9606.ENSP00000320147,EZH2,SIRT1,0.942
9606.ENSP00000320147,EZH2,KDM6B,0.942
9606.ENSP00000320147,EZH2,PCGF6,0.941
9606.ENSP00000320147,EZH2,H3C14,0.94
9606.ENSP00000320147,EZH2,H2AC13,0.938
9606.ENSP00000320147,EZH2,BAP1,0.937
9606.ENSP00000320147,EZH2,PCGF3,0.937
9606.ENSP00000320147,EZH2,PCGF5,0.936
9606.ENSP00000320147,EZH2,ATRX,0.933
9606.ENSP00000320147,EZH2,H3C15,0.932
9606.ENSP00000320147,EZH2,FOXP3,0.931
9606.ENSP00000320147,EZH2,H2BC11,0.929
9606.ENSP00000320147,EZH2,H2BC12,0.928
9606.ENSP00000320147,EZH2,BRCA1,0.926
9606.ENSP00000320147,EZH2,AGO1,0.921
9606.ENSP00000320147,EZH2,PHC3,0.918
9606.ENSP00000320147,EZH2,CTCF,0.916
9606.ENSP00000320147,EZH2,E2F1,0.916
9606.ENSP00000320147,EZH2,ESR1,0.915
9606.ENSP00000320147,EZH2,RELA,0.915
9606.ENSP00000320147,EZH2,ARNTL,0.91
9606.ENSP00000320147,EZH2,SMARCA4,0.909
9606.ENSP00000320147,EZH2,RCOR1,0.909
9606.ENSP00000320147,EZH2,H2AC6,0.908
9606.ENSP00000320147,EZH2,UBAP2L,0.906
9606.ENSP00000320147,EZH2,WDR5,0.904
9606.ENSP00000320147,EZH2,E2F6,0.903
9606.ENSP00000320147,EZH2,STAT5B,0.901
9606.ENSP00000320147,EZH2,CDYL,0.9
9606.ENSP00000320147,EZH2,LCOR,0.9
9606.ENSP00000321744,H2BC4,H2AC13,0.998
9606.ENSP00000321744,H2BC4,H2AC18,0.996
9606.ENSP00000321744,H2BC4,H4C6,0.992
9606.ENSP00000321744,H2BC4,H2AC20,0.991
9606.ENSP00000321744,H2BC4,H2AC6,0.99
9606.ENSP00000321744,H2BC4,H3C12,0.989
9606.ENSP00000321744,H2BC4,H2AC17,0.988
9606.ENSP00000321744,H2BC4,H3C13,0.988
9606.ENSP00000321744,H2BC4,H2AC7,0.987
9606.ENSP00000321744,H2BC4,H3C4,0.986
9606.ENSP00000321744,H2BC4,H3-3B,0.983
9606.ENSP00000321744,H2BC4,H2AC11,0.981
9606.ENSP00000321744,H2BC4,H4C8,0.979
9606.ENSP00000321744,H2BC4,TP53BP1,0.977
9606.ENSP00000321744,H2BC4,H2BC21,0.977
9606.ENSP00000321744,H2BC4,H2BC7,0.977
9606.ENSP00000321744,H2BC4,H2BC9,0.976
9606.ENSP00000321744,H2BC4,H2AC16,0.976
9606.ENSP00000321744,H2BC4,H2BC6,0.976
9606.ENSP00000321744,H2BC4,H2AC15,0.976
9606.ENSP00000321744,H2BC4,H2AJ,0.974
9606.ENSP00000321744,H2BC4,H4C5,0.973
9606.ENSP00000321744,H2BC4,H4C4,0.972
9606.ENSP00000321744,H2BC4,H2BC5,0.972
9606.ENSP00000321744,H2BC4,H4C14,0.968
9606.ENSP00000321744,H2BC4,H4C2,0.967
9606.ENSP00000321744,H2BC4,H4C3,0.964
9606.ENSP00000321744,H2BC4,H4C11,0.964
9606.ENSP00000321744,H2BC4,H4C1,0.962
9606.ENSP00000321744,H2BC4,H2AC1,0.962
9606.ENSP00000321744,H2BC4,H4C13,0.962
9606.ENSP00000321744,H2BC4,UBA52,0.962
9606.ENSP00000321744,H2BC4,H4-16,0.962
9606.ENSP00000321744,H2BC4,H4C9,0.962
9606.ENSP00000321744,H2BC4,H2BC10,0.961
9606.ENSP00000321744,H2BC4,H4C15,0.96
9606.ENSP00000321744,H2BC4,UBC,0.96
9606.ENSP00000321744,H2BC4,RPS27A,0.959
9606.ENSP00000321744,H2BC4,H4C12,0.959
9606.ENSP00000321744,H2BC4,H3C10,0.958
9606.ENSP00000321744,H2BC4,UBB,0.955
9606.ENSP00000321744,H2BC4,H2AC19,0.951
9606.ENSP00000321744,H2BC4,CENPA,0.951
9606.ENSP00000321744,H2BC4,SUPT16H,0.945
9606.ENSP00000321744,H2BC4,H2BC17,0.941
9606.ENSP00000321744,H2BC4,H2AC8,0.934
9606.ENSP00000321744,H2BC4,hCG_2039566,0.934
9606.ENSP00000321744,H2BC4,H3-4,0.932
9606.ENSP00000321744,H2BC4,H3C7,0.931
9606.ENSP00000321744,H2BC4,H2BC8,0.928
9606.ENSP00000321744,H2BC4,H3C2,0.924
9606.ENSP00000321744,H2BC4,CENPC,0.922
9606.ENSP00000321744,H2BC4,H3C3,0.92
9606.ENSP00000321744,H2BC4,RNF20,0.92
9606.ENSP00000321744,H2BC4,H3C14,0.917
9606.ENSP00000321744,H2BC4,H3C8,0.917
9606.ENSP00000321744,H2BC4,SMARCB1,0.917
9606.ENSP00000321744,H2BC4,H2BC3,0.916
9606.ENSP00000321744,H2BC4,H3C6,0.915
9606.ENSP00000321744,H2BC4,H3C1,0.914
9606.ENSP00000321744,H2BC4,CENPN,0.912
9606.ENSP00000321744,H2BC4,VRK1,0.909
9606.ENSP00000321744,H2BC4,H2BC14,0.908
9606.ENSP00000321744,H2BC4,ACTB,0.903
9606.ENSP00000321744,H2BC4,H3C11,0.902
9606.ENSP00000321744,H2BC4,H2BC15,0.902
9606.ENSP00000321835,ETV4,NCOA3,0.963
9606.ENSP00000322617,HTR3C,HTR3D,0.995
9606.ENSP00000322617,HTR3C,HTR3A,0.993
9606.ENSP00000322617,HTR3C,HTR3B,0.982
9606.ENSP00000322617,HTR3C,HTR3E,0.962
9606.ENSP00000322716,GLYR1,KDM1B,0.947
9606.ENSP00000322716,GLYR1,H2AC6,0.942
9606.ENSP00000322716,GLYR1,H2BC17,0.941
9606.ENSP00000322716,GLYR1,H2BC11,0.941
9606.ENSP00000322716,GLYR1,H3C12,0.932
9606.ENSP00000322716,GLYR1,H3C8,0.916
9606.ENSP00000324573,FLII,LRRFIP1,0.998
9606.ENSP00000324573,FLII,LRRFIP2,0.989
9606.ENSP00000324806,GSK3B,CSNK1A1,0.999
9606.ENSP00000324806,GSK3B,APC,0.999
9606.ENSP00000324806,GSK3B,AXIN1,0.999
9606.ENSP00000324806,GSK3B,MAPT,0.999
9606.ENSP00000324806,GSK3B,FRAT1,0.999
9606.ENSP00000324806,GSK3B,BTRC,0.999
9606.ENSP00000324806,GSK3B,DVL1,0.999
9606.ENSP00000324806,GSK3B,AXIN2,0.999
9606.ENSP00000324806,GSK3B,CTNNB1,0.999
9606.ENSP00000324806,GSK3B,MYC,0.996
9606.ENSP00000324806,GSK3B,AKT1,0.996
9606.ENSP00000324806,GSK3B,PSEN1,0.995
9606.ENSP00000324806,GSK3B,TRAF6,0.994
9606.ENSP00000324806,GSK3B,LRP6,0.994
9606.ENSP00000324806,GSK3B,AMER1,0.993
9606.ENSP00000324806,GSK3B,TP53,0.992
9606.ENSP00000324806,GSK3B,GYS1,0.99
9606.ENSP00000324806,GSK3B,TSC2,0.99
9606.ENSP00000324806,GSK3B,PRKACA,0.99
9606.ENSP00000324806,GSK3B,DPYSL2,0.989
9606.ENSP00000324806,GSK3B,CSNK1E,0.989
9606.ENSP00000324806,GSK3B,CREB1,0.988
9606.ENSP00000324806,GSK3B,FRAT2,0.987
9606.ENSP00000324806,GSK3B,CCND1,0.987
9606.ENSP00000324806,GSK3B,GSKIP,0.985
9606.ENSP00000324806,GSK3B,CHKA,0.982
9606.ENSP00000324806,GSK3B,PRKACB,0.981
9606.ENSP00000324806,GSK3B,GSK3A,0.98
9606.ENSP00000324806,GSK3B,SNAI1,0.978
9606.ENSP00000324806,GSK3B,PRKACG,0.978
9606.ENSP00000324806,GSK3B,DISC1,0.977
9606.ENSP00000324806,GSK3B,AKT2,0.977
9606.ENSP00000324806,GSK3B,DVL2,0.976
9606.ENSP00000324806,GSK3B,TSC1,0.975
9606.ENSP00000324806,GSK3B,TCHP,0.967
9606.ENSP00000324806,GSK3B,PPP3CC,0.967
9606.ENSP00000324806,GSK3B,APC2,0.966
9606.ENSP00000324806,GSK3B,AKT3,0.963
9606.ENSP00000324806,GSK3B,TAB1,0.963
9606.ENSP00000324806,GSK3B,TAB2,0.963
9606.ENSP00000324806,GSK3B,TLR3,0.963
9606.ENSP00000324806,GSK3B,MAP3K7,0.961
9606.ENSP00000324806,GSK3B,LRP5,0.96
9606.ENSP00000324806,GSK3B,HSP90AA1,0.958
9606.ENSP00000324806,GSK3B,DVL3,0.956
9606.ENSP00000324806,GSK3B,PPP3CA,0.955
9606.ENSP00000324806,GSK3B,PRKCZ,0.955
9606.ENSP00000324806,GSK3B,CSNK1D,0.955
9606.ENSP00000324806,GSK3B,NFE2L2,0.953
9606.ENSP00000324806,GSK3B,NFATC1,0.953
9606.ENSP00000324806,GSK3B,GLI3,0.953
9606.ENSP00000324806,GSK3B,OGT,0.951
9606.ENSP00000324806,GSK3B,SMAD3,0.95
9606.ENSP00000324806,GSK3B,PARD3,0.944
9606.ENSP00000324806,GSK3B,PPP3CB,0.942
9606.ENSP00000324806,GSK3B,GYS2,0.939
9606.ENSP00000324806,GSK3B,MAP2K1,0.939
9606.ENSP00000324806,GSK3B,CCND2,0.938
9606.ENSP00000324806,GSK3B,CSNK1A1L,0.938
9606.ENSP00000324806,GSK3B,NFATC2,0.938
9606.ENSP00000324806,GSK3B,PRNP,0.937
9606.ENSP00000324806,GSK3B,WNT3A,0.937
9606.ENSP00000324806,GSK3B,CREB3L3,0.935
9606.ENSP00000324806,GSK3B,MAP2K2,0.935
9606.ENSP00000324806,GSK3B,CCND3,0.935
9606.ENSP00000324806,GSK3B,SIAH1,0.935
9606.ENSP00000324806,GSK3B,KLC1,0.935
9606.ENSP00000324806,GSK3B,KLC2,0.935
9606.ENSP00000324806,GSK3B,KLC3,0.933
9606.ENSP00000324806,GSK3B,KIF5B,0.932
9606.ENSP00000324806,GSK3B,ATF4,0.932
9606.ENSP00000324806,GSK3B,KLC4,0.932
9606.ENSP00000324806,GSK3B,NFATC3,0.93
9606.ENSP00000324806,GSK3B,PPP3R1,0.928
9606.ENSP00000324806,GSK3B,BRAF,0.925
9606.ENSP00000324806,GSK3B,TBK1,0.923
9606.ENSP00000324806,GSK3B,MUC1,0.922
9606.ENSP00000324806,GSK3B,RAF1,0.922
9606.ENSP00000324806,GSK3B,PARD6A,0.921
9606.ENSP00000324806,GSK3B,HSP90AB1,0.92
9606.ENSP00000324806,GSK3B,SUFU,0.92
9606.ENSP00000324806,GSK3B,HNF4A,0.919
9606.ENSP00000324806,GSK3B,KIF5C,0.918
9606.ENSP00000324806,GSK3B,KIF5A,0.917
9606.ENSP00000324806,GSK3B,PARD6B,0.915
9606.ENSP00000324806,GSK3B,FBXW11,0.915
9606.ENSP00000324806,GSK3B,TBC1D7,0.914
9606.ENSP00000324806,GSK3B,CACYBP,0.914
9606.ENSP00000324806,GSK3B,PARD6G,0.912
9606.ENSP00000324806,GSK3B,CREB3,0.911
9606.ENSP00000324806,GSK3B,GLI2,0.911
9606.ENSP00000324806,GSK3B,CREB5,0.911
9606.ENSP00000324806,GSK3B,ARAF,0.91
9606.ENSP00000324806,GSK3B,JUN,0.908
9606.ENSP00000324806,GSK3B,CREB3L2,0.908
9606.ENSP00000324806,GSK3B,CREB3L4,0.906
9606.ENSP00000324806,GSK3B,PPP3R2,0.906
9606.ENSP00000324806,GSK3B,PTEN,0.906
9606.ENSP00000324806,GSK3B,CREB3L1,0.904
9606.ENSP00000324806,GSK3B,YWHAZ,0.904
9606.ENSP00000324806,GSK3B,NIN,0.904
9606.ENSP00000324806,GSK3B,HSF1,0.904
9606.ENSP00000324806,GSK3B,WNT1,0.9
9606.ENSP00000328720,FOXK1,ASXL1,0.987
9606.ENSP00000328720,FOXK1,BAP1,0.982
9606.ENSP00000328720,FOXK1,OGT,0.971
9606.ENSP00000328720,FOXK1,ASXL2,0.962
9606.ENSP00000328720,FOXK1,HCFC1,0.957
9606.ENSP00000328720,FOXK1,SIN3A,0.946
9606.ENSP00000328720,FOXK1,KDM1B,0.911
9606.ENSP00000329002,HAX1,HCLS1,0.958
9606.ENSP00000329002,HAX1,HTRA2,0.906
9606.ENSP00000329002,HAX1,CTTN,0.9
9606.ENSP00000330074,H1-5,H2AC18,0.991
9606.ENSP00000330074,H1-5,H2AC20,0.991
9606.ENSP00000330074,H1-5,MSX1,0.985
9606.ENSP00000330074,H1-5,H2BC21,0.982
9606.ENSP00000330074,H1-5,H1-1,0.945
9606.ENSP00000330074,H1-5,CDK2,0.933
9606.ENSP00000330074,H1-5,H1-3,0.911
9606.ENSP00000330875,FANCF,FANCC,0.999
9606.ENSP00000330875,FANCF,FANCM,0.999
9606.ENSP00000330875,FANCF,FANCG,0.999
9606.ENSP00000330875,FANCF,FANCB,0.999
9606.ENSP00000330875,FANCF,FAAP100,0.999
9606.ENSP00000330875,FANCF,HES1,0.999
9606.ENSP00000330875,FANCF,FANCA,0.999
9606.ENSP00000330875,FANCF,FANCD2,0.999
9606.ENSP00000330875,FANCF,FAAP20,0.999
9606.ENSP00000330875,FANCF,CENPX,0.999
9606.ENSP00000330875,FANCF,CENPS,0.999
9606.ENSP00000330875,FANCF,FANCE,0.999
9606.ENSP00000330875,FANCF,FANCL,0.999
9606.ENSP00000330875,FANCF,RMI1,0.998
9606.ENSP00000330875,FANCF,FANCI,0.998
9606.ENSP00000330875,FANCF,FAAP24,0.997
9606.ENSP00000330875,FANCF,UBE2T,0.993
9606.ENSP00000330875,FANCF,BRCA2,0.908
9606.ENSP00000331504,FES,PLXNA1,0.956
9606.ENSP00000331504,FES,PLXNA3,0.93
9606.ENSP00000331504,FES,DPYSL2,0.926
9606.ENSP00000331504,FES,PLXNA2,0.922
9606.ENSP00000331504,FES,TRIP10,0.918
9606.ENSP00000331504,FES,DPYSL5,0.918
9606.ENSP00000331504,FES,PLXNA4,0.914
9606.ENSP00000331544,FBLN1,FN1,0.992
9606.ENSP00000331544,FBLN1,ACAN,0.954
9606.ENSP00000331544,FBLN1,FBLN2,0.948
9606.ENSP00000331544,FBLN1,RASSF8,0.928
9606.ENSP00000331544,FBLN1,HSPG2,0.904
9606.ENSP00000331544,FBLN1,ELN,0.904
9606.ENSP00000331897,IDH2,ACO2,0.998
9606.ENSP00000331897,IDH2,IDH3G,0.998
9606.ENSP00000331897,IDH2,ACO1,0.998
9606.ENSP00000331897,IDH2,IDH3B,0.997
9606.ENSP00000331897,IDH2,IDH3A,0.997
9606.ENSP00000331897,IDH2,CS,0.994
9606.ENSP00000331897,IDH2,OGDH,0.991
9606.ENSP00000331897,IDH2,MDH2,0.985
9606.ENSP00000331897,IDH2,OGDHL,0.983
9606.ENSP00000331897,IDH2,GLUD1,0.972
9606.ENSP00000331897,IDH2,IDH1,0.961
9606.ENSP00000331897,IDH2,GOT2,0.96
9606.ENSP00000331897,IDH2,GLUD2,0.959
9606.ENSP00000331897,IDH2,FH,0.934
9606.ENSP00000331897,IDH2,D2HGDH,0.933
9606.ENSP00000331897,IDH2,SIRT3,0.921
9606.ENSP00000331897,IDH2,GOT1,0.916
9606.ENSP00000331897,IDH2,ACLY,0.9
9606.ENSP00000332194,H2AC20,H4C6,0.999
9606.ENSP00000332194,H2AC20,H3-3B,0.999
9606.ENSP00000332194,H2AC20,H3-4,0.999
9606.ENSP00000332194,H2AC20,H3C12,0.999
9606.ENSP00000332194,H2AC20,H3C13,0.999
9606.ENSP00000332194,H2AC20,H4C7,0.999
9606.ENSP00000332194,H2AC20,H2BC21,0.999
9606.ENSP00000332194,H2AC20,H3-2,0.998
9606.ENSP00000332194,H2AC20,H3-5,0.998
9606.ENSP00000332194,H2AC20,H1-1,0.995
9606.ENSP00000332194,H2AC20,H2BC1,0.995
9606.ENSP00000332194,H2AC20,H1-0,0.995
9606.ENSP00000332194,H2AC20,RNF2,0.993
9606.ENSP00000332194,H2AC20,TP53BP1,0.993
9606.ENSP00000332194,H2AC20,H2BC12,0.992
9606.ENSP00000332194,H2AC20,H2BC4,0.991
9606.ENSP00000332194,H2AC20,H1-5,0.991
9606.ENSP00000332194,H2AC20,H2BC3,0.99
9606.ENSP00000332194,H2AC20,H3C3,0.988
9606.ENSP00000332194,H2AC20,H3C6,0.987
9606.ENSP00000332194,H2AC20,CENPA,0.987
9606.ENSP00000332194,H2AC20,RNF168,0.983
9606.ENSP00000332194,H2AC20,RCC1,0.982
9606.ENSP00000332194,H2AC20,H3C14,0.979
9606.ENSP00000332194,H2AC20,H4C14,0.979
9606.ENSP00000332194,H2AC20,H3C1,0.977
9606.ENSP00000332194,H2AC20,H4C2,0.976
9606.ENSP00000332194,H2AC20,H4C4,0.975
9606.ENSP00000332194,H2AC20,H4C11,0.974
9606.ENSP00000332194,H2AC20,H4C5,0.974
9606.ENSP00000332194,H2AC20,H4C1,0.974
9606.ENSP00000332194,H2AC20,H4-16,0.973
9606.ENSP00000332194,H2AC20,H4C8,0.973
9606.ENSP00000332194,H2AC20,H4C3,0.973
9606.ENSP00000332194,H2AC20,H4C9,0.972
9606.ENSP00000332194,H2AC20,SUPT16H,0.972
9606.ENSP00000332194,H2AC20,H4C13,0.972
9606.ENSP00000332194,H2AC20,H4C15,0.972
9606.ENSP00000332194,H2AC20,H4C12,0.969
9606.ENSP00000332194,H2AC20,UIMC1,0.966
9606.ENSP00000332194,H2AC20,H3C2,0.964
9606.ENSP00000332194,H2AC20,H2BC6,0.963
9606.ENSP00000332194,H2AC20,H2BC10,0.962
9606.ENSP00000332194,H2AC20,H2BC7,0.96
9606.ENSP00000332194,H2AC20,H2BC8,0.958
9606.ENSP00000332194,H2AC20,BRCA1,0.955
9606.ENSP00000332194,H2AC20,BMI1,0.954
9606.ENSP00000332194,H2AC20,H3C15,0.953
9606.ENSP00000332194,H2AC20,EP300,0.952
9606.ENSP00000332194,H2AC20,CGAS,0.95
9606.ENSP00000332194,H2AC20,KAT5,0.946
9606.ENSP00000332194,H2AC20,H3C7,0.946
9606.ENSP00000332194,H2AC20,RING1,0.945
9606.ENSP00000332194,H2AC20,H3C11,0.942
9606.ENSP00000332194,H2AC20,H3C4,0.942
9606.ENSP00000332194,H2AC20,H3C8,0.941
9606.ENSP00000332194,H2AC20,H3C10,0.941
9606.ENSP00000332194,H2AC20,H2BC17,0.939
9606.ENSP00000332194,H2AC20,H2AC18,0.938
9606.ENSP00000332194,H2AC20,H2AC13,0.936
9606.ENSP00000332194,H2AC20,RNF8,0.928
9606.ENSP00000332194,H2AC20,H2BC5,0.925
9606.ENSP00000332194,H2AC20,H2BC9,0.925
9606.ENSP00000332194,H2AC20,SSRP1,0.924
9606.ENSP00000332194,H2AC20,SCML2,0.921
9606.ENSP00000332194,H2AC20,MYSM1,0.92
9606.ENSP00000332194,H2AC20,H2BC11,0.917
9606.ENSP00000332194,H2AC20,SGO1,0.916
9606.ENSP00000332194,H2AC20,H2BU1,0.916
9606.ENSP00000332194,H2AC20,H2AC21,0.914
9606.ENSP00000332194,H2AC20,SMARCA5,0.914
9606.ENSP00000332194,H2AC20,KAT2A,0.91
9606.ENSP00000332194,H2AC20,JARID2,0.91
9606.ENSP00000332194,H2AC20,H2BC13,0.909
9606.ENSP00000332194,H2AC20,H2AC19,0.909
9606.ENSP00000332194,H2AC20,H2BC14,0.908
9606.ENSP00000332194,H2AC20,EP400,0.906
9606.ENSP00000332194,H2AC20,H2BS1,0.905
9606.ENSP00000332194,H2AC20,HDAC2,0.905
9606.ENSP00000332194,H2AC20,H2AC12,0.904
9606.ENSP00000332194,H2AC20,H2BC18,0.903
9606.ENSP00000332194,H2AC20,RBBP4,0.901
9606.ENSP00000332549,GRIN2A,GRIN1,0.999
9606.ENSP00000332549,GRIN2A,GRIN2B,0.999
9606.ENSP00000332549,GRIN2A,GRIN3A,0.999
9606.ENSP00000332549,GRIN2A,DLG4,0.999
9606.ENSP00000332549,GRIN2A,GRIN2C,0.998
9606.ENSP00000332549,GRIN2A,GRIN2D,0.998
9606.ENSP00000332549,GRIN2A,DLG3,0.998
9606.ENSP00000332549,GRIN2A,GRIN3B,0.998
9606.ENSP00000332549,GRIN2A,DLG2,0.997
9606.ENSP00000332549,GRIN2A,FYN,0.981
9606.ENSP00000332549,GRIN2A,PTPN4,0.979
9606.ENSP00000332549,GRIN2A,DLG1,0.979
9606.ENSP00000332549,GRIN2A,NOS1,0.974
9606.ENSP00000332549,GRIN2A,PRKACG,0.969
9606.ENSP00000332549,GRIN2A,CAMK2A,0.968
9606.ENSP00000332549,GRIN2A,SRC,0.963
9606.ENSP00000332549,GRIN2A,PRKACA,0.942
9606.ENSP00000332549,GRIN2A,PRKACB,0.942
9606.ENSP00000332549,GRIN2A,PDYN,0.94
9606.ENSP00000332549,GRIN2A,GRM3,0.936
9606.ENSP00000332549,GRIN2A,GRIA2,0.933
9606.ENSP00000332549,GRIN2A,GRIA1,0.926
9606.ENSP00000332549,GRIN2A,P2RX3,0.917
9606.ENSP00000332549,GRIN2A,P2RX4,0.916
9606.ENSP00000332549,GRIN2A,P2RX1,0.915
9606.ENSP00000332549,GRIN2A,PPP1CA,0.914
9606.ENSP00000332549,GRIN2A,P2RX6,0.91
9606.ENSP00000332549,GRIN2A,P2RX7,0.909
9606.ENSP00000332549,GRIN2A,PPP1CB,0.909
9606.ENSP00000332549,GRIN2A,PPP1CC,0.907
9606.ENSP00000332549,GRIN2A,P2RX5,0.907
9606.ENSP00000332549,GRIN2A,CALM3,0.901
9606.ENSP00000332549,GRIN2A,CAMK2G,0.9
9606.ENSP00000332879,FLRT2,UNC5D,0.981
9606.ENSP00000332879,FLRT2,ADGRL3,0.905
9606.ENSP00000333277,H3C13,H2AC18,0.999
9606.ENSP00000333277,H3C13,CBX3,0.999
9606.ENSP00000333277,H3C13,H2BC21,0.999
9606.ENSP00000333277,H3C13,DNMT3A,0.999
9606.ENSP00000333277,H3C13,CBX1,0.999
9606.ENSP00000333277,H3C13,H2AC20,0.999
9606.ENSP00000333277,H3C13,DNMT3L,0.999
9606.ENSP00000333277,H3C13,CBX5,0.999
9606.ENSP00000333277,H3C13,H4C6,0.999
9606.ENSP00000333277,H3C13,WDR5,0.999
9606.ENSP00000333277,H3C13,H4C7,0.999
9606.ENSP00000333277,H3C13,DNMT1,0.998
9606.ENSP00000333277,H3C13,EZH2,0.998
9606.ENSP00000333277,H3C13,EHMT2,0.998
9606.ENSP00000333277,H3C13,BPTF,0.997
9606.ENSP00000333277,H3C13,ASF1A,0.997
9606.ENSP00000333277,H3C13,KDM4A,0.997
9606.ENSP00000333277,H3C13,DOT1L,0.997
9606.ENSP00000333277,H3C13,DNMT3B,0.996
9606.ENSP00000333277,H3C13,UHRF1,0.996
9606.ENSP00000333277,H3C13,KAT2B,0.996
9606.ENSP00000333277,H3C13,H2BC17,0.996
9606.ENSP00000333277,H3C13,PBRM1,0.995
9606.ENSP00000333277,H3C13,CHD4,0.995
9606.ENSP00000333277,H3C13,SETD2,0.995
9606.ENSP00000333277,H3C13,KAT6A,0.994
9606.ENSP00000333277,H3C13,CARM1,0.994
9606.ENSP00000333277,H3C13,CHD1,0.994
9606.ENSP00000333277,H3C13,H2BC12,0.994
9606.ENSP00000333277,H3C13,BRD4,0.993
9606.ENSP00000333277,H3C13,CBX2,0.993
9606.ENSP00000333277,H3C13,RBBP5,0.993
9606.ENSP00000333277,H3C13,SETDB1,0.992
9606.ENSP00000333277,H3C13,TP53BP1,0.992
9606.ENSP00000333277,H3C13,ING2,0.992
9606.ENSP00000333277,H3C13,ATRX,0.992
9606.ENSP00000333277,H3C13,MLLT3,0.991
9606.ENSP00000333277,H3C13,H2AC8,0.991
9606.ENSP00000333277,H3C13,RAG2,0.991
9606.ENSP00000333277,H3C13,ASF1B,0.991
9606.ENSP00000333277,H3C13,SMARCA5,0.99
9606.ENSP00000333277,H3C13,SUZ12,0.99
9606.ENSP00000333277,H3C13,PYGO2,0.989
9606.ENSP00000333277,H3C13,H2BC3,0.989
9606.ENSP00000333277,H3C13,NASP,0.989
9606.ENSP00000333277,H3C13,H2BC9,0.988
9606.ENSP00000333277,H3C13,NSD2,0.988
9606.ENSP00000333277,H3C13,H2BC4,0.988
9606.ENSP00000333277,H3C13,H3C12,0.988
9606.ENSP00000333277,H3C13,H2BC14,0.987
9606.ENSP00000333277,H3C13,DAXX,0.986
9606.ENSP00000333277,H3C13,H2BC11,0.986
9606.ENSP00000333277,H3C13,H2BC18,0.986
9606.ENSP00000333277,H3C13,PHF8,0.985
9606.ENSP00000333277,H3C13,PHF1,0.985
9606.ENSP00000333277,H3C13,SUPT6H,0.985
9606.ENSP00000333277,H3C13,H2BC5,0.985
9606.ENSP00000333277,H3C13,KAT6B,0.985
9606.ENSP00000333277,H3C13,H2BU1,0.984
9606.ENSP00000333277,H3C13,H2BC15,0.984
9606.ENSP00000333277,H3C13,HDAC1,0.984
9606.ENSP00000333277,H3C13,AIRE,0.983
9606.ENSP00000333277,H3C13,ING1,0.982
9606.ENSP00000333277,H3C13,ASH2L,0.982
9606.ENSP00000333277,H3C13,KMT2C,0.982
9606.ENSP00000333277,H3C13,CBX6,0.982
9606.ENSP00000333277,H3C13,MPHOSPH8,0.981
9606.ENSP00000333277,H3C13,KDM6B,0.981
9606.ENSP00000333277,H3C13,TBP,0.981
9606.ENSP00000333277,H3C13,PYGO1,0.981
9606.ENSP00000333277,H3C13,SGF29,0.981
9606.ENSP00000333277,H3C13,NSD3,0.981
9606.ENSP00000333277,H3C13,MLLT1,0.98
9606.ENSP00000333277,H3C13,KMT2A,0.98
9606.ENSP00000333277,H3C13,TRIM24,0.98
9606.ENSP00000333277,H3C13,CREBBP,0.979
9606.ENSP00000333277,H3C13,BRPF1,0.978
9606.ENSP00000333277,H3C13,H2AZ1,0.977
9606.ENSP00000333277,H3C13,EHMT1,0.977
9606.ENSP00000333277,H3C13,DPY30,0.976
9606.ENSP00000333277,H3C13,RBBP7,0.975
9606.ENSP00000333277,H3C13,H2AC21,0.975
9606.ENSP00000333277,H3C13,H2AC13,0.974
9606.ENSP00000333277,H3C13,CBX7,0.974
9606.ENSP00000333277,H3C13,KMT5A,0.973
9606.ENSP00000333277,H3C13,SUV39H1,0.973
9606.ENSP00000333277,H3C13,TRIM33,0.973
9606.ENSP00000333277,H3C13,KAT2A,0.972
9606.ENSP00000333277,H3C13,H2AC12,0.972
9606.ENSP00000333277,H3C13,SPIN1,0.971
9606.ENSP00000333277,H3C13,POLR2A,0.971
9606.ENSP00000333277,H3C13,MCM2,0.97
9606.ENSP00000333277,H3C13,KMT2E,0.968
9606.ENSP00000333277,H3C13,UBC,0.966
9606.ENSP00000333277,H3C13,H2AC4,0.966
9606.ENSP00000333277,H3C13,ING4,0.966
9606.ENSP00000333277,H3C13,PSIP1,0.965
9606.ENSP00000333277,H3C13,H3C7,0.965
9606.ENSP00000333277,H3C13,H4C14,0.965
9606.ENSP00000333277,H3C13,H3C2,0.965
9606.ENSP00000333277,H3C13,KDM1A,0.964
9606.ENSP00000333277,H3C13,H1-0,0.964
9606.ENSP00000333277,H3C13,H2AC14,0.964
9606.ENSP00000333277,H3C13,TAF3,0.964
9606.ENSP00000333277,H3C13,HAT1,0.963
9606.ENSP00000333277,H3C13,DIDO1,0.963
9606.ENSP00000333277,H3C13,SPHK2,0.962
9606.ENSP00000333277,H3C13,H3C1,0.962
9606.ENSP00000333277,H3C13,H3C10,0.961
9606.ENSP00000333277,H3C13,H2BS1,0.961
9606.ENSP00000333277,H3C13,H2AC6,0.961
9606.ENSP00000333277,H3C13,H3C11,0.96
9606.ENSP00000333277,H3C13,EED,0.96
9606.ENSP00000333277,H3C13,H3C3,0.96
9606.ENSP00000333277,H3C13,H3C8,0.959
9606.ENSP00000333277,H3C13,H3C4,0.959
9606.ENSP00000333277,H3C13,RPS6KA5,0.959
9606.ENSP00000333277,H3C13,MACROH2A1,0.958
9606.ENSP00000333277,H3C13,SETD1A,0.957
9606.ENSP00000333277,H3C13,H3C6,0.957
9606.ENSP00000333277,H3C13,KDM6A,0.956
9606.ENSP00000333277,H3C13,H4C4,0.956
9606.ENSP00000333277,H3C13,RBBP4,0.956
9606.ENSP00000333277,H3C13,PADI4,0.956
9606.ENSP00000333277,H3C13,H4C2,0.955
9606.ENSP00000333277,H3C13,BANF1,0.955
9606.ENSP00000333277,H3C13,H2AC17,0.954
9606.ENSP00000333277,H3C13,H4C1,0.954
9606.ENSP00000333277,H3C13,POLR2C,0.954
9606.ENSP00000333277,H3C13,H3-3B,0.954
9606.ENSP00000333277,H3C13,SRSF1,0.952
9606.ENSP00000333277,H3C13,H4C11,0.951
9606.ENSP00000333277,H3C13,SIRT3,0.95
9606.ENSP00000333277,H3C13,POLR2B,0.95
9606.ENSP00000333277,H3C13,RPS27A,0.949
9606.ENSP00000333277,H3C13,H4C5,0.949
9606.ENSP00000333277,H3C13,H4C13,0.948
9606.ENSP00000333277,H3C13,H4-16,0.948
9606.ENSP00000333277,H3C13,H2AX,0.948
9606.ENSP00000333277,H3C13,SIRT5,0.948
9606.ENSP00000333277,H3C13,H2AC16,0.946
9606.ENSP00000333277,H3C13,H4C3,0.946
9606.ENSP00000333277,H3C13,H4C9,0.946
9606.ENSP00000333277,H3C13,SMARCA4,0.946
9606.ENSP00000333277,H3C13,ZZZ3,0.946
9606.ENSP00000333277,H3C13,H4C8,0.946
9606.ENSP00000333277,H3C13,H2AC19,0.945
9606.ENSP00000333277,H3C13,H4C12,0.943
9606.ENSP00000333277,H3C13,H4C15,0.943
9606.ENSP00000333277,H3C13,UBA52,0.943
9606.ENSP00000333277,H3C13,JARID2,0.942
9606.ENSP00000333277,H3C13,H2BC13,0.942
9606.ENSP00000333277,H3C13,IPO4,0.941
9606.ENSP00000333277,H3C13,UBB,0.941
9606.ENSP00000333277,H3C13,ING3,0.94
9606.ENSP00000333277,H3C13,H2AC11,0.94
9606.ENSP00000333277,H3C13,POLR2I,0.94
9606.ENSP00000333277,H3C13,H2AC15,0.94
9606.ENSP00000333277,H3C13,LEO1,0.938
9606.ENSP00000333277,H3C13,HDAC2,0.937
9606.ENSP00000333277,H3C13,POLR2D,0.937
9606.ENSP00000333277,H3C13,POLR2G,0.936
9606.ENSP00000333277,H3C13,CHD1L,0.936
9606.ENSP00000333277,H3C13,CDYL2,0.935
9606.ENSP00000333277,H3C13,POLR2E,0.934
9606.ENSP00000333277,H3C13,POLR2F,0.934
9606.ENSP00000333277,H3C13,H3C15,0.931
9606.ENSP00000333277,H3C13,H3C14,0.931
9606.ENSP00000333277,H3C13,POLR2K,0.931
9606.ENSP00000333277,H3C13,POLR2H,0.931
9606.ENSP00000333277,H3C13,POLR2L,0.929
9606.ENSP00000333277,H3C13,POLR2J,0.929
9606.ENSP00000333277,H3C13,SP100,0.928
9606.ENSP00000333277,H3C13,H2AJ,0.927
9606.ENSP00000333277,H3C13,SUPT5H,0.926
9606.ENSP00000333277,H3C13,H3-4,0.926
9606.ENSP00000333277,H3C13,KDM5C,0.924
9606.ENSP00000333277,H3C13,PPIE,0.924
9606.ENSP00000333277,H3C13,SOX2,0.923
9606.ENSP00000333277,H3C13,AURKB,0.922
9606.ENSP00000333277,H3C13,EP300,0.922
9606.ENSP00000333277,H3C13,RCOR1,0.921
9606.ENSP00000333277,H3C13,HDGFL2,0.921
9606.ENSP00000333277,H3C13,TAF10,0.921
9606.ENSP00000333277,H3C13,SETD1B,0.921
9606.ENSP00000333277,H3C13,ZCWPW2,0.92
9606.ENSP00000333277,H3C13,MORC3,0.92
9606.ENSP00000333277,H3C13,SUPT4H1,0.918
9606.ENSP00000333277,H3C13,H1-4,0.918
9606.ENSP00000333277,H3C13,EGLN2,0.917
9606.ENSP00000333277,H3C13,TRIM66,0.917
9606.ENSP00000333277,H3C13,RTF1,0.917
9606.ENSP00000333277,H3C13,H2BC1,0.916
9606.ENSP00000333277,H3C13,BCL9,0.915
9606.ENSP00000333277,H3C13,KAT5,0.915
9606.ENSP00000333277,H3C13,TAF9,0.915
9606.ENSP00000333277,H3C13,TAF12,0.914
9606.ENSP00000333277,H3C13,SIRT1,0.914
9606.ENSP00000333277,H3C13,TNPO1,0.912
9606.ENSP00000333277,H3C13,SPTY2D1,0.911
9606.ENSP00000333277,H3C13,CDY2B,0.91
9606.ENSP00000333277,H3C13,SETD7,0.91
9606.ENSP00000333277,H3C13,MYC,0.91
9606.ENSP00000333277,H3C13,CDY2A,0.91
9606.ENSP00000333277,H3C13,PRDM9,0.91
9606.ENSP00000333277,H3C13,H2BC10,0.909
9606.ENSP00000333277,H3C13,CTR9,0.908
9606.ENSP00000333277,H3C13,GTF2B,0.905
9606.ENSP00000333277,H3C13,PHF21A,0.904
9606.ENSP00000333277,H3C13,H3-2,0.903
9606.ENSP00000333277,H3C13,TAF1,0.901
9606.ENSP00000333277,H3C13,CDC73,0.901
9606.ENSP00000333277,H3C13,H2BC7,0.901
9606.ENSP00000334100,EXOC7,RHOQ,0.999
9606.ENSP00000334100,EXOC7,EXOC4,0.999
9606.ENSP00000334100,EXOC7,EXOC1,0.999
9606.ENSP00000334100,EXOC7,EXOC2,0.999
9606.ENSP00000334100,EXOC7,EXOC6,0.999
9606.ENSP00000334100,EXOC7,EXOC8,0.999
9606.ENSP00000334100,EXOC7,EXOC5,0.999
9606.ENSP00000334100,EXOC7,EXOC3,0.999
9606.ENSP00000334100,EXOC7,EXOC6B,0.994
9606.ENSP00000334100,EXOC7,CDC42,0.968
9606.ENSP00000334100,EXOC7,EXOC1L,0.938
9606.ENSP00000334100,EXOC7,RAB11A,0.933
9606.ENSP00000334100,EXOC7,EXOC3L1,0.908
9606.ENSP00000334122,FGF3,FGFR1,0.999
9606.ENSP00000334122,FGF3,FGFR2,0.999
9606.ENSP00000334122,FGF3,FGFR4,0.994
9606.ENSP00000334122,FGF3,KL,0.991
9606.ENSP00000334122,FGF3,EGF,0.988
9606.ENSP00000334122,FGF3,FGFR3,0.978
9606.ENSP00000334122,FGF3,FGFBP1,0.968
9606.ENSP00000334122,FGF3,HSPG2,0.946
9606.ENSP00000334122,FGF3,DCN,0.936
9606.ENSP00000334122,FGF3,EGFR,0.928
9606.ENSP00000334122,FGF3,KDR,0.927
9606.ENSP00000334122,FGF3,FLT4,0.91
9606.ENSP00000334122,FGF3,KLB,0.903
9606.ENSP00000334448,GNG2,GNB1,0.999
9606.ENSP00000334448,GNG2,GNB3,0.999
9606.ENSP00000334448,GNG2,GNB5,0.999
9606.ENSP00000334448,GNG2,GNB4,0.999
9606.ENSP00000334448,GNG2,GNB2,0.999
9606.ENSP00000334448,GNG2,GNAI1,0.998
9606.ENSP00000334448,GNG2,GNAS,0.997
9606.ENSP00000334448,GNG2,HTR7,0.983
9606.ENSP00000334448,GNG2,CCR5,0.982
9606.ENSP00000334448,GNG2,PREX1,0.981
9606.ENSP00000334448,GNG2,DRD2,0.981
9606.ENSP00000334448,GNG2,GNAO1,0.98
9606.ENSP00000334448,GNG2,HTR1B,0.975
9606.ENSP00000334448,GNG2,GNAI2,0.974
9606.ENSP00000334448,GNG2,GNAQ,0.972
9606.ENSP00000334448,GNG2,GNA13,0.968
9606.ENSP00000334448,GNG2,GNAI3,0.967
9606.ENSP00000334448,GNG2,GABBR1,0.95
9606.ENSP00000334448,GNG2,GNA11,0.948
9606.ENSP00000334448,GNG2,LPAR1,0.944
9606.ENSP00000334448,GNG2,ADGRG1,0.943
9606.ENSP00000334448,GNG2,GABBR2,0.942
9606.ENSP00000334448,GNG2,CRH,0.942
9606.ENSP00000334448,GNG2,HTR1F,0.941
9606.ENSP00000334448,GNG2,HTR2C,0.941
9606.ENSP00000334448,GNG2,UCN,0.941
9606.ENSP00000334448,GNG2,DRD3,0.941
9606.ENSP00000334448,GNG2,MTNR1A,0.94
9606.ENSP00000334448,GNG2,CNR1,0.94
9606.ENSP00000334448,GNG2,HTR1E,0.94
9606.ENSP00000334448,GNG2,HTR1D,0.938
9606.ENSP00000334448,GNG2,HTR1A,0.938
9606.ENSP00000334448,GNG2,HTR5A,0.937
9606.ENSP00000334448,GNG2,GRM2,0.936
9606.ENSP00000334448,GNG2,OPRM1,0.935
9606.ENSP00000334448,GNG2,PTGER3,0.934
9606.ENSP00000334448,GNG2,ADRA2A,0.932
9606.ENSP00000334448,GNG2,PIK3R5,0.931
9606.ENSP00000334448,GNG2,CALCR,0.931
9606.ENSP00000334448,GNG2,NMU,0.931
9606.ENSP00000334448,GNG2,GRK2,0.929
9606.ENSP00000334448,GNG2,NTSR1,0.929
9606.ENSP00000334448,GNG2,AVPR2,0.925
9606.ENSP00000334448,GNG2,CALCA,0.922
9606.ENSP00000334448,GNG2,SMO,0.922
9606.ENSP00000334448,GNG2,CXCR4,0.917
9606.ENSP00000334448,GNG2,PLCB2,0.916
9606.ENSP00000334448,GNG2,MTNR1B,0.913
9606.ENSP00000334448,GNG2,FPR2,0.913
9606.ENSP00000334448,GNG2,APLNR,0.911
9606.ENSP00000334448,GNG2,GLP1R,0.909
9606.ENSP00000334448,GNG2,ADCYAP1R1,0.909
9606.ENSP00000334448,GNG2,RHO,0.908
9606.ENSP00000334448,GNG2,GIPR,0.907
9606.ENSP00000334448,GNG2,GHRHR,0.907
9606.ENSP00000334448,GNG2,VIPR1,0.907
9606.ENSP00000334448,GNG2,SCTR,0.907
9606.ENSP00000334448,GNG2,GCGR,0.907
9606.ENSP00000334448,GNG2,VIPR2,0.907
9606.ENSP00000334448,GNG2,GLP2R,0.907
9606.ENSP00000334448,GNG2,APP,0.906
9606.ENSP00000334448,GNG2,NMUR1,0.906
9606.ENSP00000334448,GNG2,BDKRB1,0.904
9606.ENSP00000334448,GNG2,BDKRB2,0.904
9606.ENSP00000334448,GNG2,NMUR2,0.904
9606.ENSP00000334448,GNG2,GPR17,0.903
9606.ENSP00000334448,GNG2,ADCYAP1,0.901
9606.ENSP00000335153,HSP90AA1,STUB1,0.999
9606.ENSP00000335153,HSP90AA1,HDAC6,0.999
9606.ENSP00000335153,HSP90AA1,AR,0.999
9606.ENSP00000335153,HSP90AA1,NOS3,0.999
9606.ENSP00000335153,HSP90AA1,TOMM70,0.999
9606.ENSP00000335153,HSP90AA1,ESR1,0.999
9606.ENSP00000335153,HSP90AA1,NR3C1,0.999
9606.ENSP00000335153,HSP90AA1,CDC37,0.999
9606.ENSP00000335153,HSP90AA1,TP53,0.999
9606.ENSP00000335153,HSP90AA1,SRC,0.999
9606.ENSP00000335153,HSP90AA1,HSPA4,0.999
9606.ENSP00000335153,HSP90AA1,HIF1A,0.999
9606.ENSP00000335153,HSP90AA1,AHSA1,0.999
9606.ENSP00000335153,HSP90AA1,HSPA8,0.999
9606.ENSP00000335153,HSP90AA1,DNAJB1,0.999
9606.ENSP00000335153,HSP90AA1,PTGES3,0.999
9606.ENSP00000335153,HSP90AA1,PPID,0.999
9606.ENSP00000335153,HSP90AA1,EGFR,0.999
9606.ENSP00000335153,HSP90AA1,AKT1,0.999
9606.ENSP00000335153,HSP90AA1,STIP1,0.999
9606.ENSP00000335153,HSP90AA1,SUGT1,0.999
9606.ENSP00000335153,HSP90AA1,ERBB2,0.999
9606.ENSP00000335153,HSP90AA1,FKBP4,0.999
9606.ENSP00000335153,HSP90AA1,FKBP5,0.999
9606.ENSP00000335153,HSP90AA1,CDK4,0.998
9606.ENSP00000335153,HSP90AA1,AIP,0.998
9606.ENSP00000335153,HSP90AA1,HSPA1B,0.998
9606.ENSP00000335153,HSP90AA1,HSF1,0.998
9606.ENSP00000335153,HSP90AA1,MTOR,0.998
9606.ENSP00000335153,HSP90AA1,TERT,0.998
9606.ENSP00000335153,HSP90AA1,HSP90AB1,0.997
9606.ENSP00000335153,HSP90AA1,AGO2,0.997
9606.ENSP00000335153,HSP90AA1,ST13,0.997
9606.ENSP00000335153,HSP90AA1,PPP5C,0.997
9606.ENSP00000335153,HSP90AA1,CALML4,0.996
9606.ENSP00000335153,HSP90AA1,HSPA1L,0.996
9606.ENSP00000335153,HSP90AA1,CALM3,0.996
9606.ENSP00000335153,HSP90AA1,CALML3,0.996
9606.ENSP00000335153,HSP90AA1,CALML6,0.996
9606.ENSP00000335153,HSP90AA1,CALML5,0.996
9606.ENSP00000335153,HSP90AA1,FKBP8,0.995
9606.ENSP00000335153,HSP90AA1,LRP1,0.994
9606.ENSP00000335153,HSP90AA1,APAF1,0.993
9606.ENSP00000335153,HSP90AA1,AHR,0.992
9606.ENSP00000335153,HSP90AA1,CHUK,0.992
9606.ENSP00000335153,HSP90AA1,NLRP3,0.99
9606.ENSP00000335153,HSP90AA1,FKBPL,0.99
9606.ENSP00000335153,HSP90AA1,PGR,0.99
9606.ENSP00000335153,HSP90AA1,RPAP3,0.99
9606.ENSP00000335153,HSP90AA1,DNAJA1,0.989
9606.ENSP00000335153,HSP90AA1,RIPK1,0.988
9606.ENSP00000335153,HSP90AA1,CAV1,0.988
9606.ENSP00000335153,HSP90AA1,PIH1D1,0.987
9606.ENSP00000335153,HSP90AA1,TLR4,0.987
9606.ENSP00000335153,HSP90AA1,CFTR,0.986
9606.ENSP00000335153,HSP90AA1,RAF1,0.985
9606.ENSP00000335153,HSP90AA1,BRAF,0.984
9606.ENSP00000335153,HSP90AA1,ABL1,0.983
9606.ENSP00000335153,HSP90AA1,TLR2,0.982
9606.ENSP00000335153,HSP90AA1,PPIF,0.982
9606.ENSP00000335153,HSP90AA1,RSF1,0.981
9606.ENSP00000335153,HSP90AA1,HSPA1A,0.98
9606.ENSP00000335153,HSP90AA1,MYC,0.975
9606.ENSP00000335153,HSP90AA1,IKBKB,0.975
9606.ENSP00000335153,HSP90AA1,HDAC4,0.975
9606.ENSP00000335153,HSP90AA1,CDC37L1,0.972
9606.ENSP00000335153,HSP90AA1,UNC45B,0.971
9606.ENSP00000335153,HSP90AA1,STAT3,0.971
9606.ENSP00000335153,HSP90AA1,LRRK2,0.97
9606.ENSP00000335153,HSP90AA1,DNAJC7,0.97
9606.ENSP00000335153,HSP90AA1,CALR,0.968
9606.ENSP00000335153,HSP90AA1,HSPA5,0.968
9606.ENSP00000335153,HSP90AA1,ACTB,0.967
9606.ENSP00000335153,HSP90AA1,RIPK3,0.966
9606.ENSP00000335153,HSP90AA1,FKBP6,0.965
9606.ENSP00000335153,HSP90AA1,HSPD1,0.963
9606.ENSP00000335153,HSP90AA1,MAPT,0.959
9606.ENSP00000335153,HSP90AA1,TGFBR2,0.959
9606.ENSP00000335153,HSP90AA1,GSK3B,0.958
9606.ENSP00000335153,HSP90AA1,HSPA9,0.958
9606.ENSP00000335153,HSP90AA1,KCNH2,0.958
9606.ENSP00000335153,HSP90AA1,PLK1,0.957
9606.ENSP00000335153,HSP90AA1,HSPB1,0.957
9606.ENSP00000335153,HSP90AA1,PINK1,0.957
9606.ENSP00000335153,HSP90AA1,EZR,0.954
9606.ENSP00000335153,HSP90AA1,KDR,0.954
9606.ENSP00000335153,HSP90AA1,AKT3,0.954
9606.ENSP00000335153,HSP90AA1,AGO1,0.953
9606.ENSP00000335153,HSP90AA1,HSP90B1,0.95
9606.ENSP00000335153,HSP90AA1,KEAP1,0.949
9606.ENSP00000335153,HSP90AA1,CHORDC1,0.949
9606.ENSP00000335153,HSP90AA1,AKT2,0.948
9606.ENSP00000335153,HSP90AA1,UNC45A,0.946
9606.ENSP00000335153,HSP90AA1,MLKL,0.944
9606.ENSP00000335153,HSP90AA1,SGTA,0.943
9606.ENSP00000335153,HSP90AA1,HSPE1,0.942
9606.ENSP00000335153,HSP90AA1,MAPK1,0.941
9606.ENSP00000335153,HSP90AA1,RIPK2,0.938
9606.ENSP00000335153,HSP90AA1,RUVBL1,0.938
9606.ENSP00000335153,HSP90AA1,HSPH1,0.938
9606.ENSP00000335153,HSP90AA1,IKBKG,0.937
9606.ENSP00000335153,HSP90AA1,SMYD3,0.936
9606.ENSP00000335153,HSP90AA1,VCP,0.933
9606.ENSP00000335153,HSP90AA1,BCL2A1,0.933
9606.ENSP00000335153,HSP90AA1,BCL2,0.929
9606.ENSP00000335153,HSP90AA1,MOS,0.928
9606.ENSP00000335153,HSP90AA1,SMYD2,0.928
9606.ENSP00000335153,HSP90AA1,TBK1,0.925
9606.ENSP00000335153,HSP90AA1,PRKN,0.924
9606.ENSP00000335153,HSP90AA1,HSPB2,0.924
9606.ENSP00000335153,HSP90AA1,GAPDH,0.922
9606.ENSP00000335153,HSP90AA1,ERBB3,0.916
9606.ENSP00000335153,HSP90AA1,IRF3,0.916
9606.ENSP00000335153,HSP90AA1,HSPB3,0.914
9606.ENSP00000335153,HSP90AA1,RACK1,0.91
9606.ENSP00000335153,HSP90AA1,CDK1,0.91
9606.ENSP00000335153,HSP90AA1,CDKN1A,0.909
9606.ENSP00000335153,HSP90AA1,DYNC1H1,0.909
9606.ENSP00000335153,HSP90AA1,NCOR1,0.909
9606.ENSP00000335153,HSP90AA1,MDM2,0.909
9606.ENSP00000335153,HSP90AA1,DCTN2,0.908
9606.ENSP00000335153,HSP90AA1,TSG101,0.908
9606.ENSP00000335153,HSP90AA1,TCP1,0.906
9606.ENSP00000335153,HSP90AA1,USP19,0.905
9606.ENSP00000335153,HSP90AA1,TGFBR1,0.904
9606.ENSP00000335153,HSP90AA1,UCHL1,0.9
9606.ENSP00000335655,FMNL3,RHOC,0.918
9606.ENSP00000335655,FMNL3,ACTA1,0.911
9606.ENSP00000335677,FOXK2,ASXL2,0.968
9606.ENSP00000335677,FOXK2,SIN3A,0.947
9606.ENSP00000335677,FOXK2,ASXL1,0.942
9606.ENSP00000335677,FOXK2,BAP1,0.941
9606.ENSP00000335677,FOXK2,HCFC1,0.93
9606.ENSP00000336747,HIP1,HTT,0.985
9606.ENSP00000336747,HIP1,CLTC,0.98
9606.ENSP00000336747,HIP1,CLTB,0.965
9606.ENSP00000336747,HIP1,IFT57,0.953
9606.ENSP00000336747,HIP1,CLTCL1,0.913
9606.ENSP00000336747,HIP1,CLTA,0.913
9606.ENSP00000336747,HIP1,CASP3,0.905
9606.ENSP00000336752,FIP1L1,CPSF2,0.999
9606.ENSP00000336752,FIP1L1,WDR33,0.999
9606.ENSP00000336752,FIP1L1,CPSF4,0.999
9606.ENSP00000336752,FIP1L1,CPSF1,0.999
9606.ENSP00000336752,FIP1L1,SYMPK,0.999
9606.ENSP00000336752,FIP1L1,CPSF3,0.999
9606.ENSP00000336752,FIP1L1,CSTF3,0.999
9606.ENSP00000336752,FIP1L1,WDR82,0.993
9606.ENSP00000336752,FIP1L1,CSTF2,0.99
9606.ENSP00000336752,FIP1L1,PAPOLA,0.986
9606.ENSP00000336752,FIP1L1,CSTF2T,0.985
9606.ENSP00000336752,FIP1L1,NUDT21,0.983
9606.ENSP00000336752,FIP1L1,PDGFRA,0.981
9606.ENSP00000336752,FIP1L1,RBBP6,0.978
9606.ENSP00000336752,FIP1L1,CPSF4L,0.978
9606.ENSP00000336752,FIP1L1,PCF11,0.976
9606.ENSP00000336752,FIP1L1,PAPOLG,0.958
9606.ENSP00000336752,FIP1L1,PAPOLB,0.957
9606.ENSP00000336752,FIP1L1,CSTF1,0.941
9606.ENSP00000336752,FIP1L1,CLP1,0.923
9606.ENSP00000336752,FIP1L1,SSU72,0.911
9606.ENSP00000336752,FIP1L1,PABPN1,0.907
9606.ENSP00000336752,FIP1L1,ENSP00000423325,0.906
9606.ENSP00000337949,HTR7,GNAS,0.995
9606.ENSP00000337949,HTR7,GNB1,0.992
9606.ENSP00000337949,HTR7,GNG2,0.983
9606.ENSP00000337949,HTR7,GNB3,0.932
9606.ENSP00000337949,HTR7,GNB4,0.932
9606.ENSP00000337949,HTR7,GNB2,0.926
9606.ENSP00000337949,HTR7,GNB5,0.926
9606.ENSP00000337949,HTR7,HTR6,0.925
9606.ENSP00000337949,HTR7,GNG10,0.92
9606.ENSP00000337949,HTR7,GNG4,0.919
9606.ENSP00000337949,HTR7,GNG11,0.918
9606.ENSP00000337949,HTR7,GNG5,0.918
9606.ENSP00000337949,HTR7,GNGT1,0.917
9606.ENSP00000337949,HTR7,GNG13,0.914
9606.ENSP00000337949,HTR7,GNGT2,0.914
9606.ENSP00000337949,HTR7,GNG3,0.913
9606.ENSP00000337949,HTR7,GNG12,0.913
9606.ENSP00000337949,HTR7,GNG8,0.912
9606.ENSP00000337949,HTR7,GNG7,0.912
9606.ENSP00000338272,HEY1,SKP1,0.991
9606.ENSP00000338272,HEY1,HEY2,0.989
9606.ENSP00000338272,HEY1,CUL1,0.988
9606.ENSP00000338272,HEY1,NOTCH1,0.965
9606.ENSP00000338272,HEY1,HEYL,0.947
9606.ENSP00000338272,HEY1,JAG1,0.926
9606.ENSP00000338272,HEY1,RBPJ,0.919
9606.ENSP00000338272,HEY1,HES1,0.919
9606.ENSP00000338272,HEY1,NOTCH4,0.911
9606.ENSP00000338934,EZR,SLC9A3R1,0.999
9606.ENSP00000338934,EZR,MSN,0.999
9606.ENSP00000338934,EZR,RDX,0.999
9606.ENSP00000338934,EZR,PRKACB,0.998
9606.ENSP00000338934,EZR,ICAM1,0.998
9606.ENSP00000338934,EZR,PRKACA,0.998
9606.ENSP00000338934,EZR,PRKACG,0.998
9606.ENSP00000338934,EZR,SLC9A3R2,0.998
9606.ENSP00000338934,EZR,SLC9A1,0.998
9606.ENSP00000338934,EZR,CD44,0.996
9606.ENSP00000338934,EZR,PODXL,0.994
9606.ENSP00000338934,EZR,ACTB,0.983
9606.ENSP00000338934,EZR,VCAM1,0.98
9606.ENSP00000338934,EZR,VCL,0.979
9606.ENSP00000338934,EZR,SDC2,0.978
9606.ENSP00000338934,EZR,SPN,0.974
9606.ENSP00000338934,EZR,CLIC5,0.974
9606.ENSP00000338934,EZR,ICAM2,0.974
9606.ENSP00000338934,EZR,ACTG1,0.962
9606.ENSP00000338934,EZR,NF2,0.96
9606.ENSP00000338934,EZR,PRX,0.959
9606.ENSP00000338934,EZR,AHNAK,0.958
9606.ENSP00000338934,EZR,PPL,0.957
9606.ENSP00000338934,EZR,HSP90AA1,0.954
9606.ENSP00000338934,EZR,PRKCA,0.953
9606.ENSP00000338934,EZR,EPB41,0.94
9606.ENSP00000338934,EZR,L1CAM,0.939
9606.ENSP00000338934,EZR,IQGAP1,0.938
9606.ENSP00000338934,EZR,HSP90AB1,0.927
9606.ENSP00000338934,EZR,MYH9,0.914
9606.ENSP00000338934,EZR,PRKCB,0.903
9606.ENSP00000338934,EZR,PRKCE,0.903
9606.ENSP00000338934,EZR,PRKCG,0.903
9606.ENSP00000339398,HLA-DQA1,HLA-DQB1,0.999
9606.ENSP00000339398,HLA-DQA1,CD74,0.994
9606.ENSP00000339398,HLA-DQA1,HLA-DRB1,0.991
9606.ENSP00000339398,HLA-DQA1,CD4,0.982
9606.ENSP00000339398,HLA-DQA1,HLA-A,0.973
9606.ENSP00000339398,HLA-DQA1,HCRT,0.972
9606.ENSP00000339398,HLA-DQA1,HLA-DPB1,0.967
9606.ENSP00000339398,HLA-DQA1,TNFRSF25,0.956
9606.ENSP00000339398,HLA-DQA1,TNFRSF10A,0.954
9606.ENSP00000339398,HLA-DQA1,HLA-C,0.945
9606.ENSP00000339398,HLA-DQA1,CD247,0.938
9606.ENSP00000339398,HLA-DQA1,TOR1A,0.935
9606.ENSP00000339398,HLA-DQA1,LOC102723407,0.934
9606.ENSP00000339398,HLA-DQA1,HLA-DRB5,0.904
9606.ENSP00000339398,HLA-DQA1,HLA-DMA,0.904
9606.ENSP00000339398,HLA-DQA1,HLA-DMB,0.902
9606.ENSP00000339477,ICOSLG,ICOS,0.999
9606.ENSP00000339477,ICOSLG,CD28,0.997
9606.ENSP00000339477,ICOSLG,CTLA4,0.992
9606.ENSP00000339477,ICOSLG,CD40LG,0.988
9606.ENSP00000339477,ICOSLG,TNFRSF4,0.986
9606.ENSP00000339477,ICOSLG,CD27,0.964
9606.ENSP00000339477,ICOSLG,CD40,0.957
9606.ENSP00000339477,ICOSLG,TNFRSF9,0.929
9606.ENSP00000339477,ICOSLG,IGHV3-43D,0.9
9606.ENSP00000339477,ICOSLG,IGHV3-16,0.9
9606.ENSP00000339527,FOXO3,SIRT1,0.999
9606.ENSP00000339527,FOXO3,CDK2,0.999
9606.ENSP00000339527,FOXO3,TP53,0.998
9606.ENSP00000339527,FOXO3,AKT1,0.998
9606.ENSP00000339527,FOXO3,CTNNB1,0.998
9606.ENSP00000339527,FOXO3,HIF1A,0.997
9606.ENSP00000339527,FOXO3,CDKN1A,0.995
9606.ENSP00000339527,FOXO3,SMAD3,0.995
9606.ENSP00000339527,FOXO3,MDM2,0.995
9606.ENSP00000339527,FOXO3,CREBBP,0.995
9606.ENSP00000339527,FOXO3,YWHAZ,0.994
9606.ENSP00000339527,FOXO3,E2F1,0.994
9606.ENSP00000339527,FOXO3,SMAD2,0.992
9606.ENSP00000339527,FOXO3,PTK2,0.992
9606.ENSP00000339527,FOXO3,EP300,0.991
9606.ENSP00000339527,FOXO3,IKBKB,0.989
9606.ENSP00000339527,FOXO3,ID1,0.989
9606.ENSP00000339527,FOXO3,SIRT3,0.987
9606.ENSP00000339527,FOXO3,PPARGC1A,0.987
9606.ENSP00000339527,FOXO3,BCL2L11,0.984
9606.ENSP00000339527,FOXO3,AKT2,0.98
9606.ENSP00000339527,FOXO3,CDKN1B,0.98
9606.ENSP00000339527,FOXO3,SMAD4,0.979
9606.ENSP00000339527,FOXO3,SGK1,0.979
9606.ENSP00000339527,FOXO3,YWHAE,0.978
9606.ENSP00000339527,FOXO3,STAT3,0.978
9606.ENSP00000339527,FOXO3,SOD2,0.974
9606.ENSP00000339527,FOXO3,USP7,0.971
9606.ENSP00000339527,FOXO3,YWHAQ,0.969
9606.ENSP00000339527,FOXO3,YWHAB,0.969
9606.ENSP00000339527,FOXO3,STK4,0.966
9606.ENSP00000339527,FOXO3,AKT3,0.966
9606.ENSP00000339527,FOXO3,MAPK1,0.963
9606.ENSP00000339527,FOXO3,MAPK3,0.961
9606.ENSP00000339527,FOXO3,BRD4,0.96
9606.ENSP00000339527,FOXO3,STK11,0.96
9606.ENSP00000339527,FOXO3,CHUK,0.957
9606.ENSP00000339527,FOXO3,FOXO1,0.955
9606.ENSP00000339527,FOXO3,YWHAG,0.954
9606.ENSP00000339527,FOXO3,MAPK8,0.954
9606.ENSP00000339527,FOXO3,YWHAH,0.951
9606.ENSP00000339527,FOXO3,MAPK14,0.949
9606.ENSP00000339527,FOXO3,PRKAA1,0.942
9606.ENSP00000339527,FOXO3,MAPK9,0.941
9606.ENSP00000339527,FOXO3,PRKACB,0.939
9606.ENSP00000339527,FOXO3,PRKACG,0.938
9606.ENSP00000339527,FOXO3,PRKACA,0.938
9606.ENSP00000339527,FOXO3,NLK,0.937
9606.ENSP00000339527,FOXO3,PRKAA2,0.937
9606.ENSP00000339527,FOXO3,FASLG,0.934
9606.ENSP00000339527,FOXO3,CITED2,0.933
9606.ENSP00000339527,FOXO3,NRF1,0.933
9606.ENSP00000339527,FOXO3,FBXO32,0.932
9606.ENSP00000339527,FOXO3,SGK3,0.932
9606.ENSP00000339527,FOXO3,SETD7,0.931
9606.ENSP00000339527,FOXO3,SGK2,0.93
9606.ENSP00000339527,FOXO3,MAPK12,0.929
9606.ENSP00000339527,FOXO3,MAPK11,0.929
9606.ENSP00000339527,FOXO3,PRMT1,0.928
9606.ENSP00000339527,FOXO3,PRKAB1,0.926
9606.ENSP00000339527,FOXO3,MAPK13,0.926
9606.ENSP00000339527,FOXO3,PINK1,0.923
9606.ENSP00000339527,FOXO3,PRKAG1,0.921
9606.ENSP00000339527,FOXO3,FOXO4,0.92
9606.ENSP00000339527,FOXO3,PRKAG2,0.919
9606.ENSP00000339527,FOXO3,PRKAB2,0.918
9606.ENSP00000339527,FOXO3,PRKAG3,0.917
9606.ENSP00000339527,FOXO3,CSNK1E,0.912
9606.ENSP00000339527,FOXO3,RUNX1,0.908
9606.ENSP00000339527,FOXO3,FANCD2,0.9
9606.ENSP00000339566,H1-2,H2AC18,0.953
9606.ENSP00000339566,H1-2,H2BC21,0.928
9606.ENSP00000339587,GSDME,GSDMA,0.979
9606.ENSP00000339587,GSDME,CASP3,0.913
9606.ENSP00000339587,GSDME,GSDMC,0.901
9606.ENSP00000339824,FGFR3,FGF8,0.999
9606.ENSP00000339824,FGFR3,FGF9,0.999
9606.ENSP00000339824,FGFR3,FGF2,0.999
9606.ENSP00000339824,FGFR3,FGF1,0.999
9606.ENSP00000339824,FGFR3,FGF18,0.998
9606.ENSP00000339824,FGFR3,FGF13,0.997
9606.ENSP00000339824,FGFR3,FGFR2,0.987
9606.ENSP00000339824,FGFR3,FGF17,0.986
9606.ENSP00000339824,FGFR3,GRB2,0.984
9606.ENSP00000339824,FGFR3,HRAS,0.982
9606.ENSP00000339824,FGFR3,NRAS,0.981
9606.ENSP00000339824,FGFR3,FGF10,0.981
9606.ENSP00000339824,FGFR3,FGF23,0.98
9606.ENSP00000339824,FGFR3,FGF3,0.978
9606.ENSP00000339824,FGFR3,FGF7,0.976
9606.ENSP00000339824,FGFR3,FGF5,0.971
9606.ENSP00000339824,FGFR3,KRAS,0.971
9606.ENSP00000339824,FGFR3,FGF20,0.971
9606.ENSP00000339824,FGFR3,FGF4,0.969
9606.ENSP00000339824,FGFR3,FGF22,0.966
9606.ENSP00000339824,FGFR3,KL,0.966
9606.ENSP00000339824,FGFR3,PIK3CA,0.965
9606.ENSP00000339824,FGFR3,FGF16,0.963
9606.ENSP00000339824,FGFR3,FGF6,0.961
9606.ENSP00000339824,FGFR3,PLCG1,0.952
9606.ENSP00000339824,FGFR3,FGF21,0.941
9606.ENSP00000339824,FGFR3,TACC3,0.94
9606.ENSP00000339824,FGFR3,SOS2,0.937
9606.ENSP00000339824,FGFR3,SOS1,0.937
9606.ENSP00000339824,FGFR3,FGF19,0.933
9606.ENSP00000339824,FGFR3,INS,0.933
9606.ENSP00000339824,FGFR3,SHC1,0.929
9606.ENSP00000339824,FGFR3,SHC4,0.923
9606.ENSP00000339824,FGFR3,SRC,0.923
9606.ENSP00000339824,FGFR3,JAK2,0.921
9606.ENSP00000339824,FGFR3,SHC3,0.919
9606.ENSP00000339824,FGFR3,GAB1,0.919
9606.ENSP00000339824,FGFR3,SHC2,0.916
9606.ENSP00000339824,FGFR3,PLCG2,0.916
9606.ENSP00000339824,FGFR3,JAK1,0.915
9606.ENSP00000339824,FGFR3,KLB,0.905
9606.ENSP00000339824,FGFR3,EGF,0.902
9606.ENSP00000339824,FGFR3,IGHV3-16,0.9
9606.ENSP00000339835,H3-5,H4C7,0.999
9606.ENSP00000339835,H3-5,WDR5,0.999
9606.ENSP00000339835,H3-5,H4C6,0.999
9606.ENSP00000339835,H3-5,CBX5,0.999
9606.ENSP00000339835,H3-5,CBX3,0.999
9606.ENSP00000339835,H3-5,H2AC20,0.998
9606.ENSP00000339835,H3-5,DNMT3L,0.998
9606.ENSP00000339835,H3-5,CBX1,0.998
9606.ENSP00000339835,H3-5,DNMT3A,0.998
9606.ENSP00000339835,H3-5,H2BC21,0.998
9606.ENSP00000339835,H3-5,H2AC18,0.998
9606.ENSP00000339835,H3-5,EHMT2,0.995
9606.ENSP00000339835,H3-5,KDM4A,0.995
9606.ENSP00000339835,H3-5,BPTF,0.995
9606.ENSP00000339835,H3-5,ASF1A,0.994
9606.ENSP00000339835,H3-5,KAT6A,0.993
9606.ENSP00000339835,H3-5,KAT2B,0.992
9606.ENSP00000339835,H3-5,CHD4,0.992
9606.ENSP00000339835,H3-5,ING2,0.992
9606.ENSP00000339835,H3-5,PBRM1,0.992
9606.ENSP00000339835,H3-5,ATRX,0.991
9606.ENSP00000339835,H3-5,MLLT3,0.991
9606.ENSP00000339835,H3-5,BRD4,0.99
9606.ENSP00000339835,H3-5,CHD1,0.989
9606.ENSP00000339835,H3-5,UHRF1,0.988
9606.ENSP00000339835,H3-5,RAG2,0.986
9606.ENSP00000339835,H3-5,NASP,0.986
9606.ENSP00000339835,H3-5,H2BC12,0.983
9606.ENSP00000339835,H3-5,AIRE,0.983
9606.ENSP00000339835,H3-5,ING1,0.982
9606.ENSP00000339835,H3-5,SETDB1,0.982
9606.ENSP00000339835,H3-5,MPHOSPH8,0.981
9606.ENSP00000339835,H3-5,PYGO2,0.979
9606.ENSP00000339835,H3-5,KAT6B,0.976
9606.ENSP00000339835,H3-5,DNMT1,0.975
9606.ENSP00000339835,H3-5,CARM1,0.974
9606.ENSP00000339835,H3-5,TRIM33,0.972
9606.ENSP00000339835,H3-5,H2BC11,0.972
9606.ENSP00000339835,H3-5,EZH2,0.972
9606.ENSP00000339835,H3-5,PHF8,0.971
9606.ENSP00000339835,H3-5,NSD3,0.97
9606.ENSP00000339835,H3-5,SGF29,0.969
9606.ENSP00000339835,H3-5,HDAC1,0.967
9606.ENSP00000339835,H3-5,CBX7,0.967
9606.ENSP00000339835,H3-5,ING4,0.966
9606.ENSP00000339835,H3-5,PYGO1,0.965
9606.ENSP00000339835,H3-5,SPHK2,0.964
9606.ENSP00000339835,H3-5,EHMT1,0.963
9606.ENSP00000339835,H3-5,DIDO1,0.963
9606.ENSP00000339835,H3-5,HAT1,0.963
9606.ENSP00000339835,H3-5,TP53BP1,0.962
9606.ENSP00000339835,H3-5,KMT2A,0.962
9606.ENSP00000339835,H3-5,SPIN1,0.96
9606.ENSP00000339835,H3-5,RPS6KA5,0.959
9606.ENSP00000339835,H3-5,CREBBP,0.959
9606.ENSP00000339835,H3-5,CBX6,0.958
9606.ENSP00000339835,H3-5,KAT2A,0.956
9606.ENSP00000339835,H3-5,BANF1,0.955
9606.ENSP00000339835,H3-5,SRSF1,0.954
9606.ENSP00000339835,H3-5,SIRT3,0.95
9606.ENSP00000339835,H3-5,SIRT5,0.948
9606.ENSP00000339835,H3-5,DNMT3B,0.943
9606.ENSP00000339835,H3-5,H2AC8,0.942
9606.ENSP00000339835,H3-5,IPO4,0.941
9606.ENSP00000339835,H3-5,KMT2E,0.94
9606.ENSP00000339835,H3-5,ING3,0.94
9606.ENSP00000339835,H3-5,H4-16,0.937
9606.ENSP00000339835,H3-5,H4C4,0.937
9606.ENSP00000339835,H3-5,H4C5,0.936
9606.ENSP00000339835,H3-5,SMARCA4,0.936
9606.ENSP00000339835,H3-5,H4C14,0.936
9606.ENSP00000339835,H3-5,H4C11,0.935
9606.ENSP00000339835,H3-5,H4C9,0.935
9606.ENSP00000339835,H3-5,H4C15,0.935
9606.ENSP00000339835,H3-5,H4C1,0.935
9606.ENSP00000339835,H3-5,H4C12,0.935
9606.ENSP00000339835,H3-5,H4C13,0.935
9606.ENSP00000339835,H3-5,H4C8,0.934
9606.ENSP00000339835,H3-5,H4C2,0.934
9606.ENSP00000339835,H3-5,H4C3,0.934
9606.ENSP00000339835,H3-5,SUV39H1,0.931
9606.ENSP00000339835,H3-5,KDM6B,0.928
9606.ENSP00000339835,H3-5,SP100,0.927
9606.ENSP00000339835,H3-5,SUPT6H,0.927
9606.ENSP00000339835,H3-5,H2AC4,0.924
9606.ENSP00000339835,H3-5,PPIE,0.923
9606.ENSP00000339835,H3-5,AURKB,0.922
9606.ENSP00000339835,H3-5,MORC3,0.921
9606.ENSP00000339835,H3-5,ZCWPW2,0.92
9606.ENSP00000339835,H3-5,TRIM66,0.919
9606.ENSP00000339835,H3-5,ASF1B,0.919
9606.ENSP00000339835,H3-5,EED,0.917
9606.ENSP00000339835,H3-5,EGLN2,0.917
9606.ENSP00000339835,H3-5,SETD1A,0.917
9606.ENSP00000339835,H3-5,KDM1A,0.917
9606.ENSP00000339835,H3-5,KDM6A,0.916
9606.ENSP00000339835,H3-5,KAT5,0.915
9606.ENSP00000339835,H3-5,ZZZ3,0.915
9606.ENSP00000339835,H3-5,RBBP4,0.914
9606.ENSP00000339835,H3-5,TNPO1,0.912
9606.ENSP00000339835,H3-5,CDY2A,0.91
9606.ENSP00000339835,H3-5,CDY2B,0.91
9606.ENSP00000339835,H3-5,PADI4,0.905
9606.ENSP00000340648,HUWE1,MCL1,0.996
9606.ENSP00000340648,HUWE1,UBC,0.979
9606.ENSP00000340648,HUWE1,HSD17B10,0.975
9606.ENSP00000340648,HUWE1,UBE2D2,0.957
9606.ENSP00000340648,HUWE1,UBB,0.957
9606.ENSP00000340648,HUWE1,DDIT4,0.956
9606.ENSP00000340648,HUWE1,UBA52,0.936
9606.ENSP00000340648,HUWE1,RPS27A,0.934
9606.ENSP00000340648,HUWE1,UBE2L3,0.921
9606.ENSP00000340648,HUWE1,CDKN2A,0.915
9606.ENSP00000340648,HUWE1,USP9X,0.908
9606.ENSP00000341094,H2AC7,H3C4,0.992
9606.ENSP00000341094,H2AC7,H2BC17,0.992
9606.ENSP00000341094,H2AC7,H2BC9,0.991
9606.ENSP00000341094,H2AC7,H2BC4,0.987
9606.ENSP00000341094,H2AC7,H2BC10,0.986
9606.ENSP00000341094,H2AC7,H2BC7,0.986
9606.ENSP00000341094,H2AC7,H2BC3,0.985
9606.ENSP00000341094,H2AC7,H2BC21,0.985
9606.ENSP00000341094,H2AC7,H4C6,0.983
9606.ENSP00000341094,H2AC7,H2BC5,0.983
9606.ENSP00000341094,H2AC7,H3C12,0.978
9606.ENSP00000341094,H2AC7,H2BC14,0.976
9606.ENSP00000341094,H2AC7,H2BC15,0.974
9606.ENSP00000341094,H2AC7,H2BC6,0.971
9606.ENSP00000341094,H2AC7,H4C4,0.966
9606.ENSP00000341094,H2AC7,H4C5,0.966
9606.ENSP00000341094,H2AC7,H2BC1,0.965
9606.ENSP00000341094,H2AC7,H2BC18,0.964
9606.ENSP00000341094,H2AC7,H2BC8,0.964
9606.ENSP00000341094,H2AC7,H3C3,0.96
9606.ENSP00000341094,H2AC7,H4C14,0.959
9606.ENSP00000341094,H2AC7,H4C8,0.958
9606.ENSP00000341094,H2AC7,H4C2,0.957
9606.ENSP00000341094,H2AC7,H3-3B,0.956
9606.ENSP00000341094,H2AC7,H4C11,0.956
9606.ENSP00000341094,H2AC7,H3C10,0.955
9606.ENSP00000341094,H2AC7,H3C7,0.954
9606.ENSP00000341094,H2AC7,H3C8,0.953
9606.ENSP00000341094,H2AC7,H3C2,0.95
9606.ENSP00000341094,H2AC7,H3C1,0.949
9606.ENSP00000341094,H2AC7,H4C9,0.949
9606.ENSP00000341094,H2AC7,H3C11,0.946
9606.ENSP00000341094,H2AC7,H4-16,0.946
9606.ENSP00000341094,H2AC7,H4C12,0.944
9606.ENSP00000341094,H2AC7,H4C13,0.941
9606.ENSP00000341094,H2AC7,H4C1,0.941
9606.ENSP00000341094,H2AC7,H4C3,0.941
9606.ENSP00000341094,H2AC7,H3C6,0.938
9606.ENSP00000341094,H2AC7,SETD2,0.932
9606.ENSP00000341094,H2AC7,H4C15,0.931
9606.ENSP00000341094,H2AC7,H3-3A,0.924
9606.ENSP00000341094,H2AC7,hCG_2039566,0.9
9606.ENSP00000342114,ICAM4,ITGB2,0.981
9606.ENSP00000342144,EVC2,EVC,0.999
9606.ENSP00000342144,EVC2,SMO,0.979
9606.ENSP00000342235,ERBB4,ERBB3,0.999
9606.ENSP00000342235,ERBB4,SHC1,0.999
9606.ENSP00000342235,ERBB4,BTC,0.999
9606.ENSP00000342235,ERBB4,NRG3,0.999
9606.ENSP00000342235,ERBB4,NRG2,0.999
9606.ENSP00000342235,ERBB4,GRB2,0.999
9606.ENSP00000342235,ERBB4,EGF,0.999
9606.ENSP00000342235,ERBB4,EREG,0.999
9606.ENSP00000342235,ERBB4,HBEGF,0.999
9606.ENSP00000342235,ERBB4,NRG1,0.999
9606.ENSP00000342235,ERBB4,NRG4,0.999
9606.ENSP00000342235,ERBB4,ERBB2,0.999
9606.ENSP00000342235,ERBB4,DLG4,0.998
9606.ENSP00000342235,ERBB4,EGFR,0.996
9606.ENSP00000342235,ERBB4,STAT5A,0.995
9606.ENSP00000342235,ERBB4,YAP1,0.994
9606.ENSP00000342235,ERBB4,STAT5B,0.993
9606.ENSP00000342235,ERBB4,WWOX,0.993
9606.ENSP00000342235,ERBB4,AREG,0.992
9606.ENSP00000342235,ERBB4,TGFA,0.989
9606.ENSP00000342235,ERBB4,PIK3R2,0.977
9606.ENSP00000342235,ERBB4,PIK3CA,0.97
9606.ENSP00000342235,ERBB4,PLCG1,0.968
9606.ENSP00000342235,ERBB4,ESR1,0.961
9606.ENSP00000342235,ERBB4,SHC2,0.958
9606.ENSP00000342235,ERBB4,PIK3R1,0.948
9606.ENSP00000342235,ERBB4,SHC3,0.947
9606.ENSP00000342235,ERBB4,PIK3CB,0.947
9606.ENSP00000342235,ERBB4,SHC4,0.942
9606.ENSP00000342235,ERBB4,PIK3R3,0.942
9606.ENSP00000342235,ERBB4,PLCG2,0.938
9606.ENSP00000342235,ERBB4,WWP1,0.929
9606.ENSP00000342235,ERBB4,PTPN11,0.927
9606.ENSP00000342235,ERBB4,PIK3CD,0.925
9606.ENSP00000342235,ERBB4,ITCH,0.924
9606.ENSP00000342235,ERBB4,DCN,0.922
9606.ENSP00000342235,ERBB4,SRC,0.916
9606.ENSP00000342235,ERBB4,TAB2,0.907
9606.ENSP00000342307,FOXM1,MYBL2,0.998
9606.ENSP00000342307,FOXM1,PLK1,0.995
9606.ENSP00000342307,FOXM1,CTNNB1,0.994
9606.ENSP00000342307,FOXM1,CDK1,0.991
9606.ENSP00000342307,FOXM1,CENPF,0.989
9606.ENSP00000342307,FOXM1,CCNB1,0.988
9606.ENSP00000342307,FOXM1,CCNA2,0.985
9606.ENSP00000342307,FOXM1,MELK,0.973
9606.ENSP00000342307,FOXM1,BIRC5,0.958
9606.ENSP00000342307,FOXM1,EP300,0.957
9606.ENSP00000342307,FOXM1,BUB1B,0.944
9606.ENSP00000342307,FOXM1,KIF20A,0.944
9606.ENSP00000342307,FOXM1,CDC20,0.937
9606.ENSP00000342307,FOXM1,CDC25A,0.936
9606.ENSP00000342307,FOXM1,KIF11,0.934
9606.ENSP00000342307,FOXM1,TPX2,0.932
9606.ENSP00000342307,FOXM1,CDCA8,0.93
9606.ENSP00000342307,FOXM1,TOP2A,0.927
9606.ENSP00000342307,FOXM1,ESPL1,0.923
9606.ENSP00000342307,FOXM1,CDC25B,0.918
9606.ENSP00000342307,FOXM1,HJURP,0.918
9606.ENSP00000342307,FOXM1,SMAD3,0.911
9606.ENSP00000342307,FOXM1,MKI67,0.91
9606.ENSP00000342307,FOXM1,SPAG5,0.9
9606.ENSP00000343619,HOXA9,PBX1,0.998
9606.ENSP00000343619,HOXA9,MEIS1,0.998
9606.ENSP00000343619,HOXA9,NUP98,0.964
9606.ENSP00000343619,HOXA9,PBX3,0.954
9606.ENSP00000343619,HOXA9,HOXA7,0.946
9606.ENSP00000343619,HOXA9,HOXA10,0.931
9606.ENSP00000343619,HOXA9,MSI2,0.916
9606.ENSP00000343636,GFRAL,GDF15,0.999
9606.ENSP00000343636,GFRAL,RET,0.998
9606.ENSP00000343636,GFRAL,GDNF,0.92
9606.ENSP00000344393,FCF1,WDR46,0.999
9606.ENSP00000344393,FCF1,KRR1,0.999
9606.ENSP00000344393,FCF1,EMG1,0.999
9606.ENSP00000344393,FCF1,UTP11,0.999
9606.ENSP00000344393,FCF1,DNTTIP2,0.999
9606.ENSP00000344393,FCF1,UTP3,0.999
9606.ENSP00000344393,FCF1,NOP58,0.998
9606.ENSP00000344393,FCF1,IMP3,0.998
9606.ENSP00000344393,FCF1,UTP20,0.998
9606.ENSP00000344393,FCF1,BMS1,0.998
9606.ENSP00000344393,FCF1,RPS9,0.998
9606.ENSP00000344393,FCF1,NGDN,0.997
9606.ENSP00000344393,FCF1,NOC4L,0.997
9606.ENSP00000344393,FCF1,NOL6,0.997
9606.ENSP00000344393,FCF1,HEATR1,0.997
9606.ENSP00000344393,FCF1,RRP9,0.997
9606.ENSP00000344393,FCF1,DCAF13,0.997
9606.ENSP00000344393,FCF1,RRP7A,0.997
9606.ENSP00000344393,FCF1,RCL1,0.997
9606.ENSP00000344393,FCF1,BYSL,0.996
9606.ENSP00000344393,FCF1,AATF,0.996
9606.ENSP00000344393,FCF1,MPHOSPH10,0.996
9606.ENSP00000344393,FCF1,UTP18,0.995
9606.ENSP00000344393,FCF1,WDR3,0.995
9606.ENSP00000344393,FCF1,UTP14A,0.995
9606.ENSP00000344393,FCF1,WDR43,0.995
9606.ENSP00000344393,FCF1,PDCD11,0.995
9606.ENSP00000344393,FCF1,UTP4,0.995
9606.ENSP00000344393,FCF1,NOP56,0.995
9606.ENSP00000344393,FCF1,UTP6,0.995
9606.ENSP00000344393,FCF1,SNU13,0.995
9606.ENSP00000344393,FCF1,UTP15,0.994
9606.ENSP00000344393,FCF1,RPS6,0.994
9606.ENSP00000344393,FCF1,WDR36,0.994
9606.ENSP00000344393,FCF1,TBL3,0.994
9606.ENSP00000344393,FCF1,RPS7,0.994
9606.ENSP00000344393,FCF1,NOP14,0.993
9606.ENSP00000344393,FCF1,NOL10,0.993
9606.ENSP00000344393,FCF1,IMP4,0.992
9606.ENSP00000344393,FCF1,NAT10,0.992
9606.ENSP00000344393,FCF1,WDR75,0.992
9606.ENSP00000344393,FCF1,RPS23,0.992
9606.ENSP00000344393,FCF1,PWP2,0.991
9606.ENSP00000344393,FCF1,RPS14,0.991
9606.ENSP00000344393,FCF1,FBL,0.987
9606.ENSP00000344393,FCF1,RPS13,0.986
9606.ENSP00000344393,FCF1,RPS5,0.986
9606.ENSP00000344393,FCF1,RPS28,0.984
9606.ENSP00000344393,FCF1,RPS3A,0.982
9606.ENSP00000344393,FCF1,RPS16,0.981
9606.ENSP00000344393,FCF1,RPS24,0.981
9606.ENSP00000344393,FCF1,RPS11,0.981
9606.ENSP00000344393,FCF1,DHX37,0.98
9606.ENSP00000344393,FCF1,RPS8,0.98
9606.ENSP00000344393,FCF1,RPS19,0.975
9606.ENSP00000344393,FCF1,RPS27,0.972
9606.ENSP00000344393,FCF1,RPS18,0.97
9606.ENSP00000344393,FCF1,DIMT1,0.97
9606.ENSP00000344393,FCF1,PNO1,0.97
9606.ENSP00000344393,FCF1,RPS15A,0.967
9606.ENSP00000344393,FCF1,NOL11,0.964
9606.ENSP00000344393,FCF1,EXOSC10,0.957
9606.ENSP00000344393,FCF1,UTP14C,0.956
9606.ENSP00000344393,FCF1,RSL1D1,0.954
9606.ENSP00000344393,FCF1,DDX52,0.93
9606.ENSP00000344393,FCF1,LOC102724159,0.924
9606.ENSP00000344393,FCF1,RPS12,0.923
9606.ENSP00000344393,FCF1,UTP25,0.923
9606.ENSP00000344393,FCF1,RPS4X,0.92
9606.ENSP00000344393,FCF1,FBLL1,0.908
9606.ENSP00000344393,FCF1,NIP7,0.901
9606.ENSP00000344579,FSCB,CABYR,0.956
9606.ENSP00000345347,HMGB1,AGER,0.999
9606.ENSP00000345347,HMGB1,TLR4,0.999
9606.ENSP00000345347,HMGB1,BECN1,0.999
9606.ENSP00000345347,HMGB1,TLR2,0.998
9606.ENSP00000345347,HMGB1,TLR9,0.997
9606.ENSP00000345347,HMGB1,TP53,0.997
9606.ENSP00000345347,HMGB1,CD24,0.991
9606.ENSP00000345347,HMGB1,HAVCR2,0.991
9606.ENSP00000345347,HMGB1,CXCL12,0.984
9606.ENSP00000345347,HMGB1,HMGB2,0.981
9606.ENSP00000345347,HMGB1,LY96,0.974
9606.ENSP00000345347,HMGB1,IL1B,0.97
9606.ENSP00000345347,HMGB1,SIGLEC10,0.965
9606.ENSP00000345347,HMGB1,TREM1,0.959
9606.ENSP00000345347,HMGB1,BECN2,0.958
9606.ENSP00000345347,HMGB1,TLR3,0.952
9606.ENSP00000345347,HMGB1,CXCR4,0.932
9606.ENSP00000345347,HMGB1,NFKB1,0.923
9606.ENSP00000345347,HMGB1,SDC1,0.921
9606.ENSP00000345347,HMGB1,PLG,0.921
9606.ENSP00000345347,HMGB1,GSDMD,0.902
9606.ENSP00000345681,GATA2,TAL1,0.999
9606.ENSP00000345681,GATA2,LMO2,0.997
9606.ENSP00000345681,GATA2,ZFPM1,0.996
9606.ENSP00000345681,GATA2,RUNX1,0.996
9606.ENSP00000345681,GATA2,LDB1,0.994
9606.ENSP00000345681,GATA2,SPI1,0.993
9606.ENSP00000345681,GATA2,LDB2,0.983
9606.ENSP00000345681,GATA2,GATA1,0.976
9606.ENSP00000345681,GATA2,MYB,0.945
9606.ENSP00000345681,GATA2,CEBPA,0.939
9606.ENSP00000345681,GATA2,FLI1,0.928
9606.ENSP00000345681,GATA2,GFI1,0.924
9606.ENSP00000346671,FYN,SRC,0.999
9606.ENSP00000346671,FYN,SH2D1A,0.999
9606.ENSP00000346671,FYN,LCK,0.998
9606.ENSP00000346671,FYN,PTK2,0.998
9606.ENSP00000346671,FYN,CBL,0.998
9606.ENSP00000346671,FYN,CAV1,0.997
9606.ENSP00000346671,FYN,LYN,0.996
9606.ENSP00000346671,FYN,GP6,0.996
9606.ENSP00000346671,FYN,DLG4,0.996
9606.ENSP00000346671,FYN,SHC1,0.995
9606.ENSP00000346671,FYN,YES1,0.994
9606.ENSP00000346671,FYN,MAPT,0.994
9606.ENSP00000346671,FYN,LCP2,0.993
9606.ENSP00000346671,FYN,GRIN2B,0.993
9606.ENSP00000346671,FYN,CD247,0.993
9606.ENSP00000346671,FYN,ZAP70,0.993
9606.ENSP00000346671,FYN,PRNP,0.99
9606.ENSP00000346671,FYN,PIK3R1,0.988
9606.ENSP00000346671,FYN,PTPRC,0.988
9606.ENSP00000346671,FYN,PTPN11,0.988
9606.ENSP00000346671,FYN,CTNNB1,0.986
9606.ENSP00000346671,FYN,CD36,0.983
9606.ENSP00000346671,FYN,CTNND1,0.983
9606.ENSP00000346671,FYN,SYK,0.983
9606.ENSP00000346671,FYN,GRIN2A,0.981
9606.ENSP00000346671,FYN,FCER1G,0.981
9606.ENSP00000346671,FYN,CD4,0.98
9606.ENSP00000346671,FYN,GRB2,0.98
9606.ENSP00000346671,FYN,CD244,0.979
9606.ENSP00000346671,FYN,WAS,0.979
9606.ENSP00000346671,FYN,CDC42,0.977
9606.ENSP00000346671,FYN,FYB1,0.977
9606.ENSP00000346671,FYN,GAB2,0.975
9606.ENSP00000346671,FYN,NPHS1,0.974
9606.ENSP00000346671,FYN,BCAR1,0.974
9606.ENSP00000346671,FYN,SKAP1,0.972
9606.ENSP00000346671,FYN,CD3E,0.967
9606.ENSP00000346671,FYN,RHOA,0.966
9606.ENSP00000346671,FYN,CD8A,0.964
9606.ENSP00000346671,FYN,CAV2,0.962
9606.ENSP00000346671,FYN,NCK1,0.96
9606.ENSP00000346671,FYN,VAV1,0.959
9606.ENSP00000346671,FYN,KHDRBS1,0.958
9606.ENSP00000346671,FYN,PTPRA,0.957
9606.ENSP00000346671,FYN,RAC2,0.956
9606.ENSP00000346671,FYN,PIK3R2,0.955
9606.ENSP00000346671,FYN,CBLC,0.954
9606.ENSP00000346671,FYN,CDK5,0.951
9606.ENSP00000346671,FYN,PIK3CB,0.951
9606.ENSP00000346671,FYN,PIK3CA,0.951
9606.ENSP00000346671,FYN,ABL1,0.949
9606.ENSP00000346671,FYN,CMA1,0.949
9606.ENSP00000346671,FYN,PAG1,0.948
9606.ENSP00000346671,FYN,SLAMF1,0.948
9606.ENSP00000346671,FYN,TRAF6,0.948
9606.ENSP00000346671,FYN,FCER1A,0.947
9606.ENSP00000346671,FYN,SCARB2,0.942
9606.ENSP00000346671,FYN,SCARB1,0.941
9606.ENSP00000346671,FYN,CRK,0.938
9606.ENSP00000346671,FYN,CBLB,0.938
9606.ENSP00000346671,FYN,PIK3R3,0.937
9606.ENSP00000346671,FYN,PIK3CD,0.936
9606.ENSP00000346671,FYN,PLCG2,0.936
9606.ENSP00000346671,FYN,GRAP2,0.933
9606.ENSP00000346671,FYN,CAV3,0.933
9606.ENSP00000346671,FYN,TYROBP,0.933
9606.ENSP00000346671,FYN,CD79A,0.932
9606.ENSP00000346671,FYN,EFNA5,0.931
9606.ENSP00000346671,FYN,EFNA1,0.931
9606.ENSP00000346671,FYN,EFNA2,0.93
9606.ENSP00000346671,FYN,EFNA4,0.929
9606.ENSP00000346671,FYN,EFNA3,0.926
9606.ENSP00000346671,FYN,PLXNA2,0.925
9606.ENSP00000346671,FYN,IRS1,0.923
9606.ENSP00000346671,FYN,ITGB1,0.923
9606.ENSP00000346671,FYN,PLXNA1,0.922
9606.ENSP00000346671,FYN,PLXNA4,0.921
9606.ENSP00000346671,FYN,SHC3,0.921
9606.ENSP00000346671,FYN,RAC3,0.92
9606.ENSP00000346671,FYN,PLXNA3,0.919
9606.ENSP00000346671,FYN,PTK2B,0.919
9606.ENSP00000346671,FYN,BACE2,0.919
9606.ENSP00000346671,FYN,SHC2,0.913
9606.ENSP00000346671,FYN,TRAF2,0.913
9606.ENSP00000346671,FYN,DOCK1,0.911
9606.ENSP00000346671,FYN,MS4A2,0.91
9606.ENSP00000346671,FYN,CTLA4,0.91
9606.ENSP00000346671,FYN,SHC4,0.91
9606.ENSP00000346671,FYN,NCAM1,0.908
9606.ENSP00000346671,FYN,PLCG1,0.904
9606.ENSP00000346671,FYN,PXN,0.903
9606.ENSP00000346671,FYN,CD2,0.902
9606.ENSP00000346694,HNRNPA2B1,HNRNPC,0.999
9606.ENSP00000346694,HNRNPA2B1,HNRNPL,0.999
9606.ENSP00000346694,HNRNPA2B1,TARDBP,0.998
9606.ENSP00000346694,HNRNPA2B1,HNRNPA1,0.998
9606.ENSP00000346694,HNRNPA2B1,ILF3,0.994
9606.ENSP00000346694,HNRNPA2B1,PTBP1,0.993
9606.ENSP00000346694,HNRNPA2B1,DGCR8,0.991
9606.ENSP00000346694,HNRNPA2B1,HNRNPH1,0.991
9606.ENSP00000346694,HNRNPA2B1,FUS,0.99
9606.ENSP00000346694,HNRNPA2B1,HNRNPM,0.987
9606.ENSP00000346694,HNRNPA2B1,HNRNPF,0.985
9606.ENSP00000346694,HNRNPA2B1,HNRNPK,0.983
9606.ENSP00000346694,HNRNPA2B1,HNRNPU,0.979
9606.ENSP00000346694,HNRNPA2B1,SRSF3,0.976
9606.ENSP00000346694,HNRNPA2B1,SRSF1,0.972
9606.ENSP00000346694,HNRNPA2B1,HNRNPH3,0.968
9606.ENSP00000346694,HNRNPA2B1,HNRNPA3,0.968
9606.ENSP00000346694,HNRNPA2B1,PCBP1,0.961
9606.ENSP00000346694,HNRNPA2B1,RBMX,0.96
9606.ENSP00000346694,HNRNPA2B1,SRSF2,0.954
9606.ENSP00000346694,HNRNPA2B1,TRA2B,0.953
9606.ENSP00000346694,HNRNPA2B1,SRSF7,0.947
9606.ENSP00000346694,HNRNPA2B1,HNRNPD,0.947
9606.ENSP00000346694,HNRNPA2B1,SLC25A15,0.942
9606.ENSP00000346694,HNRNPA2B1,MATR3-2,0.941
9606.ENSP00000346694,HNRNPA2B1,SFPQ,0.939
9606.ENSP00000346694,HNRNPA2B1,IGF2BP1,0.938
9606.ENSP00000346694,HNRNPA2B1,YTHDC1,0.935
9606.ENSP00000346694,HNRNPA2B1,ELAVL1,0.934
9606.ENSP00000346694,HNRNPA2B1,DHX9,0.932
9606.ENSP00000346694,HNRNPA2B1,IGF2BP3,0.925
9606.ENSP00000346694,HNRNPA2B1,YTHDF1,0.925
9606.ENSP00000346694,HNRNPA2B1,HNRNPR,0.923
9606.ENSP00000346694,HNRNPA2B1,HNRNPAB,0.915
9606.ENSP00000346694,HNRNPA2B1,SYNCRIP,0.913
9606.ENSP00000346694,HNRNPA2B1,NCL,0.913
9606.ENSP00000346694,HNRNPA2B1,NONO,0.913
9606.ENSP00000346694,HNRNPA2B1,HNRNPDL,0.909
9606.ENSP00000346694,HNRNPA2B1,YBX1,0.905
9606.ENSP00000346694,HNRNPA2B1,KHDRBS1,0.904
9606.ENSP00000346694,HNRNPA2B1,MBNL1,0.901
9606.ENSP00000347168,H4C11,H2AC4,0.992
9606.ENSP00000347168,H4C11,H2AC8,0.992
9606.ENSP00000347168,H4C11,H3C2,0.988
9606.ENSP00000347168,H4C11,H3C4,0.987
9606.ENSP00000347168,H4C11,H3C8,0.987
9606.ENSP00000347168,H4C11,H3C1,0.986
9606.ENSP00000347168,H4C11,H3C11,0.986
9606.ENSP00000347168,H4C11,H3C7,0.986
9606.ENSP00000347168,H4C11,H3C10,0.985
9606.ENSP00000347168,H4C11,H3C3,0.982
9606.ENSP00000347168,H4C11,H4C6,0.98
9606.ENSP00000347168,H4C11,H3C6,0.979
9606.ENSP00000347168,H4C11,H4C2,0.978
9606.ENSP00000347168,H4C11,H2AC13,0.978
9606.ENSP00000347168,H4C11,H3C12,0.977
9606.ENSP00000347168,H4C11,H2BC11,0.976
9606.ENSP00000347168,H4C11,H2AC17,0.974
9606.ENSP00000347168,H4C11,H2BC7,0.974
9606.ENSP00000347168,H4C11,H2AC20,0.974
9606.ENSP00000347168,H4C11,H2AC18,0.973
9606.ENSP00000347168,H4C11,H2BC6,0.973
9606.ENSP00000347168,H4C11,H2BC12,0.972
9606.ENSP00000347168,H4C11,H2BC10,0.972
9606.ENSP00000347168,H4C11,H2BC21,0.97
9606.ENSP00000347168,H4C11,H2AC6,0.97
9606.ENSP00000347168,H4C11,H2BC8,0.968
9606.ENSP00000347168,H4C11,CENPA,0.967
9606.ENSP00000347168,H4C11,H2AC16,0.966
9606.ENSP00000347168,H4C11,H2AC14,0.966
9606.ENSP00000347168,H4C11,H3C15,0.966
9606.ENSP00000347168,H4C11,H4C5,0.966
9606.ENSP00000347168,H4C11,H4C4,0.965
9606.ENSP00000347168,H4C11,H3C14,0.965
9606.ENSP00000347168,H4C11,H2BC4,0.964
9606.ENSP00000347168,H4C11,H2AC15,0.964
9606.ENSP00000347168,H4C11,H2AC11,0.963
9606.ENSP00000347168,H4C11,H4C9,0.962
9606.ENSP00000347168,H4C11,H2BC3,0.96
9606.ENSP00000347168,H4C11,H4C13,0.959
9606.ENSP00000347168,H4C11,H4C1,0.957
9606.ENSP00000347168,H4C11,H2AC19,0.957
9606.ENSP00000347168,H4C11,H2AC21,0.957
9606.ENSP00000347168,H4C11,H4C14,0.956
9606.ENSP00000347168,H4C11,H4C3,0.956
9606.ENSP00000347168,H4C11,H2AC7,0.956
9606.ENSP00000347168,H4C11,H2BC14,0.955
9606.ENSP00000347168,H4C11,H2BC17,0.955
9606.ENSP00000347168,H4C11,H4C8,0.955
9606.ENSP00000347168,H4C11,H4-16,0.954
9606.ENSP00000347168,H4C11,H4C15,0.952
9606.ENSP00000347168,H4C11,H4C12,0.952
9606.ENSP00000347168,H4C11,H3C13,0.951
9606.ENSP00000347168,H4C11,H2AX,0.951
9606.ENSP00000347168,H4C11,H2AC1,0.95
9606.ENSP00000347168,H4C11,H2AZ2,0.95
9606.ENSP00000347168,H4C11,SUPT16H,0.948
9606.ENSP00000347168,H4C11,ASF1A,0.947
9606.ENSP00000347168,H4C11,MACROH2A1,0.946
9606.ENSP00000347168,H4C11,ASF1B,0.946
9606.ENSP00000347168,H4C11,H2AC12,0.945
9606.ENSP00000347168,H4C11,CHD4,0.944
9606.ENSP00000347168,H4C11,NASP,0.943
9606.ENSP00000347168,H4C11,H1-4,0.943
9606.ENSP00000347168,H4C11,IPO4,0.942
9606.ENSP00000347168,H4C11,H3-3A,0.942
9606.ENSP00000347168,H4C11,H2BU1,0.94
9606.ENSP00000347168,H4C11,H2BC1,0.94
9606.ENSP00000347168,H4C11,RBBP5,0.94
9606.ENSP00000347168,H4C11,SSRP1,0.939
9606.ENSP00000347168,H4C11,DOT1L,0.937
9606.ENSP00000347168,H4C11,H3-3B,0.936
9606.ENSP00000347168,H4C11,H3Y1,0.935
9606.ENSP00000347168,H4C11,H3-5,0.935
9606.ENSP00000347168,H4C11,H3-4,0.935
9606.ENSP00000347168,H4C11,H1-10,0.932
9606.ENSP00000347168,H4C11,SMARCA5,0.932
9606.ENSP00000347168,H4C11,H2AB2,0.931
9606.ENSP00000347168,H4C11,H2AB3,0.931
9606.ENSP00000347168,H4C11,hCG_2039566,0.931
9606.ENSP00000347168,H4C11,DAXX,0.93
9606.ENSP00000347168,H4C11,H2AZ1,0.929
9606.ENSP00000347168,H4C11,SMARCA4,0.929
9606.ENSP00000347168,H4C11,H2AJ,0.926
9606.ENSP00000347168,H4C11,H2BC9,0.924
9606.ENSP00000347168,H4C11,BRD2,0.923
9606.ENSP00000347168,H4C11,H2BC5,0.92
9606.ENSP00000347168,H4C11,PRMT5,0.919
9606.ENSP00000347168,H4C11,MSL3,0.916
9606.ENSP00000347168,H4C11,TP53BP1,0.915
9606.ENSP00000347168,H4C11,ATAD2,0.915
9606.ENSP00000347168,H4C11,KMT5A,0.915
9606.ENSP00000347168,H4C11,CHD1L,0.915
9606.ENSP00000347168,H4C11,MCM2,0.912
9606.ENSP00000347168,H4C11,KDM4A,0.912
9606.ENSP00000347168,H4C11,MLLT3,0.911
9606.ENSP00000347168,H4C11,CENPN,0.907
9606.ENSP00000347168,H4C11,BARD1,0.907
9606.ENSP00000347168,H4C11,ENSP00000499734,0.905
9606.ENSP00000347168,H4C11,PHF10,0.905
9606.ENSP00000347168,H4C11,L3MBTL1,0.905
9606.ENSP00000347168,H4C11,EP300,0.905
9606.ENSP00000347168,H4C11,SPTY2D1,0.904
9606.ENSP00000347168,H4C11,CREBBP,0.903
9606.ENSP00000347168,H4C11,TONSL,0.903
9606.ENSP00000347168,H4C11,HJURP,0.902
9606.ENSP00000347168,H4C11,CENPC,0.9
9606.ENSP00000347168,H4C11,H1-0,0.9
9606.ENSP00000347168,H4C11,N6AMT1,0.9
9606.ENSP00000347168,H4C11,DNAJC9,0.9
9606.ENSP00000347591,GFRA1,RET,0.999
9606.ENSP00000347591,GFRA1,GDNF,0.999
9606.ENSP00000347591,GFRA1,NRTN,0.999
9606.ENSP00000347591,GFRA1,ARTN,0.998
9606.ENSP00000347591,GFRA1,PSPN,0.998
9606.ENSP00000347591,GFRA1,NCAM1,0.962
9606.ENSP00000347591,GFRA1,NGF,0.95
9606.ENSP00000347591,GFRA1,BDNF,0.928
9606.ENSP00000348089,ERCC6,ERCC5,0.999
9606.ENSP00000348089,ERCC6,ERCC8,0.999
9606.ENSP00000348089,ERCC6,POLR2A,0.999
9606.ENSP00000348089,ERCC6,POLR2B,0.997
9606.ENSP00000348089,ERCC6,POLR2I,0.995
9606.ENSP00000348089,ERCC6,XPA,0.99
9606.ENSP00000348089,ERCC6,DDB1,0.988
9606.ENSP00000348089,ERCC6,UVSSA,0.986
9606.ENSP00000348089,ERCC6,LEO1,0.985
9606.ENSP00000348089,ERCC6,CTR9,0.984
9606.ENSP00000348089,ERCC6,WDR61,0.983
9606.ENSP00000348089,ERCC6,CDC73,0.983
9606.ENSP00000348089,ERCC6,PAF1,0.981
9606.ENSP00000348089,ERCC6,POLR2C,0.98
9606.ENSP00000348089,ERCC6,POLR2D,0.979
9606.ENSP00000348089,ERCC6,SUPT4H1,0.977
9606.ENSP00000348089,ERCC6,ERCC3,0.976
9606.ENSP00000348089,ERCC6,ERCC2,0.973
9606.ENSP00000348089,ERCC6,POLR2G,0.967
9606.ENSP00000348089,ERCC6,UBC,0.964
9606.ENSP00000348089,ERCC6,HMGN1,0.961
9606.ENSP00000348089,ERCC6,POLR2F,0.958
9606.ENSP00000348089,ERCC6,CUL4A,0.954
9606.ENSP00000348089,ERCC6,POLR2E,0.954
9606.ENSP00000348089,ERCC6,ELOA,0.953
9606.ENSP00000348089,ERCC6,POLR2H,0.953
9606.ENSP00000348089,ERCC6,RPS27A,0.952
9606.ENSP00000348089,ERCC6,UBB,0.952
9606.ENSP00000348089,ERCC6,POLR2K,0.952
9606.ENSP00000348089,ERCC6,POLR2L,0.952
9606.ENSP00000348089,ERCC6,UBA52,0.951
9606.ENSP00000348089,ERCC6,TCEA2,0.951
9606.ENSP00000348089,ERCC6,SUPT5H,0.948
9606.ENSP00000348089,ERCC6,ELOC,0.943
9606.ENSP00000348089,ERCC6,BIVM-ERCC5,0.941
9606.ENSP00000348089,ERCC6,POLR2J,0.938
9606.ENSP00000348089,ERCC6,ERCC4,0.934
9606.ENSP00000348089,ERCC6,TCEA1,0.933
9606.ENSP00000348089,ERCC6,SUPT6H,0.928
9606.ENSP00000348089,ERCC6,RBX1,0.927
9606.ENSP00000348089,ERCC6,ERCC1,0.926
9606.ENSP00000348089,ERCC6,BAZ1B,0.921
9606.ENSP00000348089,ERCC6,RTF1,0.919
9606.ENSP00000348089,ERCC6,MLLT3,0.913
9606.ENSP00000348089,ERCC6,MLLT1,0.912
9606.ENSP00000348089,ERCC6,CDK9,0.911
9606.ENSP00000348089,ERCC6,AFF1,0.91
9606.ENSP00000348089,ERCC6,AFF4,0.909
9606.ENSP00000348089,ERCC6,ICE1,0.908
9606.ENSP00000348089,ERCC6,ELL,0.905
9606.ENSP00000348089,ERCC6,NELFE,0.904
9606.ENSP00000348089,ERCC6,NELFCD,0.903
9606.ENSP00000348089,ERCC6,ZC3H8,0.903
9606.ENSP00000348089,ERCC6,CCNT1,0.903
9606.ENSP00000348089,ERCC6,ELP4,0.902
9606.ENSP00000348089,ERCC6,ELOB,0.902
9606.ENSP00000348089,ERCC6,ELL2,0.901
9606.ENSP00000348089,ERCC6,CCNT2,0.901
9606.ENSP00000348089,ERCC6,PEX2,0.9
9606.ENSP00000348089,ERCC6,ELL3,0.9
9606.ENSP00000348089,ERCC6,NELFB,0.9
9606.ENSP00000348089,ERCC6,ICE2,0.9
9606.ENSP00000348089,ERCC6,EAF1,0.9
9606.ENSP00000348089,ERCC6,NELFA,0.9
9606.ENSP00000348089,ERCC6,EAF2,0.9
9606.ENSP00000348924,H2BC7,H2AC13,0.991
9606.ENSP00000348924,H2BC7,H2AC17,0.99
9606.ENSP00000348924,H2BC7,H4C5,0.99
9606.ENSP00000348924,H2BC7,H3C4,0.986
9606.ENSP00000348924,H2BC7,H2AC7,0.986
9606.ENSP00000348924,H2BC7,H2AC6,0.985
9606.ENSP00000348924,H2BC7,H4C8,0.984
9606.ENSP00000348924,H2BC7,H4C4,0.979
9606.ENSP00000348924,H2BC7,H2BC4,0.977
9606.ENSP00000348924,H2BC7,H2BC10,0.977
9606.ENSP00000348924,H2BC7,H4C14,0.976
9606.ENSP00000348924,H2BC7,H4C2,0.976
9606.ENSP00000348924,H2BC7,H2BC6,0.975
9606.ENSP00000348924,H2BC7,H2AC18,0.974
9606.ENSP00000348924,H2BC7,H2AC15,0.974
9606.ENSP00000348924,H2BC7,H4C11,0.974
9606.ENSP00000348924,H2BC7,H2AC11,0.973
9606.ENSP00000348924,H2BC7,H4C3,0.973
9606.ENSP00000348924,H2BC7,H4C13,0.972
9606.ENSP00000348924,H2BC7,H4C6,0.971
9606.ENSP00000348924,H2BC7,H2BC5,0.971
9606.ENSP00000348924,H2BC7,H4C9,0.971
9606.ENSP00000348924,H2BC7,H4C1,0.969
9606.ENSP00000348924,H2BC7,H4-16,0.969
9606.ENSP00000348924,H2BC7,H4C15,0.967
9606.ENSP00000348924,H2BC7,H4C12,0.966
9606.ENSP00000348924,H2BC7,H2BC9,0.966
9606.ENSP00000348924,H2BC7,H2AC16,0.964
9606.ENSP00000348924,H2BC7,H2BC17,0.964
9606.ENSP00000348924,H2BC7,H3C10,0.962
9606.ENSP00000348924,H2BC7,H2AC20,0.96
9606.ENSP00000348924,H2BC7,H2AJ,0.952
9606.ENSP00000348924,H2BC7,H2BC21,0.946
9606.ENSP00000348924,H2BC7,H2AC19,0.946
9606.ENSP00000348924,H2BC7,H2BC8,0.946
9606.ENSP00000348924,H2BC7,H3C12,0.945
9606.ENSP00000348924,H2BC7,H3C8,0.943
9606.ENSP00000348924,H2BC7,H2AC8,0.939
9606.ENSP00000348924,H2BC7,H2AC1,0.937
9606.ENSP00000348924,H2BC7,H3C7,0.937
9606.ENSP00000348924,H2BC7,SUPT16H,0.936
9606.ENSP00000348924,H2BC7,hCG_2039566,0.934
9606.ENSP00000348924,H2BC7,H3C1,0.932
9606.ENSP00000348924,H2BC7,H3C2,0.931
9606.ENSP00000348924,H2BC7,H2BC14,0.927
9606.ENSP00000348924,H2BC7,H3C3,0.922
9606.ENSP00000348924,H2BC7,H3C11,0.918
9606.ENSP00000348924,H2BC7,H3C14,0.917
9606.ENSP00000348924,H2BC7,UBA52,0.916
9606.ENSP00000348924,H2BC7,UBC,0.914
9606.ENSP00000348924,H2BC7,RPS27A,0.914
9606.ENSP00000348924,H2BC7,UBB,0.914
9606.ENSP00000348924,H2BC7,SMARCB1,0.913
9606.ENSP00000348924,H2BC7,H2BC3,0.908
9606.ENSP00000348924,H2BC7,CENPN,0.908
9606.ENSP00000348924,H2BC7,H3C13,0.901
9606.ENSP00000348924,H2BC7,VRK1,0.9
9606.ENSP00000348924,H2BC7,CENPC,0.9
9606.ENSP00000348924,H2BC7,TP53BP1,0.9
9606.ENSP00000349430,H2BC12,H3C12,0.997
9606.ENSP00000349430,H2BC12,H4C6,0.997
9606.ENSP00000349430,H2BC12,H2AC18,0.997
9606.ENSP00000349430,H2BC12,H3C13,0.994
9606.ENSP00000349430,H2BC12,H2AC6,0.994
9606.ENSP00000349430,H2BC12,H2AC20,0.992
9606.ENSP00000349430,H2BC12,H2AC8,0.992
9606.ENSP00000349430,H2BC12,H3-4,0.991
9606.ENSP00000349430,H2BC12,H3-3B,0.989
9606.ENSP00000349430,H2BC12,H2AC13,0.988
9606.ENSP00000349430,H2BC12,H4C8,0.984
9606.ENSP00000349430,H2BC12,H3-5,0.983
9606.ENSP00000349430,H2BC12,H2AC12,0.981
9606.ENSP00000349430,H2BC12,H2AC11,0.98
9606.ENSP00000349430,H2BC12,H4C9,0.979
9606.ENSP00000349430,H2BC12,H2AX,0.976
9606.ENSP00000349430,H2BC12,H4C14,0.975
9606.ENSP00000349430,H2BC12,DNMT3B,0.974
9606.ENSP00000349430,H2BC12,H4C5,0.973
9606.ENSP00000349430,H2BC12,H2BC11,0.973
9606.ENSP00000349430,H2BC12,H3C3,0.973
9606.ENSP00000349430,H2BC12,H4C2,0.973
9606.ENSP00000349430,H2BC12,H4C11,0.972
9606.ENSP00000349430,H2BC12,H4C4,0.972
9606.ENSP00000349430,H2BC12,H2AC17,0.972
9606.ENSP00000349430,H2BC12,H3C6,0.971
9606.ENSP00000349430,H2BC12,H4-16,0.971
9606.ENSP00000349430,H2BC12,H4C15,0.971
9606.ENSP00000349430,H2BC12,H3C10,0.971
9606.ENSP00000349430,H2BC12,H4C13,0.971
9606.ENSP00000349430,H2BC12,H4C1,0.97
9606.ENSP00000349430,H2BC12,H4C3,0.969
9606.ENSP00000349430,H2BC12,H4C12,0.969
9606.ENSP00000349430,H2BC12,H2AC4,0.968
9606.ENSP00000349430,H2BC12,H2AC14,0.968
9606.ENSP00000349430,H2BC12,TP53BP1,0.965
9606.ENSP00000349430,H2BC12,DOT1L,0.964
9606.ENSP00000349430,H2BC12,UBA52,0.963
9606.ENSP00000349430,H2BC12,H3C4,0.962
9606.ENSP00000349430,H2BC12,H2AC16,0.962
9606.ENSP00000349430,H2BC12,H2AC19,0.962
9606.ENSP00000349430,H2BC12,H2AC15,0.961
9606.ENSP00000349430,H2BC12,UBC,0.96
9606.ENSP00000349430,H2BC12,RPS27A,0.96
9606.ENSP00000349430,H2BC12,EP300,0.959
9606.ENSP00000349430,H2BC12,KMT2A,0.958
9606.ENSP00000349430,H2BC12,RBBP5,0.956
9606.ENSP00000349430,H2BC12,UBB,0.956
9606.ENSP00000349430,H2BC12,H3C7,0.956
9606.ENSP00000349430,H2BC12,BARD1,0.955
9606.ENSP00000349430,H2BC12,CENPA,0.953
9606.ENSP00000349430,H2BC12,H3C8,0.953
9606.ENSP00000349430,H2BC12,H3-2,0.951
9606.ENSP00000349430,H2BC12,H3C1,0.949
9606.ENSP00000349430,H2BC12,H3C11,0.948
9606.ENSP00000349430,H2BC12,H3C2,0.947
9606.ENSP00000349430,H2BC12,KMT5A,0.947
9606.ENSP00000349430,H2BC12,SMARCA5,0.944
9606.ENSP00000349430,H2BC12,CHD1L,0.939
9606.ENSP00000349430,H2BC12,H3C14,0.938
9606.ENSP00000349430,H2BC12,H3C15,0.931
9606.ENSP00000349430,H2BC12,H2BC21,0.929
9606.ENSP00000349430,H2BC12,EZH2,0.928
9606.ENSP00000349430,H2BC12,H1-4,0.927
9606.ENSP00000349430,H2BC12,H3-3A,0.925
9606.ENSP00000349430,H2BC12,KMT2C,0.924
9606.ENSP00000349430,H2BC12,RNF20,0.919
9606.ENSP00000349430,H2BC12,WDR5,0.917
9606.ENSP00000349430,H2BC12,H1-0,0.916
9606.ENSP00000349430,H2BC12,NSD2,0.914
9606.ENSP00000349430,H2BC12,CGAS,0.913
9606.ENSP00000349430,H2BC12,ASH2L,0.91
9606.ENSP00000349430,H2BC12,SUZ12,0.909
9606.ENSP00000349970,ERGIC3,ERGIC2,0.999
9606.ENSP00000349970,ERGIC3,GTPBP3,0.931
9606.ENSP00000349970,ERGIC3,VPS45,0.9
9606.ENSP00000350170,FXR1,CYFIP1,0.999
9606.ENSP00000350170,FXR1,CYFIP2,0.999
9606.ENSP00000350170,FXR1,FXR2,0.999
9606.ENSP00000350170,FXR1,AGO2,0.996
9606.ENSP00000350170,FXR1,FMR1,0.992
9606.ENSP00000350170,FXR1,NUFIP1,0.959
9606.ENSP00000350170,FXR1,DICER1,0.959
9606.ENSP00000350170,FXR1,G3BP1,0.95
9606.ENSP00000350170,FXR1,PKP3,0.94
9606.ENSP00000350170,FXR1,HNRNPK,0.938
9606.ENSP00000350170,FXR1,PUF60,0.931
9606.ENSP00000350170,FXR1,TDRD3,0.929
9606.ENSP00000350170,FXR1,SND1,0.904
9606.ENSP00000350402,HHLA2,HHLA3,0.972
9606.ENSP00000350402,HHLA2,TMIGD2,0.923
9606.ENSP00000351142,GRM8,GRM4,0.941
9606.ENSP00000351142,GRM8,GRM7,0.936
9606.ENSP00000351497,FCGR2B,INPP5D,0.996
9606.ENSP00000351497,FCGR2B,LGALS3,0.992
9606.ENSP00000351497,FCGR2B,CLEC7A,0.991
9606.ENSP00000351497,FCGR2B,SYK,0.974
9606.ENSP00000351497,FCGR2B,INPPL1,0.97
9606.ENSP00000351497,FCGR2B,LYN,0.938
9606.ENSP00000351497,FCGR2B,LOC102723407,0.934
9606.ENSP00000351497,FCGR2B,CD19,0.933
9606.ENSP00000351497,FCGR2B,IGLL5,0.928
9606.ENSP00000351497,FCGR2B,PTPRC,0.918
9606.ENSP00000351497,FCGR2B,ITGAM,0.916
9606.ENSP00000351497,FCGR2B,IGHV3-16,0.9
9606.ENSP00000351497,FCGR2B,IGHV3-43D,0.9
9606.ENSP00000352119,H2AC11,H2BC11,0.987
9606.ENSP00000352119,H2AC11,H2BC8,0.982
9606.ENSP00000352119,H2AC11,H2BC4,0.981
9606.ENSP00000352119,H2AC11,H2BC12,0.98
9606.ENSP00000352119,H2AC11,H2BC10,0.974
9606.ENSP00000352119,H2AC11,H2BC7,0.973
9606.ENSP00000352119,H2AC11,H2BC21,0.972
9606.ENSP00000352119,H2AC11,H4C8,0.971
9606.ENSP00000352119,H2AC11,H4C14,0.969
9606.ENSP00000352119,H2AC11,H2BC6,0.968
9606.ENSP00000352119,H2AC11,H4C5,0.965
9606.ENSP00000352119,H2AC11,H4C4,0.965
9606.ENSP00000352119,H2AC11,H4C9,0.964
9606.ENSP00000352119,H2AC11,H4C11,0.963
9606.ENSP00000352119,H2AC11,H4C12,0.962
9606.ENSP00000352119,H2AC11,H4C13,0.962
9606.ENSP00000352119,H2AC11,H4C2,0.961
9606.ENSP00000352119,H2AC11,H4-16,0.961
9606.ENSP00000352119,H2AC11,H4C1,0.961
9606.ENSP00000352119,H2AC11,H4C3,0.96
9606.ENSP00000352119,H2AC11,H4C15,0.959
9606.ENSP00000352119,H2AC11,H4C6,0.958
9606.ENSP00000352119,H2AC11,H2AC13,0.958
9606.ENSP00000352119,H2AC11,H2AC8,0.954
9606.ENSP00000352119,H2AC11,H2BC18,0.951
9606.ENSP00000352119,H2AC11,H2AC17,0.95
9606.ENSP00000352119,H2AC11,H3C14,0.945
9606.ENSP00000352119,H2AC11,H3C13,0.94
9606.ENSP00000352119,H2AC11,H3C15,0.94
9606.ENSP00000352119,H2AC11,UBA52,0.936
9606.ENSP00000352119,H2AC11,CENPA,0.935
9606.ENSP00000352119,H2AC11,RPS27A,0.934
9606.ENSP00000352119,H2AC11,UBB,0.933
9606.ENSP00000352119,H2AC11,H2AC6,0.933
9606.ENSP00000352119,H2AC11,H3-3B,0.93
9606.ENSP00000352119,H2AC11,UBC,0.928
9606.ENSP00000352119,H2AC11,H3-3A,0.927
9606.ENSP00000352119,H2AC11,NSD2,0.921
9606.ENSP00000352119,H2AC11,H2AC4,0.921
9606.ENSP00000352119,H2AC11,DOT1L,0.917
9606.ENSP00000352119,H2AC11,H2AC12,0.916
9606.ENSP00000352119,H2AC11,IPO9,0.915
9606.ENSP00000352119,H2AC11,NSD3,0.913
9606.ENSP00000352119,H2AC11,H2AC14,0.913
9606.ENSP00000352119,H2AC11,CHD1L,0.912
9606.ENSP00000352119,H2AC11,H2AC15,0.912
9606.ENSP00000352119,H2AC11,KMT5A,0.911
9606.ENSP00000352119,H2AC11,KMT2A,0.91
9606.ENSP00000352119,H2AC11,H2AC16,0.91
9606.ENSP00000352119,H2AC11,BARD1,0.908
9606.ENSP00000352119,H2AC11,VRK1,0.901
9606.ENSP00000352119,H2AC11,SCML2,0.9
9606.ENSP00000352252,H3C12,H2BC21,0.999
9606.ENSP00000352252,H3C12,DNMT3A,0.999
9606.ENSP00000352252,H3C12,ASF1A,0.999
9606.ENSP00000352252,H3C12,H2AC18,0.999
9606.ENSP00000352252,H3C12,CBX3,0.999
9606.ENSP00000352252,H3C12,H4C7,0.999
9606.ENSP00000352252,H3C12,H2AC20,0.999
9606.ENSP00000352252,H3C12,DNMT3L,0.999
9606.ENSP00000352252,H3C12,CBX1,0.999
9606.ENSP00000352252,H3C12,H4C6,0.999
9606.ENSP00000352252,H3C12,CBX5,0.999
9606.ENSP00000352252,H3C12,KDM4A,0.999
9606.ENSP00000352252,H3C12,WDR5,0.999
9606.ENSP00000352252,H3C12,DNMT1,0.998
9606.ENSP00000352252,H3C12,EHMT2,0.998
9606.ENSP00000352252,H3C12,H2AC8,0.998
9606.ENSP00000352252,H3C12,NASP,0.997
9606.ENSP00000352252,H3C12,TP53BP1,0.997
9606.ENSP00000352252,H3C12,DNMT3B,0.997
9606.ENSP00000352252,H3C12,H2BC12,0.997
9606.ENSP00000352252,H3C12,KAT2B,0.997
9606.ENSP00000352252,H3C12,BPTF,0.996
9606.ENSP00000352252,H3C12,DOT1L,0.996
9606.ENSP00000352252,H3C12,PBRM1,0.995
9606.ENSP00000352252,H3C12,IPO4,0.995
9606.ENSP00000352252,H3C12,HAT1,0.995
9606.ENSP00000352252,H3C12,SETD2,0.995
9606.ENSP00000352252,H3C12,SMARCA4,0.995
9606.ENSP00000352252,H3C12,ATRX,0.995
9606.ENSP00000352252,H3C12,RBBP4,0.995
9606.ENSP00000352252,H3C12,CARM1,0.994
9606.ENSP00000352252,H3C12,CHD1,0.994
9606.ENSP00000352252,H3C12,KAT6A,0.994
9606.ENSP00000352252,H3C12,CBX2,0.994
9606.ENSP00000352252,H3C12,UHRF1,0.994
9606.ENSP00000352252,H3C12,CHD4,0.994
9606.ENSP00000352252,H3C12,BRD4,0.992
9606.ENSP00000352252,H3C12,H2BC11,0.992
9606.ENSP00000352252,H3C12,SUPT16H,0.992
9606.ENSP00000352252,H3C12,ING2,0.992
9606.ENSP00000352252,H3C12,H2AX,0.992
9606.ENSP00000352252,H3C12,MLLT3,0.991
9606.ENSP00000352252,H3C12,H2AZ2,0.991
9606.ENSP00000352252,H3C12,H2BC3,0.99
9606.ENSP00000352252,H3C12,SSRP1,0.99
9606.ENSP00000352252,H3C12,RAG2,0.99
9606.ENSP00000352252,H3C12,AIRE,0.989
9606.ENSP00000352252,H3C12,TRIM24,0.989
9606.ENSP00000352252,H3C12,KMT2A,0.989
9606.ENSP00000352252,H3C12,PYGO2,0.989
9606.ENSP00000352252,H3C12,H2BC4,0.989
9606.ENSP00000352252,H3C12,SGF29,0.989
9606.ENSP00000352252,H3C12,RBBP7,0.989
9606.ENSP00000352252,H3C12,SRSF1,0.989
9606.ENSP00000352252,H3C12,SETDB1,0.988
9606.ENSP00000352252,H3C12,H3C13,0.988
9606.ENSP00000352252,H3C12,ASF1B,0.988
9606.ENSP00000352252,H3C12,PHF8,0.987
9606.ENSP00000352252,H3C12,PHF1,0.987
9606.ENSP00000352252,H3C12,H2BC17,0.987
9606.ENSP00000352252,H3C12,MPHOSPH8,0.986
9606.ENSP00000352252,H3C12,HDAC1,0.986
9606.ENSP00000352252,H3C12,H4C14,0.985
9606.ENSP00000352252,H3C12,EZH2,0.985
9606.ENSP00000352252,H3C12,ING4,0.985
9606.ENSP00000352252,H3C12,KAT6B,0.985
9606.ENSP00000352252,H3C12,CREBBP,0.984
9606.ENSP00000352252,H3C12,H2BU1,0.984
9606.ENSP00000352252,H3C12,EP300,0.984
9606.ENSP00000352252,H3C12,H2AC4,0.984
9606.ENSP00000352252,H3C12,TRIM33,0.984
9606.ENSP00000352252,H3C12,H2BC1,0.983
9606.ENSP00000352252,H3C12,CBX6,0.983
9606.ENSP00000352252,H3C12,MLLT1,0.982
9606.ENSP00000352252,H3C12,ING1,0.981
9606.ENSP00000352252,H3C12,NSD3,0.981
9606.ENSP00000352252,H3C12,PYGO1,0.981
9606.ENSP00000352252,H3C12,H4C4,0.98
9606.ENSP00000352252,H3C12,H4C13,0.98
9606.ENSP00000352252,H3C12,H4C2,0.979
9606.ENSP00000352252,H3C12,H4C9,0.979
9606.ENSP00000352252,H3C12,EHMT1,0.978
9606.ENSP00000352252,H3C12,KMT5A,0.978
9606.ENSP00000352252,H3C12,BRPF1,0.978
9606.ENSP00000352252,H3C12,H4C5,0.978
9606.ENSP00000352252,H3C12,H2AC7,0.978
9606.ENSP00000352252,H3C12,H4C1,0.977
9606.ENSP00000352252,H3C12,MCM2,0.977
9606.ENSP00000352252,H3C12,H4C11,0.977
9606.ENSP00000352252,H3C12,H3C2,0.976
9606.ENSP00000352252,H3C12,H4C3,0.976
9606.ENSP00000352252,H3C12,H4-16,0.976
9606.ENSP00000352252,H3C12,H4C15,0.975
9606.ENSP00000352252,H3C12,H4C12,0.975
9606.ENSP00000352252,H3C12,H4C8,0.975
9606.ENSP00000352252,H3C12,CBX7,0.974
9606.ENSP00000352252,H3C12,KAT2A,0.973
9606.ENSP00000352252,H3C12,CHAF1B,0.973
9606.ENSP00000352252,H3C12,SUV39H1,0.973
9606.ENSP00000352252,H3C12,KDM1A,0.971
9606.ENSP00000352252,H3C12,TP53,0.971
9606.ENSP00000352252,H3C12,RPS6KA5,0.97
9606.ENSP00000352252,H3C12,H2BC18,0.969
9606.ENSP00000352252,H3C12,KMT2E,0.968
9606.ENSP00000352252,H3C12,H3C14,0.968
9606.ENSP00000352252,H3C12,MACROH2A1,0.967
9606.ENSP00000352252,H3C12,DIDO1,0.967
9606.ENSP00000352252,H3C12,UBC,0.966
9606.ENSP00000352252,H3C12,SMARCB1,0.965
9606.ENSP00000352252,H3C12,CHAF1A,0.965
9606.ENSP00000352252,H3C12,H2AC6,0.963
9606.ENSP00000352252,H3C12,KDM6B,0.962
9606.ENSP00000352252,H3C12,SPHK2,0.962
9606.ENSP00000352252,H3C12,DDB2,0.962
9606.ENSP00000352252,H3C12,H1-0,0.96
9606.ENSP00000352252,H3C12,SPIN1,0.96
9606.ENSP00000352252,H3C12,H2AC1,0.96
9606.ENSP00000352252,H3C12,H3C15,0.96
9606.ENSP00000352252,H3C12,SETD1A,0.96
9606.ENSP00000352252,H3C12,ACTB,0.96
9606.ENSP00000352252,H3C12,KDM6A,0.959
9606.ENSP00000352252,H3C12,RBBP5,0.959
9606.ENSP00000352252,H3C12,BANF1,0.958
9606.ENSP00000352252,H3C12,EED,0.958
9606.ENSP00000352252,H3C12,SUZ12,0.956
9606.ENSP00000352252,H3C12,H2AB2,0.955
9606.ENSP00000352252,H3C12,H3C11,0.955
9606.ENSP00000352252,H3C12,PPIE,0.954
9606.ENSP00000352252,H3C12,RPS27A,0.952
9606.ENSP00000352252,H3C12,SETD7,0.951
9606.ENSP00000352252,H3C12,SIRT3,0.95
9606.ENSP00000352252,H3C12,H3C1,0.949
9606.ENSP00000352252,H3C12,H3C8,0.949
9606.ENSP00000352252,H3C12,H3C7,0.949
9606.ENSP00000352252,H3C12,SIRT5,0.948
9606.ENSP00000352252,H3C12,SMARCE1,0.947
9606.ENSP00000352252,H3C12,ZZZ3,0.947
9606.ENSP00000352252,H3C12,H2BC5,0.946
9606.ENSP00000352252,H3C12,BRD7,0.945
9606.ENSP00000352252,H3C12,H2BC7,0.945
9606.ENSP00000352252,H3C12,ASH2L,0.945
9606.ENSP00000352252,H3C12,ACTL6A,0.945
9606.ENSP00000352252,H3C12,H1-4,0.944
9606.ENSP00000352252,H3C12,H3-2,0.944
9606.ENSP00000352252,H3C12,H3C3,0.944
9606.ENSP00000352252,H3C12,ACTR5,0.943
9606.ENSP00000352252,H3C12,UBA52,0.943
9606.ENSP00000352252,H3C12,H3C10,0.942
9606.ENSP00000352252,H3C12,H2AZ1,0.942
9606.ENSP00000352252,H3C12,SMARCC2,0.942
9606.ENSP00000352252,H3C12,UBB,0.942
9606.ENSP00000352252,H3C12,ING3,0.941
9606.ENSP00000352252,H3C12,PADI4,0.94
9606.ENSP00000352252,H3C12,SETD1B,0.94
9606.ENSP00000352252,H3C12,H2BC14,0.939
9606.ENSP00000352252,H3C12,H3C4,0.939
9606.ENSP00000352252,H3C12,H2BC13,0.939
9606.ENSP00000352252,H3C12,JARID2,0.938
9606.ENSP00000352252,H3C12,KAT5,0.938
9606.ENSP00000352252,H3C12,SUPT6H,0.938
9606.ENSP00000352252,H3C12,HDAC2,0.936
9606.ENSP00000352252,H3C12,CDYL2,0.936
9606.ENSP00000352252,H3C12,H3C6,0.936
9606.ENSP00000352252,H3C12,MYC,0.936
9606.ENSP00000352252,H3C12,BARD1,0.935
9606.ENSP00000352252,H3C12,GLYR1,0.932
9606.ENSP00000352252,H3C12,H2BC9,0.931
9606.ENSP00000352252,H3C12,H2AB3,0.93
9606.ENSP00000352252,H3C12,H2BC15,0.929
9606.ENSP00000352252,H3C12,SP100,0.929
9606.ENSP00000352252,H3C12,H3-4,0.927
9606.ENSP00000352252,H3C12,H2BC8,0.927
9606.ENSP00000352252,H3C12,H2BS1,0.927
9606.ENSP00000352252,H3C12,RCOR1,0.924
9606.ENSP00000352252,H3C12,INO80,0.924
9606.ENSP00000352252,H3C12,SMARCD1,0.924
9606.ENSP00000352252,H3C12,SOX2,0.923
9606.ENSP00000352252,H3C12,HDGFL2,0.923
9606.ENSP00000352252,H3C12,MORC3,0.923
9606.ENSP00000352252,H3C12,POU5F1,0.923
9606.ENSP00000352252,H3C12,H2BC10,0.922
9606.ENSP00000352252,H3C12,SIRT1,0.92
9606.ENSP00000352252,H3C12,TBP,0.919
9606.ENSP00000352252,H3C12,ZCWPW2,0.919
9606.ENSP00000352252,H3C12,TRIM66,0.918
9606.ENSP00000352252,H3C12,DAXX,0.918
9606.ENSP00000352252,H3C12,CENPA,0.917
9606.ENSP00000352252,H3C12,RUVBL2,0.917
9606.ENSP00000352252,H3C12,EGLN2,0.917
9606.ENSP00000352252,H3C12,SMARCA5,0.916
9606.ENSP00000352252,H3C12,BCL9,0.916
9606.ENSP00000352252,H3C12,KMT2C,0.916
9606.ENSP00000352252,H3C12,H3-3B,0.916
9606.ENSP00000352252,H3C12,ARID2,0.914
9606.ENSP00000352252,H3C12,TNPO1,0.914
9606.ENSP00000352252,H3C12,RUVBL1,0.912
9606.ENSP00000352252,H3C12,CDY2B,0.91
9606.ENSP00000352252,H3C12,CDY2A,0.91
9606.ENSP00000352252,H3C12,AURKB,0.909
9606.ENSP00000352252,H3C12,H2BC6,0.907
9606.ENSP00000352252,H3C12,YWHAZ,0.906
9606.ENSP00000352252,H3C12,PHF21A,0.904
9606.ENSP00000352252,H3C12,MTF2,0.903
9606.ENSP00000352252,H3C12,DDB1,0.9
9606.ENSP00000352627,H2AC17,H2BC21,0.995
9606.ENSP00000352627,H2AC17,H2BC8,0.99
9606.ENSP00000352627,H2AC17,H2BC7,0.99
9606.ENSP00000352627,H2AC17,H4C5,0.989
9606.ENSP00000352627,H2AC17,H2BC4,0.988
9606.ENSP00000352627,H2AC17,H2BC10,0.985
9606.ENSP00000352627,H2AC17,H2BC11,0.981
9606.ENSP00000352627,H2AC17,H4C8,0.978
9606.ENSP00000352627,H2AC17,H2AC8,0.978
9606.ENSP00000352627,H2AC17,H4C14,0.978
9606.ENSP00000352627,H2AC17,H4C6,0.976
9606.ENSP00000352627,H2AC17,H2BC6,0.975
9606.ENSP00000352627,H2AC17,H2AC13,0.975
9606.ENSP00000352627,H2AC17,H3C14,0.975
9606.ENSP00000352627,H2AC17,H4C11,0.974
9606.ENSP00000352627,H2AC17,H4C4,0.974
9606.ENSP00000352627,H2AC17,H4C2,0.973
9606.ENSP00000352627,H2AC17,H2BC12,0.972
9606.ENSP00000352627,H2AC17,H2BC17,0.968
9606.ENSP00000352627,H2AC17,H4C9,0.967
9606.ENSP00000352627,H2AC17,H4C13,0.964
9606.ENSP00000352627,H2AC17,H4C3,0.963
9606.ENSP00000352627,H2AC17,H4C1,0.961
9606.ENSP00000352627,H2AC17,H4-16,0.958
9606.ENSP00000352627,H2AC17,H4C12,0.958
9606.ENSP00000352627,H2AC17,H2AC14,0.956
9606.ENSP00000352627,H2AC17,H4C15,0.956
9606.ENSP00000352627,H2AC17,H2BC18,0.954
9606.ENSP00000352627,H2AC17,H3C13,0.954
9606.ENSP00000352627,H2AC17,H2AC11,0.95
9606.ENSP00000352627,H2AC17,H3C15,0.949
9606.ENSP00000352627,H2AC17,H2AC4,0.946
9606.ENSP00000352627,H2AC17,CENPA,0.946
9606.ENSP00000352627,H2AC17,H2AC6,0.943
9606.ENSP00000352627,H2AC17,H3-3B,0.941
9606.ENSP00000352627,H2AC17,H2AC15,0.941
9606.ENSP00000352627,H2AC17,H3-3A,0.936
9606.ENSP00000352627,H2AC17,UBA52,0.936
9606.ENSP00000352627,H2AC17,RPS27A,0.934
9606.ENSP00000352627,H2AC17,UBB,0.931
9606.ENSP00000352627,H2AC17,H2AC12,0.928
9606.ENSP00000352627,H2AC17,UBC,0.928
9606.ENSP00000352627,H2AC17,H2AC16,0.924
9606.ENSP00000352627,H2AC17,NSD2,0.921
9606.ENSP00000352627,H2AC17,IPO9,0.918
9606.ENSP00000352627,H2AC17,CHD1L,0.918
9606.ENSP00000352627,H2AC17,DOT1L,0.917
9606.ENSP00000352627,H2AC17,H2BC5,0.916
9606.ENSP00000352627,H2AC17,NSD3,0.913
9606.ENSP00000352627,H2AC17,BARD1,0.912
9606.ENSP00000352627,H2AC17,KMT5A,0.911
9606.ENSP00000352627,H2AC17,KMT2A,0.91
9606.ENSP00000352627,H2AC17,VRK1,0.903
9606.ENSP00000352627,H2AC17,SCML2,0.9
9606.ENSP00000352738,G3BP2,USP10,0.996
9606.ENSP00000352738,G3BP2,CAPRIN1,0.993
9606.ENSP00000352738,G3BP2,G3BP1,0.987
9606.ENSP00000352738,G3BP2,TWIST1,0.96
9606.ENSP00000352738,G3BP2,NUFIP2,0.938
9606.ENSP00000352738,G3BP2,PABPC1,0.907
9606.ENSP00000353099,HLA-DRB1,HLA-DMA,0.999
9606.ENSP00000353099,HLA-DRB1,HLA-DRA,0.999
9606.ENSP00000353099,HLA-DRB1,HLA-DMB,0.997
9606.ENSP00000353099,HLA-DRB1,CD74,0.995
9606.ENSP00000353099,HLA-DRB1,CD4,0.994
9606.ENSP00000353099,HLA-DRB1,HLA-DQA1,0.991
9606.ENSP00000353099,HLA-DRB1,HLA-DPA1,0.979
9606.ENSP00000353099,HLA-DRB1,PTPN22,0.968
9606.ENSP00000353099,HLA-DRB1,HLA-C,0.967
9606.ENSP00000353099,HLA-DRB1,HLA-B,0.963
9606.ENSP00000353099,HLA-DRB1,HLA-DQA2,0.955
9606.ENSP00000353099,HLA-DRB1,HLA-DRB5,0.955
9606.ENSP00000353099,HLA-DRB1,HLA-DOA,0.947
9606.ENSP00000353099,HLA-DRB1,HLA-DOB,0.944
9606.ENSP00000353099,HLA-DRB1,HLA-DPB1,0.943
9606.ENSP00000353099,HLA-DRB1,HLA-A,0.942
9606.ENSP00000353099,HLA-DRB1,ENO1,0.942
9606.ENSP00000353099,HLA-DRB1,HLA-F,0.94
9606.ENSP00000353099,HLA-DRB1,HLA-E,0.939
9606.ENSP00000353099,HLA-DRB1,CAMP,0.934
9606.ENSP00000353099,HLA-DRB1,VIM,0.932
9606.ENSP00000353099,HLA-DRB1,EEF1A1,0.914
9606.ENSP00000353099,HLA-DRB1,EEF1A2,0.908
9606.ENSP00000353099,HLA-DRB1,MLANA,0.906
9606.ENSP00000353099,HLA-DRB1,TPI1,0.904
9606.ENSP00000353099,HLA-DRB1,TPBG,0.902
9606.ENSP00000353099,HLA-DRB1,H2BC13,0.901
9606.ENSP00000353099,HLA-DRB1,H2BU1,0.901
9606.ENSP00000353099,HLA-DRB1,H2BC1,0.901
9606.ENSP00000353393,F8,VWF,0.999
9606.ENSP00000353393,F8,F10,0.997
9606.ENSP00000353393,F8,F9,0.997
9606.ENSP00000353393,F8,F2,0.985
9606.ENSP00000353393,F8,FN1,0.975
9606.ENSP00000353393,F8,MCFD2,0.97
9606.ENSP00000353393,F8,F7,0.969
9606.ENSP00000353393,F8,F11,0.966
9606.ENSP00000353393,F8,PROC,0.96
9606.ENSP00000353393,F8,ADAMTS13,0.95
9606.ENSP00000353393,F8,F3,0.942
9606.ENSP00000353393,F8,LMAN1,0.939
9606.ENSP00000353393,F8,SERPINC1,0.906
9606.ENSP00000353393,F8,PROS1,0.901
9606.ENSP00000354158,ERC1,IKBKG,0.999
9606.ENSP00000354158,ERC1,CHUK,0.996
9606.ENSP00000354158,ERC1,IKBKB,0.994
9606.ENSP00000354158,ERC1,UNC13B,0.993
9606.ENSP00000354158,ERC1,PPFIA1,0.987
9606.ENSP00000354158,ERC1,PHLDB2,0.985
9606.ENSP00000354158,ERC1,RAB6A,0.974
9606.ENSP00000354158,ERC1,PPFIA3,0.966
9606.ENSP00000354158,ERC1,RIMS1,0.957
9606.ENSP00000354158,ERC1,TRIM40,0.9
9606.ENSP00000354952,GAB2,PTPN11,0.999
9606.ENSP00000354952,GAB2,GRB2,0.999
9606.ENSP00000354952,GAB2,SHC1,0.997
9606.ENSP00000354952,GAB2,PIK3R1,0.996
9606.ENSP00000354952,GAB2,SOS1,0.991
9606.ENSP00000354952,GAB2,SOS2,0.991
9606.ENSP00000354952,GAB2,EGFR,0.984
9606.ENSP00000354952,GAB2,LYN,0.977
9606.ENSP00000354952,GAB2,SYK,0.975
9606.ENSP00000354952,GAB2,FYN,0.975
9606.ENSP00000354952,GAB2,PIK3R2,0.973
9606.ENSP00000354952,GAB2,PIK3CB,0.966
9606.ENSP00000354952,GAB2,PLCG2,0.954
9606.ENSP00000354952,GAB2,GAB1,0.953
9606.ENSP00000354952,GAB2,TRAF6,0.948
9606.ENSP00000354952,GAB2,GZMB,0.947
9606.ENSP00000354952,GAB2,SFN,0.938
9606.ENSP00000354952,GAB2,KIT,0.932
9606.ENSP00000354952,GAB2,HCK,0.93
9606.ENSP00000354952,GAB2,PIK3CA,0.927
9606.ENSP00000354952,GAB2,PDGFRB,0.92
9606.ENSP00000354952,GAB2,PIK3CD,0.914
9606.ENSP00000354952,GAB2,PDGFRA,0.911
9606.ENSP00000354952,GAB2,PIK3R3,0.91
9606.ENSP00000354952,GAB2,INSR,0.905
9606.ENSP00000354952,GAB2,TRAF2,0.9
9606.ENSP00000355167,HORMAD1,SYCP3,0.973
9606.ENSP00000355167,HORMAD1,CCDC36,0.948
9606.ENSP00000355167,HORMAD1,MSH4,0.942
9606.ENSP00000355167,HORMAD1,SPO11,0.901
9606.ENSP00000355316,GRM3,GRM2,0.939
9606.ENSP00000355316,GRM3,GRIN2A,0.936
9606.ENSP00000355316,GRM3,GNAI1,0.92
9606.ENSP00000355316,GRM3,GNAI3,0.903
9606.ENSP00000355316,GRM3,GNAI2,0.903
9606.ENSP00000355518,FH,SDHA,0.999
9606.ENSP00000355518,FH,SDHB,0.999
9606.ENSP00000355518,FH,MDH2,0.998
9606.ENSP00000355518,FH,SDHC,0.997
9606.ENSP00000355518,FH,SDHD,0.994
9606.ENSP00000355518,FH,CS,0.993
9606.ENSP00000355518,FH,ME1,0.989
9606.ENSP00000355518,FH,ME2,0.989
9606.ENSP00000355518,FH,ME3,0.986
9606.ENSP00000355518,FH,GOT2,0.979
9606.ENSP00000355518,FH,GOT1,0.978
9606.ENSP00000355518,FH,GOT1L1,0.958
9606.ENSP00000355518,FH,IDH1,0.957
9606.ENSP00000355518,FH,DLD,0.957
9606.ENSP00000355518,FH,ACO2,0.949
9606.ENSP00000355518,FH,ACO1,0.936
9606.ENSP00000355518,FH,IDH2,0.934
9606.ENSP00000355518,FH,L2HGDH,0.929
9606.ENSP00000355518,FH,SUCLG1,0.926
9606.ENSP00000355518,FH,GPT,0.917
9606.ENSP00000355518,FH,GPT2,0.914
9606.ENSP00000355518,FH,UQCRC2,0.906
9606.ENSP00000355518,FH,ASL,0.902
9606.ENSP00000355541,HEATR1,WDR36,0.999
9606.ENSP00000355541,HEATR1,TBL3,0.999
9606.ENSP00000355541,HEATR1,BMS1,0.999
9606.ENSP00000355541,HEATR1,PDCD11,0.999
9606.ENSP00000355541,HEATR1,UTP20,0.999
9606.ENSP00000355541,HEATR1,PWP2,0.999
9606.ENSP00000355541,HEATR1,RRP9,0.999
9606.ENSP00000355541,HEATR1,WDR3,0.999
9606.ENSP00000355541,HEATR1,UTP18,0.999
9606.ENSP00000355541,HEATR1,NAT10,0.999
9606.ENSP00000355541,HEATR1,NOL6,0.999
9606.ENSP00000355541,HEATR1,WDR43,0.999
9606.ENSP00000355541,HEATR1,MPHOSPH10,0.999
9606.ENSP00000355541,HEATR1,UTP4,0.999
9606.ENSP00000355541,HEATR1,UTP15,0.999
9606.ENSP00000355541,HEATR1,WDR75,0.999
9606.ENSP00000355541,HEATR1,NOP56,0.999
9606.ENSP00000355541,HEATR1,UTP6,0.999
9606.ENSP00000355541,HEATR1,WDR46,0.999
9606.ENSP00000355541,HEATR1,NOP58,0.999
9606.ENSP00000355541,HEATR1,RRP7A,0.998
9606.ENSP00000355541,HEATR1,RCL1,0.998
9606.ENSP00000355541,HEATR1,UTP3,0.998
9606.ENSP00000355541,HEATR1,EMG1,0.998
9606.ENSP00000355541,HEATR1,NOL10,0.998
9606.ENSP00000355541,HEATR1,KRR1,0.998
9606.ENSP00000355541,HEATR1,NGDN,0.998
9606.ENSP00000355541,HEATR1,BYSL,0.998
9606.ENSP00000355541,HEATR1,NOC4L,0.998
9606.ENSP00000355541,HEATR1,UTP11,0.997
9606.ENSP00000355541,HEATR1,SNU13,0.997
9606.ENSP00000355541,HEATR1,FCF1,0.997
9606.ENSP00000355541,HEATR1,DCAF13,0.997
9606.ENSP00000355541,HEATR1,AATF,0.996
9606.ENSP00000355541,HEATR1,IMP4,0.996
9606.ENSP00000355541,HEATR1,FBL,0.996
9606.ENSP00000355541,HEATR1,IMP3,0.996
9606.ENSP00000355541,HEATR1,RPS13,0.995
9606.ENSP00000355541,HEATR1,NOP14,0.995
9606.ENSP00000355541,HEATR1,UTP14A,0.995
9606.ENSP00000355541,HEATR1,RPS3A,0.993
9606.ENSP00000355541,HEATR1,RPS23,0.992
9606.ENSP00000355541,HEATR1,DNTTIP2,0.991
9606.ENSP00000355541,HEATR1,RPS6,0.991
9606.ENSP00000355541,HEATR1,RPS9,0.99
9606.ENSP00000355541,HEATR1,LOC102724159,0.99
9606.ENSP00000355541,HEATR1,RPS7,0.99
9606.ENSP00000355541,HEATR1,RPS8,0.989
9606.ENSP00000355541,HEATR1,RPS5,0.989
9606.ENSP00000355541,HEATR1,RPS11,0.986
9606.ENSP00000355541,HEATR1,RPS24,0.986
9606.ENSP00000355541,HEATR1,RPS16,0.985
9606.ENSP00000355541,HEATR1,RPS28,0.984
9606.ENSP00000355541,HEATR1,NOL11,0.983
9606.ENSP00000355541,HEATR1,RPS14,0.982
9606.ENSP00000355541,HEATR1,PNO1,0.982
9606.ENSP00000355541,HEATR1,RSL1D1,0.982
9606.ENSP00000355541,HEATR1,RPS19,0.979
9606.ENSP00000355541,HEATR1,EXOSC10,0.978
9606.ENSP00000355541,HEATR1,RPS27,0.978
9606.ENSP00000355541,HEATR1,RPS18,0.977
9606.ENSP00000355541,HEATR1,MYBBP1A,0.973
9606.ENSP00000355541,HEATR1,BOP1,0.971
9606.ENSP00000355541,HEATR1,RPS15A,0.97
9606.ENSP00000355541,HEATR1,RPS17,0.968
9606.ENSP00000355541,HEATR1,DIMT1,0.965
9606.ENSP00000355541,HEATR1,RPS12,0.961
9606.ENSP00000355541,HEATR1,UTP14C,0.957
9606.ENSP00000355541,HEATR1,RPS4X,0.955
9606.ENSP00000355541,HEATR1,FBLL1,0.954
9606.ENSP00000355541,HEATR1,RRP12,0.951
9606.ENSP00000355541,HEATR1,EXOSC9,0.95
9606.ENSP00000355541,HEATR1,POLR1B,0.943
9606.ENSP00000355541,HEATR1,DHX37,0.943
9606.ENSP00000355541,HEATR1,CEBPZ,0.942
9606.ENSP00000355541,HEATR1,POLR1A,0.938
9606.ENSP00000355541,HEATR1,NOC2L,0.935
9606.ENSP00000355541,HEATR1,GTPBP4,0.933
9606.ENSP00000355541,HEATR1,MTREX,0.933
9606.ENSP00000355541,HEATR1,TSR1,0.922
9606.ENSP00000355541,HEATR1,URB1,0.914
9606.ENSP00000355541,HEATR1,FTSJ3,0.912
9606.ENSP00000355541,HEATR1,EXOSC4,0.911
9606.ENSP00000355541,HEATR1,UTP25,0.909
9606.ENSP00000355541,HEATR1,WDR12,0.908
9606.ENSP00000355541,HEATR1,RPS27A,0.907
9606.ENSP00000355541,HEATR1,RBM19,0.902
9606.ENSP00000355605,EXOC8,EXOC2,0.999
9606.ENSP00000355605,EXOC8,EXOC7,0.999
9606.ENSP00000355605,EXOC8,EXOC6,0.999
9606.ENSP00000355605,EXOC8,EXOC4,0.999
9606.ENSP00000355605,EXOC8,EXOC1,0.999
9606.ENSP00000355605,EXOC8,RALB,0.999
9606.ENSP00000355605,EXOC8,EXOC3,0.999
9606.ENSP00000355605,EXOC8,RALA,0.999
9606.ENSP00000355605,EXOC8,EXOC5,0.999
9606.ENSP00000355605,EXOC8,EXOC6B,0.995
9606.ENSP00000355605,EXOC8,BECN1,0.941
9606.ENSP00000355605,EXOC8,EXOC1L,0.939
9606.ENSP00000355605,EXOC8,EXOC3L1,0.921
9606.ENSP00000355657,H3-4,H4C7,0.999
9606.ENSP00000355657,H3-4,WDR5,0.999
9606.ENSP00000355657,H3-4,H4C6,0.999
9606.ENSP00000355657,H3-4,CBX5,0.999
9606.ENSP00000355657,H3-4,H2AC20,0.999
9606.ENSP00000355657,H3-4,H2BC21,0.999
9606.ENSP00000355657,H3-4,H2AC18,0.999
9606.ENSP00000355657,H3-4,CBX3,0.999
9606.ENSP00000355657,H3-4,KDM4A,0.998
9606.ENSP00000355657,H3-4,DNMT3L,0.998
9606.ENSP00000355657,H3-4,CBX1,0.998
9606.ENSP00000355657,H3-4,DNMT3A,0.998
9606.ENSP00000355657,H3-4,UHRF1,0.997
9606.ENSP00000355657,H3-4,ASF1A,0.997
9606.ENSP00000355657,H3-4,BPTF,0.997
9606.ENSP00000355657,H3-4,EHMT2,0.996
9606.ENSP00000355657,H3-4,KAT2B,0.996
9606.ENSP00000355657,H3-4,KAT6A,0.996
9606.ENSP00000355657,H3-4,ATRX,0.995
9606.ENSP00000355657,H3-4,ING2,0.994
9606.ENSP00000355657,H3-4,PBRM1,0.994
9606.ENSP00000355657,H3-4,DNMT3B,0.994
9606.ENSP00000355657,H3-4,CHD4,0.992
9606.ENSP00000355657,H3-4,H2BC12,0.991
9606.ENSP00000355657,H3-4,BRD4,0.991
9606.ENSP00000355657,H3-4,MLLT3,0.991
9606.ENSP00000355657,H3-4,EZH2,0.989
9606.ENSP00000355657,H3-4,KMT2A,0.989
9606.ENSP00000355657,H3-4,CHD1,0.989
9606.ENSP00000355657,H3-4,PYGO2,0.989
9606.ENSP00000355657,H3-4,H2AC8,0.988
9606.ENSP00000355657,H3-4,SETD2,0.987
9606.ENSP00000355657,H3-4,DNMT1,0.987
9606.ENSP00000355657,H3-4,AIRE,0.987
9606.ENSP00000355657,H3-4,ING4,0.986
9606.ENSP00000355657,H3-4,H2BC11,0.986
9606.ENSP00000355657,H3-4,CREBBP,0.986
9606.ENSP00000355657,H3-4,NSD3,0.984
9606.ENSP00000355657,H3-4,H2AX,0.984
9606.ENSP00000355657,H3-4,CBX6,0.983
9606.ENSP00000355657,H3-4,RAG2,0.983
9606.ENSP00000355657,H3-4,CBX7,0.982
9606.ENSP00000355657,H3-4,KAT6B,0.982
9606.ENSP00000355657,H3-4,SETDB1,0.982
9606.ENSP00000355657,H3-4,PHF1,0.982
9606.ENSP00000355657,H3-4,ING1,0.981
9606.ENSP00000355657,H3-4,PYGO1,0.981
9606.ENSP00000355657,H3-4,TP53BP1,0.98
9606.ENSP00000355657,H3-4,MPHOSPH8,0.98
9606.ENSP00000355657,H3-4,DIDO1,0.98
9606.ENSP00000355657,H3-4,SGF29,0.977
9606.ENSP00000355657,H3-4,KAT2A,0.977
9606.ENSP00000355657,H3-4,HDAC1,0.976
9606.ENSP00000355657,H3-4,AURKB,0.974
9606.ENSP00000355657,H3-4,HAT1,0.973
9606.ENSP00000355657,H3-4,TRIM33,0.972
9606.ENSP00000355657,H3-4,EHMT1,0.972
9606.ENSP00000355657,H3-4,ASF1B,0.968
9606.ENSP00000355657,H3-4,KAT5,0.967
9606.ENSP00000355657,H3-4,ASH2L,0.966
9606.ENSP00000355657,H3-4,EP300,0.966
9606.ENSP00000355657,H3-4,SMARCA4,0.966
9606.ENSP00000355657,H3-4,H1-8,0.966
9606.ENSP00000355657,H3-4,NASP,0.965
9606.ENSP00000355657,H3-4,BRPF1,0.965
9606.ENSP00000355657,H3-4,PHF19,0.964
9606.ENSP00000355657,H3-4,SPHK2,0.962
9606.ENSP00000355657,H3-4,RPS6KA5,0.959
9606.ENSP00000355657,H3-4,SPIN1,0.959
9606.ENSP00000355657,H3-4,EED,0.956
9606.ENSP00000355657,H3-4,IPO4,0.956
9606.ENSP00000355657,H3-4,BANF1,0.955
9606.ENSP00000355657,H3-4,SRSF1,0.954
9606.ENSP00000355657,H3-4,SIRT3,0.95
9606.ENSP00000355657,H3-4,RBBP5,0.949
9606.ENSP00000355657,H3-4,SIRT5,0.948
9606.ENSP00000355657,H3-4,RBBP7,0.946
9606.ENSP00000355657,H3-4,H2BC14,0.945
9606.ENSP00000355657,H3-4,H2BC9,0.944
9606.ENSP00000355657,H3-4,H2BC15,0.943
9606.ENSP00000355657,H3-4,H2BS1,0.942
9606.ENSP00000355657,H3-4,H2BC13,0.94
9606.ENSP00000355657,H3-4,KMT2E,0.94
9606.ENSP00000355657,H3-4,ING3,0.94
9606.ENSP00000355657,H3-4,H4C13,0.94
9606.ENSP00000355657,H3-4,H2BC17,0.939
9606.ENSP00000355657,H3-4,H2BC3,0.939
9606.ENSP00000355657,H3-4,H4-16,0.938
9606.ENSP00000355657,H3-4,H2BC5,0.938
9606.ENSP00000355657,H3-4,H4C2,0.938
9606.ENSP00000355657,H3-4,H4C4,0.938
9606.ENSP00000355657,H3-4,KDM6A,0.938
9606.ENSP00000355657,H3-4,H4C5,0.937
9606.ENSP00000355657,H3-4,H4C9,0.937
9606.ENSP00000355657,H3-4,H4C14,0.937
9606.ENSP00000355657,H3-4,KDM1A,0.937
9606.ENSP00000355657,H3-4,RBBP4,0.936
9606.ENSP00000355657,H3-4,RCOR1,0.936
9606.ENSP00000355657,H3-4,H4C11,0.935
9606.ENSP00000355657,H3-4,CDYL2,0.935
9606.ENSP00000355657,H3-4,H4C8,0.934
9606.ENSP00000355657,H3-4,H4C15,0.934
9606.ENSP00000355657,H3-4,H4C1,0.934
9606.ENSP00000355657,H3-4,H2BU1,0.934
9606.ENSP00000355657,H3-4,H4C12,0.934
9606.ENSP00000355657,H3-4,H4C3,0.933
9606.ENSP00000355657,H3-4,H2BC4,0.932
9606.ENSP00000355657,H3-4,H2BC1,0.932
9606.ENSP00000355657,H3-4,NSD2,0.931
9606.ENSP00000355657,H3-4,H2AC4,0.93
9606.ENSP00000355657,H3-4,SUV39H1,0.93
9606.ENSP00000355657,H3-4,KDM6B,0.928
9606.ENSP00000355657,H3-4,H3C12,0.927
9606.ENSP00000355657,H3-4,SUPT6H,0.927
9606.ENSP00000355657,H3-4,SP100,0.927
9606.ENSP00000355657,H3-4,PHF8,0.927
9606.ENSP00000355657,H3-4,H3C13,0.926
9606.ENSP00000355657,H3-4,SUZ12,0.925
9606.ENSP00000355657,H3-4,SETD7,0.925
9606.ENSP00000355657,H3-4,PPIE,0.923
9606.ENSP00000355657,H3-4,H2AZ1,0.923
9606.ENSP00000355657,H3-4,CBX2,0.921
9606.ENSP00000355657,H3-4,ZCWPW2,0.92
9606.ENSP00000355657,H3-4,MORC3,0.919
9606.ENSP00000355657,H3-4,HDGFL2,0.919
9606.ENSP00000355657,H3-4,TRIM66,0.918
9606.ENSP00000355657,H3-4,EGLN2,0.918
9606.ENSP00000355657,H3-4,SETD1A,0.917
9606.ENSP00000355657,H3-4,ZZZ3,0.915
9606.ENSP00000355657,H3-4,BCL9,0.915
9606.ENSP00000355657,H3-4,DOT1L,0.91
9606.ENSP00000355657,H3-4,CDY2A,0.91
9606.ENSP00000355657,H3-4,CDY2B,0.91
9606.ENSP00000355657,H3-4,H3-3B,0.909
9606.ENSP00000355657,H3-4,HDAC2,0.909
9606.ENSP00000355657,H3-4,PADI4,0.905
9606.ENSP00000355657,H3-4,TAF3,0.901
9606.ENSP00000355657,H3-4,DAXX,0.9
9606.ENSP00000355780,H3-3A,ATRX,0.976
9606.ENSP00000355780,H3-3A,SETD2,0.968
9606.ENSP00000355780,H3-3A,ASF1A,0.963
9606.ENSP00000355780,H3-3A,H2AC8,0.96
9606.ENSP00000355780,H3-3A,CBX5,0.959
9606.ENSP00000355780,H3-3A,DAXX,0.957
9606.ENSP00000355780,H3-3A,NASP,0.949
9606.ENSP00000355780,H3-3A,H4C6,0.947
9606.ENSP00000355780,H3-3A,H4C3,0.946
9606.ENSP00000355780,H3-3A,ASF1B,0.944
9606.ENSP00000355780,H3-3A,H4C14,0.943
9606.ENSP00000355780,H3-3A,H4-16,0.942
9606.ENSP00000355780,H3-3A,H4C11,0.942
9606.ENSP00000355780,H3-3A,H4C5,0.942
9606.ENSP00000355780,H3-3A,H4C4,0.941
9606.ENSP00000355780,H3-3A,H2BC21,0.941
9606.ENSP00000355780,H3-3A,H4C1,0.94
9606.ENSP00000355780,H3-3A,H4C12,0.94
9606.ENSP00000355780,H3-3A,H4C15,0.94
9606.ENSP00000355780,H3-3A,H4C9,0.94
9606.ENSP00000355780,H3-3A,H4C8,0.94
9606.ENSP00000355780,H3-3A,CBX3,0.939
9606.ENSP00000355780,H3-3A,CENPA,0.939
9606.ENSP00000355780,H3-3A,H4C13,0.939
9606.ENSP00000355780,H3-3A,H4C2,0.939
9606.ENSP00000355780,H3-3A,PBRM1,0.937
9606.ENSP00000355780,H3-3A,H3-3B,0.937
9606.ENSP00000355780,H3-3A,H2AC17,0.936
9606.ENSP00000355780,H3-3A,H2AC13,0.934
9606.ENSP00000355780,H3-3A,CBX1,0.934
9606.ENSP00000355780,H3-3A,MPHOSPH8,0.933
9606.ENSP00000355780,H3-3A,KAT2B,0.933
9606.ENSP00000355780,H3-3A,H2AC4,0.933
9606.ENSP00000355780,H3-3A,DIDO1,0.932
9606.ENSP00000355780,H3-3A,DNMT3A,0.931
9606.ENSP00000355780,H3-3A,SMARCA4,0.93
9606.ENSP00000355780,H3-3A,IPO4,0.929
9606.ENSP00000355780,H3-3A,CHD1,0.927
9606.ENSP00000355780,H3-3A,H2AC11,0.927
9606.ENSP00000355780,H3-3A,H2AC15,0.927
9606.ENSP00000355780,H3-3A,KMT2A,0.926
9606.ENSP00000355780,H3-3A,H2AC16,0.926
9606.ENSP00000355780,H3-3A,H2AC21,0.925
9606.ENSP00000355780,H3-3A,H2BC12,0.925
9606.ENSP00000355780,H3-3A,EHMT2,0.925
9606.ENSP00000355780,H3-3A,H2AC7,0.924
9606.ENSP00000355780,H3-3A,ING2,0.924
9606.ENSP00000355780,H3-3A,hCG_2039566,0.924
9606.ENSP00000355780,H3-3A,EHMT1,0.923
9606.ENSP00000355780,H3-3A,KAT6A,0.922
9606.ENSP00000355780,H3-3A,WDR5,0.922
9606.ENSP00000355780,H3-3A,KAT6B,0.922
9606.ENSP00000355780,H3-3A,CHD4,0.922
9606.ENSP00000355780,H3-3A,NSD3,0.922
9606.ENSP00000355780,H3-3A,CREBBP,0.921
9606.ENSP00000355780,H3-3A,SETDB1,0.92
9606.ENSP00000355780,H3-3A,SGF29,0.92
9606.ENSP00000355780,H3-3A,PHF8,0.919
9606.ENSP00000355780,H3-3A,MCM2,0.918
9606.ENSP00000355780,H3-3A,PYGO2,0.916
9606.ENSP00000355780,H3-3A,AIRE,0.915
9606.ENSP00000355780,H3-3A,KDM4A,0.915
9606.ENSP00000355780,H3-3A,SIRT5,0.915
9606.ENSP00000355780,H3-3A,CARM1,0.914
9606.ENSP00000355780,H3-3A,SIRT3,0.914
9606.ENSP00000355780,H3-3A,ING4,0.914
9606.ENSP00000355780,H3-3A,ING1,0.914
9606.ENSP00000355780,H3-3A,MLLT3,0.913
9606.ENSP00000355780,H3-3A,TRIM33,0.912
9606.ENSP00000355780,H3-3A,ZCWPW2,0.912
9606.ENSP00000355780,H3-3A,KMT2E,0.91
9606.ENSP00000355780,H3-3A,UHRF1,0.91
9606.ENSP00000355780,H3-3A,HDGFL2,0.909
9606.ENSP00000355780,H3-3A,BPTF,0.909
9606.ENSP00000355780,H3-3A,TRIM66,0.909
9606.ENSP00000355780,H3-3A,PYGO1,0.909
9606.ENSP00000355780,H3-3A,CBX6,0.909
9606.ENSP00000355780,H3-3A,CBX7,0.909
9606.ENSP00000355780,H3-3A,TONSL,0.909
9606.ENSP00000355780,H3-3A,SP100,0.908
9606.ENSP00000355780,H3-3A,MORC3,0.908
9606.ENSP00000355780,H3-3A,DNAJC9,0.904
9606.ENSP00000355780,H3-3A,ZZZ3,0.903
9606.ENSP00000355780,H3-3A,PPIE,0.903
9606.ENSP00000355780,H3-3A,TNPO1,0.903
9606.ENSP00000355780,H3-3A,SPIN1,0.9
9606.ENSP00000355827,FBXO28,SKP1,0.943
9606.ENSP00000355827,FBXO28,CUL1,0.942
9606.ENSP00000355890,EPRS1,EEF1E1,0.999
9606.ENSP00000355890,EPRS1,RARS2,0.999
9606.ENSP00000355890,EPRS1,IARS1,0.999
9606.ENSP00000355890,EPRS1,AIMP2,0.999
9606.ENSP00000355890,EPRS1,RPL13A,0.999
9606.ENSP00000355890,EPRS1,YARS1,0.999
9606.ENSP00000355890,EPRS1,RARS1,0.999
9606.ENSP00000355890,EPRS1,AIMP1,0.999
9606.ENSP00000355890,EPRS1,PARS2,0.999
9606.ENSP00000355890,EPRS1,SYNCRIP,0.999
9606.ENSP00000355890,EPRS1,QARS1,0.999
9606.ENSP00000355890,EPRS1,LARS1,0.999
9606.ENSP00000355890,EPRS1,DARS1,0.999
9606.ENSP00000355890,EPRS1,MARS1,0.999
9606.ENSP00000355890,EPRS1,GAPDH,0.999
9606.ENSP00000355890,EPRS1,IARS2,0.999
9606.ENSP00000355890,EPRS1,KARS1,0.999
9606.ENSP00000355890,EPRS1,NARS1,0.998
9606.ENSP00000355890,EPRS1,MARS2,0.993
9606.ENSP00000355890,EPRS1,MRPL13,0.993
9606.ENSP00000355890,EPRS1,LARS2,0.992
9606.ENSP00000355890,EPRS1,DUS2,0.992
9606.ENSP00000355890,EPRS1,FAU,0.991
9606.ENSP00000355890,EPRS1,SLX4,0.983
9606.ENSP00000355890,EPRS1,GATB,0.979
9606.ENSP00000355890,EPRS1,AARS1,0.976
9606.ENSP00000355890,EPRS1,RPS3,0.975
9606.ENSP00000355890,EPRS1,GARS1,0.973
9606.ENSP00000355890,EPRS1,DARS2,0.971
9606.ENSP00000355890,EPRS1,VARS1,0.97
9606.ENSP00000355890,EPRS1,EARS2,0.968
9606.ENSP00000355890,EPRS1,RPS8,0.968
9606.ENSP00000355890,EPRS1,COPB2,0.967
9606.ENSP00000355890,EPRS1,RPL23A,0.966
9606.ENSP00000355890,EPRS1,RPS3A,0.965
9606.ENSP00000355890,EPRS1,RPS15,0.962
9606.ENSP00000355890,EPRS1,QRSL1,0.962
9606.ENSP00000355890,EPRS1,FAAH,0.95
9606.ENSP00000355890,EPRS1,RPS18,0.949
9606.ENSP00000355890,EPRS1,FAAH2,0.949
9606.ENSP00000355890,EPRS1,NARS2,0.941
9606.ENSP00000355890,EPRS1,F10,0.94
9606.ENSP00000355890,EPRS1,RPS19,0.939
9606.ENSP00000355890,EPRS1,RPL21,0.937
9606.ENSP00000355890,EPRS1,RPS11,0.933
9606.ENSP00000355890,EPRS1,RPL31,0.932
9606.ENSP00000355890,EPRS1,YARS2,0.93
9606.ENSP00000355890,EPRS1,EIF5B,0.93
9606.ENSP00000355890,EPRS1,TARS1,0.928
9606.ENSP00000355890,EPRS1,VARS2,0.928
9606.ENSP00000355890,EPRS1,RPS24,0.926
9606.ENSP00000355890,EPRS1,FARSB,0.925
9606.ENSP00000355890,EPRS1,TARS3,0.924
9606.ENSP00000355890,EPRS1,RPL23,0.923
9606.ENSP00000355890,EPRS1,RPL5,0.919
9606.ENSP00000355890,EPRS1,RPS9,0.917
9606.ENSP00000355890,EPRS1,LRRC47,0.915
9606.ENSP00000355890,EPRS1,PSMD1,0.915
9606.ENSP00000355890,EPRS1,IMP3,0.914
9606.ENSP00000355890,EPRS1,GMPS,0.912
9606.ENSP00000355890,EPRS1,RPL30,0.912
9606.ENSP00000355890,EPRS1,RPS6,0.911
9606.ENSP00000355890,EPRS1,RPS20,0.91
9606.ENSP00000355890,EPRS1,MRPS10,0.908
9606.ENSP00000355890,EPRS1,TARS2,0.905
9606.ENSP00000355890,EPRS1,MRPL24,0.903
9606.ENSP00000355890,EPRS1,RPL15,0.902
9606.ENSP00000355890,EPRS1,RPL38,0.901
9606.ENSP00000355904,ESRRG,PPARGC1A,0.967
9606.ENSP00000355904,ESRRG,PPARGC1B,0.955
9606.ENSP00000355904,ESRRG,SLC7A1,0.931
9606.ENSP00000355904,ESRRG,ESRRA,0.927
9606.ENSP00000355904,ESRRG,NCOA1,0.923
9606.ENSP00000355904,ESRRG,PNRC2,0.912
9606.ENSP00000355904,ESRRG,NCOR2,0.908
9606.ENSP00000356713,IFNGR1,IFNGR2,0.999
9606.ENSP00000356713,IFNGR1,STAT1,0.999
9606.ENSP00000356713,IFNGR1,JAK2,0.999
9606.ENSP00000356713,IFNGR1,JAK1,0.999
9606.ENSP00000356713,IFNGR1,IFNG,0.999
9606.ENSP00000356713,IFNGR1,IFNAR2,0.992
9606.ENSP00000356713,IFNGR1,IFNAR1,0.992
9606.ENSP00000356713,IFNGR1,TYK2,0.976
9606.ENSP00000356713,IFNGR1,SOCS1,0.972
9606.ENSP00000356713,IFNGR1,KRAS,0.971
9606.ENSP00000356713,IFNGR1,IFNA1,0.963
9606.ENSP00000356713,IFNGR1,HRAS,0.949
9606.ENSP00000356713,IFNGR1,IFNB1,0.94
9606.ENSP00000356713,IFNGR1,JAK3,0.937
9606.ENSP00000356713,IFNGR1,IL6,0.926
9606.ENSP00000356713,IFNGR1,IL10,0.92
9606.ENSP00000356713,IFNGR1,NRAS,0.918
9606.ENSP00000356713,IFNGR1,PIK3R1,0.917
9606.ENSP00000356713,IFNGR1,PIK3CA,0.914
9606.ENSP00000356713,IFNGR1,PIK3CB,0.913
9606.ENSP00000356713,IFNGR1,PIK3CD,0.911
9606.ENSP00000356713,IFNGR1,PIK3R3,0.905
9606.ENSP00000356713,IFNGR1,PIK3R2,0.905
9606.ENSP00000356713,IFNGR1,IFNA17,0.904
9606.ENSP00000356771,F5,F2,0.999
9606.ENSP00000356771,F5,F10,0.995
9606.ENSP00000356771,F5,PROS1,0.972
9606.ENSP00000356771,F5,PROC,0.94
9606.ENSP00000356946,FCGR3A,FCER1G,0.999
9606.ENSP00000356946,FCGR3A,CD247,0.999
9606.ENSP00000356946,FCGR3A,CD19,0.997
9606.ENSP00000356946,FCGR3A,NCAM1,0.991
9606.ENSP00000356946,FCGR3A,TNFRSF8,0.99
9606.ENSP00000356946,FCGR3A,TYROBP,0.99
9606.ENSP00000356946,FCGR3A,FCGR1A,0.989
9606.ENSP00000356946,FCGR3A,SYK,0.989
9606.ENSP00000356946,FCGR3A,NCR1,0.985
9606.ENSP00000356946,FCGR3A,FCGR3B,0.978
9606.ENSP00000356946,FCGR3A,CD33,0.974
9606.ENSP00000356946,FCGR3A,CD4,0.964
9606.ENSP00000356946,FCGR3A,LYN,0.958
9606.ENSP00000356946,FCGR3A,KLRK1,0.954
9606.ENSP00000356946,FCGR3A,ANPEP,0.951
9606.ENSP00000356946,FCGR3A,CD8A,0.949
9606.ENSP00000356946,FCGR3A,ITGAM,0.948
9606.ENSP00000356946,FCGR3A,HCK,0.947
9606.ENSP00000356946,FCGR3A,LOC102723407,0.942
9606.ENSP00000356946,FCGR3A,TLR4,0.941
9606.ENSP00000356946,FCGR3A,LILRA4,0.94
9606.ENSP00000356946,FCGR3A,CD36,0.928
9606.ENSP00000356946,FCGR3A,IFNG,0.926
9606.ENSP00000356946,FCGR3A,IL15,0.924
9606.ENSP00000356946,FCGR3A,CD2,0.922
9606.ENSP00000356946,FCGR3A,NCR3,0.92
9606.ENSP00000356946,FCGR3A,SCARB1,0.918
9606.ENSP00000356946,FCGR3A,SCARB2,0.918
9606.ENSP00000356946,FCGR3A,FCGR2A,0.917
9606.ENSP00000356946,FCGR3A,PTPRC,0.913
9606.ENSP00000356946,FCGR3A,ITGAX,0.907
9606.ENSP00000357097,FCER1A,FCER1G,0.997
9606.ENSP00000357097,FCER1A,MS4A2,0.996
9606.ENSP00000357097,FCER1A,SYK,0.969
9606.ENSP00000357097,FCER1A,FYN,0.947
9606.ENSP00000357097,FCER1A,CPA3,0.921
9606.ENSP00000357097,FCER1A,LOC102723407,0.917
9606.ENSP00000357484,GOPC,RHOQ,0.997
9606.ENSP00000357484,GOPC,CFTR,0.992
9606.ENSP00000357484,GOPC,STX6,0.97
9606.ENSP00000357484,GOPC,ROS1,0.907
9606.ENSP00000357789,FLG,LOR,0.998
9606.ENSP00000357789,FLG,IVL,0.997
9606.ENSP00000357789,FLG,KRT1,0.953
9606.ENSP00000357789,FLG,CASP14,0.946
9606.ENSP00000357789,FLG,KLK5,0.941
9606.ENSP00000357789,FLG,DSG1,0.941
9606.ENSP00000357789,FLG,KRT10,0.932
9606.ENSP00000357789,FLG,SPINK5,0.928
9606.ENSP00000357789,FLG,TGM1,0.907
9606.ENSP00000358154,H3C14,H4C14,0.993
9606.ENSP00000358154,H3C14,ATRX,0.984
9606.ENSP00000358154,H3C14,H3C15,0.981
9606.ENSP00000358154,H3C14,H2AC8,0.981
9606.ENSP00000358154,H3C14,UHRF1,0.98
9606.ENSP00000358154,H3C14,H2AC20,0.979
9606.ENSP00000358154,H3C14,H4C6,0.979
9606.ENSP00000358154,H3C14,H2BC17,0.977
9606.ENSP00000358154,H3C14,H2AC13,0.976
9606.ENSP00000358154,H3C14,H2AC17,0.975
9606.ENSP00000358154,H3C14,H2AC18,0.973
9606.ENSP00000358154,H3C14,H2AC4,0.972
9606.ENSP00000358154,H3C14,EHMT2,0.971
9606.ENSP00000358154,H3C14,H4C4,0.969
9606.ENSP00000358154,H3C14,NASP,0.969
9606.ENSP00000358154,H3C14,H4C2,0.969
9606.ENSP00000358154,H3C14,H3C1,0.968
9606.ENSP00000358154,H3C14,H3C12,0.968
9606.ENSP00000358154,H3C14,DOT1L,0.968
9606.ENSP00000358154,H3C14,KAT2B,0.968
9606.ENSP00000358154,H3C14,H3C3,0.968
9606.ENSP00000358154,H3C14,H4C1,0.966
9606.ENSP00000358154,H3C14,H4C5,0.966
9606.ENSP00000358154,H3C14,H3C6,0.966
9606.ENSP00000358154,H3C14,H3C2,0.965
9606.ENSP00000358154,H3C14,H4C11,0.965
9606.ENSP00000358154,H3C14,H4-16,0.965
9606.ENSP00000358154,H3C14,H4C15,0.964
9606.ENSP00000358154,H3C14,ASF1A,0.964
9606.ENSP00000358154,H3C14,H4C8,0.964
9606.ENSP00000358154,H3C14,H4C9,0.964
9606.ENSP00000358154,H3C14,H4C13,0.963
9606.ENSP00000358154,H3C14,H3C10,0.962
9606.ENSP00000358154,H3C14,H3C7,0.962
9606.ENSP00000358154,H3C14,H4C3,0.961
9606.ENSP00000358154,H3C14,H4C12,0.961
9606.ENSP00000358154,H3C14,ASF1B,0.961
9606.ENSP00000358154,H3C14,H3C8,0.96
9606.ENSP00000358154,H3C14,H2AC19,0.96
9606.ENSP00000358154,H3C14,H3C4,0.959
9606.ENSP00000358154,H3C14,H3C11,0.959
9606.ENSP00000358154,H3C14,H2AC12,0.958
9606.ENSP00000358154,H3C14,BRPF1,0.955
9606.ENSP00000358154,H3C14,SETD2,0.955
9606.ENSP00000358154,H3C14,CBX5,0.955
9606.ENSP00000358154,H3C14,ING1,0.954
9606.ENSP00000358154,H3C14,ING4,0.954
9606.ENSP00000358154,H3C14,H2AZ1,0.952
9606.ENSP00000358154,H3C14,RBBP5,0.952
9606.ENSP00000358154,H3C14,MACROH2A1,0.951
9606.ENSP00000358154,H3C14,H2AC21,0.951
9606.ENSP00000358154,H3C14,DAXX,0.951
9606.ENSP00000358154,H3C14,H2BC21,0.949
9606.ENSP00000358154,H3C14,IPO4,0.949
9606.ENSP00000358154,H3C14,HDGFL2,0.949
9606.ENSP00000358154,H3C14,CBX1,0.949
9606.ENSP00000358154,H3C14,H2AC16,0.946
9606.ENSP00000358154,H3C14,H2AC11,0.945
9606.ENSP00000358154,H3C14,H2AC15,0.944
9606.ENSP00000358154,H3C14,H2AC6,0.944
9606.ENSP00000358154,H3C14,KAT6A,0.943
9606.ENSP00000358154,H3C14,RPS27A,0.943
9606.ENSP00000358154,H3C14,UBA52,0.942
9606.ENSP00000358154,H3C14,H2AC14,0.941
9606.ENSP00000358154,H3C14,SMARCA5,0.94
9606.ENSP00000358154,H3C14,EZH2,0.94
9606.ENSP00000358154,H3C14,H3-3B,0.939
9606.ENSP00000358154,H3C14,H2BC12,0.938
9606.ENSP00000358154,H3C14,CBX2,0.938
9606.ENSP00000358154,H3C14,CHD4,0.938
9606.ENSP00000358154,H3C14,KMT2A,0.937
9606.ENSP00000358154,H3C14,CBX3,0.937
9606.ENSP00000358154,H3C14,UBC,0.935
9606.ENSP00000358154,H3C14,UBB,0.935
9606.ENSP00000358154,H3C14,CBX6,0.934
9606.ENSP00000358154,H3C14,DIDO1,0.933
9606.ENSP00000358154,H3C14,PBRM1,0.932
9606.ENSP00000358154,H3C14,MPHOSPH8,0.932
9606.ENSP00000358154,H3C14,CHD1,0.932
9606.ENSP00000358154,H3C14,H3C13,0.931
9606.ENSP00000358154,H3C14,CBX7,0.928
9606.ENSP00000358154,H3C14,CARM1,0.927
9606.ENSP00000358154,H3C14,EHMT1,0.926
9606.ENSP00000358154,H3C14,KMT2C,0.925
9606.ENSP00000358154,H3C14,MCM2,0.924
9606.ENSP00000358154,H3C14,ING2,0.924
9606.ENSP00000358154,H3C14,CDYL2,0.923
9606.ENSP00000358154,H3C14,KAT6B,0.922
9606.ENSP00000358154,H3C14,CHD1L,0.922
9606.ENSP00000358154,H3C14,WDR5,0.922
9606.ENSP00000358154,H3C14,NSD3,0.92
9606.ENSP00000358154,H3C14,NSD2,0.92
9606.ENSP00000358154,H3C14,SGF29,0.92
9606.ENSP00000358154,H3C14,SETDB1,0.919
9606.ENSP00000358154,H3C14,PHF8,0.919
9606.ENSP00000358154,H3C14,DNMT1,0.918
9606.ENSP00000358154,H3C14,H2BC4,0.917
9606.ENSP00000358154,H3C14,H2BC7,0.917
9606.ENSP00000358154,H3C14,KMT5A,0.916
9606.ENSP00000358154,H3C14,PYGO2,0.916
9606.ENSP00000358154,H3C14,AIRE,0.915
9606.ENSP00000358154,H3C14,KDM4A,0.915
9606.ENSP00000358154,H3C14,SIRT5,0.914
9606.ENSP00000358154,H3C14,SIRT3,0.914
9606.ENSP00000358154,H3C14,H2BC10,0.914
9606.ENSP00000358154,H3C14,MLLT1,0.913
9606.ENSP00000358154,H3C14,MLLT3,0.913
9606.ENSP00000358154,H3C14,H2BC3,0.912
9606.ENSP00000358154,H3C14,ZCWPW2,0.912
9606.ENSP00000358154,H3C14,BPTF,0.911
9606.ENSP00000358154,H3C14,PHF1,0.911
9606.ENSP00000358154,H3C14,DNMT3A,0.91
9606.ENSP00000358154,H3C14,H2BC11,0.91
9606.ENSP00000358154,H3C14,SPTY2D1,0.909
9606.ENSP00000358154,H3C14,PYGO1,0.909
9606.ENSP00000358154,H3C14,KMT2E,0.908
9606.ENSP00000358154,H3C14,TRIM24,0.908
9606.ENSP00000358154,H3C14,PSIP1,0.908
9606.ENSP00000358154,H3C14,TRIM33,0.908
9606.ENSP00000358154,H3C14,CREBBP,0.907
9606.ENSP00000358154,H3C14,SP100,0.907
9606.ENSP00000358154,H3C14,TRIM66,0.907
9606.ENSP00000358154,H3C14,H2BC9,0.906
9606.ENSP00000358154,H3C14,DNMT3B,0.906
9606.ENSP00000358154,H3C14,H2BC5,0.906
9606.ENSP00000358154,H3C14,H2BC6,0.906
9606.ENSP00000358154,H3C14,MORC3,0.905
9606.ENSP00000358154,H3C14,H2BC14,0.904
9606.ENSP00000358154,H3C14,H2BC18,0.904
9606.ENSP00000358154,H3C14,TNPO1,0.903
9606.ENSP00000358154,H3C14,H2BC8,0.903
9606.ENSP00000358154,H3C14,PPIE,0.903
9606.ENSP00000358154,H3C14,ZZZ3,0.903
9606.ENSP00000358154,H3C14,H1-0,0.901
9606.ENSP00000358154,H3C14,H3-2,0.901
9606.ENSP00000358154,H3C14,SPIN1,0.9
9606.ENSP00000358160,H3C10,H4C8,0.995
9606.ENSP00000358160,H3C10,H4C14,0.994
9606.ENSP00000358160,H3C10,H2AC8,0.993
9606.ENSP00000358160,H3C10,H4C5,0.988
9606.ENSP00000358160,H3C10,H4C4,0.986
9606.ENSP00000358160,H3C10,H4C11,0.985
9606.ENSP00000358160,H3C10,H2AC6,0.985
9606.ENSP00000358160,H3C10,H4C2,0.985
9606.ENSP00000358160,H3C10,H4C1,0.984
9606.ENSP00000358160,H3C10,H4C9,0.984
9606.ENSP00000358160,H3C10,H4C3,0.983
9606.ENSP00000358160,H3C10,H4C15,0.983
9606.ENSP00000358160,H3C10,NASP,0.983
9606.ENSP00000358160,H3C10,H4C13,0.983
9606.ENSP00000358160,H3C10,H4C12,0.983
9606.ENSP00000358160,H3C10,H4-16,0.983
9606.ENSP00000358160,H3C10,H2AC4,0.979
9606.ENSP00000358160,H3C10,H2BC11,0.979
9606.ENSP00000358160,H3C10,H4C6,0.977
9606.ENSP00000358160,H3C10,H2BC12,0.971
9606.ENSP00000358160,H3C10,ASF1A,0.966
9606.ENSP00000358160,H3C10,H2BC21,0.962
9606.ENSP00000358160,H3C10,H3C14,0.962
9606.ENSP00000358160,H3C10,H3C15,0.962
9606.ENSP00000358160,H3C10,H2BC7,0.962
9606.ENSP00000358160,H3C10,H3C7,0.961
9606.ENSP00000358160,H3C10,H3C13,0.961
9606.ENSP00000358160,H3C10,KAT2B,0.961
9606.ENSP00000358160,H3C10,H2BC4,0.958
9606.ENSP00000358160,H3C10,MCM2,0.955
9606.ENSP00000358160,H3C10,H2AC7,0.955
9606.ENSP00000358160,H3C10,TRIM24,0.951
9606.ENSP00000358160,H3C10,SUPT16H,0.951
9606.ENSP00000358160,H3C10,H3C4,0.95
9606.ENSP00000358160,H3C10,H3C2,0.949
9606.ENSP00000358160,H3C10,H2BC8,0.949
9606.ENSP00000358160,H3C10,SETD2,0.947
9606.ENSP00000358160,H3C10,SSRP1,0.944
9606.ENSP00000358160,H3C10,H2AZ2,0.944
9606.ENSP00000358160,H3C10,H2BC6,0.943
9606.ENSP00000358160,H3C10,H3C12,0.942
9606.ENSP00000358160,H3C10,CBX5,0.941
9606.ENSP00000358160,H3C10,H2AC20,0.941
9606.ENSP00000358160,H3C10,IPO4,0.94
9606.ENSP00000358160,H3C10,RPS27A,0.94
9606.ENSP00000358160,H3C10,UBA52,0.939
9606.ENSP00000358160,H3C10,H2BC10,0.939
9606.ENSP00000358160,H3C10,UBB,0.939
9606.ENSP00000358160,H3C10,UBC,0.935
9606.ENSP00000358160,H3C10,PBRM1,0.935
9606.ENSP00000358160,H3C10,PHF1,0.934
9606.ENSP00000358160,H3C10,CBX1,0.934
9606.ENSP00000358160,H3C10,CBX3,0.933
9606.ENSP00000358160,H3C10,MPHOSPH8,0.932
9606.ENSP00000358160,H3C10,DIDO1,0.932
9606.ENSP00000358160,H3C10,H3-2,0.932
9606.ENSP00000358160,H3C10,DOT1L,0.932
9606.ENSP00000358160,H3C10,H2AX,0.932
9606.ENSP00000358160,H3C10,SMARCA4,0.932
9606.ENSP00000358160,H3C10,EHMT2,0.931
9606.ENSP00000358160,H3C10,MACROH2A1,0.928
9606.ENSP00000358160,H3C10,EHMT1,0.925
9606.ENSP00000358160,H3C10,H2AB2,0.924
9606.ENSP00000358160,H3C10,H3C8,0.924
9606.ENSP00000358160,H3C10,H2AC1,0.924
9606.ENSP00000358160,H3C10,H2AB3,0.924
9606.ENSP00000358160,H3C10,CDYL2,0.923
9606.ENSP00000358160,H3C10,CARM1,0.922
9606.ENSP00000358160,H3C10,KAT6A,0.922
9606.ENSP00000358160,H3C10,WDR5,0.922
9606.ENSP00000358160,H3C10,KAT6B,0.922
9606.ENSP00000358160,H3C10,ATRX,0.921
9606.ENSP00000358160,H3C10,ING2,0.921
9606.ENSP00000358160,H3C10,SGF29,0.92
9606.ENSP00000358160,H3C10,CHD1,0.919
9606.ENSP00000358160,H3C10,PHF8,0.919
9606.ENSP00000358160,H3C10,KMT5A,0.917
9606.ENSP00000358160,H3C10,DNMT1,0.917
9606.ENSP00000358160,H3C10,PYGO2,0.916
9606.ENSP00000358160,H3C10,CBX7,0.916
9606.ENSP00000358160,H3C10,NSD3,0.916
9606.ENSP00000358160,H3C10,KMT2A,0.915
9606.ENSP00000358160,H3C10,AIRE,0.915
9606.ENSP00000358160,H3C10,SETDB1,0.915
9606.ENSP00000358160,H3C10,MLLT3,0.915
9606.ENSP00000358160,H3C10,CHD4,0.915
9606.ENSP00000358160,H3C10,ING4,0.914
9606.ENSP00000358160,H3C10,BARD1,0.914
9606.ENSP00000358160,H3C10,SIRT5,0.914
9606.ENSP00000358160,H3C10,ING1,0.914
9606.ENSP00000358160,H3C10,INO80,0.914
9606.ENSP00000358160,H3C10,SIRT3,0.914
9606.ENSP00000358160,H3C10,H3C1,0.913
9606.ENSP00000358160,H3C10,MLLT1,0.913
9606.ENSP00000358160,H3C10,CBX2,0.913
9606.ENSP00000358160,H3C10,ZCWPW2,0.912
9606.ENSP00000358160,H3C10,BRPF1,0.911
9606.ENSP00000358160,H3C10,KDM4A,0.911
9606.ENSP00000358160,H3C10,DNMT3A,0.909
9606.ENSP00000358160,H3C10,CBX6,0.909
9606.ENSP00000358160,H3C10,H3C3,0.909
9606.ENSP00000358160,H3C10,UHRF1,0.909
9606.ENSP00000358160,H3C10,PYGO1,0.909
9606.ENSP00000358160,H3C10,H2BC3,0.908
9606.ENSP00000358160,H3C10,KMT2E,0.908
9606.ENSP00000358160,H3C10,TRIM33,0.908
9606.ENSP00000358160,H3C10,TP53BP1,0.907
9606.ENSP00000358160,H3C10,CREBBP,0.907
9606.ENSP00000358160,H3C10,H3C11,0.907
9606.ENSP00000358160,H3C10,BPTF,0.907
9606.ENSP00000358160,H3C10,DDB2,0.907
9606.ENSP00000358160,H3C10,TRIM66,0.907
9606.ENSP00000358160,H3C10,SP100,0.907
9606.ENSP00000358160,H3C10,MORC3,0.906
9606.ENSP00000358160,H3C10,ACTB,0.906
9606.ENSP00000358160,H3C10,HDGFL2,0.905
9606.ENSP00000358160,H3C10,DNMT3B,0.904
9606.ENSP00000358160,H3C10,TNPO1,0.903
9606.ENSP00000358160,H3C10,H3C6,0.903
9606.ENSP00000358160,H3C10,ZZZ3,0.903
9606.ENSP00000358160,H3C10,PPIE,0.903
9606.ENSP00000358160,H3C10,SPIN1,0.9
9606.ENSP00000358421,HSD3B1,CYP11A1,0.997
9606.ENSP00000358421,HSD3B1,CYP17A1,0.995
9606.ENSP00000358421,HSD3B1,CYP19A1,0.988
9606.ENSP00000358421,HSD3B1,CYP11B1,0.984
9606.ENSP00000358421,HSD3B1,HSD17B3,0.983
9606.ENSP00000358421,HSD3B1,CYP21A2,0.979
9606.ENSP00000358421,HSD3B1,CYP11B2,0.979
9606.ENSP00000358421,HSD3B1,SRD5A1,0.971
9606.ENSP00000358421,HSD3B1,AKR1C3,0.971
9606.ENSP00000358421,HSD3B1,CYP7B1,0.97
9606.ENSP00000358421,HSD3B1,HSD3B2,0.965
9606.ENSP00000358421,HSD3B1,HSD17B2,0.964
9606.ENSP00000358421,HSD3B1,SRD5A2,0.963
9606.ENSP00000358421,HSD3B1,HSD11B1,0.962
9606.ENSP00000358421,HSD3B1,HSD11B2,0.959
9606.ENSP00000358421,HSD3B1,CYP7A1,0.959
9606.ENSP00000358421,HSD3B1,STS,0.953
9606.ENSP00000358421,HSD3B1,HSD17B6,0.952
9606.ENSP00000358421,HSD3B1,CYP1A1,0.95
9606.ENSP00000358421,HSD3B1,AKR1C1,0.949
9606.ENSP00000358421,HSD3B1,SULT2B1,0.949
9606.ENSP00000358421,HSD3B1,FAU,0.948
9606.ENSP00000358421,HSD3B1,CYP3A4,0.947
9606.ENSP00000358421,HSD3B1,AKR1D1,0.941
9606.ENSP00000358421,HSD3B1,CYP3A7,0.941
9606.ENSP00000358421,HSD3B1,ENSP00000480571,0.938
9606.ENSP00000358421,HSD3B1,CYP1A2,0.937
9606.ENSP00000358421,HSD3B1,CYP3A5,0.937
9606.ENSP00000358421,HSD3B1,CYP2E1,0.936
9606.ENSP00000358421,HSD3B1,SRD5A3,0.935
9606.ENSP00000358421,HSD3B1,HSD17B8,0.929
9606.ENSP00000358421,HSD3B1,HSD11B1L,0.911
9606.ENSP00000358421,HSD3B1,STAR,0.903
9606.ENSP00000358866,FLNA,FBLIM1,0.999
9606.ENSP00000358866,FLNA,GP1BA,0.999
9606.ENSP00000358866,FLNA,VCL,0.998
9606.ENSP00000358866,FLNA,TLN1,0.998
9606.ENSP00000358866,FLNA,TLN2,0.996
9606.ENSP00000358866,FLNA,ITGB3,0.994
9606.ENSP00000358866,FLNA,ITGB1,0.993
9606.ENSP00000358866,FLNA,ARHGAP24,0.992
9606.ENSP00000358866,FLNA,PXN,0.989
9606.ENSP00000358866,FLNA,ITGA2B,0.985
9606.ENSP00000358866,FLNA,HSPB7,0.981
9606.ENSP00000358866,FLNA,FILIP1,0.98
9606.ENSP00000358866,FLNA,FLNB,0.979
9606.ENSP00000358866,FLNA,BRCA2,0.977
9606.ENSP00000358866,FLNA,CDC42,0.976
9606.ENSP00000358866,FLNA,ITGB7,0.975
9606.ENSP00000358866,FLNA,MAP2K4,0.964
9606.ENSP00000358866,FLNA,CFTR,0.957
9606.ENSP00000358866,FLNA,IQGAP1,0.952
9606.ENSP00000358866,FLNA,PAK1,0.95
9606.ENSP00000358866,FLNA,ACTA1,0.948
9606.ENSP00000358866,FLNA,RNASEL,0.947
9606.ENSP00000358866,FLNA,CALM3,0.942
9606.ENSP00000358866,FLNA,ITGB2,0.938
9606.ENSP00000358866,FLNA,RHOA,0.933
9606.ENSP00000358866,FLNA,RALA,0.93
9606.ENSP00000358866,FLNA,BRCA1,0.917
9606.ENSP00000358866,FLNA,CFL1,0.916
9606.ENSP00000358866,FLNA,ITGB4,0.909
9606.ENSP00000358866,FLNA,CAV1,0.908
9606.ENSP00000358866,FLNA,FLNC,0.907
9606.ENSP00000358866,FLNA,CMIP,0.907
9606.ENSP00000358866,FLNA,CAMK2A,0.906
9606.ENSP00000358866,FLNA,CAMK2B,0.901
9606.ENSP00000359506,FMR1,CYFIP2,0.999
9606.ENSP00000359506,FMR1,CYFIP1,0.999
9606.ENSP00000359506,FMR1,AGO2,0.998
9606.ENSP00000359506,FMR1,FXR2,0.995
9606.ENSP00000359506,FMR1,NUFIP2,0.993
9606.ENSP00000359506,FMR1,FXR1,0.992
9606.ENSP00000359506,FMR1,DICER1,0.991
9606.ENSP00000359506,FMR1,PURA,0.986
9606.ENSP00000359506,FMR1,AGO1,0.983
9606.ENSP00000359506,FMR1,EIF4E,0.974
9606.ENSP00000359506,FMR1,NUFIP1,0.97
9606.ENSP00000359506,FMR1,TDRD3,0.966
9606.ENSP00000359506,FMR1,STAU1,0.966
9606.ENSP00000359506,FMR1,SND1,0.963
9606.ENSP00000359506,FMR1,CPEB1,0.959
9606.ENSP00000359506,FMR1,MAP1B,0.957
9606.ENSP00000359506,FMR1,TARDBP,0.953
9606.ENSP00000359506,FMR1,AFF2,0.95
9606.ENSP00000359506,FMR1,CAPRIN1,0.944
9606.ENSP00000359506,FMR1,DLG4,0.938
9606.ENSP00000359506,FMR1,G3BP1,0.934
9606.ENSP00000359506,FMR1,CPEB2,0.923
9606.ENSP00000359506,FMR1,MECP2,0.919
9606.ENSP00000359506,FMR1,TIAL1,0.904
9606.ENSP00000359506,FMR1,ATXN2,0.901
9606.ENSP00000359531,GTF2B,POLR2A,0.999
9606.ENSP00000359531,GTF2B,GTF2A1,0.999
9606.ENSP00000359531,GTF2B,ERCC3,0.999
9606.ENSP00000359531,GTF2B,GTF2E1,0.999
9606.ENSP00000359531,GTF2B,GTF2F2,0.999
9606.ENSP00000359531,GTF2B,POLR2E,0.999
9606.ENSP00000359531,GTF2B,GTF2E2,0.999
9606.ENSP00000359531,GTF2B,POLR2B,0.999
9606.ENSP00000359531,GTF2B,GTF2A2,0.999
9606.ENSP00000359531,GTF2B,TBP,0.999
9606.ENSP00000359531,GTF2B,TAF1,0.999
9606.ENSP00000359531,GTF2B,GTF2F1,0.999
9606.ENSP00000359531,GTF2B,GTF2H3,0.998
9606.ENSP00000359531,GTF2B,TAF9,0.998
9606.ENSP00000359531,GTF2B,TCEA1,0.998
9606.ENSP00000359531,GTF2B,POLR2D,0.998
9606.ENSP00000359531,GTF2B,GTF2H4,0.998
9606.ENSP00000359531,GTF2B,ERCC2,0.998
9606.ENSP00000359531,GTF2B,POLR2K,0.997
9606.ENSP00000359531,GTF2B,POLR2C,0.997
9606.ENSP00000359531,GTF2B,GTF2H2,0.997
9606.ENSP00000359531,GTF2B,POLR2I,0.997
9606.ENSP00000359531,GTF2B,POLR2G,0.997
9606.ENSP00000359531,GTF2B,TAF11,0.997
9606.ENSP00000359531,GTF2B,TAF6,0.996
9606.ENSP00000359531,GTF2B,POLR2F,0.996
9606.ENSP00000359531,GTF2B,POLR2H,0.996
9606.ENSP00000359531,GTF2B,TAF7,0.996
9606.ENSP00000359531,GTF2B,TBPL1,0.996
9606.ENSP00000359531,GTF2B,MED14,0.994
9606.ENSP00000359531,GTF2B,TBPL2,0.994
9606.ENSP00000359531,GTF2B,TAF10,0.994
9606.ENSP00000359531,GTF2B,TAF2,0.993
9606.ENSP00000359531,GTF2B,TAF3,0.992
9606.ENSP00000359531,GTF2B,TAF13,0.992
9606.ENSP00000359531,GTF2B,POLR2J,0.99
9606.ENSP00000359531,GTF2B,TAF5,0.99
9606.ENSP00000359531,GTF2B,GTF2H1,0.99
9606.ENSP00000359531,GTF2B,TAF8,0.988
9606.ENSP00000359531,GTF2B,TAF12,0.988
9606.ENSP00000359531,GTF2B,CDK7,0.987
9606.ENSP00000359531,GTF2B,MED7,0.987
9606.ENSP00000359531,GTF2B,GTF2H5,0.986
9606.ENSP00000359531,GTF2B,POLR2L,0.986
9606.ENSP00000359531,GTF2B,MED21,0.985
9606.ENSP00000359531,GTF2B,TAF4,0.982
9606.ENSP00000359531,GTF2B,MNAT1,0.981
9606.ENSP00000359531,GTF2B,MED10,0.98
9606.ENSP00000359531,GTF2B,TCEA2,0.979
9606.ENSP00000359531,GTF2B,MED6,0.978
9606.ENSP00000359531,GTF2B,MED31,0.975
9606.ENSP00000359531,GTF2B,SSU72,0.972
9606.ENSP00000359531,GTF2B,MED17,0.971
9606.ENSP00000359531,GTF2B,MED26,0.971
9606.ENSP00000359531,GTF2B,CCNH,0.967
9606.ENSP00000359531,GTF2B,MED18,0.967
9606.ENSP00000359531,GTF2B,EP300,0.966
9606.ENSP00000359531,GTF2B,SNAPC1,0.962
9606.ENSP00000359531,GTF2B,TCEA3,0.96
9606.ENSP00000359531,GTF2B,SNAPC5,0.959
9606.ENSP00000359531,GTF2B,TAF9B,0.958
9606.ENSP00000359531,GTF2B,MED1,0.956
9606.ENSP00000359531,GTF2B,CTDP1,0.95
9606.ENSP00000359531,GTF2B,MED27,0.94
9606.ENSP00000359531,GTF2B,MED23,0.936
9606.ENSP00000359531,GTF2B,MED4,0.936
9606.ENSP00000359531,GTF2B,SNAPC3,0.929
9606.ENSP00000359531,GTF2B,MED24,0.921
9606.ENSP00000359531,GTF2B,MED20,0.921
9606.ENSP00000359531,GTF2B,MED11,0.917
9606.ENSP00000359531,GTF2B,MED25,0.913
9606.ENSP00000359531,GTF2B,MED19,0.913
9606.ENSP00000359531,GTF2B,SNAPC4,0.913
9606.ENSP00000359531,GTF2B,MED9,0.908
9606.ENSP00000359531,GTF2B,ESR1,0.907
9606.ENSP00000359531,GTF2B,MED28,0.906
9606.ENSP00000359531,GTF2B,H3C13,0.905
9606.ENSP00000359539,GOT1,MDH2,0.99
9606.ENSP00000359539,GOT1,GPT2,0.984
9606.ENSP00000359539,GOT1,GOT2,0.982
9606.ENSP00000359539,GOT1,GPT,0.981
9606.ENSP00000359539,GOT1,GLUD1,0.978
9606.ENSP00000359539,GOT1,LDHAL6B,0.978
9606.ENSP00000359539,GOT1,LDHAL6A,0.978
9606.ENSP00000359539,GOT1,FH,0.978
9606.ENSP00000359539,GOT1,LDHC,0.977
9606.ENSP00000359539,GOT1,LDHA,0.972
9606.ENSP00000359539,GOT1,GLUD2,0.97
9606.ENSP00000359539,GOT1,ASNS,0.969
9606.ENSP00000359539,GOT1,MPST,0.965
9606.ENSP00000359539,GOT1,TST,0.965
9606.ENSP00000359539,GOT1,TAT,0.964
9606.ENSP00000359539,GOT1,HPD,0.963
9606.ENSP00000359539,GOT1,SDHA,0.961
9606.ENSP00000359539,GOT1,ALDH4A1,0.958
9606.ENSP00000359539,GOT1,CTH,0.958
9606.ENSP00000359539,GOT1,ASS1,0.95
9606.ENSP00000359539,GOT1,KYAT1,0.943
9606.ENSP00000359539,GOT1,PC,0.943
9606.ENSP00000359539,GOT1,CDO1,0.94
9606.ENSP00000359539,GOT1,KYAT3,0.94
9606.ENSP00000359539,GOT1,PAH,0.939
9606.ENSP00000359539,GOT1,TH,0.939
9606.ENSP00000359539,GOT1,GOT1L1,0.938
9606.ENSP00000359539,GOT1,ADSS2,0.931
9606.ENSP00000359539,GOT1,DDC,0.931
9606.ENSP00000359539,GOT1,IDH1,0.929
9606.ENSP00000359539,GOT1,ASRGL1,0.927
9606.ENSP00000359539,GOT1,CAD,0.925
9606.ENSP00000359539,GOT1,NAGS,0.924
9606.ENSP00000359539,GOT1,ADSS1,0.923
9606.ENSP00000359539,GOT1,NAT8L,0.918
9606.ENSP00000359539,GOT1,IDH2,0.916
9606.ENSP00000359539,GOT1,ASPA,0.915
9606.ENSP00000359539,GOT1,MIF,0.915
9606.ENSP00000359539,GOT1,TPO,0.911
9606.ENSP00000359539,GOT1,HOGA1,0.911
9606.ENSP00000359539,GOT1,CS,0.908
9606.ENSP00000359539,GOT1,IL4I1,0.908
9606.ENSP00000359539,GOT1,NIT2,0.907
9606.ENSP00000359539,GOT1,TYR,0.904
9606.ENSP00000359539,GOT1,OGDH,0.9
9606.ENSP00000359581,HS2ST1,HS6ST1,0.996
9606.ENSP00000359583,HPSE2,SDC1,0.944
9606.ENSP00000359583,HPSE2,HPSE,0.913
9606.ENSP00000359583,HPSE2,IDS,0.902
9606.ENSP00000359787,IFI44L,RSAD2,0.999
9606.ENSP00000359787,IFI44L,IFI44,0.999
9606.ENSP00000359787,IFI44L,IFIT3,0.982
9606.ENSP00000359787,IFI44L,XAF1,0.981
9606.ENSP00000359787,IFI44L,IFI27,0.977
9606.ENSP00000359787,IFI44L,IFI6,0.968
9606.ENSP00000359787,IFI44L,IFIT1,0.967
9606.ENSP00000359787,IFI44L,MX1,0.965
9606.ENSP00000359787,IFI44L,ISG15,0.963
9606.ENSP00000359787,IFI44L,OAS1,0.955
9606.ENSP00000359787,IFI44L,OASL,0.951
9606.ENSP00000359787,IFI44L,OAS2,0.935
9606.ENSP00000359787,IFI44L,PARP9,0.931
9606.ENSP00000359787,IFI44L,EIF2AK2,0.927
9606.ENSP00000359787,IFI44L,OAS3,0.922
9606.ENSP00000359787,IFI44L,IFIT2,0.921
9606.ENSP00000359787,IFI44L,EPSTI1,0.921
9606.ENSP00000359787,IFI44L,HERC5,0.912
9606.ENSP00000359787,IFI44L,IFIH1,0.904
9606.ENSP00000359787,IFI44L,USP18,0.903
9606.ENSP00000359787,IFI44L,IFI35,0.902
9606.ENSP00000359804,FUBP1,PUF60,0.999
9606.ENSP00000360002,GSTA4,GSTA2,0.97
9606.ENSP00000360002,GSTA4,EPHX1,0.946
9606.ENSP00000360002,GSTA4,CYP2E1,0.941
9606.ENSP00000360002,GSTA4,GSR,0.939
9606.ENSP00000360002,GSTA4,GPX4,0.938
9606.ENSP00000360002,GSTA4,CYP1A2,0.937
9606.ENSP00000360002,GSTA4,CYP1A1,0.936
9606.ENSP00000360002,GSTA4,CYP1B1,0.929
9606.ENSP00000360002,GSTA4,CYP3A4,0.926
9606.ENSP00000360002,GSTA4,GSS,0.924
9606.ENSP00000360002,GSTA4,PRDX6,0.923
9606.ENSP00000360002,GSTA4,CYP2A6,0.917
9606.ENSP00000360002,GSTA4,CYP2C9,0.916
9606.ENSP00000360002,GSTA4,CYP2A13,0.915
9606.ENSP00000360002,GSTA4,GSTA1,0.914
9606.ENSP00000360002,GSTA4,TXNDC12,0.91
9606.ENSP00000360002,GSTA4,GSTO1,0.901
9606.ENSP00000360141,GNAS,GNB1,0.999
9606.ENSP00000360141,GNAS,GNG2,0.997
9606.ENSP00000360141,GNAS,PTH1R,0.997
9606.ENSP00000360141,GNAS,CRHR1,0.997
9606.ENSP00000360141,GNAS,TSHR,0.997
9606.ENSP00000360141,GNAS,ADORA2A,0.995
9606.ENSP00000360141,GNAS,AVPR2,0.995
9606.ENSP00000360141,GNAS,GHRHR,0.995
9606.ENSP00000360141,GNAS,HTR7,0.995
9606.ENSP00000360141,GNAS,GLP1R,0.995
9606.ENSP00000360141,GNAS,GCGR,0.995
9606.ENSP00000360141,GNAS,VIPR2,0.994
9606.ENSP00000360141,GNAS,GIPR,0.994
9606.ENSP00000360141,GNAS,DRD1,0.994
9606.ENSP00000360141,GNAS,CALCRL,0.993
9606.ENSP00000360141,GNAS,ADRB2,0.993
9606.ENSP00000360141,GNAS,SCTR,0.993
9606.ENSP00000360141,GNAS,GNB4,0.992
9606.ENSP00000360141,GNAS,OXTR,0.992
9606.ENSP00000360141,GNAS,HTR6,0.992
9606.ENSP00000360141,GNAS,PTGIR,0.991
9606.ENSP00000360141,GNAS,RAMP2,0.99
9606.ENSP00000360141,GNAS,CALCR,0.987
9606.ENSP00000360141,GNAS,PTGER2,0.986
9606.ENSP00000360141,GNAS,GNB2,0.986
9606.ENSP00000360141,GNAS,PTGER4,0.986
9606.ENSP00000360141,GNAS,ADCY9,0.986
9606.ENSP00000360141,GNAS,GPR119,0.985
9606.ENSP00000360141,GNAS,GNB3,0.982
9606.ENSP00000360141,GNAS,ADCY5,0.981
9606.ENSP00000360141,GNAS,RAMP1,0.98
9606.ENSP00000360141,GNAS,GNG4,0.98
9606.ENSP00000360141,GNAS,RAMP3,0.979
9606.ENSP00000360141,GNAS,ADRB1,0.979
9606.ENSP00000360141,GNAS,ADCY1,0.979
9606.ENSP00000360141,GNAS,GNG5,0.978
9606.ENSP00000360141,GNAS,ADCY2,0.978
9606.ENSP00000360141,GNAS,CRH,0.976
9606.ENSP00000360141,GNAS,GNAL,0.975
9606.ENSP00000360141,GNAS,VIPR1,0.975
9606.ENSP00000360141,GNAS,PTH,0.975
9606.ENSP00000360141,GNAS,CRHR1-2,0.973
9606.ENSP00000360141,GNAS,HTR2C,0.972
9606.ENSP00000360141,GNAS,GNG13,0.971
9606.ENSP00000360141,GNAS,GNGT1,0.971
9606.ENSP00000360141,GNAS,ADCY6,0.97
9606.ENSP00000360141,GNAS,GNG3,0.967
9606.ENSP00000360141,GNAS,ADCYAP1R1,0.967
9606.ENSP00000360141,GNAS,GNG10,0.965
9606.ENSP00000360141,GNAS,GNG7,0.964
9606.ENSP00000360141,GNAS,CALCA,0.964
9606.ENSP00000360141,GNAS,PTH2R,0.964
9606.ENSP00000360141,GNAS,GHRH,0.963
9606.ENSP00000360141,GNAS,GNB5,0.959
9606.ENSP00000360141,GNAS,DRD5,0.958
9606.ENSP00000360141,GNAS,LHCGR,0.955
9606.ENSP00000360141,GNAS,ADORA2B,0.954
9606.ENSP00000360141,GNAS,ADCY4,0.953
9606.ENSP00000360141,GNAS,LPAR3,0.952
9606.ENSP00000360141,GNAS,ADCY7,0.951
9606.ENSP00000360141,GNAS,GNG8,0.951
9606.ENSP00000360141,GNAS,HRH2,0.951
9606.ENSP00000360141,GNAS,GNG12,0.95
9606.ENSP00000360141,GNAS,GNG11,0.95
9606.ENSP00000360141,GNAS,GNGT2,0.949
9606.ENSP00000360141,GNAS,ADCY8,0.949
9606.ENSP00000360141,GNAS,ADCY3,0.948
9606.ENSP00000360141,GNAS,CRHR2,0.948
9606.ENSP00000360141,GNAS,TSHB,0.947
9606.ENSP00000360141,GNAS,SRC,0.942
9606.ENSP00000360141,GNAS,FSHR,0.942
9606.ENSP00000360141,GNAS,ADRB3,0.941
9606.ENSP00000360141,GNAS,LPAR1,0.94
9606.ENSP00000360141,GNAS,PTGER3,0.939
9606.ENSP00000360141,GNAS,GCG,0.939
9606.ENSP00000360141,GNAS,GPBAR1,0.938
9606.ENSP00000360141,GNAS,MC4R,0.938
9606.ENSP00000360141,GNAS,MC2R,0.935
9606.ENSP00000360141,GNAS,HTR2A,0.932
9606.ENSP00000360141,GNAS,GNRHR,0.931
9606.ENSP00000360141,GNAS,MC1R,0.929
9606.ENSP00000360141,GNAS,HTR2B,0.928
9606.ENSP00000360141,GNAS,SCT,0.928
9606.ENSP00000360141,GNAS,PTHLH,0.928
9606.ENSP00000360141,GNAS,IGF1R,0.927
9606.ENSP00000360141,GNAS,LPAR4,0.924
9606.ENSP00000360141,GNAS,SSTR2,0.923
9606.ENSP00000360141,GNAS,LPAR5,0.921
9606.ENSP00000360141,GNAS,GPR52,0.921
9606.ENSP00000360141,GNAS,TRHR,0.92
9606.ENSP00000360141,GNAS,NPR1,0.92
9606.ENSP00000360141,GNAS,OPRM1,0.92
9606.ENSP00000360141,GNAS,PTGER1,0.919
9606.ENSP00000360141,GNAS,GPER1,0.919
9606.ENSP00000360141,GNAS,LPAR2,0.917
9606.ENSP00000360141,GNAS,GALR2,0.917
9606.ENSP00000360141,GNAS,PRKAR1A,0.916
9606.ENSP00000360141,GNAS,HCRTR2,0.914
9606.ENSP00000360141,GNAS,ADCY10,0.913
9606.ENSP00000360141,GNAS,CCKAR,0.913
9606.ENSP00000360141,GNAS,RXFP1,0.913
9606.ENSP00000360141,GNAS,FPR1,0.911
9606.ENSP00000360141,GNAS,GIP,0.909
9606.ENSP00000360141,GNAS,PLA2G4A,0.908
9606.ENSP00000360141,GNAS,RXFP2,0.907
9606.ENSP00000360141,GNAS,ADCYAP1,0.906
9606.ENSP00000360141,GNAS,GRM1,0.905
9606.ENSP00000360141,GNAS,TACR1,0.905
9606.ENSP00000360141,GNAS,PLA2G4E,0.904
9606.ENSP00000360141,GNAS,P2RY1,0.904
9606.ENSP00000360141,GNAS,CGA,0.904
9606.ENSP00000360141,GNAS,PLA2G4F,0.903
9606.ENSP00000360141,GNAS,PLA2G4D,0.903
9606.ENSP00000360141,GNAS,PLA2G4B,0.903
9606.ENSP00000360141,GNAS,PLA2G4C,0.903
9606.ENSP00000360141,GNAS,IAPP,0.902
9606.ENSP00000360141,GNAS,F2R,0.901
9606.ENSP00000360141,GNAS,MRGPRX2,0.901
9606.ENSP00000360141,GNAS,FZD7,0.901
9606.ENSP00000360141,GNAS,TAS2R46,0.9
9606.ENSP00000360141,GNAS,IGHV3-16,0.9
9606.ENSP00000360141,GNAS,F2RL3,0.9
9606.ENSP00000360141,GNAS,MRGPRX1,0.9
9606.ENSP00000360141,GNAS,MRGPRX4,0.9
9606.ENSP00000360141,GNAS,JMJD7-PLA2G4B,0.9
9606.ENSP00000360488,FRA10AC1,ZNF32,0.913
9606.ENSP00000360608,GRIN1,GRIN2A,0.999
9606.ENSP00000360608,GRIN1,GRIN2B,0.999
9606.ENSP00000360608,GRIN1,GRIN2D,0.999
9606.ENSP00000360608,GRIN1,GRIN2C,0.999
9606.ENSP00000360608,GRIN1,GRIN3B,0.999
9606.ENSP00000360608,GRIN1,GRIN3A,0.999
9606.ENSP00000360608,GRIN1,DLG4,0.998
9606.ENSP00000360608,GRIN1,CALM3,0.996
9606.ENSP00000360608,GRIN1,CALML4,0.964
9606.ENSP00000360608,GRIN1,CALML3,0.96
9606.ENSP00000360608,GRIN1,CALML5,0.96
9606.ENSP00000360608,GRIN1,CALML6,0.959
9606.ENSP00000360608,GRIN1,NOS1,0.955
9606.ENSP00000360608,GRIN1,CALM1,0.944
9606.ENSP00000360608,GRIN1,PDYN,0.93
9606.ENSP00000360608,GRIN1,P2RX4,0.921
9606.ENSP00000360608,GRIN1,P2RX3,0.921
9606.ENSP00000360608,GRIN1,P2RX1,0.915
9606.ENSP00000360608,GRIN1,P2RX6,0.912
9606.ENSP00000360608,GRIN1,CAMK2A,0.911
9606.ENSP00000360608,GRIN1,CALM2,0.909
9606.ENSP00000360608,GRIN1,P2RX5,0.909
9606.ENSP00000360608,GRIN1,P2RX7,0.909
9606.ENSP00000360608,GRIN1,GRIA1,0.907
9606.ENSP00000360608,GRIN1,GRIA2,0.901
9606.ENSP00000360609,HSP90AB1,HSPA4,0.999
9606.ENSP00000360609,HSP90AB1,CDC37,0.999
9606.ENSP00000360609,HSP90AB1,AHSA1,0.999
9606.ENSP00000360609,HSP90AB1,STUB1,0.999
9606.ENSP00000360609,HSP90AB1,CDK4,0.999
9606.ENSP00000360609,HSP90AB1,AIP,0.999
9606.ENSP00000360609,HSP90AB1,AR,0.999
9606.ENSP00000360609,HSP90AB1,TOMM70,0.999
9606.ENSP00000360609,HSP90AB1,FKBP4,0.999
9606.ENSP00000360609,HSP90AB1,STIP1,0.999
9606.ENSP00000360609,HSP90AB1,FKBP5,0.999
9606.ENSP00000360609,HSP90AB1,HSPA8,0.999
9606.ENSP00000360609,HSP90AB1,AKT1,0.999
9606.ENSP00000360609,HSP90AB1,DNAJB1,0.999
9606.ENSP00000360609,HSP90AB1,PTGES3,0.999
9606.ENSP00000360609,HSP90AB1,PPID,0.999
9606.ENSP00000360609,HSP90AB1,NR3C1,0.998
9606.ENSP00000360609,HSP90AB1,HIF1A,0.998
9606.ENSP00000360609,HSP90AB1,HDAC6,0.998
9606.ENSP00000360609,HSP90AB1,NOS3,0.998
9606.ENSP00000360609,HSP90AB1,SUGT1,0.998
9606.ENSP00000360609,HSP90AB1,BRAF,0.998
9606.ENSP00000360609,HSP90AB1,MTOR,0.998
9606.ENSP00000360609,HSP90AB1,EGFR,0.998
9606.ENSP00000360609,HSP90AB1,HSP90AA1,0.997
9606.ENSP00000360609,HSP90AB1,PPP5C,0.997
9606.ENSP00000360609,HSP90AB1,TP53,0.995
9606.ENSP00000360609,HSP90AB1,SRC,0.995
9606.ENSP00000360609,HSP90AB1,CALML4,0.995
9606.ENSP00000360609,HSP90AB1,AHR,0.995
9606.ENSP00000360609,HSP90AB1,CALM3,0.995
9606.ENSP00000360609,HSP90AB1,CALML5,0.995
9606.ENSP00000360609,HSP90AB1,CALML6,0.995
9606.ENSP00000360609,HSP90AB1,CALML3,0.995
9606.ENSP00000360609,HSP90AB1,ST13,0.995
9606.ENSP00000360609,HSP90AB1,ESR1,0.993
9606.ENSP00000360609,HSP90AB1,RAF1,0.993
9606.ENSP00000360609,HSP90AB1,ERBB2,0.993
9606.ENSP00000360609,HSP90AB1,AGO2,0.992
9606.ENSP00000360609,HSP90AB1,RPAP3,0.992
9606.ENSP00000360609,HSP90AB1,HSF1,0.992
9606.ENSP00000360609,HSP90AB1,HSPA1B,0.991
9606.ENSP00000360609,HSP90AB1,LRP1,0.99
9606.ENSP00000360609,HSP90AB1,FKBP8,0.989
9606.ENSP00000360609,HSP90AB1,TLR4,0.988
9606.ENSP00000360609,HSP90AB1,APAF1,0.988
9606.ENSP00000360609,HSP90AB1,TERT,0.987
9606.ENSP00000360609,HSP90AB1,NLRP3,0.986
9606.ENSP00000360609,HSP90AB1,CAV1,0.983
9606.ENSP00000360609,HSP90AB1,PPIF,0.982
9606.ENSP00000360609,HSP90AB1,TLR2,0.982
9606.ENSP00000360609,HSP90AB1,RSF1,0.981
9606.ENSP00000360609,HSP90AB1,CHUK,0.979
9606.ENSP00000360609,HSP90AB1,PGR,0.978
9606.ENSP00000360609,HSP90AB1,HSPA5,0.977
9606.ENSP00000360609,HSP90AB1,IKBKB,0.976
9606.ENSP00000360609,HSP90AB1,CALR,0.975
9606.ENSP00000360609,HSP90AB1,FKBPL,0.974
9606.ENSP00000360609,HSP90AB1,RIPK1,0.972
9606.ENSP00000360609,HSP90AB1,PIH1D1,0.972
9606.ENSP00000360609,HSP90AB1,HSPD1,0.97
9606.ENSP00000360609,HSP90AB1,CCT2,0.97
9606.ENSP00000360609,HSP90AB1,RUVBL1,0.97
9606.ENSP00000360609,HSP90AB1,HSPA1A,0.969
9606.ENSP00000360609,HSP90AB1,DNAJA1,0.967
9606.ENSP00000360609,HSP90AB1,RIPK3,0.964
9606.ENSP00000360609,HSP90AB1,CFTR,0.964
9606.ENSP00000360609,HSP90AB1,HDAC4,0.962
9606.ENSP00000360609,HSP90AB1,BAG3,0.96
9606.ENSP00000360609,HSP90AB1,CCT5,0.959
9606.ENSP00000360609,HSP90AB1,AKT3,0.956
9606.ENSP00000360609,HSP90AB1,TCP1,0.956
9606.ENSP00000360609,HSP90AB1,CCT7,0.956
9606.ENSP00000360609,HSP90AB1,HSPA9,0.955
9606.ENSP00000360609,HSP90AB1,CDC37L1,0.954
9606.ENSP00000360609,HSP90AB1,HSP90B1,0.953
9606.ENSP00000360609,HSP90AB1,HSPB1,0.952
9606.ENSP00000360609,HSP90AB1,HSPB8,0.948
9606.ENSP00000360609,HSP90AB1,CCT8,0.947
9606.ENSP00000360609,HSP90AB1,AKT2,0.946
9606.ENSP00000360609,HSP90AB1,CCT4,0.946
9606.ENSP00000360609,HSP90AB1,UNC45B,0.945
9606.ENSP00000360609,HSP90AB1,MLKL,0.943
9606.ENSP00000360609,HSP90AB1,CHORDC1,0.942
9606.ENSP00000360609,HSP90AB1,LRRK2,0.942
9606.ENSP00000360609,HSP90AB1,CCT3,0.94
9606.ENSP00000360609,HSP90AB1,MAPT,0.938
9606.ENSP00000360609,HSP90AB1,RUVBL2,0.937
9606.ENSP00000360609,HSP90AB1,KEAP1,0.933
9606.ENSP00000360609,HSP90AB1,HSPB2,0.931
9606.ENSP00000360609,HSP90AB1,ABL1,0.93
9606.ENSP00000360609,HSP90AB1,HSPE1,0.928
9606.ENSP00000360609,HSP90AB1,MOS,0.928
9606.ENSP00000360609,HSP90AB1,RIPK2,0.928
9606.ENSP00000360609,HSP90AB1,IKBKG,0.928
9606.ENSP00000360609,HSP90AB1,EZR,0.927
9606.ENSP00000360609,HSP90AB1,CCT6A,0.924
9606.ENSP00000360609,HSP90AB1,HSPA1L,0.924
9606.ENSP00000360609,HSP90AB1,HSPB3,0.921
9606.ENSP00000360609,HSP90AB1,GSK3B,0.92
9606.ENSP00000360609,HSP90AB1,TGFBR2,0.92
9606.ENSP00000360609,HSP90AB1,HSPH1,0.916
9606.ENSP00000360609,HSP90AB1,AGO1,0.913
9606.ENSP00000360609,HSP90AB1,BCL2A1,0.912
9606.ENSP00000360609,HSP90AB1,ACTB,0.911
9606.ENSP00000360609,HSP90AB1,TSG101,0.911
9606.ENSP00000360609,HSP90AB1,VCP,0.906
9606.ENSP00000360609,HSP90AB1,NCOR1,0.906
9606.ENSP00000360609,HSP90AB1,HSPBP1,0.902
9606.ENSP00000360798,EPS15,EPN2,0.999
9606.ENSP00000360798,EPS15,FCHO1,0.999
9606.ENSP00000360798,EPS15,STON2,0.999
9606.ENSP00000360798,EPS15,EPN3,0.999
9606.ENSP00000360798,EPS15,EPN1,0.998
9606.ENSP00000360798,EPS15,ITSN2,0.997
9606.ENSP00000360798,EPS15,ITSN1,0.997
9606.ENSP00000360798,EPS15,FCHO2,0.996
9606.ENSP00000360798,EPS15,EGFR,0.994
9606.ENSP00000360798,EPS15,SGIP1,0.993
9606.ENSP00000360798,EPS15,AP2A1,0.991
9606.ENSP00000360798,EPS15,EPS15L1,0.99
9606.ENSP00000360798,EPS15,NUMB,0.99
9606.ENSP00000360798,EPS15,HGS,0.989
9606.ENSP00000360798,EPS15,NUMBL,0.987
9606.ENSP00000360798,EPS15,CLTC,0.974
9606.ENSP00000360798,EPS15,AP2B1,0.973
9606.ENSP00000360798,EPS15,AAK1,0.96
9606.ENSP00000360798,EPS15,AP2A2,0.958
9606.ENSP00000360798,EPS15,AP2M1,0.958
9606.ENSP00000360798,EPS15,SPART,0.955
9606.ENSP00000360798,EPS15,SNAP91,0.955
9606.ENSP00000360798,EPS15,AP2S1,0.952
9606.ENSP00000360798,EPS15,UBC,0.951
9606.ENSP00000360798,EPS15,PICALM,0.946
9606.ENSP00000360798,EPS15,SYNJ1,0.943
9606.ENSP00000360798,EPS15,CLTCL1,0.939
9606.ENSP00000360798,EPS15,STAM2,0.931
9606.ENSP00000360798,EPS15,UBQLN1,0.93
9606.ENSP00000360798,EPS15,AGFG1,0.925
9606.ENSP00000360798,EPS15,CLTB,0.921
9606.ENSP00000360798,EPS15,CRK,0.916
9606.ENSP00000360798,EPS15,UBQLN2,0.908
9606.ENSP00000360798,EPS15,SH3BP4,0.904
9606.ENSP00000360798,EPS15,STAM,0.903
9606.ENSP00000360876,IFIT3,RSAD2,0.999
9606.ENSP00000360876,IFIT3,IFIT1,0.999
9606.ENSP00000360876,IFIT3,IFIT2,0.999
9606.ENSP00000360876,IFIT3,STAT1,0.985
9606.ENSP00000360876,IFIT3,IFI44,0.984
9606.ENSP00000360876,IFIT3,IFI44L,0.982
9606.ENSP00000360876,IFIT3,ISG15,0.976
9606.ENSP00000360876,IFIT3,IFIH1,0.972
9606.ENSP00000360876,IFIT3,MX1,0.972
9606.ENSP00000360876,IFIT3,DDX58,0.966
9606.ENSP00000360876,IFIT3,OASL,0.964
9606.ENSP00000360876,IFIT3,IFI6,0.957
9606.ENSP00000360876,IFIT3,OAS1,0.947
9606.ENSP00000360876,IFIT3,OAS2,0.947
9606.ENSP00000360876,IFIT3,EIF2AK2,0.943
9606.ENSP00000360876,IFIT3,OAS3,0.942
9606.ENSP00000360876,IFIT3,IRF9,0.941
9606.ENSP00000360876,IFIT3,HERC5,0.939
9606.ENSP00000360876,IFIT3,XAF1,0.938
9606.ENSP00000360876,IFIT3,DDX60,0.936
9606.ENSP00000360876,IFIT3,IFI35,0.926
9606.ENSP00000360876,IFIT3,PARP9,0.925
9606.ENSP00000360876,IFIT3,IFITM3,0.923
9606.ENSP00000360876,IFIT3,STAT2,0.914
9606.ENSP00000360876,IFIT3,SAMD9L,0.913
9606.ENSP00000360876,IFIT3,IFI27,0.904
9606.ENSP00000360876,IFIT3,CMPK2,0.904
9606.ENSP00000360876,IFIT3,USP18,0.902
9606.ENSP00000362183,GRIK3,GRIK4,0.991
9606.ENSP00000362183,GRIK3,GRIK1,0.989
9606.ENSP00000362183,GRIK3,GRIK5,0.986
9606.ENSP00000362183,GRIK3,GRIK2,0.985
9606.ENSP00000362649,HDAC1,SAP30,0.999
9606.ENSP00000362649,HDAC1,RBBP7,0.999
9606.ENSP00000362649,HDAC1,RBBP4,0.999
9606.ENSP00000362649,HDAC1,SIN3A,0.999
9606.ENSP00000362649,HDAC1,MBD2,0.999
9606.ENSP00000362649,HDAC1,CHD4,0.999
9606.ENSP00000362649,HDAC1,CHD3,0.999
9606.ENSP00000362649,HDAC1,MECP2,0.999
9606.ENSP00000362649,HDAC1,EHMT2,0.999
9606.ENSP00000362649,HDAC1,MTA2,0.999
9606.ENSP00000362649,HDAC1,GATAD2B,0.999
9606.ENSP00000362649,HDAC1,DNMT1,0.999
9606.ENSP00000362649,HDAC1,EZH2,0.999
9606.ENSP00000362649,HDAC1,TP53,0.999
9606.ENSP00000362649,HDAC1,EP300,0.999
9606.ENSP00000362649,HDAC1,SIN3B,0.999
9606.ENSP00000362649,HDAC1,DNMT3B,0.999
9606.ENSP00000362649,HDAC1,MTA3,0.999
9606.ENSP00000362649,HDAC1,RB1,0.999
9606.ENSP00000362649,HDAC1,GATAD2A,0.999
9606.ENSP00000362649,HDAC1,RCOR1,0.999
9606.ENSP00000362649,HDAC1,KDM1A,0.999
9606.ENSP00000362649,HDAC1,NCOR2,0.999
9606.ENSP00000362649,HDAC1,SUDS3,0.999
9606.ENSP00000362649,HDAC1,YY1,0.999
9606.ENSP00000362649,HDAC1,NCOR1,0.999
9606.ENSP00000362649,HDAC1,CTBP1,0.999
9606.ENSP00000362649,HDAC1,MTA1,0.999
9606.ENSP00000362649,HDAC1,E2F1,0.999
9606.ENSP00000362649,HDAC1,HDAC2,0.999
9606.ENSP00000362649,HDAC1,SNAI1,0.999
9606.ENSP00000362649,HDAC1,PHF21A,0.998
9606.ENSP00000362649,HDAC1,ESR1,0.998
9606.ENSP00000362649,HDAC1,RUNX1,0.998
9606.ENSP00000362649,HDAC1,RELA,0.998
9606.ENSP00000362649,HDAC1,SAP18,0.998
9606.ENSP00000362649,HDAC1,HMG20B,0.998
9606.ENSP00000362649,HDAC1,ING1,0.997
9606.ENSP00000362649,HDAC1,DNMT3A,0.997
9606.ENSP00000362649,HDAC1,NFKB1,0.996
9606.ENSP00000362649,HDAC1,UHRF1,0.996
9606.ENSP00000362649,HDAC1,MBD3,0.996
9606.ENSP00000362649,HDAC1,E2F4,0.996
9606.ENSP00000362649,HDAC1,MORF4L1,0.995
9606.ENSP00000362649,HDAC1,SUV39H1,0.994
9606.ENSP00000362649,HDAC1,DNTTIP1,0.994
9606.ENSP00000362649,HDAC1,REST,0.994
9606.ENSP00000362649,HDAC1,SIRT1,0.993
9606.ENSP00000362649,HDAC1,BRMS1,0.992
9606.ENSP00000362649,HDAC1,BRMS1L,0.992
9606.ENSP00000362649,HDAC1,SETDB1,0.992
9606.ENSP00000362649,HDAC1,MYC,0.991
9606.ENSP00000362649,HDAC1,CEBPB,0.991
9606.ENSP00000362649,HDAC1,SP1,0.991
9606.ENSP00000362649,HDAC1,RBL2,0.991
9606.ENSP00000362649,HDAC1,ING2,0.99
9606.ENSP00000362649,HDAC1,ARID4B,0.99
9606.ENSP00000362649,HDAC1,SMARCA4,0.989
9606.ENSP00000362649,HDAC1,DNMT3L,0.989
9606.ENSP00000362649,HDAC1,IKZF1,0.987
9606.ENSP00000362649,HDAC1,PHF12,0.987
9606.ENSP00000362649,HDAC1,ZNF217,0.987
9606.ENSP00000362649,HDAC1,H3-3B,0.986
9606.ENSP00000362649,HDAC1,H3C12,0.986
9606.ENSP00000362649,HDAC1,ARID4A,0.986
9606.ENSP00000362649,HDAC1,KDM5B,0.986
9606.ENSP00000362649,HDAC1,RBPJ,0.986
9606.ENSP00000362649,HDAC1,KAT5,0.985
9606.ENSP00000362649,HDAC1,IRF1,0.985
9606.ENSP00000362649,HDAC1,CTNNB1,0.985
9606.ENSP00000362649,HDAC1,H4C6,0.984
9606.ENSP00000362649,HDAC1,STAT3,0.984
9606.ENSP00000362649,HDAC1,H3C13,0.984
9606.ENSP00000362649,HDAC1,HIF1A,0.983
9606.ENSP00000362649,HDAC1,TLE3,0.982
9606.ENSP00000362649,HDAC1,HDAC9,0.982
9606.ENSP00000362649,HDAC1,MIER1,0.981
9606.ENSP00000362649,HDAC1,SMAD2,0.98
9606.ENSP00000362649,HDAC1,SMAD3,0.98
9606.ENSP00000362649,HDAC1,SAP30L,0.978
9606.ENSP00000362649,HDAC1,KAT2B,0.976
9606.ENSP00000362649,HDAC1,H3-4,0.976
9606.ENSP00000362649,HDAC1,ZEB1,0.975
9606.ENSP00000362649,HDAC1,KAT2A,0.974
9606.ENSP00000362649,HDAC1,CTBP2,0.974
9606.ENSP00000362649,HDAC1,RERE,0.973
9606.ENSP00000362649,HDAC1,SMAD4,0.972
9606.ENSP00000362649,HDAC1,ELMSAN1,0.971
9606.ENSP00000362649,HDAC1,STAT1,0.969
9606.ENSP00000362649,HDAC1,H3-2,0.969
9606.ENSP00000362649,HDAC1,SMARCA5,0.969
9606.ENSP00000362649,HDAC1,KDM5C,0.969
9606.ENSP00000362649,HDAC1,MECOM,0.968
9606.ENSP00000362649,HDAC1,TRIM28,0.968
9606.ENSP00000362649,HDAC1,SINHCAF,0.967
9606.ENSP00000362649,HDAC1,BAZ2A,0.967
9606.ENSP00000362649,HDAC1,JUN,0.967
9606.ENSP00000362649,HDAC1,H3-5,0.967
9606.ENSP00000362649,HDAC1,LEF1,0.966
9606.ENSP00000362649,HDAC1,SOX2,0.966
9606.ENSP00000362649,HDAC1,ZBTB7A,0.965
9606.ENSP00000362649,HDAC1,AR,0.964
9606.ENSP00000362649,HDAC1,CBX3,0.963
9606.ENSP00000362649,HDAC1,MDM2,0.963
9606.ENSP00000362649,HDAC1,CHD5,0.962
9606.ENSP00000362649,HDAC1,CSNK2A1,0.961
9606.ENSP00000362649,HDAC1,SUZ12,0.96
9606.ENSP00000362649,HDAC1,BANP,0.96
9606.ENSP00000362649,HDAC1,CREBBP,0.96
9606.ENSP00000362649,HDAC1,BRCA1,0.958
9606.ENSP00000362649,HDAC1,GFI1,0.957
9606.ENSP00000362649,HDAC1,FOSB,0.957
9606.ENSP00000362649,HDAC1,BRD4,0.954
9606.ENSP00000362649,HDAC1,EED,0.952
9606.ENSP00000362649,HDAC1,SOX6,0.952
9606.ENSP00000362649,HDAC1,GSE1,0.952
9606.ENSP00000362649,HDAC1,TET1,0.951
9606.ENSP00000362649,HDAC1,WDR5,0.95
9606.ENSP00000362649,HDAC1,ZBTB16,0.949
9606.ENSP00000362649,HDAC1,SATB1,0.949
9606.ENSP00000362649,HDAC1,ATM,0.948
9606.ENSP00000362649,HDAC1,BCL11B,0.947
9606.ENSP00000362649,HDAC1,ZMYM2,0.947
9606.ENSP00000362649,HDAC1,CDK2AP1,0.947
9606.ENSP00000362649,HDAC1,RUVBL2,0.946
9606.ENSP00000362649,HDAC1,PHB2,0.946
9606.ENSP00000362649,HDAC1,MACROH2A1,0.945
9606.ENSP00000362649,HDAC1,DDX5,0.944
9606.ENSP00000362649,HDAC1,TLE1,0.943
9606.ENSP00000362649,HDAC1,EHMT1,0.942
9606.ENSP00000362649,HDAC1,UHRF2,0.94
9606.ENSP00000362649,HDAC1,CEBPA,0.939
9606.ENSP00000362649,HDAC1,RFX1,0.938
9606.ENSP00000362649,HDAC1,DDX17,0.936
9606.ENSP00000362649,HDAC1,ZFPM1,0.936
9606.ENSP00000362649,HDAC1,BCL6,0.935
9606.ENSP00000362649,HDAC1,SPHK2,0.933
9606.ENSP00000362649,HDAC1,SMARCB1,0.932
9606.ENSP00000362649,HDAC1,NR3C1,0.929
9606.ENSP00000362649,HDAC1,USP7,0.929
9606.ENSP00000362649,HDAC1,FKBP3,0.928
9606.ENSP00000362649,HDAC1,TCF7L2,0.926
9606.ENSP00000362649,HDAC1,MYOD1,0.926
9606.ENSP00000362649,HDAC1,KDM5A,0.925
9606.ENSP00000362649,HDAC1,HDAC3,0.925
9606.ENSP00000362649,HDAC1,SNAI2,0.924
9606.ENSP00000362649,HDAC1,PHB,0.923
9606.ENSP00000362649,HDAC1,SAP130,0.922
9606.ENSP00000362649,HDAC1,DAXX,0.922
9606.ENSP00000362649,HDAC1,SFPQ,0.921
9606.ENSP00000362649,HDAC1,HSPA4,0.921
9606.ENSP00000362649,HDAC1,CIR1,0.921
9606.ENSP00000362649,HDAC1,RBPJL,0.921
9606.ENSP00000362649,HDAC1,ATF3,0.918
9606.ENSP00000362649,HDAC1,MYCN,0.914
9606.ENSP00000362649,HDAC1,BCL11A,0.913
9606.ENSP00000362649,HDAC1,GATA3,0.911
9606.ENSP00000362649,HDAC1,MORF4L2,0.911
9606.ENSP00000362649,HDAC1,H2AC18,0.911
9606.ENSP00000362649,HDAC1,SMARCC1,0.909
9606.ENSP00000362649,HDAC1,FOXP3,0.909
9606.ENSP00000362649,HDAC1,AGO1,0.909
9606.ENSP00000362649,HDAC1,BCL3,0.909
9606.ENSP00000362649,HDAC1,STAT2,0.909
9606.ENSP00000362649,HDAC1,ZMYM3,0.908
9606.ENSP00000362649,HDAC1,PRMT1,0.907
9606.ENSP00000362649,HDAC1,NKX2-2,0.906
9606.ENSP00000362649,HDAC1,CDKN1A,0.903
9606.ENSP00000362649,HDAC1,PML,0.903
9606.ENSP00000362649,HDAC1,NSD2,0.901
9606.ENSP00000362649,HDAC1,PARP1,0.9
9606.ENSP00000363317,FRMPD2,PTPN20,0.951
9606.ENSP00000363377,FOXO4,TP53,0.995
9606.ENSP00000363377,FOXO4,AKT1,0.992
9606.ENSP00000363377,FOXO4,CREBBP,0.984
9606.ENSP00000363377,FOXO4,EP300,0.983
9606.ENSP00000363377,FOXO4,USP7,0.978
9606.ENSP00000363377,FOXO4,ATXN3,0.974
9606.ENSP00000363377,FOXO4,AKT2,0.957
9606.ENSP00000363377,FOXO4,AKT3,0.953
9606.ENSP00000363377,FOXO4,SGK1,0.952
9606.ENSP00000363377,FOXO4,MAPK8,0.938
9606.ENSP00000363377,FOXO4,FASLG,0.938
9606.ENSP00000363377,FOXO4,STK11,0.937
9606.ENSP00000363377,FOXO4,CDK2,0.937
9606.ENSP00000363377,FOXO4,STAT3,0.936
9606.ENSP00000363377,FOXO4,NLK,0.934
9606.ENSP00000363377,FOXO4,MAPK3,0.934
9606.ENSP00000363377,FOXO4,FOXO1,0.932
9606.ENSP00000363377,FOXO4,SIRT1,0.932
9606.ENSP00000363377,FOXO4,IKBKB,0.929
9606.ENSP00000363377,FOXO4,MAPK11,0.925
9606.ENSP00000363377,FOXO4,PRMT1,0.924
9606.ENSP00000363377,FOXO4,MAPK9,0.924
9606.ENSP00000363377,FOXO4,MAPK14,0.923
9606.ENSP00000363377,FOXO4,SGK2,0.923
9606.ENSP00000363377,FOXO4,MAPK1,0.922
9606.ENSP00000363377,FOXO4,MAPK12,0.92
9606.ENSP00000363377,FOXO4,CHUK,0.92
9606.ENSP00000363377,FOXO4,FOXO3,0.92
9606.ENSP00000363377,FOXO4,MAPK13,0.918
9606.ENSP00000363377,FOXO4,CTNNB1,0.915
9606.ENSP00000363377,FOXO4,SETD7,0.914
9606.ENSP00000363377,FOXO4,STK4,0.914
9606.ENSP00000363377,FOXO4,SGK3,0.911
9606.ENSP00000363377,FOXO4,CSNK1E,0.905
9606.ENSP00000363436,GPRIN2,HYDIN,0.914
9606.ENSP00000363492,GDF5,BMPR1B,0.999
9606.ENSP00000363492,GDF5,BMPR1A,0.998
9606.ENSP00000363492,GDF5,NOG,0.997
9606.ENSP00000363492,GDF5,BMPR2,0.995
9606.ENSP00000363492,GDF5,ACVR2A,0.986
9606.ENSP00000363492,GDF5,ACVR2B,0.985
9606.ENSP00000363492,GDF5,CHRD,0.971
9606.ENSP00000363492,GDF5,CXCR4,0.938
9606.ENSP00000363492,GDF5,RGMA,0.926
9606.ENSP00000363492,GDF5,NBL1,0.923
9606.ENSP00000363492,GDF5,RGMB,0.922
9606.ENSP00000363492,GDF5,HJV,0.915
9606.ENSP00000363492,GDF5,PAEP,0.906
9606.ENSP00000363689,ID3,TCF3,0.951
9606.ENSP00000363689,ID3,TCF4,0.906
9606.ENSP00000363827,HSPG2,NID2,0.999
9606.ENSP00000363827,HSPG2,DAG1,0.999
9606.ENSP00000363827,HSPG2,NID1,0.999
9606.ENSP00000363827,HSPG2,FGF2,0.998
9606.ENSP00000363827,HSPG2,BGN,0.997
9606.ENSP00000363827,HSPG2,FN1,0.996
9606.ENSP00000363827,HSPG2,AGRN,0.993
9606.ENSP00000363827,HSPG2,FBLN2,0.993
9606.ENSP00000363827,HSPG2,FGF7,0.99
9606.ENSP00000363827,HSPG2,DCN,0.986
9606.ENSP00000363827,HSPG2,KDR,0.975
9606.ENSP00000363827,HSPG2,FGF18,0.97
9606.ENSP00000363827,HSPG2,FGF13,0.966
9606.ENSP00000363827,HSPG2,SDC1,0.966
9606.ENSP00000363827,HSPG2,APOE,0.954
9606.ENSP00000363827,HSPG2,FGF4,0.953
9606.ENSP00000363827,HSPG2,FGF9,0.949
9606.ENSP00000363827,HSPG2,FGF22,0.949
9606.ENSP00000363827,HSPG2,FGF16,0.949
9606.ENSP00000363827,HSPG2,FGF20,0.949
9606.ENSP00000363827,HSPG2,FGF6,0.948
9606.ENSP00000363827,HSPG2,FGF17,0.947
9606.ENSP00000363827,HSPG2,ITGB1,0.947
9606.ENSP00000363827,HSPG2,FGF5,0.946
9606.ENSP00000363827,HSPG2,FGF8,0.946
9606.ENSP00000363827,HSPG2,FGF3,0.946
9606.ENSP00000363827,HSPG2,ITGA2,0.937
9606.ENSP00000363827,HSPG2,FGF10,0.931
9606.ENSP00000363827,HSPG2,CCN2,0.909
9606.ENSP00000363827,HSPG2,GRN,0.907
9606.ENSP00000363827,HSPG2,FBLN1,0.904
9606.ENSP00000363827,HSPG2,FGF1,0.901
9606.ENSP00000364035,FAAH2,GATB,0.992
9606.ENSP00000364035,FAAH2,EPRS1,0.949
9606.ENSP00000364035,FAAH2,DARS2,0.9
9606.ENSP00000364114,HLA-DRB5,HLA-DRA,0.999
9606.ENSP00000364114,HLA-DRB5,CD74,0.986
9606.ENSP00000364114,HLA-DRB5,HLA-DRB1,0.955
9606.ENSP00000364114,HLA-DRB5,CD4,0.945
9606.ENSP00000364114,HLA-DRB5,CD247,0.945
9606.ENSP00000364114,HLA-DRB5,LOC102723407,0.937
9606.ENSP00000364114,HLA-DRB5,HLA-DQA2,0.931
9606.ENSP00000364114,HLA-DRB5,HLA-DMA,0.927
9606.ENSP00000364114,HLA-DRB5,HLA-DPA1,0.91
9606.ENSP00000364114,HLA-DRB5,HLA-DQA1,0.904
9606.ENSP00000364265,FOXE1,NKX2-1,0.951
9606.ENSP00000364265,FOXE1,PAX8,0.94
9606.ENSP00000364805,HSPA1L,HSP90AA1,0.996
9606.ENSP00000364805,HSPA1L,STIP1,0.995
9606.ENSP00000364805,HSPA1L,NR3C1,0.985
9606.ENSP00000364805,HSPA1L,DNAJB1,0.969
9606.ENSP00000364805,HSPA1L,DNAJA1,0.96
9606.ENSP00000364805,HSPA1L,DNAJB4,0.938
9606.ENSP00000364805,HSPA1L,DNAJA2,0.928
9606.ENSP00000364805,HSPA1L,HSP90AB1,0.924
9606.ENSP00000364805,HSPA1L,DNAJC7,0.914
9606.ENSP00000364805,HSPA1L,TLR2,0.91
9606.ENSP00000364805,HSPA1L,MAPK9,0.906
9606.ENSP00000364805,HSPA1L,MAPK8,0.904
9606.ENSP00000365280,ID1,FOXO3,0.989
9606.ENSP00000365280,ID1,TCF3,0.973
9606.ENSP00000365280,ID1,TCF4,0.972
9606.ENSP00000365280,ID1,ETS2,0.958
9606.ENSP00000365280,ID1,THBS1,0.957
9606.ENSP00000365280,ID1,MYOD1,0.946
9606.ENSP00000365280,ID1,TCF12,0.904
9606.ENSP00000365280,ID1,RAP1A,0.901
9606.ENSP00000365280,ID1,RAP1B,0.9
9606.ENSP00000365301,FGF14,SCN8A,0.962
9606.ENSP00000365402,HLA-C,KIR2DL3,0.999
9606.ENSP00000365402,HLA-C,B2M,0.999
9606.ENSP00000365402,HLA-C,KIR2DL1,0.999
9606.ENSP00000365402,HLA-C,KLRD1,0.998
9606.ENSP00000365402,HLA-C,HLA-A,0.998
9606.ENSP00000365402,HLA-C,HLA-B,0.998
9606.ENSP00000365402,HLA-C,LILRB1,0.997
9606.ENSP00000365402,HLA-C,KIR3DL1,0.996
9606.ENSP00000365402,HLA-C,CD8A,0.994
9606.ENSP00000365402,HLA-C,HLA-F,0.99
9606.ENSP00000365402,HLA-C,SORBS1,0.99
9606.ENSP00000365402,HLA-C,HLA-E,0.989
9606.ENSP00000365402,HLA-C,KLRC1,0.988
9606.ENSP00000365402,HLA-C,TAPBP,0.981
9606.ENSP00000365402,HLA-C,HLA-DMA,0.974
9606.ENSP00000365402,HLA-C,SPART,0.97
9606.ENSP00000365402,HLA-C,HLA-DRB1,0.967
9606.ENSP00000365402,HLA-C,HLA-DRA,0.961
9606.ENSP00000365402,HLA-C,HLA-DOA,0.959
9606.ENSP00000365402,HLA-C,KIR3DL2,0.955
9606.ENSP00000365402,HLA-C,LILRB2,0.953
9606.ENSP00000365402,HLA-C,LOC102723407,0.952
9606.ENSP00000365402,HLA-C,HLA-DOB,0.951
9606.ENSP00000365402,HLA-C,HLA-G,0.95
9606.ENSP00000365402,HLA-C,HLA-DMB,0.95
9606.ENSP00000365402,HLA-C,HLA-DQA1,0.945
9606.ENSP00000365402,HLA-C,CD160,0.942
9606.ENSP00000365402,HLA-C,HLA-DPA1,0.942
9606.ENSP00000365402,HLA-C,HLA-DPB1,0.938
9606.ENSP00000365402,HLA-C,PDIA3,0.933
9606.ENSP00000365402,HLA-C,CALR,0.93
9606.ENSP00000365402,HLA-C,HLA-DQA2,0.925
9606.ENSP00000365402,HLA-C,CD8B2,0.922
9606.ENSP00000365402,HLA-C,KIR3DL3,0.915
9606.ENSP00000365402,HLA-C,LILRA1,0.911
9606.ENSP00000365458,HNRNPK,PTBP1,0.997
9606.ENSP00000365458,HNRNPK,HNRNPA1,0.995
9606.ENSP00000365458,HNRNPK,DESI1,0.994
9606.ENSP00000365458,HNRNPK,NCL,0.993
9606.ENSP00000365458,HNRNPK,HNRNPU,0.991
9606.ENSP00000365458,HNRNPK,HNRNPL,0.99
9606.ENSP00000365458,HNRNPK,PCBP1,0.989
9606.ENSP00000365458,HNRNPK,RBMX,0.988
9606.ENSP00000365458,HNRNPK,KHDRBS1,0.986
9606.ENSP00000365458,HNRNPK,HNRNPA2B1,0.983
9606.ENSP00000365458,HNRNPK,HNRNPC,0.982
9606.ENSP00000365458,HNRNPK,HNRNPM,0.981
9606.ENSP00000365458,HNRNPK,HNRNPH1,0.975
9606.ENSP00000365458,HNRNPK,PUF60,0.974
9606.ENSP00000365458,HNRNPK,RBM42,0.973
9606.ENSP00000365458,HNRNPK,SF3B3,0.971
9606.ENSP00000365458,HNRNPK,HNRNPF,0.971
9606.ENSP00000365458,HNRNPK,KPNA2,0.968
9606.ENSP00000365458,HNRNPK,SRSF1,0.966
9606.ENSP00000365458,HNRNPK,HNRNPD,0.965
9606.ENSP00000365458,HNRNPK,FXR2,0.963
9606.ENSP00000365458,HNRNPK,HNRNPR,0.962
9606.ENSP00000365458,HNRNPK,SRSF3,0.962
9606.ENSP00000365458,HNRNPK,SYNCRIP,0.959
9606.ENSP00000365458,HNRNPK,HNRNPA0,0.957
9606.ENSP00000365458,HNRNPK,ELAVL1,0.955
9606.ENSP00000365458,HNRNPK,PABPC1,0.954
9606.ENSP00000365458,HNRNPK,TARDBP,0.949
9606.ENSP00000365458,HNRNPK,U2AF2,0.947
9606.ENSP00000365458,HNRNPK,MATR3-2,0.947
9606.ENSP00000365458,HNRNPK,TP53,0.943
9606.ENSP00000365458,HNRNPK,PCBP2,0.941
9606.ENSP00000365458,HNRNPK,DHX9,0.939
9606.ENSP00000365458,HNRNPK,FXR1,0.938
9606.ENSP00000365458,HNRNPK,ILF3,0.936
9606.ENSP00000365458,HNRNPK,DDX5,0.935
9606.ENSP00000365458,HNRNPK,FUS,0.927
9606.ENSP00000365458,HNRNPK,SRSF2,0.924
9606.ENSP00000365458,HNRNPK,MATR3,0.923
9606.ENSP00000365458,HNRNPK,HNRNPA3,0.923
9606.ENSP00000365458,HNRNPK,QKI,0.922
9606.ENSP00000365458,HNRNPK,TRA2B,0.916
9606.ENSP00000365458,HNRNPK,SFPQ,0.913
9606.ENSP00000365458,HNRNPK,RBM14,0.909
9606.ENSP00000365596,GPR183,GNAI1,0.907
9606.ENSP00000365807,GNA14,PLCB2,0.957
9606.ENSP00000365807,GNA14,PLCB1,0.947
9606.ENSP00000365807,GNA14,PLCB3,0.946
9606.ENSP00000365807,GNA14,PLCB4,0.944
9606.ENSP00000365807,GNA14,BDKRB2,0.913
9606.ENSP00000365858,GATA1,ZFPM1,0.999
9606.ENSP00000365858,GATA1,TAL1,0.999
9606.ENSP00000365858,GATA1,LMO2,0.999
9606.ENSP00000365858,GATA1,LDB1,0.998
9606.ENSP00000365858,GATA1,KLF1,0.997
9606.ENSP00000365858,GATA1,SPI1,0.996
9606.ENSP00000365858,GATA1,TCF3,0.995
9606.ENSP00000365858,GATA1,LDB2,0.995
9606.ENSP00000365858,GATA1,RUNX1,0.989
9606.ENSP00000365858,GATA1,BRD3,0.986
9606.ENSP00000365858,GATA1,EP300,0.984
9606.ENSP00000365858,GATA1,GATA2,0.976
9606.ENSP00000365858,GATA1,GFI1B,0.95
9606.ENSP00000365858,GATA1,CBFA2T3,0.949
9606.ENSP00000365858,GATA1,ALAS2,0.947
9606.ENSP00000365858,GATA1,NFE2,0.944
9606.ENSP00000365858,GATA1,IKZF1,0.939
9606.ENSP00000365858,GATA1,ZFPM2,0.926
9606.ENSP00000365858,GATA1,SOX6,0.923
9606.ENSP00000365858,GATA1,ITGA2B,0.917
9606.ENSP00000365858,GATA1,MYB,0.91
9606.ENSP00000366702,ERRFI1,EGFR,0.996
9606.ENSP00000366974,H4C2,H2AC4,0.995
9606.ENSP00000366974,H4C2,H4C13,0.992
9606.ENSP00000366974,H4C2,H3C1,0.992
9606.ENSP00000366974,H4C2,H2AC8,0.992
9606.ENSP00000366974,H4C2,H3C11,0.991
9606.ENSP00000366974,H4C2,H3C7,0.99
9606.ENSP00000366974,H4C2,H3C2,0.99
9606.ENSP00000366974,H4C2,H4C5,0.988
9606.ENSP00000366974,H4C2,H3C8,0.987
9606.ENSP00000366974,H4C2,H3C4,0.987
9606.ENSP00000366974,H4C2,H3C3,0.987
9606.ENSP00000366974,H4C2,H3C10,0.985
9606.ENSP00000366974,H4C2,H4C4,0.983
9606.ENSP00000366974,H4C2,H4C6,0.983
9606.ENSP00000366974,H4C2,H4C3,0.981
9606.ENSP00000366974,H4C2,H4C9,0.98
9606.ENSP00000366974,H4C2,H3C6,0.98
9606.ENSP00000366974,H4C2,H3C12,0.979
9606.ENSP00000366974,H4C2,H4C1,0.978
9606.ENSP00000366974,H4C2,H2AC13,0.978
9606.ENSP00000366974,H4C2,H2BC11,0.978
9606.ENSP00000366974,H4C2,H4C11,0.978
9606.ENSP00000366974,H4C2,H2BC10,0.977
9606.ENSP00000366974,H4C2,H2AC20,0.976
9606.ENSP00000366974,H4C2,H2BC7,0.976
9606.ENSP00000366974,H4C2,H2AC15,0.974
9606.ENSP00000366974,H4C2,H2AC17,0.973
9606.ENSP00000366974,H4C2,H2BC12,0.973
9606.ENSP00000366974,H4C2,H4C8,0.973
9606.ENSP00000366974,H4C2,ASF1A,0.972
9606.ENSP00000366974,H4C2,H2AC18,0.972
9606.ENSP00000366974,H4C2,H4C14,0.972
9606.ENSP00000366974,H4C2,H2BC8,0.972
9606.ENSP00000366974,H4C2,H2BC21,0.971
9606.ENSP00000366974,H4C2,H2BC3,0.971
9606.ENSP00000366974,H4C2,H2AC6,0.971
9606.ENSP00000366974,H4C2,H4-16,0.97
9606.ENSP00000366974,H4C2,ASF1B,0.97
9606.ENSP00000366974,H4C2,H3C15,0.969
9606.ENSP00000366974,H4C2,H3C14,0.969
9606.ENSP00000366974,H4C2,H2AC14,0.969
9606.ENSP00000366974,H4C2,H2BC6,0.969
9606.ENSP00000366974,H4C2,H4C12,0.968
9606.ENSP00000366974,H4C2,CENPA,0.968
9606.ENSP00000366974,H4C2,H2AC16,0.968
9606.ENSP00000366974,H4C2,H4C15,0.968
9606.ENSP00000366974,H4C2,H2BC14,0.967
9606.ENSP00000366974,H4C2,H2BC4,0.967
9606.ENSP00000366974,H4C2,H2BC17,0.967
9606.ENSP00000366974,H4C2,H2AC21,0.965
9606.ENSP00000366974,H4C2,H1-4,0.963
9606.ENSP00000366974,H4C2,H2AC11,0.961
9606.ENSP00000366974,H4C2,H2AX,0.96
9606.ENSP00000366974,H4C2,H2AC19,0.959
9606.ENSP00000366974,H4C2,NASP,0.959
9606.ENSP00000366974,H4C2,H2AC7,0.957
9606.ENSP00000366974,H4C2,H3C13,0.955
9606.ENSP00000366974,H4C2,H2AC12,0.954
9606.ENSP00000366974,H4C2,SUPT16H,0.953
9606.ENSP00000366974,H4C2,MCM2,0.951
9606.ENSP00000366974,H4C2,H2AC1,0.95
9606.ENSP00000366974,H4C2,SSRP1,0.95
9606.ENSP00000366974,H4C2,IPO4,0.95
9606.ENSP00000366974,H4C2,H2AZ2,0.95
9606.ENSP00000366974,H4C2,MACROH2A1,0.948
9606.ENSP00000366974,H4C2,H2BC1,0.946
9606.ENSP00000366974,H4C2,CHD4,0.945
9606.ENSP00000366974,H4C2,H2BU1,0.942
9606.ENSP00000366974,H4C2,RBBP5,0.94
9606.ENSP00000366974,H4C2,H3-3A,0.939
9606.ENSP00000366974,H4C2,H3-4,0.938
9606.ENSP00000366974,H4C2,DOT1L,0.937
9606.ENSP00000366974,H4C2,H3-3B,0.936
9606.ENSP00000366974,H4C2,H3Y1,0.935
9606.ENSP00000366974,H4C2,H3-5,0.934
9606.ENSP00000366974,H4C2,SMARCA5,0.932
9606.ENSP00000366974,H4C2,H1-10,0.931
9606.ENSP00000366974,H4C2,H2AB2,0.931
9606.ENSP00000366974,H4C2,H2AB3,0.931
9606.ENSP00000366974,H4C2,hCG_2039566,0.931
9606.ENSP00000366974,H4C2,H2AZ1,0.93
9606.ENSP00000366974,H4C2,SMARCA4,0.93
9606.ENSP00000366974,H4C2,H2BC5,0.925
9606.ENSP00000366974,H4C2,H2AJ,0.924
9606.ENSP00000366974,H4C2,BRD2,0.923
9606.ENSP00000366974,H4C2,TONSL,0.923
9606.ENSP00000366974,H4C2,PRMT5,0.919
9606.ENSP00000366974,H4C2,ATAD2,0.917
9606.ENSP00000366974,H4C2,HJURP,0.917
9606.ENSP00000366974,H4C2,MSL3,0.916
9606.ENSP00000366974,H4C2,TP53BP1,0.916
9606.ENSP00000366974,H4C2,KDM4A,0.916
9606.ENSP00000366974,H4C2,KMT5A,0.915
9606.ENSP00000366974,H4C2,CHD1L,0.915
9606.ENSP00000366974,H4C2,DAXX,0.913
9606.ENSP00000366974,H4C2,MLLT3,0.911
9606.ENSP00000366974,H4C2,BARD1,0.91
9606.ENSP00000366974,H4C2,CENPN,0.909
9606.ENSP00000366974,H4C2,H2BC9,0.906
9606.ENSP00000366974,H4C2,EP300,0.906
9606.ENSP00000366974,H4C2,L3MBTL1,0.905
9606.ENSP00000366974,H4C2,ENSP00000499734,0.905
9606.ENSP00000366974,H4C2,CREBBP,0.905
9606.ENSP00000366974,H4C2,PHF10,0.905
9606.ENSP00000366974,H4C2,SPTY2D1,0.904
9606.ENSP00000366974,H4C2,DNAJC9,0.903
9606.ENSP00000366974,H4C2,H2BC15,0.901
9606.ENSP00000366974,H4C2,CENPC,0.9
9606.ENSP00000366974,H4C2,H1-0,0.9
9606.ENSP00000366974,H4C2,N6AMT1,0.9
9606.ENSP00000366974,H4C2,ACTB,0.9
9606.ENSP00000366974,H4C2,H2BC18,0.9
9606.ENSP00000366999,H3C4,H2AC8,0.995
9606.ENSP00000366999,H3C4,H4C8,0.993
9606.ENSP00000366999,H3C4,H4C4,0.993
9606.ENSP00000366999,H3C4,H2AC7,0.992
9606.ENSP00000366999,H3C4,H4C5,0.991
9606.ENSP00000366999,H3C4,H4C14,0.988
9606.ENSP00000366999,H3C4,H4C11,0.987
9606.ENSP00000366999,H3C4,H4C2,0.987
9606.ENSP00000366999,H3C4,H2BC4,0.986
9606.ENSP00000366999,H3C4,H2BC7,0.986
9606.ENSP00000366999,H3C4,H4C6,0.986
9606.ENSP00000366999,H3C4,H4C9,0.985
9606.ENSP00000366999,H3C4,H4C1,0.984
9606.ENSP00000366999,H3C4,H4C13,0.984
9606.ENSP00000366999,H3C4,H4-16,0.983
9606.ENSP00000366999,H3C4,H4C15,0.983
9606.ENSP00000366999,H3C4,H4C3,0.983
9606.ENSP00000366999,H3C4,H4C12,0.983
9606.ENSP00000366999,H3C4,H2AC4,0.982
9606.ENSP00000366999,H3C4,H2BC6,0.976
9606.ENSP00000366999,H3C4,H2AC6,0.965
9606.ENSP00000366999,H3C4,H2BC12,0.962
9606.ENSP00000366999,H3C4,H2BC10,0.962
9606.ENSP00000366999,H3C4,KAT2B,0.96
9606.ENSP00000366999,H3C4,H2BC11,0.959
9606.ENSP00000366999,H3C4,H3C13,0.959
9606.ENSP00000366999,H3C4,H3C14,0.959
9606.ENSP00000366999,H3C4,H3C15,0.959
9606.ENSP00000366999,H3C4,H2BC8,0.955
9606.ENSP00000366999,H3C4,H3C2,0.955
9606.ENSP00000366999,H3C4,NASP,0.953
9606.ENSP00000366999,H3C4,H2AZ2,0.951
9606.ENSP00000366999,H3C4,TRIM24,0.951
9606.ENSP00000366999,H3C4,H3C10,0.95
9606.ENSP00000366999,H3C4,H2BC3,0.949
9606.ENSP00000366999,H3C4,SETD2,0.947
9606.ENSP00000366999,H3C4,SUPT16H,0.945
9606.ENSP00000366999,H3C4,H2AC20,0.942
9606.ENSP00000366999,H3C4,H3C7,0.941
9606.ENSP00000366999,H3C4,RPS27A,0.94
9606.ENSP00000366999,H3C4,H3C8,0.94
9606.ENSP00000366999,H3C4,H3C12,0.939
9606.ENSP00000366999,H3C4,UBA52,0.939
9606.ENSP00000366999,H3C4,ASF1A,0.939
9606.ENSP00000366999,H3C4,H2AB3,0.937
9606.ENSP00000366999,H3C4,UBB,0.935
9606.ENSP00000366999,H3C4,H2BC21,0.935
9606.ENSP00000366999,H3C4,UBC,0.935
9606.ENSP00000366999,H3C4,SSRP1,0.935
9606.ENSP00000366999,H3C4,CBX1,0.934
9606.ENSP00000366999,H3C4,CBX5,0.933
9606.ENSP00000366999,H3C4,CBX3,0.933
9606.ENSP00000366999,H3C4,DOT1L,0.932
9606.ENSP00000366999,H3C4,H3-2,0.932
9606.ENSP00000366999,H3C4,H2AX,0.932
9606.ENSP00000366999,H3C4,PBRM1,0.932
9606.ENSP00000366999,H3C4,MPHOSPH8,0.932
9606.ENSP00000366999,H3C4,DIDO1,0.932
9606.ENSP00000366999,H3C4,SMARCA4,0.931
9606.ENSP00000366999,H3C4,H2AB2,0.931
9606.ENSP00000366999,H3C4,IPO4,0.93
9606.ENSP00000366999,H3C4,MACROH2A1,0.928
9606.ENSP00000366999,H3C4,H2AC1,0.927
9606.ENSP00000366999,H3C4,EHMT1,0.926
9606.ENSP00000366999,H3C4,EHMT2,0.923
9606.ENSP00000366999,H3C4,MCM2,0.923
9606.ENSP00000366999,H3C4,CDYL2,0.923
9606.ENSP00000366999,H3C4,WDR5,0.922
9606.ENSP00000366999,H3C4,KAT6B,0.922
9606.ENSP00000366999,H3C4,H3C1,0.922
9606.ENSP00000366999,H3C4,CARM1,0.922
9606.ENSP00000366999,H3C4,KAT6A,0.922
9606.ENSP00000366999,H3C4,ING2,0.921
9606.ENSP00000366999,H3C4,SGF29,0.92
9606.ENSP00000366999,H3C4,CHD1,0.92
9606.ENSP00000366999,H3C4,PHF8,0.919
9606.ENSP00000366999,H3C4,DNMT1,0.918
9606.ENSP00000366999,H3C4,ATRX,0.918
9606.ENSP00000366999,H3C4,KMT5A,0.917
9606.ENSP00000366999,H3C4,CBX7,0.916
9606.ENSP00000366999,H3C4,ING4,0.916
9606.ENSP00000366999,H3C4,H3C3,0.916
9606.ENSP00000366999,H3C4,PYGO2,0.916
9606.ENSP00000366999,H3C4,ING1,0.915
9606.ENSP00000366999,H3C4,NSD3,0.915
9606.ENSP00000366999,H3C4,CHD4,0.915
9606.ENSP00000366999,H3C4,KMT2A,0.915
9606.ENSP00000366999,H3C4,SETDB1,0.915
9606.ENSP00000366999,H3C4,AIRE,0.915
9606.ENSP00000366999,H3C4,MLLT3,0.915
9606.ENSP00000366999,H3C4,SIRT5,0.914
9606.ENSP00000366999,H3C4,INO80,0.914
9606.ENSP00000366999,H3C4,SIRT3,0.914
9606.ENSP00000366999,H3C4,MLLT1,0.913
9606.ENSP00000366999,H3C4,CBX2,0.912
9606.ENSP00000366999,H3C4,ZCWPW2,0.912
9606.ENSP00000366999,H3C4,DNMT3A,0.912
9606.ENSP00000366999,H3C4,H3C11,0.912
9606.ENSP00000366999,H3C4,BARD1,0.911
9606.ENSP00000366999,H3C4,KDM4A,0.911
9606.ENSP00000366999,H3C4,BRPF1,0.911
9606.ENSP00000366999,H3C4,PHF1,0.911
9606.ENSP00000366999,H3C4,SP100,0.91
9606.ENSP00000366999,H3C4,CBX6,0.909
9606.ENSP00000366999,H3C4,DDB2,0.909
9606.ENSP00000366999,H3C4,UHRF1,0.909
9606.ENSP00000366999,H3C4,PYGO1,0.909
9606.ENSP00000366999,H3C4,KMT2E,0.909
9606.ENSP00000366999,H3C4,TRIM33,0.908
9606.ENSP00000366999,H3C4,ACTB,0.908
9606.ENSP00000366999,H3C4,TRIM66,0.907
9606.ENSP00000366999,H3C4,CREBBP,0.907
9606.ENSP00000366999,H3C4,TP53BP1,0.907
9606.ENSP00000366999,H3C4,BPTF,0.907
9606.ENSP00000366999,H3C4,MORC3,0.906
9606.ENSP00000366999,H3C4,DNMT3B,0.905
9606.ENSP00000366999,H3C4,HDGFL2,0.905
9606.ENSP00000366999,H3C4,TNPO1,0.903
9606.ENSP00000366999,H3C4,PPIE,0.903
9606.ENSP00000366999,H3C4,ZZZ3,0.903
9606.ENSP00000366999,H3C4,H3C6,0.901
9606.ENSP00000366999,H3C4,SPIN1,0.9
9606.ENSP00000367022,H2AC6,H2BC5,0.998
9606.ENSP00000367022,H2AC6,H2BC21,0.994
9606.ENSP00000367022,H2AC6,H2BC12,0.994
9606.ENSP00000367022,H2AC6,H4C6,0.993
9606.ENSP00000367022,H2AC6,H2BC9,0.992
9606.ENSP00000367022,H2AC6,H4C8,0.991
9606.ENSP00000367022,H2AC6,H2BC17,0.99
9606.ENSP00000367022,H2AC6,H2BC4,0.99
9606.ENSP00000367022,H2AC6,H2BC14,0.988
9606.ENSP00000367022,H2AC6,H2BC11,0.988
9606.ENSP00000367022,H2AC6,H2BC15,0.988
9606.ENSP00000367022,H2AC6,H2BC3,0.987
9606.ENSP00000367022,H2AC6,H2BC18,0.986
9606.ENSP00000367022,H2AC6,H3C10,0.985
9606.ENSP00000367022,H2AC6,H2BC7,0.985
9606.ENSP00000367022,H2AC6,H2BC8,0.98
9606.ENSP00000367022,H2AC6,H4C14,0.979
9606.ENSP00000367022,H2AC6,H2BC6,0.979
9606.ENSP00000367022,H2AC6,H4C5,0.977
9606.ENSP00000367022,H2AC6,H2BC10,0.974
9606.ENSP00000367022,H2AC6,H2AC18,0.972
9606.ENSP00000367022,H2AC6,H4C15,0.971
9606.ENSP00000367022,H2AC6,H4C2,0.971
9606.ENSP00000367022,H2AC6,H4C4,0.97
9606.ENSP00000367022,H2AC6,H4C11,0.97
9606.ENSP00000367022,H2AC6,H4C9,0.97
9606.ENSP00000367022,H2AC6,H4C3,0.969
9606.ENSP00000367022,H2AC6,H4C13,0.969
9606.ENSP00000367022,H2AC6,H4C1,0.969
9606.ENSP00000367022,H2AC6,H4C12,0.968
9606.ENSP00000367022,H2AC6,H4-16,0.968
9606.ENSP00000367022,H2AC6,H2AC8,0.967
9606.ENSP00000367022,H2AC6,H3C4,0.965
9606.ENSP00000367022,H2AC6,CENPA,0.963
9606.ENSP00000367022,H2AC6,H3C12,0.963
9606.ENSP00000367022,H2AC6,UBA52,0.962
9606.ENSP00000367022,H2AC6,H3C13,0.961
9606.ENSP00000367022,H2AC6,RPS27A,0.959
9606.ENSP00000367022,H2AC6,UBC,0.956
9606.ENSP00000367022,H2AC6,UBB,0.956
9606.ENSP00000367022,H2AC6,H2AC13,0.955
9606.ENSP00000367022,H2AC6,KMT2A,0.953
9606.ENSP00000367022,H2AC6,BARD1,0.951
9606.ENSP00000367022,H2AC6,H3C15,0.946
9606.ENSP00000367022,H2AC6,H2AC12,0.945
9606.ENSP00000367022,H2AC6,HPF1,0.945
9606.ENSP00000367022,H2AC6,H2AC14,0.944
9606.ENSP00000367022,H2AC6,KMT5A,0.944
9606.ENSP00000367022,H2AC6,H3C14,0.944
9606.ENSP00000367022,H2AC6,SUPT16H,0.944
9606.ENSP00000367022,H2AC6,H2AC17,0.943
9606.ENSP00000367022,H2AC6,H3C7,0.943
9606.ENSP00000367022,H2AC6,H3C2,0.942
9606.ENSP00000367022,H2AC6,PARP2,0.942
9606.ENSP00000367022,H2AC6,GLYR1,0.942
9606.ENSP00000367022,H2AC6,H3C8,0.934
9606.ENSP00000367022,H2AC6,H3C3,0.934
9606.ENSP00000367022,H2AC6,H2AC11,0.933
9606.ENSP00000367022,H2AC6,H3C1,0.933
9606.ENSP00000367022,H2AC6,POLR2I,0.931
9606.ENSP00000367022,H2AC6,H3C11,0.931
9606.ENSP00000367022,H2AC6,SSRP1,0.93
9606.ENSP00000367022,H2AC6,H3C6,0.93
9606.ENSP00000367022,H2AC6,SMARCA5,0.928
9606.ENSP00000367022,H2AC6,POLR2A,0.928
9606.ENSP00000367022,H2AC6,POLR2B,0.928
9606.ENSP00000367022,H2AC6,POLR2C,0.928
9606.ENSP00000367022,H2AC6,SMARCB1,0.927
9606.ENSP00000367022,H2AC6,NSD2,0.926
9606.ENSP00000367022,H2AC6,POLR2E,0.926
9606.ENSP00000367022,H2AC6,POLR2G,0.925
9606.ENSP00000367022,H2AC6,RBBP5,0.925
9606.ENSP00000367022,H2AC6,POLR2H,0.924
9606.ENSP00000367022,H2AC6,POLR2F,0.924
9606.ENSP00000367022,H2AC6,ASH2L,0.924
9606.ENSP00000367022,H2AC6,POLR2L,0.924
9606.ENSP00000367022,H2AC6,POLR2K,0.924
9606.ENSP00000367022,H2AC6,POLR2D,0.924
9606.ENSP00000367022,H2AC6,H2AC15,0.921
9606.ENSP00000367022,H2AC6,POLR2J,0.919
9606.ENSP00000367022,H2AC6,DOT1L,0.919
9606.ENSP00000367022,H2AC6,KMT2C,0.917
9606.ENSP00000367022,H2AC6,IPO9,0.916
9606.ENSP00000367022,H2AC6,H2AC16,0.913
9606.ENSP00000367022,H2AC6,NSD3,0.913
9606.ENSP00000367022,H2AC6,WDR5,0.913
9606.ENSP00000367022,H2AC6,H2AC4,0.912
9606.ENSP00000367022,H2AC6,CHD1L,0.912
9606.ENSP00000367022,H2AC6,CHD4,0.911
9606.ENSP00000367022,H2AC6,EZH2,0.908
9606.ENSP00000367022,H2AC6,SUZ12,0.907
9606.ENSP00000367022,H2AC6,ACTL6A,0.904
9606.ENSP00000367022,H2AC6,CENPC,0.901
9606.ENSP00000367022,H2AC6,SCML2,0.9
9606.ENSP00000367446,EXT1,EXT2,0.999
9606.ENSP00000367446,EXT1,TRPS1,0.931
9606.ENSP00000367872,GNB1,GNGT1,0.999
9606.ENSP00000367872,GNB1,GNG13,0.999
9606.ENSP00000367872,GNB1,GNAI1,0.999
9606.ENSP00000367872,GNB1,GNAI2,0.999
9606.ENSP00000367872,GNB1,GNAS,0.999
9606.ENSP00000367872,GNB1,GNG4,0.999
9606.ENSP00000367872,GNB1,GNG5,0.999
9606.ENSP00000367872,GNB1,GNG3,0.999
9606.ENSP00000367872,GNB1,GNAI3,0.999
9606.ENSP00000367872,GNB1,PDCL,0.999
9606.ENSP00000367872,GNB1,GNG12,0.999
9606.ENSP00000367872,GNB1,GNGT2,0.999
9606.ENSP00000367872,GNB1,GNG7,0.999
9606.ENSP00000367872,GNB1,GNG10,0.999
9606.ENSP00000367872,GNB1,GNG2,0.999
9606.ENSP00000367872,GNB1,GNG11,0.998
9606.ENSP00000367872,GNB1,GNG8,0.998
9606.ENSP00000367872,GNB1,GNAQ,0.997
9606.ENSP00000367872,GNB1,CCT5,0.997
9606.ENSP00000367872,GNB1,GNAO1,0.996
9606.ENSP00000367872,GNB1,GNA11,0.994
9606.ENSP00000367872,GNB1,PREX1,0.992
9606.ENSP00000367872,GNB1,HTR7,0.992
9606.ENSP00000367872,GNB1,RHO,0.992
9606.ENSP00000367872,GNB1,GNAT1,0.992
9606.ENSP00000367872,GNB1,DRD2,0.991
9606.ENSP00000367872,GNB1,GNA13,0.991
9606.ENSP00000367872,GNB1,CCR5,0.99
9606.ENSP00000367872,GNB1,GRK2,0.99
9606.ENSP00000367872,GNB1,DRD3,0.984
9606.ENSP00000367872,GNB1,MTNR1B,0.984
9606.ENSP00000367872,GNB1,MTNR1A,0.98
9606.ENSP00000367872,GNB1,HTR1E,0.98
9606.ENSP00000367872,GNB1,HTR1B,0.979
9606.ENSP00000367872,GNB1,ADRA2A,0.978
9606.ENSP00000367872,GNB1,GNAL,0.978
9606.ENSP00000367872,GNB1,GLP1R,0.975
9606.ENSP00000367872,GNB1,GNAT2,0.974
9606.ENSP00000367872,GNB1,HTR1A,0.973
9606.ENSP00000367872,GNB1,HTR1D,0.973
9606.ENSP00000367872,GNB1,HTR1F,0.972
9606.ENSP00000367872,GNB1,ADGRL2,0.969
9606.ENSP00000367872,GNB1,PTGER3,0.969
9606.ENSP00000367872,GNB1,CALCR,0.969
9606.ENSP00000367872,GNB1,ADGRL3,0.967
9606.ENSP00000367872,GNB1,AVPR2,0.967
9606.ENSP00000367872,GNB1,ADGRL1,0.967
9606.ENSP00000367872,GNB1,CRHR1-2,0.967
9606.ENSP00000367872,GNB1,CRHR1,0.967
9606.ENSP00000367872,GNB1,HTR5A,0.966
9606.ENSP00000367872,GNB1,PDC,0.965
9606.ENSP00000367872,GNB1,GCGR,0.961
9606.ENSP00000367872,GNB1,GIPR,0.961
9606.ENSP00000367872,GNB1,GLP2R,0.96
9606.ENSP00000367872,GNB1,VIPR2,0.96
9606.ENSP00000367872,GNB1,ADCYAP1R1,0.959
9606.ENSP00000367872,GNB1,SCTR,0.959
9606.ENSP00000367872,GNB1,GHRHR,0.959
9606.ENSP00000367872,GNB1,VIPR1,0.959
9606.ENSP00000367872,GNB1,APLNR,0.958
9606.ENSP00000367872,GNB1,NMUR2,0.955
9606.ENSP00000367872,GNB1,FPR2,0.955
9606.ENSP00000367872,GNB1,TAS2R46,0.955
9606.ENSP00000367872,GNB1,NMUR1,0.954
9606.ENSP00000367872,GNB1,HTR2C,0.953
9606.ENSP00000367872,GNB1,BDKRB2,0.952
9606.ENSP00000367872,GNB1,BDKRB1,0.952
9606.ENSP00000367872,GNB1,GABBR1,0.952
9606.ENSP00000367872,GNB1,SMO,0.951
9606.ENSP00000367872,GNB1,GPR17,0.947
9606.ENSP00000367872,GNB1,PDE6G,0.945
9606.ENSP00000367872,GNB1,PDE6A,0.945
9606.ENSP00000367872,GNB1,CNR1,0.943
9606.ENSP00000367872,GNB1,ADGRG1,0.942
9606.ENSP00000367872,GNB1,CRH,0.941
9606.ENSP00000367872,GNB1,ADORA1,0.941
9606.ENSP00000367872,GNB1,PNOC,0.941
9606.ENSP00000367872,GNB1,UCN,0.941
9606.ENSP00000367872,GNB1,GAST,0.94
9606.ENSP00000367872,GNB1,GNB2,0.939
9606.ENSP00000367872,GNB1,OPRM1,0.938
9606.ENSP00000367872,GNB1,PDE6B,0.938
9606.ENSP00000367872,GNB1,RGS9,0.937
9606.ENSP00000367872,GNB1,LPAR1,0.937
9606.ENSP00000367872,GNB1,ADCY3,0.935
9606.ENSP00000367872,GNB1,APP,0.932
9606.ENSP00000367872,GNB1,ADGRG3,0.928
9606.ENSP00000367872,GNB1,ADORA2A,0.928
9606.ENSP00000367872,GNB1,ADGRG5,0.928
9606.ENSP00000367872,GNB1,DRD1,0.927
9606.ENSP00000367872,GNB1,GABBR2,0.927
9606.ENSP00000367872,GNB1,HCRTR2,0.927
9606.ENSP00000367872,GNB1,HTR4,0.926
9606.ENSP00000367872,GNB1,ADGRD1,0.926
9606.ENSP00000367872,GNB1,ADGRF1,0.925
9606.ENSP00000367872,GNB1,PTH2R,0.925
9606.ENSP00000367872,GNB1,CALCRL,0.924
9606.ENSP00000367872,GNB1,CALCA,0.923
9606.ENSP00000367872,GNB1,MRGPRX1,0.922
9606.ENSP00000367872,GNB1,PTH1R,0.922
9606.ENSP00000367872,GNB1,PLCB2,0.921
9606.ENSP00000367872,GNB1,CNR2,0.921
9606.ENSP00000367872,GNB1,S1PR1,0.92
9606.ENSP00000367872,GNB1,CXCR4,0.919
9606.ENSP00000367872,GNB1,GPR88,0.918
9606.ENSP00000367872,GNB1,PIK3R5,0.917
9606.ENSP00000367872,GNB1,KCNJ3,0.916
9606.ENSP00000367872,GNB1,NTSR1,0.914
9606.ENSP00000367872,GNB1,CCR3,0.913
9606.ENSP00000367872,GNB1,GALR2,0.912
9606.ENSP00000367872,GNB1,TRPM3,0.911
9606.ENSP00000367872,GNB1,GHSR,0.911
9606.ENSP00000367872,GNB1,S1PR2,0.91
9606.ENSP00000367872,GNB1,SSTR2,0.91
9606.ENSP00000367872,GNB1,LTB4R,0.909
9606.ENSP00000367872,GNB1,GPR52,0.909
9606.ENSP00000367872,GNB1,CCKAR,0.909
9606.ENSP00000367872,GNB1,GPR139,0.909
9606.ENSP00000367872,GNB1,MC1R,0.909
9606.ENSP00000367872,GNB1,CCR1,0.909
9606.ENSP00000367872,GNB1,S1PR3,0.909
9606.ENSP00000367872,GNB1,GALR1,0.909
9606.ENSP00000367872,GNB1,CX3CR1,0.909
9606.ENSP00000367872,GNB1,CCR2,0.909
9606.ENSP00000367872,GNB1,TRHR,0.909
9606.ENSP00000367872,GNB1,MC2R,0.909
9606.ENSP00000367872,GNB1,GHRH,0.908
9606.ENSP00000367872,GNB1,POMC,0.908
9606.ENSP00000367872,GNB1,TACR1,0.907
9606.ENSP00000367872,GNB1,KCTD12,0.903
9606.ENSP00000367872,GNB1,HRH1,0.903
9606.ENSP00000367872,GNB1,LHCGR,0.901
9606.ENSP00000367872,GNB1,TSHR,0.901
9606.ENSP00000367872,GNB1,MRGPRX2,0.9
9606.ENSP00000367872,GNB1,GNB3,0.9
9606.ENSP00000367872,GNB1,IGHV3-16,0.9
9606.ENSP00000367910,FANCG,FANCF,0.999
9606.ENSP00000367910,FANCG,FAAP20,0.999
9606.ENSP00000367910,FANCG,CENPS,0.999
9606.ENSP00000367910,FANCG,CENPX,0.999
9606.ENSP00000367910,FANCG,FANCE,0.999
9606.ENSP00000367910,FANCG,FANCL,0.999
9606.ENSP00000367910,FANCG,FANCI,0.999
9606.ENSP00000367910,FANCG,FANCC,0.999
9606.ENSP00000367910,FANCG,FANCB,0.999
9606.ENSP00000367910,FANCG,FANCM,0.999
9606.ENSP00000367910,FANCG,FAAP100,0.999
9606.ENSP00000367910,FANCG,HES1,0.999
9606.ENSP00000367910,FANCG,BLM,0.999
9606.ENSP00000367910,FANCG,FANCA,0.999
9606.ENSP00000367910,FANCG,FAAP24,0.999
9606.ENSP00000367910,FANCG,FANCD2,0.999
9606.ENSP00000367910,FANCG,TOP3A,0.998
9606.ENSP00000367910,FANCG,RPA1,0.997
9606.ENSP00000367910,FANCG,BRCA2,0.997
9606.ENSP00000367910,FANCG,UBE2T,0.996
9606.ENSP00000367910,FANCG,XRCC3,0.984
9606.ENSP00000367910,FANCG,CYP2E1,0.965
9606.ENSP00000367910,FANCG,ATRIP,0.945
9606.ENSP00000367910,FANCG,BRCA1,0.939
9606.ENSP00000367910,FANCG,ATR,0.919
9606.ENSP00000367910,FANCG,PRDX3,0.917
9606.ENSP00000367910,FANCG,RAD51C,0.915
9606.ENSP00000367910,FANCG,SLX4,0.9
9606.ENSP00000368632,GATA3,FOXA1,0.997
9606.ENSP00000368632,GATA3,TBX21,0.997
9606.ENSP00000368632,GATA3,TAL1,0.993
9606.ENSP00000368632,GATA3,RUNX1,0.989
9606.ENSP00000368632,GATA3,ESR1,0.982
9606.ENSP00000368632,GATA3,STAT6,0.971
9606.ENSP00000368632,GATA3,EP300,0.959
9606.ENSP00000368632,GATA3,LDB1,0.932
9606.ENSP00000368632,GATA3,USP21,0.924
9606.ENSP00000368632,GATA3,IL4,0.911
9606.ENSP00000368632,GATA3,HDAC1,0.911
9606.ENSP00000368632,GATA3,ETS1,0.907
9606.ENSP00000368880,FOXO1,SIRT1,0.999
9606.ENSP00000368880,FOXO1,PPARGC1A,0.999
9606.ENSP00000368880,FOXO1,AKT1,0.999
9606.ENSP00000368880,FOXO1,ATG7,0.998
9606.ENSP00000368880,FOXO1,CREBBP,0.993
9606.ENSP00000368880,FOXO1,SMAD3,0.99
9606.ENSP00000368880,FOXO1,AKT2,0.986
9606.ENSP00000368880,FOXO1,CTNNB1,0.985
9606.ENSP00000368880,FOXO1,SFN,0.984
9606.ENSP00000368880,FOXO1,EP300,0.984
9606.ENSP00000368880,FOXO1,ETS1,0.978
9606.ENSP00000368880,FOXO1,SMAD2,0.975
9606.ENSP00000368880,FOXO1,CEBPA,0.975
9606.ENSP00000368880,FOXO1,PRKACA,0.974
9606.ENSP00000368880,FOXO1,HNF4A,0.973
9606.ENSP00000368880,FOXO1,PRKACB,0.968
9606.ENSP00000368880,FOXO1,SGK1,0.967
9606.ENSP00000368880,FOXO1,CDK2,0.967
9606.ENSP00000368880,FOXO1,AKT3,0.966
9606.ENSP00000368880,FOXO1,PRKACG,0.965
9606.ENSP00000368880,FOXO1,STAT3,0.964
9606.ENSP00000368880,FOXO1,NLK,0.964
9606.ENSP00000368880,FOXO1,SIRT2,0.961
9606.ENSP00000368880,FOXO1,MAPK3,0.959
9606.ENSP00000368880,FOXO1,STK11,0.955
9606.ENSP00000368880,FOXO1,FOXO3,0.955
9606.ENSP00000368880,FOXO1,PRKAA1,0.954
9606.ENSP00000368880,FOXO1,STK4,0.952
9606.ENSP00000368880,FOXO1,MAPK8,0.951
9606.ENSP00000368880,FOXO1,OGT,0.948
9606.ENSP00000368880,FOXO1,INS,0.944
9606.ENSP00000368880,FOXO1,IKBKB,0.944
9606.ENSP00000368880,FOXO1,CEBPB,0.943
9606.ENSP00000368880,FOXO1,PRKAB2,0.943
9606.ENSP00000368880,FOXO1,MAPK1,0.941
9606.ENSP00000368880,FOXO1,SKP2,0.94
9606.ENSP00000368880,FOXO1,PRMT1,0.939
9606.ENSP00000368880,FOXO1,USP7,0.939
9606.ENSP00000368880,FOXO1,PAX3,0.938
9606.ENSP00000368880,FOXO1,CHUK,0.936
9606.ENSP00000368880,FOXO1,MAPK9,0.936
9606.ENSP00000368880,FOXO1,MAPK14,0.935
9606.ENSP00000368880,FOXO1,SETD7,0.933
9606.ENSP00000368880,FOXO1,FOXO4,0.932
9606.ENSP00000368880,FOXO1,SGK2,0.932
9606.ENSP00000368880,FOXO1,PRKAA2,0.931
9606.ENSP00000368880,FOXO1,SGK3,0.93
9606.ENSP00000368880,FOXO1,MAPK12,0.929
9606.ENSP00000368880,FOXO1,MAPK11,0.929
9606.ENSP00000368880,FOXO1,YWHAG,0.926
9606.ENSP00000368880,FOXO1,MAPK13,0.926
9606.ENSP00000368880,FOXO1,YWHAZ,0.925
9606.ENSP00000368880,FOXO1,AGRP,0.925
9606.ENSP00000368880,FOXO1,PAX7,0.925
9606.ENSP00000368880,FOXO1,SREBF1,0.924
9606.ENSP00000368880,FOXO1,AR,0.921
9606.ENSP00000368880,FOXO1,CREB1,0.92
9606.ENSP00000368880,FOXO1,ESR1,0.919
9606.ENSP00000368880,FOXO1,FBXO32,0.917
9606.ENSP00000368880,FOXO1,YWHAB,0.917
9606.ENSP00000368880,FOXO1,PRKAB1,0.916
9606.ENSP00000368880,FOXO1,PRKAG2,0.913
9606.ENSP00000368880,FOXO1,CSNK1E,0.912
9606.ENSP00000368880,FOXO1,IGF1,0.91
9606.ENSP00000368880,FOXO1,PRKAG3,0.91
9606.ENSP00000368880,FOXO1,PRKAG1,0.906
9606.ENSP00000368880,FOXO1,TRIM63,0.904
9606.ENSP00000368880,FOXO1,PTEN,0.903
9606.ENSP00000368880,FOXO1,SOD2,0.903
9606.ENSP00000369335,FBH1,SKP1,0.999
9606.ENSP00000369335,FBH1,FANCM,0.99
9606.ENSP00000369335,FBH1,CUL1,0.976
9606.ENSP00000369335,FBH1,RAD51,0.962
9606.ENSP00000369335,FBH1,RECQL5,0.938
9606.ENSP00000369335,FBH1,PCNA,0.925
9606.ENSP00000369335,FBH1,WRN,0.924
9606.ENSP00000369335,FBH1,RBX1,0.918
9606.ENSP00000369335,FBH1,RAD52,0.915
9606.ENSP00000369335,FBH1,XRCC3,0.912
9606.ENSP00000369335,FBH1,RAD18,0.9
9606.ENSP00000370057,FRMPD4,GPSM2,0.905
9606.ENSP00000371594,GNG7,GNB3,0.999
9606.ENSP00000371594,GNG7,GNB1,0.999
9606.ENSP00000371594,GNG7,GNB2,0.999
9606.ENSP00000371594,GNG7,GNB4,0.999
9606.ENSP00000371594,GNG7,GNB5,0.999
9606.ENSP00000371594,GNG7,GNAI1,0.973
9606.ENSP00000371594,GNG7,GNAS,0.964
9606.ENSP00000371594,GNG7,GNAL,0.959
9606.ENSP00000371594,GNG7,GNAI3,0.952
9606.ENSP00000371594,GNG7,GNAI2,0.947
9606.ENSP00000371594,GNG7,GNG13,0.946
9606.ENSP00000371594,GNG7,APLNR,0.915
9606.ENSP00000371594,GNG7,CXCR4,0.913
9606.ENSP00000371594,GNG7,HTR7,0.912
9606.ENSP00000371594,GNG7,CCR5,0.909
9606.ENSP00000371594,GNG7,MTNR1B,0.909
9606.ENSP00000371594,GNG7,PREX1,0.902
9606.ENSP00000371594,GNG7,ADCY3,0.902
9606.ENSP00000371770,FGFBP1,FGF1,0.996
9606.ENSP00000371770,FGFBP1,FGF2,0.995
9606.ENSP00000371770,FGFBP1,FGF7,0.99
9606.ENSP00000371770,FGFBP1,FGF22,0.988
9606.ENSP00000371770,FGFBP1,FGF10,0.987
9606.ENSP00000371770,FGFBP1,FGF3,0.968
9606.ENSP00000371770,FGFBP1,FGF13,0.952
9606.ENSP00000371770,FGFBP1,FGF18,0.946
9606.ENSP00000371770,FGFBP1,FGF20,0.945
9606.ENSP00000371770,FGFBP1,FGF5,0.945
9606.ENSP00000371770,FGFBP1,FGF16,0.944
9606.ENSP00000371770,FGFBP1,FGF6,0.942
9606.ENSP00000371770,FGFBP1,FGF17,0.942
9606.ENSP00000371770,FGFBP1,FGF9,0.941
9606.ENSP00000371770,FGFBP1,FGF4,0.938
9606.ENSP00000371770,FGFBP1,FGF8,0.912
9606.ENSP00000373952,FANCA,FANCF,0.999
9606.ENSP00000373952,FANCA,CENPS,0.999
9606.ENSP00000373952,FANCA,CENPX,0.999
9606.ENSP00000373952,FANCA,FANCE,0.999
9606.ENSP00000373952,FANCA,FANCC,0.999
9606.ENSP00000373952,FANCA,FANCB,0.999
9606.ENSP00000373952,FANCA,FANCM,0.999
9606.ENSP00000373952,FANCA,FAAP24,0.999
9606.ENSP00000373952,FANCA,FAAP20,0.999
9606.ENSP00000373952,FANCA,FANCI,0.999
9606.ENSP00000373952,FANCA,FANCL,0.999
9606.ENSP00000373952,FANCA,FANCG,0.999
9606.ENSP00000373952,FANCA,FAAP100,0.999
9606.ENSP00000373952,FANCA,HES1,0.999
9606.ENSP00000373952,FANCA,BLM,0.999
9606.ENSP00000373952,FANCA,FANCD2,0.999
9606.ENSP00000373952,FANCA,UBE2T,0.998
9606.ENSP00000373952,FANCA,TOP3A,0.998
9606.ENSP00000373952,FANCA,RPA1,0.997
9606.ENSP00000373952,FANCA,RMI1,0.996
9606.ENSP00000373952,FANCA,RMI2,0.996
9606.ENSP00000373952,FANCA,BRCA1,0.995
9606.ENSP00000373952,FANCA,BRCA2,0.968
9606.ENSP00000373952,FANCA,ATRIP,0.955
9606.ENSP00000373952,FANCA,ATR,0.953
9606.ENSP00000373952,FANCA,RAD51,0.936
9606.ENSP00000373952,FANCA,SLX4,0.935
9606.ENSP00000373952,FANCA,SMARCA4,0.925
9606.ENSP00000373952,FANCA,ERCC4,0.912
9606.ENSP00000373952,FANCA,BRIP1,0.907
9606.ENSP00000373952,FANCA,PALB2,0.9
9606.ENSP00000375809,ERCC2,CCNH,0.999
9606.ENSP00000375809,ERCC2,GTF2E1,0.999
9606.ENSP00000375809,ERCC2,XPA,0.999
9606.ENSP00000375809,ERCC2,ERCC3,0.999
9606.ENSP00000375809,ERCC2,CDK7,0.999
9606.ENSP00000375809,ERCC2,GTF2H5,0.999
9606.ENSP00000375809,ERCC2,GTF2H3,0.999
9606.ENSP00000375809,ERCC2,GTF2E2,0.999
9606.ENSP00000375809,ERCC2,GTF2H4,0.999
9606.ENSP00000375809,ERCC2,GTF2H2,0.999
9606.ENSP00000375809,ERCC2,MMS19,0.999
9606.ENSP00000375809,ERCC2,MNAT1,0.999
9606.ENSP00000375809,ERCC2,GTF2H1,0.999
9606.ENSP00000375809,ERCC2,ERCC5,0.999
9606.ENSP00000375809,ERCC2,GTF2B,0.998
9606.ENSP00000375809,ERCC2,ERCC1,0.996
9606.ENSP00000375809,ERCC2,GTF2F1,0.996
9606.ENSP00000375809,ERCC2,TBP,0.994
9606.ENSP00000375809,ERCC2,GTF2A2,0.993
9606.ENSP00000375809,ERCC2,GTF2A1,0.991
9606.ENSP00000375809,ERCC2,CIAO2B,0.989
9606.ENSP00000375809,ERCC2,ERCC4,0.988
9606.ENSP00000375809,ERCC2,TCEA1,0.988
9606.ENSP00000375809,ERCC2,CIAO1,0.986
9606.ENSP00000375809,ERCC2,XRCC1,0.985
9606.ENSP00000375809,ERCC2,POLR2D,0.985
9606.ENSP00000375809,ERCC2,TAF6,0.983
9606.ENSP00000375809,ERCC2,POLR2E,0.983
9606.ENSP00000375809,ERCC2,POLR2C,0.982
9606.ENSP00000375809,ERCC2,TAF10,0.981
9606.ENSP00000375809,ERCC2,TAF1,0.981
9606.ENSP00000375809,ERCC2,TAF7,0.98
9606.ENSP00000375809,ERCC2,TAF9,0.98
9606.ENSP00000375809,ERCC2,POLR2A,0.98
9606.ENSP00000375809,ERCC2,TAF5,0.98
9606.ENSP00000375809,ERCC2,TAF3,0.979
9606.ENSP00000375809,ERCC2,TAF8,0.979
9606.ENSP00000375809,ERCC2,TAF2,0.979
9606.ENSP00000375809,ERCC2,TAF11,0.979
9606.ENSP00000375809,ERCC2,TAF13,0.979
9606.ENSP00000375809,ERCC2,POLR2B,0.977
9606.ENSP00000375809,ERCC2,GTF2F2,0.976
9606.ENSP00000375809,ERCC2,RAD23B,0.975
9606.ENSP00000375809,ERCC2,GTF2H2C,0.974
9606.ENSP00000375809,ERCC2,ERCC6,0.973
9606.ENSP00000375809,ERCC2,POLR2I,0.973
9606.ENSP00000375809,ERCC2,POLR2F,0.972
9606.ENSP00000375809,ERCC2,POLR2K,0.972
9606.ENSP00000375809,ERCC2,POLR2G,0.972
9606.ENSP00000375809,ERCC2,POLR2L,0.971
9606.ENSP00000375809,ERCC2,POLR2H,0.97
9606.ENSP00000375809,ERCC2,BIVM-ERCC5,0.965
9606.ENSP00000375809,ERCC2,POLR2J,0.962
9606.ENSP00000375809,ERCC2,MED7,0.956
9606.ENSP00000375809,ERCC2,TAF12,0.95
9606.ENSP00000375809,ERCC2,TAF4,0.944
9606.ENSP00000375809,ERCC2,MED14,0.943
9606.ENSP00000375809,ERCC2,MED6,0.933
9606.ENSP00000375809,ERCC2,MED31,0.929
9606.ENSP00000375809,ERCC2,MED21,0.926
9606.ENSP00000375809,ERCC2,XPC,0.926
9606.ENSP00000375809,ERCC2,MED10,0.925
9606.ENSP00000375809,ERCC2,CDK9,0.918
9606.ENSP00000375809,ERCC2,MED17,0.918
9606.ENSP00000375809,ERCC2,DDB2,0.915
9606.ENSP00000375809,ERCC2,ERCC8,0.915
9606.ENSP00000375809,ERCC2,ATM,0.914
9606.ENSP00000375809,ERCC2,SLC25A5,0.909
9606.ENSP00000375809,ERCC2,LIG1,0.908
9606.ENSP00000375809,ERCC2,CCNT1,0.907
9606.ENSP00000375809,ERCC2,CCNT2,0.903
9606.ENSP00000375809,ERCC2,TAF9B,0.903
9606.ENSP00000376167,GPS1,COPS8,0.999
9606.ENSP00000376167,GPS1,COPS4,0.999
9606.ENSP00000376167,GPS1,COPS5,0.999
9606.ENSP00000376167,GPS1,COPS7B,0.999
9606.ENSP00000376167,GPS1,COPS3,0.999
9606.ENSP00000376167,GPS1,COPS2,0.999
9606.ENSP00000376167,GPS1,COPS7A,0.999
9606.ENSP00000376167,GPS1,COPS6,0.999
9606.ENSP00000376167,GPS1,RBX1,0.982
9606.ENSP00000376167,GPS1,NEDD8,0.981
9606.ENSP00000376167,GPS1,COPS9,0.975
9606.ENSP00000376167,GPS1,GPS2,0.958
9606.ENSP00000376167,GPS1,CUL4A,0.955
9606.ENSP00000376167,GPS1,DDB1,0.949
9606.ENSP00000376167,GPS1,ELOB,0.944
9606.ENSP00000376167,GPS1,CUL4B,0.94
9606.ENSP00000376167,GPS1,VHL,0.926
9606.ENSP00000376167,GPS1,CUL1,0.921
9606.ENSP00000376167,GPS1,CUL3,0.92
9606.ENSP00000376167,GPS1,CUL2,0.919
9606.ENSP00000376167,GPS1,DDB2,0.908
9606.ENSP00000376167,GPS1,PLCG1,0.908
9606.ENSP00000376167,GPS1,ELOC,0.902
9606.ENSP00000376167,GPS1,GRB2,0.902
9606.ENSP00000376167,GPS1,TESPA1,0.9
9606.ENSP00000376309,HNRNPA3,HNRNPD,0.999
9606.ENSP00000376309,HNRNPA3,HNRNPH1,0.977
9606.ENSP00000376309,HNRNPA3,HNRNPL,0.97
9606.ENSP00000376309,HNRNPA3,HNRNPC,0.969
9606.ENSP00000376309,HNRNPA3,HNRNPA2B1,0.968
9606.ENSP00000376309,HNRNPA3,PTBP1,0.965
9606.ENSP00000376309,HNRNPA3,HNRNPA1,0.949
9606.ENSP00000376309,HNRNPA3,HNRNPM,0.935
9606.ENSP00000376309,HNRNPA3,FUS,0.931
9606.ENSP00000376309,HNRNPA3,HNRNPH2,0.928
9606.ENSP00000376309,HNRNPA3,HNRNPR,0.925
9606.ENSP00000376309,HNRNPA3,HNRNPK,0.923
9606.ENSP00000376309,HNRNPA3,TARDBP,0.919
9606.ENSP00000376309,HNRNPA3,SRSF1,0.918
9606.ENSP00000376309,HNRNPA3,PCBP2,0.915
9606.ENSP00000376309,HNRNPA3,PCBP1,0.913
9606.ENSP00000376309,HNRNPA3,HNRNPU,0.912
9606.ENSP00000376345,GRB2,ERBB4,0.999
9606.ENSP00000376345,GRB2,LAT,0.999
9606.ENSP00000376345,GRB2,LCP2,0.999
9606.ENSP00000376345,GRB2,IRS1,0.999
9606.ENSP00000376345,GRB2,PTPN11,0.999
9606.ENSP00000376345,GRB2,EGFR,0.999
9606.ENSP00000376345,GRB2,ERBB2,0.999
9606.ENSP00000376345,GRB2,ABL1,0.999
9606.ENSP00000376345,GRB2,VAV1,0.999
9606.ENSP00000376345,GRB2,IRS2,0.999
9606.ENSP00000376345,GRB2,PLCG1,0.999
9606.ENSP00000376345,GRB2,CD28,0.999
9606.ENSP00000376345,GRB2,BLNK,0.999
9606.ENSP00000376345,GRB2,SOS2,0.999
9606.ENSP00000376345,GRB2,ERBB3,0.999
9606.ENSP00000376345,GRB2,GAB2,0.999
9606.ENSP00000376345,GRB2,SOS1,0.999
9606.ENSP00000376345,GRB2,MET,0.999
9606.ENSP00000376345,GRB2,SHC1,0.999
9606.ENSP00000376345,GRB2,PTK2,0.999
9606.ENSP00000376345,GRB2,SRC,0.999
9606.ENSP00000376345,GRB2,CBL,0.999
9606.ENSP00000376345,GRB2,WASL,0.999
9606.ENSP00000376345,GRB2,FRS2,0.999
9606.ENSP00000376345,GRB2,PDGFRB,0.999
9606.ENSP00000376345,GRB2,GAB1,0.999
9606.ENSP00000376345,GRB2,KIT,0.998
9606.ENSP00000376345,GRB2,PIK3R1,0.998
9606.ENSP00000376345,GRB2,IRS4,0.996
9606.ENSP00000376345,GRB2,RABIF,0.995
9606.ENSP00000376345,GRB2,HCST,0.995
9606.ENSP00000376345,GRB2,EGF,0.995
9606.ENSP00000376345,GRB2,WAS,0.995
9606.ENSP00000376345,GRB2,BCR,0.994
9606.ENSP00000376345,GRB2,GRAP2,0.993
9606.ENSP00000376345,GRB2,FGFR2,0.993
9606.ENSP00000376345,GRB2,NTRK1,0.993
9606.ENSP00000376345,GRB2,NCK1,0.993
9606.ENSP00000376345,GRB2,A1BG,0.992
9606.ENSP00000376345,GRB2,WIPF1,0.992
9606.ENSP00000376345,GRB2,ZAP70,0.992
9606.ENSP00000376345,GRB2,SH2B1,0.991
9606.ENSP00000376345,GRB2,SPRY2,0.987
9606.ENSP00000376345,GRB2,SHC3,0.987
9606.ENSP00000376345,GRB2,JAK2,0.987
9606.ENSP00000376345,GRB2,SYK,0.986
9606.ENSP00000376345,GRB2,INSR,0.985
9606.ENSP00000376345,GRB2,IGF1R,0.985
9606.ENSP00000376345,GRB2,BTK,0.984
9606.ENSP00000376345,GRB2,FGFR3,0.984
9606.ENSP00000376345,GRB2,RAPGEF1,0.983
9606.ENSP00000376345,GRB2,TNK2,0.983
9606.ENSP00000376345,GRB2,BCAR1,0.982
9606.ENSP00000376345,GRB2,CRK,0.98
9606.ENSP00000376345,GRB2,FYN,0.98
9606.ENSP00000376345,GRB2,FLT4,0.979
9606.ENSP00000376345,GRB2,THEMIS,0.978
9606.ENSP00000376345,GRB2,SPRY1,0.978
9606.ENSP00000376345,GRB2,EPOR,0.978
9606.ENSP00000376345,GRB2,INPP5D,0.977
9606.ENSP00000376345,GRB2,ITK,0.976
9606.ENSP00000376345,GRB2,GAB3,0.975
9606.ENSP00000376345,GRB2,GAREM1,0.975
9606.ENSP00000376345,GRB2,PTPRA,0.974
9606.ENSP00000376345,GRB2,LCK,0.974
9606.ENSP00000376345,GRB2,PDGFRA,0.974
9606.ENSP00000376345,GRB2,FLT3,0.972
9606.ENSP00000376345,GRB2,SH2B3,0.972
9606.ENSP00000376345,GRB2,KDR,0.97
9606.ENSP00000376345,GRB2,NTRK2,0.969
9606.ENSP00000376345,GRB2,SHC4,0.968
9606.ENSP00000376345,GRB2,LAT2,0.966
9606.ENSP00000376345,GRB2,CBLB,0.965
9606.ENSP00000376345,GRB2,ALK,0.965
9606.ENSP00000376345,GRB2,PTPN6,0.964
9606.ENSP00000376345,GRB2,PXN,0.964
9606.ENSP00000376345,GRB2,SH3PXD2A,0.963
9606.ENSP00000376345,GRB2,FGFR1,0.961
9606.ENSP00000376345,GRB2,MAP4K1,0.958
9606.ENSP00000376345,GRB2,SHC2,0.957
9606.ENSP00000376345,GRB2,IL6ST,0.956
9606.ENSP00000376345,GRB2,SH3KBP1,0.956
9606.ENSP00000376345,GRB2,SH2B2,0.955
9606.ENSP00000376345,GRB2,DNM1,0.953
9606.ENSP00000376345,GRB2,RET,0.952
9606.ENSP00000376345,GRB2,STAMBP,0.951
9606.ENSP00000376345,GRB2,PTK2B,0.951
9606.ENSP00000376345,GRB2,VAV3,0.95
9606.ENSP00000376345,GRB2,CSF1R,0.95
9606.ENSP00000376345,GRB2,SYNJ1,0.95
9606.ENSP00000376345,GRB2,FGFR4,0.95
9606.ENSP00000376345,GRB2,DAB2,0.948
9606.ENSP00000376345,GRB2,NTRK3,0.947
9606.ENSP00000376345,GRB2,APP,0.945
9606.ENSP00000376345,GRB2,GRAP,0.943
9606.ENSP00000376345,GRB2,PTPN12,0.94
9606.ENSP00000376345,GRB2,TESPA1,0.939
9606.ENSP00000376345,GRB2,KHDRBS1,0.939
9606.ENSP00000376345,GRB2,HRAS,0.938
9606.ENSP00000376345,GRB2,DNM2,0.937
9606.ENSP00000376345,GRB2,PSEN1,0.937
9606.ENSP00000376345,GRB2,VAV2,0.937
9606.ENSP00000376345,GRB2,FRS3,0.936
9606.ENSP00000376345,GRB2,KRAS,0.931
9606.ENSP00000376345,GRB2,AXL,0.931
9606.ENSP00000376345,GRB2,INSRR,0.93
9606.ENSP00000376345,GRB2,IRS4-2,0.927
9606.ENSP00000376345,GRB2,MAP4K5,0.926
9606.ENSP00000376345,GRB2,PIK3CA,0.924
9606.ENSP00000376345,GRB2,CDC42,0.922
9606.ENSP00000376345,GRB2,CRKL,0.921
9606.ENSP00000376345,GRB2,MUC1,0.921
9606.ENSP00000376345,GRB2,DAG1,0.921
9606.ENSP00000376345,GRB2,MAPK1,0.92
9606.ENSP00000376345,GRB2,AMPH,0.919
9606.ENSP00000376345,GRB2,NPM1,0.919
9606.ENSP00000376345,GRB2,XYLT2,0.918
9606.ENSP00000376345,GRB2,COPS5,0.917
9606.ENSP00000376345,GRB2,EPHA2,0.917
9606.ENSP00000376345,GRB2,LIFR,0.916
9606.ENSP00000376345,GRB2,PTPN1,0.915
9606.ENSP00000376345,GRB2,COPS3,0.914
9606.ENSP00000376345,GRB2,FLT1,0.913
9606.ENSP00000376345,GRB2,S100A8,0.913
9606.ENSP00000376345,GRB2,INPPL1,0.911
9606.ENSP00000376345,GRB2,AKT1,0.907
9606.ENSP00000376345,GRB2,COPS6,0.904
9606.ENSP00000376345,GRB2,DOCK1,0.903
9606.ENSP00000376345,GRB2,COPS4,0.903
9606.ENSP00000376345,GRB2,COPS2,0.902
9606.ENSP00000376345,GRB2,GPS1,0.902
9606.ENSP00000376345,GRB2,COPS7B,0.901
9606.ENSP00000376345,GRB2,COPS7A,0.9
9606.ENSP00000376345,GRB2,COPS9,0.9
9606.ENSP00000376345,GRB2,COPS8,0.9
9606.ENSP00000376436,ETS1,RUNX1,0.999
9606.ENSP00000376436,ETS1,PAX5,0.996
9606.ENSP00000376436,ETS1,MAPK1,0.992
9606.ENSP00000376436,ETS1,FOXO1,0.978
9606.ENSP00000376436,ETS1,TP53,0.972
9606.ENSP00000376436,ETS1,ETS2,0.958
9606.ENSP00000376436,ETS1,EP300,0.954
9606.ENSP00000376436,ETS1,MAPK3,0.945
9606.ENSP00000376436,ETS1,NFKB2,0.945
9606.ENSP00000376436,ETS1,SRF,0.919
9606.ENSP00000376436,ETS1,GATA3,0.907
9606.ENSP00000377197,HYDIN,GPRIN2,0.914
9606.ENSP00000377275,GOLGB1,ACBD3,0.997
9606.ENSP00000377275,GOLGB1,USO1,0.991
9606.ENSP00000377275,GOLGB1,GOSR1,0.99
9606.ENSP00000377275,GOLGB1,STX5,0.988
9606.ENSP00000377275,GOLGB1,GOLGA2,0.958
9606.ENSP00000377275,GOLGB1,GORASP1,0.931
9606.ENSP00000377275,GOLGB1,GOLGA5,0.923
9606.ENSP00000377275,GOLGB1,GOLGA4,0.913
9606.ENSP00000377681,G3BP1,CAPRIN1,0.999
9606.ENSP00000377681,G3BP1,USP10,0.999
9606.ENSP00000377681,G3BP1,TIA1,0.998
9606.ENSP00000377681,G3BP1,TIAL1,0.996
9606.ENSP00000377681,G3BP1,PABPC1,0.995
9606.ENSP00000377681,G3BP1,RASA1,0.994
9606.ENSP00000377681,G3BP1,EIF4G1,0.991
9606.ENSP00000377681,G3BP1,G3BP2,0.987
9606.ENSP00000377681,G3BP1,EIF3B,0.983
9606.ENSP00000377681,G3BP1,TARDBP,0.983
9606.ENSP00000377681,G3BP1,UPF1,0.952
9606.ENSP00000377681,G3BP1,FXR1,0.95
9606.ENSP00000377681,G3BP1,UBAP2L,0.948
9606.ENSP00000377681,G3BP1,ATXN2,0.948
9606.ENSP00000377681,G3BP1,YBX1,0.944
9606.ENSP00000377681,G3BP1,ELAVL1,0.942
9606.ENSP00000377681,G3BP1,NUFIP2,0.934
9606.ENSP00000377681,G3BP1,FMR1,0.934
9606.ENSP00000377681,G3BP1,EIF4A1,0.933
9606.ENSP00000377681,G3BP1,DDX6,0.917
9606.ENSP00000377681,G3BP1,HDAC6,0.914
9606.ENSP00000377681,G3BP1,EIF4E,0.914
9606.ENSP00000377681,G3BP1,DDX3X,0.912
9606.ENSP00000377681,G3BP1,FXR2,0.906
9606.ENSP00000377836,GPC3,IGF2,0.993
9606.ENSP00000377836,GPC3,WNT3A,0.986
9606.ENSP00000377836,GPC3,IHH,0.964
9606.ENSP00000377836,GPC3,WNT5A,0.96
9606.ENSP00000377836,GPC3,SHH,0.959
9606.ENSP00000377836,GPC3,AFP,0.927
9606.ENSP00000377836,GPC3,WNT2,0.927
9606.ENSP00000377836,GPC3,WNT4,0.926
9606.ENSP00000377836,GPC3,WNT1,0.922
9606.ENSP00000377836,GPC3,WNT3,0.921
9606.ENSP00000377836,GPC3,WNT11,0.92
9606.ENSP00000377836,GPC3,WNT5B,0.92
9606.ENSP00000377836,GPC3,WNT2B,0.919
9606.ENSP00000377836,GPC3,WNT7B,0.919
9606.ENSP00000377836,GPC3,WNT6,0.919
9606.ENSP00000377836,GPC3,WNT16,0.918
9606.ENSP00000377836,GPC3,WNT7A,0.918
9606.ENSP00000377836,GPC3,WNT9A,0.916
9606.ENSP00000377836,GPC3,WNT9B,0.915
9606.ENSP00000377836,GPC3,WNT8A,0.914
9606.ENSP00000377836,GPC3,WNT8B,0.912
9606.ENSP00000377836,GPC3,WNT10B,0.912
9606.ENSP00000377836,GPC3,WNT10A,0.911
9606.ENSP00000377862,FAT4,FJX1,0.928
9606.ENSP00000378529,FZR1,ANAPC7,0.999
9606.ENSP00000378529,FZR1,CDC27,0.999
9606.ENSP00000378529,FZR1,ANAPC5,0.999
9606.ENSP00000378529,FZR1,ANAPC4,0.999
9606.ENSP00000378529,FZR1,CDC16,0.999
9606.ENSP00000378529,FZR1,PLK1,0.999
9606.ENSP00000378529,FZR1,CDC23,0.999
9606.ENSP00000378529,FZR1,ANAPC2,0.999
9606.ENSP00000378529,FZR1,ANAPC1,0.998
9606.ENSP00000378529,FZR1,CCNB1,0.998
9606.ENSP00000378529,FZR1,NEK2,0.998
9606.ENSP00000378529,FZR1,FBXO5,0.998
9606.ENSP00000378529,FZR1,ANAPC10,0.997
9606.ENSP00000378529,FZR1,ANAPC13,0.997
9606.ENSP00000378529,FZR1,CDC26,0.996
9606.ENSP00000378529,FZR1,TRIM33,0.994
9606.ENSP00000378529,FZR1,MAD2L1,0.992
9606.ENSP00000378529,FZR1,UBE2C,0.991
9606.ENSP00000378529,FZR1,PTTG1,0.99
9606.ENSP00000378529,FZR1,UBE2S,0.988
9606.ENSP00000378529,FZR1,CDK1,0.983
9606.ENSP00000378529,FZR1,ANAPC16,0.983
9606.ENSP00000378529,FZR1,CCNA2,0.982
9606.ENSP00000378529,FZR1,BUB1B,0.981
9606.ENSP00000378529,FZR1,ANAPC15,0.976
9606.ENSP00000378529,FZR1,CDK2,0.97
9606.ENSP00000378529,FZR1,MAD2L2,0.968
9606.ENSP00000378529,FZR1,CCNA1,0.967
9606.ENSP00000378529,FZR1,MAD1L1,0.966
9606.ENSP00000378529,FZR1,SKP2,0.96
9606.ENSP00000378529,FZR1,ANAPC11,0.949
9606.ENSP00000378529,FZR1,CDC20,0.937
9606.ENSP00000378529,FZR1,CDC14A,0.928
9606.ENSP00000378529,FZR1,CCNB2,0.925
9606.ENSP00000378529,FZR1,CDC6,0.918
9606.ENSP00000378529,FZR1,UBB,0.913
9606.ENSP00000378529,FZR1,UBC,0.911
9606.ENSP00000378529,FZR1,AURKA,0.908
9606.ENSP00000378529,FZR1,CCNB3,0.905
9606.ENSP00000378529,FZR1,BUB3,0.903
9606.ENSP00000379032,EXT2,EXT1,0.999
9606.ENSP00000379032,EXT2,NDST1,0.946
9606.ENSP00000379032,EXT2,ALX4,0.912
9606.ENSP00000379228,HECW1,DVL1,0.984
9606.ENSP00000379228,HECW1,SSR4,0.916
9606.ENSP00000379258,GLI3,SUFU,0.999
9606.ENSP00000379258,GLI3,KIF7,0.995
9606.ENSP00000379258,GLI3,SPOP,0.994
9606.ENSP00000379258,GLI3,BTRC,0.991
9606.ENSP00000379258,GLI3,PTCH1,0.989
9606.ENSP00000379258,GLI3,SMO,0.975
9606.ENSP00000379258,GLI3,SHH,0.966
9606.ENSP00000379258,GLI3,PRKACB,0.963
9606.ENSP00000379258,GLI3,PRKACG,0.963
9606.ENSP00000379258,GLI3,PRKACA,0.963
9606.ENSP00000379258,GLI3,FBXW11,0.96
9606.ENSP00000379258,GLI3,GSK3B,0.953
9606.ENSP00000379258,GLI3,SPOPL,0.951
9606.ENSP00000379258,GLI3,CUL3,0.941
9606.ENSP00000379258,GLI3,GLI2,0.941
9606.ENSP00000379258,GLI3,CUL1,0.935
9606.ENSP00000379258,GLI3,STK36,0.927
9606.ENSP00000379258,GLI3,GLI1,0.923
9606.ENSP00000379258,GLI3,ARRB2,0.921
9606.ENSP00000379258,GLI3,ARRB1,0.919
9606.ENSP00000379457,FAF1,VCP,0.999
9606.ENSP00000379457,FAF1,UBXN1,0.999
9606.ENSP00000379457,FAF1,UBXN7,0.999
9606.ENSP00000379457,FAF1,UFD1,0.999
9606.ENSP00000379457,FAF1,NPLOC4,0.999
9606.ENSP00000379457,FAF1,UBXN6,0.997
9606.ENSP00000379457,FAF1,NSFL1C,0.997
9606.ENSP00000379457,FAF1,UBXN2B,0.997
9606.ENSP00000379457,FAF1,ASPSCR1,0.996
9606.ENSP00000379457,FAF1,TNFAIP1,0.995
9606.ENSP00000379457,FAF1,BTBD9,0.994
9606.ENSP00000379457,FAF1,KCTD13,0.994
9606.ENSP00000379457,FAF1,KCTD10,0.994
9606.ENSP00000379457,FAF1,FAS,0.993
9606.ENSP00000379457,FAF1,CASP8,0.991
9606.ENSP00000379457,FAF1,FADD,0.988
9606.ENSP00000379457,FAF1,HSPA1B,0.922
9606.ENSP00000379457,FAF1,RIPK1,0.913
9606.ENSP00000379457,FAF1,TRADD,0.911
9606.ENSP00000379457,FAF1,CFLAR,0.904
9606.ENSP00000379457,FAF1,HSPA1A,0.901
9606.ENSP00000379457,FAF1,CASP10,0.9
9606.ENSP00000379658,ETV6,RUNX1,0.983
9606.ENSP00000379658,ETV6,NTRK3,0.972
9606.ENSP00000379658,ETV6,ETV7,0.971
9606.ENSP00000379658,ETV6,ABL1,0.932
9606.ENSP00000379841,GPS2,TBL1Y,0.999
9606.ENSP00000379841,GPS2,TBL1X,0.999
9606.ENSP00000379841,GPS2,TBL1XR1,0.999
9606.ENSP00000379841,GPS2,NCOR1,0.999
9606.ENSP00000379841,GPS2,HDAC3,0.998
9606.ENSP00000379841,GPS2,NCOR2,0.997
9606.ENSP00000379841,GPS2,GPS1,0.958
9606.ENSP00000379873,HLA-A,KIR3DL1,0.999
9606.ENSP00000379873,HLA-A,HLA-B,0.999
9606.ENSP00000379873,HLA-A,B2M,0.999
9606.ENSP00000379873,HLA-A,CD8A,0.999
9606.ENSP00000379873,HLA-A,KIR3DL2,0.999
9606.ENSP00000379873,HLA-A,LILRB1,0.999
9606.ENSP00000379873,HLA-A,HLA-C,0.998
9606.ENSP00000379873,HLA-A,TAPBP,0.998
9606.ENSP00000379873,HLA-A,CALR,0.997
9606.ENSP00000379873,HLA-A,KIR2DL3,0.996
9606.ENSP00000379873,HLA-A,HLA-F,0.996
9606.ENSP00000379873,HLA-A,PDIA3,0.993
9606.ENSP00000379873,HLA-A,LILRB2,0.992
9606.ENSP00000379873,HLA-A,HLA-E,0.989
9606.ENSP00000379873,HLA-A,TAP1,0.984
9606.ENSP00000379873,HLA-A,KIR2DL1,0.984
9606.ENSP00000379873,HLA-A,KLRC1,0.978
9606.ENSP00000379873,HLA-A,HLA-DQA1,0.973
9606.ENSP00000379873,HLA-A,KIR3DL3,0.972
9606.ENSP00000379873,HLA-A,AP1M1,0.966
9606.ENSP00000379873,HLA-A,HLA-DMA,0.966
9606.ENSP00000379873,HLA-A,CD247,0.963
9606.ENSP00000379873,HLA-A,TAP2,0.963
9606.ENSP00000379873,HLA-A,HLA-DOA,0.96
9606.ENSP00000379873,HLA-A,LOC102723407,0.958
9606.ENSP00000379873,HLA-A,HLA-DPA1,0.957
9606.ENSP00000379873,HLA-A,KLRD1,0.952
9606.ENSP00000379873,HLA-A,HLA-DRA,0.95
9606.ENSP00000379873,HLA-A,HLA-G,0.947
9606.ENSP00000379873,HLA-A,HLA-DRB1,0.942
9606.ENSP00000379873,HLA-A,HLA-DPB1,0.942
9606.ENSP00000379873,HLA-A,CD3E,0.941
9606.ENSP00000379873,HLA-A,TRDV1,0.932
9606.ENSP00000379873,HLA-A,HLA-DMB,0.931
9606.ENSP00000379873,HLA-A,IGLL5,0.93
9606.ENSP00000379873,HLA-A,AP1G1,0.928
9606.ENSP00000379873,HLA-A,AP1B1,0.927
9606.ENSP00000379873,HLA-A,AP1S3,0.927
9606.ENSP00000379873,HLA-A,IGHV3-43D,0.927
9606.ENSP00000379873,HLA-A,CD3D,0.925
9606.ENSP00000379873,HLA-A,GYPC,0.924
9606.ENSP00000379873,HLA-A,CD8B2,0.922
9606.ENSP00000379873,HLA-A,HLA-DOB,0.922
9606.ENSP00000379873,HLA-A,CD3G,0.919
9606.ENSP00000379873,HLA-A,HLA-DQA2,0.919
9606.ENSP00000379873,HLA-A,IL27RA,0.917
9606.ENSP00000379873,HLA-A,LSP1,0.914
9606.ENSP00000379873,HLA-A,RAB9A,0.904
9606.ENSP00000379873,HLA-A,IGHV3-16,0.901
9606.ENSP00000379895,GATM,GAMT,0.997
9606.ENSP00000379895,GATM,AZIN2,0.964
9606.ENSP00000379895,GATM,SHMT1,0.96
9606.ENSP00000379895,GATM,AGXT,0.952
9606.ENSP00000379895,GATM,ARG2,0.948
9606.ENSP00000379895,GATM,AGXT2,0.946
9606.ENSP00000379895,GATM,ARG1,0.938
9606.ENSP00000379895,GATM,SLC6A8,0.933
9606.ENSP00000379895,GATM,SHMT2,0.931
9606.ENSP00000379895,GATM,GNMT,0.93
9606.ENSP00000379895,GATM,GLDC,0.929
9606.ENSP00000379895,GATM,ALDH7A1,0.929
9606.ENSP00000379895,GATM,SARDH,0.926
9606.ENSP00000379895,GATM,NOS1,0.925
9606.ENSP00000379895,GATM,ALDH2,0.925
9606.ENSP00000379895,GATM,NOS3,0.922
9606.ENSP00000379895,GATM,ALDH1B1,0.922
9606.ENSP00000379895,GATM,ALDH3A2,0.921
9606.ENSP00000379895,GATM,ALDH9A1,0.918
9606.ENSP00000379895,GATM,NOS2,0.916
9606.ENSP00000379895,GATM,CNDP1,0.91
9606.ENSP00000379895,GATM,PIPOX,0.909
9606.ENSP00000379895,GATM,DAO,0.908
9606.ENSP00000379895,GATM,ALAS2,0.907
9606.ENSP00000379895,GATM,ALAS1,0.906
9606.ENSP00000379895,GATM,CNDP2,0.906
9606.ENSP00000379895,GATM,CARNS1,0.903
9606.ENSP00000380184,GPAT4,GPAM,0.992
9606.ENSP00000380184,GPAT4,GPAT2,0.981
9606.ENSP00000380184,GPAT4,MBOAT2,0.958
9606.ENSP00000380184,GPAT4,GPD1,0.932
9606.ENSP00000380184,GPAT4,GPD1L,0.932
9606.ENSP00000380184,GPAT4,GK2,0.92
9606.ENSP00000380184,GPAT4,AGPAT1,0.918
9606.ENSP00000380184,GPAT4,GK,0.916
9606.ENSP00000380184,GPAT4,GPD2,0.915
9606.ENSP00000380184,GPAT4,AGK,0.908
9606.ENSP00000380184,GPAT4,AGPAT3,0.906
9606.ENSP00000380184,GPAT4,GPAT3,0.903
9606.ENSP00000380184,GPAT4,AGPAT2,0.902
9606.ENSP00000380184,GPAT4,ADPRM,0.901
9606.ENSP00000380856,FTCD,MTHFD1,0.992
9606.ENSP00000380856,FTCD,GART,0.991
9606.ENSP00000380856,FTCD,MTHFD1L,0.991
9606.ENSP00000380856,FTCD,MTHFS,0.99
9606.ENSP00000380856,FTCD,MTHFD2,0.99
9606.ENSP00000380856,FTCD,MTHFD2L,0.989
9606.ENSP00000380856,FTCD,DNAL1,0.979
9606.ENSP00000380856,FTCD,AMDHD1,0.977
9606.ENSP00000380856,FTCD,ATIC,0.953
9606.ENSP00000380856,FTCD,SHMT2,0.951
9606.ENSP00000380856,FTCD,SHMT1,0.951
9606.ENSP00000380856,FTCD,AMT,0.947
9606.ENSP00000380856,FTCD,MTR,0.94
9606.ENSP00000380856,FTCD,DHFR,0.94
9606.ENSP00000380856,FTCD,ALDH1L1,0.939
9606.ENSP00000380856,FTCD,MTFMT,0.936
9606.ENSP00000380856,FTCD,DHFR2,0.931
9606.ENSP00000380856,FTCD,ALDH1L2,0.922
9606.ENSP00000380856,FTCD,ST20-MTHFS,0.903
9606.ENSP00000381237,HM13,RNF139,0.997
9606.ENSP00000381237,HM13,DERL1,0.939
9606.ENSP00000381666,GXYLT1,UGGT1,0.915
9606.ENSP00000381666,GXYLT1,GXYLT2,0.908
9606.ENSP00000382707,IFITM3,IFIT3,0.923
9606.ENSP00000382707,IFITM3,ISG15,0.911
9606.ENSP00000384169,FBLN2,HSPG2,0.993
9606.ENSP00000384169,FBLN2,FN1,0.989
9606.ENSP00000384169,FBLN2,ELN,0.975
9606.ENSP00000384169,FBLN2,FBN1,0.971
9606.ENSP00000384169,FBLN2,FBLN1,0.948
9606.ENSP00000384169,FBLN2,ACAN,0.931
9606.ENSP00000384169,FBLN2,NID1,0.904
9606.ENSP00000384708,FSHR,FSHB,0.999
9606.ENSP00000384708,FSHR,CGA,0.99
9606.ENSP00000384708,FSHR,TSHB,0.976
9606.ENSP00000384708,FSHR,GNAS,0.942
9606.ENSP00000384708,FSHR,BMP15,0.932
9606.ENSP00000384708,FSHR,POMC,0.93
9606.ENSP00000384708,FSHR,ADCYAP1,0.929
9606.ENSP00000384708,FSHR,GCG,0.915
9606.ENSP00000384708,FSHR,GDF9,0.912
9606.ENSP00000384708,FSHR,NPPA,0.91
9606.ENSP00000384708,FSHR,VIP,0.909
9606.ENSP00000384708,FSHR,GIP,0.901
9606.ENSP00000384823,FBXO11,SKP1,0.991
9606.ENSP00000384823,FBXO11,CUL1,0.98
9606.ENSP00000385021,FANCL,HES1,0.999
9606.ENSP00000385021,FANCL,FAAP100,0.999
9606.ENSP00000385021,FANCL,FANCG,0.999
9606.ENSP00000385021,FANCL,FANCB,0.999
9606.ENSP00000385021,FANCL,FANCM,0.999
9606.ENSP00000385021,FANCL,FANCC,0.999
9606.ENSP00000385021,FANCL,FANCD2,0.999
9606.ENSP00000385021,FANCL,FAAP24,0.999
9606.ENSP00000385021,FANCL,FANCA,0.999
9606.ENSP00000385021,FANCL,CENPS,0.999
9606.ENSP00000385021,FANCL,CENPX,0.999
9606.ENSP00000385021,FANCL,UBE2T,0.999
9606.ENSP00000385021,FANCL,FANCF,0.999
9606.ENSP00000385021,FANCL,FAAP20,0.999
9606.ENSP00000385021,FANCL,FANCI,0.999
9606.ENSP00000385021,FANCL,FANCE,0.999
9606.ENSP00000385021,FANCL,UBE2W,0.974
9606.ENSP00000385021,FANCL,USP1,0.972
9606.ENSP00000385021,FANCL,WDR48,0.957
9606.ENSP00000385021,FANCL,RAD51C,0.92
9606.ENSP00000385021,FANCL,BRIP1,0.912
9606.ENSP00000385021,FANCL,BRCA2,0.902
9606.ENSP00000385021,FANCL,SLX4,0.9
9606.ENSP00000385207,GAL3ST1,UGT8,0.964
9606.ENSP00000385207,GAL3ST1,GALC,0.937
9606.ENSP00000385207,GAL3ST1,NEU2,0.917
9606.ENSP00000385207,GAL3ST1,NEU4,0.916
9606.ENSP00000385207,GAL3ST1,GLA,0.914
9606.ENSP00000385207,GAL3ST1,NEU1,0.913
9606.ENSP00000385207,GAL3ST1,NEU3,0.9
9606.ENSP00000385479,H3C15,H3C14,0.981
9606.ENSP00000385479,H3C15,H2AC4,0.972
9606.ENSP00000385479,H3C15,H4C14,0.97
9606.ENSP00000385479,H3C15,H4C2,0.969
9606.ENSP00000385479,H3C15,H4C4,0.969
9606.ENSP00000385479,H3C15,H2BC17,0.968
9606.ENSP00000385479,H3C15,H4C1,0.968
9606.ENSP00000385479,H3C15,H4C5,0.966
9606.ENSP00000385479,H3C15,H4C11,0.966
9606.ENSP00000385479,H3C15,H4C8,0.966
9606.ENSP00000385479,H3C15,H4C15,0.966
9606.ENSP00000385479,H3C15,H2AC8,0.965
9606.ENSP00000385479,H3C15,H4-16,0.965
9606.ENSP00000385479,H3C15,H3C2,0.965
9606.ENSP00000385479,H3C15,H4C13,0.963
9606.ENSP00000385479,H3C15,H3C7,0.963
9606.ENSP00000385479,H3C15,H2AC19,0.963
9606.ENSP00000385479,H3C15,H4C9,0.962
9606.ENSP00000385479,H3C15,H3C10,0.962
9606.ENSP00000385479,H3C15,H3C1,0.962
9606.ENSP00000385479,H3C15,H4C12,0.961
9606.ENSP00000385479,H3C15,H4C3,0.961
9606.ENSP00000385479,H3C15,H3C3,0.96
9606.ENSP00000385479,H3C15,H3C12,0.96
9606.ENSP00000385479,H3C15,H3C8,0.96
9606.ENSP00000385479,H3C15,H3C11,0.959
9606.ENSP00000385479,H3C15,H3C4,0.959
9606.ENSP00000385479,H3C15,H3C6,0.957
9606.ENSP00000385479,H3C15,H2AC12,0.956
9606.ENSP00000385479,H3C15,H4C6,0.954
9606.ENSP00000385479,H3C15,H2AC20,0.953
9606.ENSP00000385479,H3C15,H2AC13,0.953
9606.ENSP00000385479,H3C15,H2AC17,0.949
9606.ENSP00000385479,H3C15,SETD2,0.947
9606.ENSP00000385479,H3C15,UBA52,0.946
9606.ENSP00000385479,H3C15,H2AC6,0.946
9606.ENSP00000385479,H3C15,RPS27A,0.945
9606.ENSP00000385479,H3C15,H2AC21,0.944
9606.ENSP00000385479,H3C15,H2AC14,0.944
9606.ENSP00000385479,H3C15,CBX1,0.943
9606.ENSP00000385479,H3C15,NASP,0.943
9606.ENSP00000385479,H3C15,H2AC18,0.942
9606.ENSP00000385479,H3C15,H2AC16,0.942
9606.ENSP00000385479,H3C15,H2AC15,0.94
9606.ENSP00000385479,H3C15,H2AC11,0.94
9606.ENSP00000385479,H3C15,ASF1B,0.939
9606.ENSP00000385479,H3C15,ASF1A,0.939
9606.ENSP00000385479,H3C15,MACROH2A1,0.936
9606.ENSP00000385479,H3C15,UBB,0.935
9606.ENSP00000385479,H3C15,RBBP5,0.935
9606.ENSP00000385479,H3C15,SMARCA5,0.935
9606.ENSP00000385479,H3C15,UBC,0.935
9606.ENSP00000385479,H3C15,CBX5,0.933
9606.ENSP00000385479,H3C15,KAT2B,0.933
9606.ENSP00000385479,H3C15,CBX3,0.933
9606.ENSP00000385479,H3C15,EZH2,0.932
9606.ENSP00000385479,H3C15,DOT1L,0.932
9606.ENSP00000385479,H3C15,DIDO1,0.932
9606.ENSP00000385479,H3C15,PBRM1,0.932
9606.ENSP00000385479,H3C15,MPHOSPH8,0.932
9606.ENSP00000385479,H3C15,H3C13,0.931
9606.ENSP00000385479,H3C15,H2BC12,0.931
9606.ENSP00000385479,H3C15,IPO4,0.929
9606.ENSP00000385479,H3C15,CARM1,0.927
9606.ENSP00000385479,H3C15,EHMT2,0.923
9606.ENSP00000385479,H3C15,CDYL2,0.923
9606.ENSP00000385479,H3C15,EHMT1,0.923
9606.ENSP00000385479,H3C15,KAT6B,0.922
9606.ENSP00000385479,H3C15,WDR5,0.922
9606.ENSP00000385479,H3C15,CHD1L,0.922
9606.ENSP00000385479,H3C15,KAT6A,0.922
9606.ENSP00000385479,H3C15,ING2,0.921
9606.ENSP00000385479,H3C15,SGF29,0.92
9606.ENSP00000385479,H3C15,MCM2,0.92
9606.ENSP00000385479,H3C15,BRPF1,0.92
9606.ENSP00000385479,H3C15,PHF8,0.919
9606.ENSP00000385479,H3C15,CHD1,0.919
9606.ENSP00000385479,H3C15,ATRX,0.918
9606.ENSP00000385479,H3C15,NSD2,0.916
9606.ENSP00000385479,H3C15,KMT5A,0.916
9606.ENSP00000385479,H3C15,PYGO2,0.916
9606.ENSP00000385479,H3C15,SETDB1,0.916
9606.ENSP00000385479,H3C15,CHD4,0.915
9606.ENSP00000385479,H3C15,NSD3,0.915
9606.ENSP00000385479,H3C15,DNMT1,0.915
9606.ENSP00000385479,H3C15,AIRE,0.915
9606.ENSP00000385479,H3C15,KMT2A,0.915
9606.ENSP00000385479,H3C15,SIRT3,0.914
9606.ENSP00000385479,H3C15,SIRT5,0.914
9606.ENSP00000385479,H3C15,ING1,0.914
9606.ENSP00000385479,H3C15,ING4,0.914
9606.ENSP00000385479,H3C15,MLLT3,0.913
9606.ENSP00000385479,H3C15,MLLT1,0.913
9606.ENSP00000385479,H3C15,ZCWPW2,0.912
9606.ENSP00000385479,H3C15,DAXX,0.911
9606.ENSP00000385479,H3C15,CBX7,0.91
9606.ENSP00000385479,H3C15,DNMT3A,0.91
9606.ENSP00000385479,H3C15,PYGO1,0.909
9606.ENSP00000385479,H3C15,SPTY2D1,0.909
9606.ENSP00000385479,H3C15,CBX2,0.909
9606.ENSP00000385479,H3C15,CBX6,0.909
9606.ENSP00000385479,H3C15,KDM4A,0.908
9606.ENSP00000385479,H3C15,TRIM33,0.908
9606.ENSP00000385479,H3C15,PHF1,0.908
9606.ENSP00000385479,H3C15,KMT2E,0.908
9606.ENSP00000385479,H3C15,TRIM24,0.908
9606.ENSP00000385479,H3C15,SP100,0.907
9606.ENSP00000385479,H3C15,TRIM66,0.907
9606.ENSP00000385479,H3C15,BPTF,0.907
9606.ENSP00000385479,H3C15,CREBBP,0.907
9606.ENSP00000385479,H3C15,UHRF1,0.906
9606.ENSP00000385479,H3C15,DNMT3B,0.906
9606.ENSP00000385479,H3C15,PSIP1,0.906
9606.ENSP00000385479,H3C15,MORC3,0.905
9606.ENSP00000385479,H3C15,HDGFL2,0.905
9606.ENSP00000385479,H3C15,ZZZ3,0.903
9606.ENSP00000385479,H3C15,PPIE,0.903
9606.ENSP00000385479,H3C15,TNPO1,0.903
9606.ENSP00000385479,H3C15,H3-2,0.9
9606.ENSP00000385479,H3C15,SPIN1,0.9
9606.ENSP00000385571,HIPK2,TP53,0.999
9606.ENSP00000385571,HIPK2,AXIN1,0.979
9606.ENSP00000385571,HIPK2,UBE2I,0.966
9606.ENSP00000385571,HIPK2,PIN1,0.965
9606.ENSP00000385571,HIPK2,SIAH1,0.942
9606.ENSP00000385571,HIPK2,TP53INP1,0.941
9606.ENSP00000385571,HIPK2,DCAF7,0.939
9606.ENSP00000385571,HIPK2,SUMO1,0.927
9606.ENSP00000385571,HIPK2,RASSF5,0.922
9606.ENSP00000385571,HIPK2,MECP2,0.919
9606.ENSP00000386200,FOXP2,CNTNAP2,0.977
9606.ENSP00000386200,FOXP2,FOXP4,0.952
9606.ENSP00000386200,FOXP2,CTBP1,0.934
9606.ENSP00000386200,FOXP2,NFATC2,0.918
9606.ENSP00000386200,FOXP2,FOXP1-2,0.905
9606.ENSP00000387170,GIGYF2,EIF4E2,0.999
9606.ENSP00000387170,GIGYF2,GRB10,0.985
9606.ENSP00000387170,GIGYF2,ZNF598,0.973
9606.ENSP00000387170,GIGYF2,DDX6,0.925
9606.ENSP00000390265,IDH1,ACO1,0.998
9606.ENSP00000390265,IDH1,ACO2,0.998
9606.ENSP00000390265,IDH1,IDH3G,0.996
9606.ENSP00000390265,IDH1,CS,0.993
9606.ENSP00000390265,IDH1,OGDH,0.99
9606.ENSP00000390265,IDH1,IDH3B,0.988
9606.ENSP00000390265,IDH1,IDH3A,0.987
9606.ENSP00000390265,IDH1,OGDHL,0.981
9606.ENSP00000390265,IDH1,GLUD1,0.973
9606.ENSP00000390265,IDH1,MDH2,0.97
9606.ENSP00000390265,IDH1,GLUD2,0.963
9606.ENSP00000390265,IDH1,IDH2,0.961
9606.ENSP00000390265,IDH1,FH,0.957
9606.ENSP00000390265,IDH1,GOT2,0.952
9606.ENSP00000390265,IDH1,ACLY,0.935
9606.ENSP00000390265,IDH1,MGMT,0.934
9606.ENSP00000390265,IDH1,GOT1,0.929
9606.ENSP00000390265,IDH1,TET2,0.914
9606.ENSP00000392398,GPX5,GSR,0.998
9606.ENSP00000392398,GPX5,PRDX6,0.967
9606.ENSP00000392398,GPX5,PPARGC1A,0.957
9606.ENSP00000392398,GPX5,GSS,0.943
9606.ENSP00000392398,GPX5,GPX4,0.938
9606.ENSP00000392398,GPX5,ALOX5,0.937
9606.ENSP00000392398,GPX5,ALOX15,0.931
9606.ENSP00000392398,GPX5,GPX8,0.927
9606.ENSP00000392398,GPX5,GPX7,0.923
9606.ENSP00000392398,GPX5,ALOX15B,0.917
9606.ENSP00000392398,GPX5,CYP2C8,0.91
9606.ENSP00000392398,GPX5,TXNDC12,0.91
9606.ENSP00000392398,GPX5,GPX2,0.91
9606.ENSP00000392398,GPX5,CHAC1,0.909
9606.ENSP00000392398,GPX5,TXN,0.909
9606.ENSP00000392398,GPX5,CYP2J2,0.907
9606.ENSP00000392398,GPX5,CHAC2,0.903
9606.ENSP00000392398,GPX5,SOD2-2,0.902
9606.ENSP00000392398,GPX5,SOD2,0.902
9606.ENSP00000392398,GPX5,GPX3,0.902
9606.ENSP00000392398,GPX5,GPX6,0.902
9606.ENSP00000392896,HSBP1,WASHC3,0.931
9606.ENSP00000393097,GABRA1,GABRG2,0.998
9606.ENSP00000393097,GABRA1,GABRB2,0.996
9606.ENSP00000393097,GABRA1,GABRB3,0.993
9606.ENSP00000393097,GABRA1,GABRB1,0.97
9606.ENSP00000393097,GABRA1,TRAK2,0.954
9606.ENSP00000393097,GABRA1,HAP1,0.935
9606.ENSP00000393097,GABRA1,NSF,0.918
9606.ENSP00000393097,GABRA1,PLCL1,0.913
9606.ENSP00000393097,GABRA1,GABBR2,0.901
9606.ENSP00000393312,FGFR1,FGF18,0.999
9606.ENSP00000393312,FGFR1,FRS2,0.999
9606.ENSP00000393312,FGFR1,FGF23,0.999
9606.ENSP00000393312,FGFR1,FGF3,0.999
9606.ENSP00000393312,FGFR1,FGF6,0.999
9606.ENSP00000393312,FGFR1,FGF20,0.999
9606.ENSP00000393312,FGFR1,FGF1,0.999
9606.ENSP00000393312,FGFR1,KL,0.999
9606.ENSP00000393312,FGFR1,FGF16,0.999
9606.ENSP00000393312,FGFR1,FGF10,0.999
9606.ENSP00000393312,FGFR1,FGF4,0.999
9606.ENSP00000393312,FGFR1,FGF2,0.999
9606.ENSP00000393312,FGFR1,PLCG1,0.999
9606.ENSP00000393312,FGFR1,FGF7,0.999
9606.ENSP00000393312,FGFR1,KLB,0.999
9606.ENSP00000393312,FGFR1,FGF5,0.999
9606.ENSP00000393312,FGFR1,FGF8,0.999
9606.ENSP00000393312,FGFR1,FGF22,0.999
9606.ENSP00000393312,FGFR1,FGF9,0.999
9606.ENSP00000393312,FGFR1,FGF17,0.999
9606.ENSP00000393312,FGFR1,ANOS1,0.998
9606.ENSP00000393312,FGFR1,FGF21,0.998
9606.ENSP00000393312,FGFR1,FGF13,0.998
9606.ENSP00000393312,FGFR1,NCAM1,0.996
9606.ENSP00000393312,FGFR1,PIK3R1,0.992
9606.ENSP00000393312,FGFR1,FGF19,0.991
9606.ENSP00000393312,FGFR1,SOS1,0.987
9606.ENSP00000393312,FGFR1,KRAS,0.981
9606.ENSP00000393312,FGFR1,PIK3CA,0.977
9606.ENSP00000393312,FGFR1,SHC1,0.974
9606.ENSP00000393312,FGFR1,FGFR4,0.967
9606.ENSP00000393312,FGFR1,NRAS,0.966
9606.ENSP00000393312,FGFR1,INS,0.965
9606.ENSP00000393312,FGFR1,HRAS,0.962
9606.ENSP00000393312,FGFR1,GRB2,0.961
9606.ENSP00000393312,FGFR1,ZMYM2,0.957
9606.ENSP00000393312,FGFR1,HTR1A,0.951
9606.ENSP00000393312,FGFR1,PIK3R2,0.948
9606.ENSP00000393312,FGFR1,CTNNB1,0.947
9606.ENSP00000393312,FGFR1,CDH2,0.946
9606.ENSP00000393312,FGFR1,GRB14,0.946
9606.ENSP00000393312,FGFR1,SOS2,0.937
9606.ENSP00000393312,FGFR1,PIK3CB,0.933
9606.ENSP00000393312,FGFR1,PKM,0.932
9606.ENSP00000393312,FGFR1,EGF,0.926
9606.ENSP00000393312,FGFR1,PIK3CD,0.924
9606.ENSP00000393312,FGFR1,CREBBP,0.923
9606.ENSP00000393312,FGFR1,PIK3R3,0.923
9606.ENSP00000393312,FGFR1,PLCG2,0.92
9606.ENSP00000393312,FGFR1,SHC3,0.92
9606.ENSP00000393312,FGFR1,CRK,0.918
9606.ENSP00000393312,FGFR1,SHC2,0.916
9606.ENSP00000393312,FGFR1,SHC4,0.91
9606.ENSP00000396441,GPATCH4,WDR46,0.907
9606.ENSP00000397026,GRIK2,GRIK5,0.999
9606.ENSP00000397026,GRIK2,GRIK1,0.998
9606.ENSP00000397026,GRIK2,DLG4,0.998
9606.ENSP00000397026,GRIK2,GRIK4,0.992
9606.ENSP00000397026,GRIK2,GRIK3,0.985
9606.ENSP00000397026,GRIK2,DLG1,0.924
9606.ENSP00000397026,GRIK2,NETO1,0.907
9606.ENSP00000398597,EXOSC6,EXOSC2,0.999
9606.ENSP00000398597,EXOSC6,EXOSC3,0.999
9606.ENSP00000398597,EXOSC6,EXOSC9,0.999
9606.ENSP00000398597,EXOSC6,EXOSC10,0.999
9606.ENSP00000398597,EXOSC6,DIS3,0.999
9606.ENSP00000398597,EXOSC6,EXOSC1,0.999
9606.ENSP00000398597,EXOSC6,MPHOSPH6,0.999
9606.ENSP00000398597,EXOSC6,EXOSC8,0.999
9606.ENSP00000398597,EXOSC6,EXOSC5,0.999
9606.ENSP00000398597,EXOSC6,DIS3L,0.999
9606.ENSP00000398597,EXOSC6,EXOSC4,0.999
9606.ENSP00000398597,EXOSC6,EXOSC7,0.999
9606.ENSP00000398597,EXOSC6,C1D,0.997
9606.ENSP00000398597,EXOSC6,MTREX,0.995
9606.ENSP00000398597,EXOSC6,PNPT1,0.974
9606.ENSP00000398597,EXOSC6,ZFC3H1,0.948
9606.ENSP00000398597,EXOSC6,SKIV2L,0.943
9606.ENSP00000398597,EXOSC6,DIS3L2,0.935
9606.ENSP00000398597,EXOSC6,HBS1L,0.912
9606.ENSP00000398597,EXOSC6,SUPV3L1,0.901
9606.ENSP00000399168,HLA-B,KIR3DL1,0.999
9606.ENSP00000399168,HLA-B,HLA-A,0.999
9606.ENSP00000399168,HLA-B,B2M,0.999
9606.ENSP00000399168,HLA-B,KIR3DL2,0.999
9606.ENSP00000399168,HLA-B,HLA-C,0.998
9606.ENSP00000399168,HLA-B,TAPBP,0.998
9606.ENSP00000399168,HLA-B,CD8A,0.996
9606.ENSP00000399168,HLA-B,HLA-E,0.994
9606.ENSP00000399168,HLA-B,LILRB2,0.992
9606.ENSP00000399168,HLA-B,LILRB1,0.989
9606.ENSP00000399168,HLA-B,KIR2DL1,0.985
9606.ENSP00000399168,HLA-B,HLA-DMA,0.982
9606.ENSP00000399168,HLA-B,HLA-F,0.982
9606.ENSP00000399168,HLA-B,KIR3DL3,0.981
9606.ENSP00000399168,HLA-B,HLA-DOA,0.977
9606.ENSP00000399168,HLA-B,HLA-DRA,0.975
9606.ENSP00000399168,HLA-B,KIR2DL3,0.973
9606.ENSP00000399168,HLA-B,CALR,0.969
9606.ENSP00000399168,HLA-B,HLA-DMB,0.965
9606.ENSP00000399168,HLA-B,HLA-DRB1,0.963
9606.ENSP00000399168,HLA-B,HLA-G,0.959
9606.ENSP00000399168,HLA-B,HLA-DPA1,0.956
9606.ENSP00000399168,HLA-B,HLA-DOB,0.956
9606.ENSP00000399168,HLA-B,PDIA3,0.955
9606.ENSP00000399168,HLA-B,LOC102723407,0.955
9606.ENSP00000399168,HLA-B,HLA-DPB1,0.946
9606.ENSP00000399168,HLA-B,KLRD1,0.945
9606.ENSP00000399168,HLA-B,HLA-DQA2,0.936
9606.ENSP00000399168,HLA-B,TRDV1,0.931
9606.ENSP00000399168,HLA-B,TAP1,0.924
9606.ENSP00000399168,HLA-B,CD8B2,0.923
9606.ENSP00000399168,HLA-B,HNRNPC,0.905
9606.ENSP00000399588,GAB3,GRB2,0.975
9606.ENSP00000399888,HMGA1,JUN,0.964
9606.ENSP00000399888,HMGA1,HMGA2,0.902
9606.ENSP00000400142,EWSR1,DHX9,0.997
9606.ENSP00000400142,EWSR1,SNRPC,0.966
9606.ENSP00000400142,EWSR1,FUS,0.953
9606.ENSP00000400142,EWSR1,HNRNPA1,0.951
9606.ENSP00000400142,EWSR1,YBX1,0.943
9606.ENSP00000400142,EWSR1,CD99,0.943
9606.ENSP00000400142,EWSR1,TARDBP,0.92
9606.ENSP00000400142,EWSR1,FLI1,0.912
9606.ENSP00000400142,EWSR1,HNRNPM,0.901
9606.ENSP00000400142,EWSR1,NR4A3,0.9
9606.ENSP00000400341,FOXA2,PDX1,0.968
9606.ENSP00000400341,FOXA2,ONECUT1,0.963
9606.ENSP00000400341,FOXA2,SHH,0.956
9606.ENSP00000400341,FOXA2,SOX17,0.942
9606.ENSP00000400341,FOXA2,RPS6KB1,0.919
9606.ENSP00000400341,FOXA2,OTX2,0.918
9606.ENSP00000400341,FOXA2,RPS6KB2,0.914
9606.ENSP00000400717,GNA13,ARHGEF1,0.999
9606.ENSP00000400717,GNA13,S1PR2,0.999
9606.ENSP00000400717,GNA13,ARHGEF12,0.999
9606.ENSP00000400717,GNA13,ARHGEF11,0.998
9606.ENSP00000400717,GNA13,ITGB3,0.994
9606.ENSP00000400717,GNA13,GNA12,0.992
9606.ENSP00000400717,GNA13,RHOA,0.991
9606.ENSP00000400717,GNA13,GNB1,0.991
9606.ENSP00000400717,GNA13,S1PR3,0.989
9606.ENSP00000400717,GNA13,ESR1,0.985
9606.ENSP00000400717,GNA13,TBXA2R,0.985
9606.ENSP00000400717,GNA13,F2R,0.978
9606.ENSP00000400717,GNA13,ADGRG1,0.978
9606.ENSP00000400717,GNA13,ADRA1A,0.968
9606.ENSP00000400717,GNA13,GNG2,0.968
9606.ENSP00000400717,GNA13,LPAR1,0.962
9606.ENSP00000400717,GNA13,ADRA1D,0.961
9606.ENSP00000400717,GNA13,LPAR4,0.961
9606.ENSP00000400717,GNA13,EDNRB,0.96
9606.ENSP00000400717,GNA13,SRC,0.958
9606.ENSP00000400717,GNA13,ITGA2B,0.957
9606.ENSP00000400717,GNA13,CXCR4,0.952
9606.ENSP00000400717,GNA13,EDNRA,0.942
9606.ENSP00000400717,GNA13,PIK3CG,0.941
9606.ENSP00000400717,GNA13,APLNR,0.937
9606.ENSP00000400717,GNA13,LPAR2,0.935
9606.ENSP00000400717,GNA13,AKAP13,0.933
9606.ENSP00000400717,GNA13,CRHR1,0.928
9606.ENSP00000400717,GNA13,S1PR5,0.927
9606.ENSP00000400717,GNA13,AGTR1,0.927
9606.ENSP00000400717,GNA13,S1PR4,0.924
9606.ENSP00000400717,GNA13,ADRA1B,0.92
9606.ENSP00000400717,GNA13,ADRA2A,0.918
9606.ENSP00000400717,GNA13,PTH1R,0.917
9606.ENSP00000400717,GNA13,IGF1R,0.916
9606.ENSP00000400717,GNA13,LPAR5,0.916
9606.ENSP00000400717,GNA13,ADRA2C,0.912
9606.ENSP00000400717,GNA13,F2RL3,0.912
9606.ENSP00000400717,GNA13,AVPR1A,0.911
9606.ENSP00000400717,GNA13,RIC8A,0.911
9606.ENSP00000400717,GNA13,AVPR1B,0.909
9606.ENSP00000400717,GNA13,ADRA2B,0.909
9606.ENSP00000400717,GNA13,GRM1,0.907
9606.ENSP00000400717,GNA13,PIK3R5,0.906
9606.ENSP00000400717,GNA13,PIK3R6,0.9
9606.ENSP00000404658,EZH1,EZH2,0.999
9606.ENSP00000404658,EZH1,SUZ12,0.999
9606.ENSP00000404658,EZH1,EED,0.999
9606.ENSP00000404658,EZH1,RBBP7,0.999
9606.ENSP00000404658,EZH1,RBBP4,0.999
9606.ENSP00000404658,EZH1,AEBP2,0.999
9606.ENSP00000404658,EZH1,JARID2,0.998
9606.ENSP00000404658,EZH1,RING1,0.978
9606.ENSP00000404658,EZH1,RNF2,0.974
9606.ENSP00000404658,EZH1,PHF19,0.971
9606.ENSP00000404658,EZH1,BMI1,0.969
9606.ENSP00000404658,EZH1,MTF2,0.965
9606.ENSP00000404658,EZH1,CBX4,0.963
9606.ENSP00000404658,EZH1,CBX8,0.959
9606.ENSP00000404658,EZH1,PCGF2,0.955
9606.ENSP00000404658,EZH1,PCGF1,0.953
9606.ENSP00000404658,EZH1,CBX7,0.952
9606.ENSP00000404658,EZH1,CBX2,0.951
9606.ENSP00000404658,EZH1,PHC1,0.95
9606.ENSP00000404658,EZH1,CBX6,0.945
9606.ENSP00000404658,EZH1,PCGF5,0.943
9606.ENSP00000404658,EZH1,HDAC2,0.943
9606.ENSP00000404658,EZH1,PCGF6,0.942
9606.ENSP00000404658,EZH1,PCGF3,0.94
9606.ENSP00000404658,EZH1,PHF1,0.94
9606.ENSP00000404658,EZH1,PHC2,0.931
9606.ENSP00000404658,EZH1,SCML2,0.93
9606.ENSP00000404658,EZH1,ASXL1,0.924
9606.ENSP00000404658,EZH1,PHC3,0.919
9606.ENSP00000404658,EZH1,EPOP,0.914
9606.ENSP00000404658,EZH1,BAP1,0.907
9606.ENSP00000404658,EZH1,UBAP2L,0.906
9606.ENSP00000405327,ETV1,TMPRSS2,0.942
9606.ENSP00000405327,ETV1,COP1,0.901
9606.ENSP00000405330,ESR1,SRC,0.999
9606.ENSP00000405330,ESR1,JUN,0.999
9606.ENSP00000405330,ESR1,HSP90AA1,0.999
9606.ENSP00000405330,ESR1,NCOA1,0.999
9606.ENSP00000405330,ESR1,IGF1R,0.999
9606.ENSP00000405330,ESR1,BRCA1,0.999
9606.ENSP00000405330,ESR1,NRIP1,0.999
9606.ENSP00000405330,ESR1,NCOA3,0.999
9606.ENSP00000405330,ESR1,NCOR1,0.999
9606.ENSP00000405330,ESR1,SP1,0.999
9606.ENSP00000405330,ESR1,FOS,0.999
9606.ENSP00000405330,ESR1,NCOA2,0.999
9606.ENSP00000405330,ESR1,HDAC1,0.998
9606.ENSP00000405330,ESR1,CAV1,0.998
9606.ENSP00000405330,ESR1,MED1,0.998
9606.ENSP00000405330,ESR1,ESR2,0.998
9606.ENSP00000405330,ESR1,FOXA1,0.998
9606.ENSP00000405330,ESR1,EP300,0.997
9606.ENSP00000405330,ESR1,CCND1,0.997
9606.ENSP00000405330,ESR1,CALM3,0.995
9606.ENSP00000405330,ESR1,PIK3R1,0.994
9606.ENSP00000405330,ESR1,HSP90AB1,0.993
9606.ENSP00000405330,ESR1,CREBBP,0.993
9606.ENSP00000405330,ESR1,NCOR2,0.993
9606.ENSP00000405330,ESR1,TP53,0.992
9606.ENSP00000405330,ESR1,DDX17,0.992
9606.ENSP00000405330,ESR1,SHC1,0.99
9606.ENSP00000405330,ESR1,EGFR,0.988
9606.ENSP00000405330,ESR1,MAPK1,0.987
9606.ENSP00000405330,ESR1,GNA13,0.985
9606.ENSP00000405330,ESR1,PHB2,0.985
9606.ENSP00000405330,ESR1,SFN,0.984
9606.ENSP00000405330,ESR1,GREB1,0.983
9606.ENSP00000405330,ESR1,GATA3,0.982
9606.ENSP00000405330,ESR1,MYC,0.982
9606.ENSP00000405330,ESR1,AR,0.981
9606.ENSP00000405330,ESR1,CALML3,0.981
9606.ENSP00000405330,ESR1,MAPK3,0.981
9606.ENSP00000405330,ESR1,PPARGC1A,0.98
9606.ENSP00000405330,ESR1,CALML4,0.979
9606.ENSP00000405330,ESR1,CALML6,0.979
9606.ENSP00000405330,ESR1,CALML5,0.979
9606.ENSP00000405330,ESR1,RELA,0.978
9606.ENSP00000405330,ESR1,TFF1,0.978
9606.ENSP00000405330,ESR1,ATAD2,0.977
9606.ENSP00000405330,ESR1,ERBB2,0.976
9606.ENSP00000405330,ESR1,PGR,0.974
9606.ENSP00000405330,ESR1,DDX5,0.973
9606.ENSP00000405330,ESR1,CARM1,0.972
9606.ENSP00000405330,ESR1,FN1,0.969
9606.ENSP00000405330,ESR1,EBAG9,0.969
9606.ENSP00000405330,ESR1,CTNNB1,0.965
9606.ENSP00000405330,ESR1,IGF1,0.964
9606.ENSP00000405330,ESR1,MAPK8,0.964
9606.ENSP00000405330,ESR1,KDM1A,0.962
9606.ENSP00000405330,ESR1,MTA1,0.961
9606.ENSP00000405330,ESR1,ERBB4,0.961
9606.ENSP00000405330,ESR1,TRIM24,0.96
9606.ENSP00000405330,ESR1,NFKB1,0.957
9606.ENSP00000405330,ESR1,PRKACB,0.956
9606.ENSP00000405330,ESR1,PRKACA,0.956
9606.ENSP00000405330,ESR1,PRKACG,0.956
9606.ENSP00000405330,ESR1,RPS6KB1,0.955
9606.ENSP00000405330,ESR1,MAPK14,0.954
9606.ENSP00000405330,ESR1,GPER1,0.953
9606.ENSP00000405330,ESR1,YWHAB,0.952
9606.ENSP00000405330,ESR1,PELP1,0.95
9606.ENSP00000405330,ESR1,TBP,0.949
9606.ENSP00000405330,ESR1,HIF1A,0.948
9606.ENSP00000405330,ESR1,ACTB,0.947
9606.ENSP00000405330,ESR1,STRN,0.947
9606.ENSP00000405330,ESR1,MDM2,0.946
9606.ENSP00000405330,ESR1,RUNX2,0.942
9606.ENSP00000405330,ESR1,PIK3CA,0.941
9606.ENSP00000405330,ESR1,CALM1,0.941
9606.ENSP00000405330,ESR1,BCAR1,0.941
9606.ENSP00000405330,ESR1,TFAP2C,0.938
9606.ENSP00000405330,ESR1,STUB1,0.936
9606.ENSP00000405330,ESR1,RPS6KB2,0.935
9606.ENSP00000405330,ESR1,PTGES3,0.935
9606.ENSP00000405330,ESR1,PPID,0.933
9606.ENSP00000405330,ESR1,HSPA4,0.931
9606.ENSP00000405330,ESR1,STAT3,0.93
9606.ENSP00000405330,ESR1,CYP19A1,0.927
9606.ENSP00000405330,ESR1,MAPK9,0.927
9606.ENSP00000405330,ESR1,CALM2,0.927
9606.ENSP00000405330,ESR1,SAFB,0.927
9606.ENSP00000405330,ESR1,MAPK11,0.925
9606.ENSP00000405330,ESR1,MAPK12,0.923
9606.ENSP00000405330,ESR1,UBE3A,0.923
9606.ENSP00000405330,ESR1,MEN1,0.923
9606.ENSP00000405330,ESR1,KDM4B,0.922
9606.ENSP00000405330,ESR1,MAPK13,0.922
9606.ENSP00000405330,ESR1,FOXO1,0.919
9606.ENSP00000405330,ESR1,HSPA8,0.919
9606.ENSP00000405330,ESR1,EZH2,0.915
9606.ENSP00000405330,ESR1,STAT1,0.915
9606.ENSP00000405330,ESR1,NCOA6,0.913
9606.ENSP00000405330,ESR1,AKT1,0.913
9606.ENSP00000405330,ESR1,CEBPB,0.908
9606.ENSP00000405330,ESR1,GTF2B,0.907
9606.ENSP00000405330,ESR1,AHR,0.906
9606.ENSP00000405330,ESR1,HDAC2,0.903
9606.ENSP00000405330,ESR1,IRS1,0.903
9606.ENSP00000406012,IFT140,WDR35,0.999
9606.ENSP00000406012,IFT140,WDR19,0.999
9606.ENSP00000406012,IFT140,IFT122,0.999
9606.ENSP00000406012,IFT140,IFT43,0.999
9606.ENSP00000406012,IFT140,TTC21B,0.999
9606.ENSP00000406012,IFT140,IFT27,0.986
9606.ENSP00000406012,IFT140,TULP3,0.972
9606.ENSP00000406012,IFT140,IFT80,0.967
9606.ENSP00000406012,IFT140,IFT88,0.953
9606.ENSP00000406012,IFT140,IFT52,0.953
9606.ENSP00000406012,IFT140,IFT81,0.948
9606.ENSP00000406012,IFT140,IFT172,0.937
9606.ENSP00000406012,IFT140,IFT20,0.936
9606.ENSP00000406012,IFT140,IFT22,0.911
9606.ENSP00000406012,IFT140,IFT57,0.902
9606.ENSP00000406229,FAT1,VASP,0.951
9606.ENSP00000406229,FAT1,CTNNB1,0.933
9606.ENSP00000406229,FAT1,NPHS1,0.932
9606.ENSP00000406229,FAT1,NPHS2,0.93
9606.ENSP00000406229,FAT1,KIRREL1,0.921
9606.ENSP00000406229,FAT1,SCRIB,0.908
9606.ENSP00000407586,HRAS,RALGDS,0.999
9606.ENSP00000407586,HRAS,SOS1,0.999
9606.ENSP00000407586,HRAS,RAF1,0.999
9606.ENSP00000407586,HRAS,RASSF5,0.999
9606.ENSP00000407586,HRAS,BRAF,0.999
9606.ENSP00000407586,HRAS,RASA1,0.999
9606.ENSP00000407586,HRAS,AFDN,0.998
9606.ENSP00000407586,HRAS,PIK3CG,0.998
9606.ENSP00000407586,HRAS,PIK3CA,0.995
9606.ENSP00000407586,HRAS,RASGRF1,0.995
9606.ENSP00000407586,HRAS,ARAF,0.995
9606.ENSP00000407586,HRAS,RASGRP4,0.995
9606.ENSP00000407586,HRAS,SRC,0.994
9606.ENSP00000407586,HRAS,NF1,0.994
9606.ENSP00000407586,HRAS,EGFR,0.994
9606.ENSP00000407586,HRAS,RIN1,0.993
9606.ENSP00000407586,HRAS,RASSF1,0.992
9606.ENSP00000407586,HRAS,KRAS,0.992
9606.ENSP00000407586,HRAS,SHOC2,0.99
9606.ENSP00000407586,HRAS,CDKN2A,0.99
9606.ENSP00000407586,HRAS,PIK3R1,0.99
9606.ENSP00000407586,HRAS,MAP2K1,0.989
9606.ENSP00000407586,HRAS,TRAF3,0.986
9606.ENSP00000407586,HRAS,MAPK8,0.985
9606.ENSP00000407586,HRAS,MAPK3,0.983
9606.ENSP00000407586,HRAS,FGFR3,0.982
9606.ENSP00000407586,HRAS,SOS2,0.981
9606.ENSP00000407586,HRAS,RGL1,0.98
9606.ENSP00000407586,HRAS,RGL2,0.98
9606.ENSP00000407586,HRAS,MAPK1,0.979
9606.ENSP00000407586,HRAS,CAV1,0.974
9606.ENSP00000407586,HRAS,PLCE1,0.973
9606.ENSP00000407586,HRAS,PIK3CD,0.971
9606.ENSP00000407586,HRAS,MAP2K2,0.968
9606.ENSP00000407586,HRAS,GNAQ,0.967
9606.ENSP00000407586,HRAS,ALK,0.966
9606.ENSP00000407586,HRAS,CALM3,0.965
9606.ENSP00000407586,HRAS,RASGRP3,0.964
9606.ENSP00000407586,HRAS,PIK3CB,0.963
9606.ENSP00000407586,HRAS,CALML5,0.963
9606.ENSP00000407586,HRAS,CALML3,0.963
9606.ENSP00000407586,HRAS,PDGFRB,0.962
9606.ENSP00000407586,HRAS,FGFR1,0.962
9606.ENSP00000407586,HRAS,KIT,0.962
9606.ENSP00000407586,HRAS,MET,0.961
9606.ENSP00000407586,HRAS,FGFR2,0.961
9606.ENSP00000407586,HRAS,CALML4,0.96
9606.ENSP00000407586,HRAS,PDGFRA,0.96
9606.ENSP00000407586,HRAS,CALML6,0.96
9606.ENSP00000407586,HRAS,RAPGEF2,0.958
9606.ENSP00000407586,HRAS,TIAM1,0.957
9606.ENSP00000407586,HRAS,RASA2,0.955
9606.ENSP00000407586,HRAS,IGF1R,0.949
9606.ENSP00000407586,HRAS,IFNGR1,0.949
9606.ENSP00000407586,HRAS,RASGRP2,0.948
9606.ENSP00000407586,HRAS,RPS6KA1,0.946
9606.ENSP00000407586,HRAS,MAP3K1,0.945
9606.ENSP00000407586,HRAS,FGFR4,0.943
9606.ENSP00000407586,HRAS,RASGRP1,0.942
9606.ENSP00000407586,HRAS,RAPGEF5,0.942
9606.ENSP00000407586,HRAS,MAPKAP1,0.941
9606.ENSP00000407586,HRAS,GRB2,0.938
9606.ENSP00000407586,HRAS,BCL2,0.938
9606.ENSP00000407586,HRAS,PRKCA,0.937
9606.ENSP00000407586,HRAS,EML4,0.937
9606.ENSP00000407586,HRAS,MAPK9,0.936
9606.ENSP00000407586,HRAS,RPS6KA3,0.934
9606.ENSP00000407586,HRAS,SYK,0.932
9606.ENSP00000407586,HRAS,NRAS,0.932
9606.ENSP00000407586,HRAS,PIK3R2,0.93
9606.ENSP00000407586,HRAS,RALBP1,0.93
9606.ENSP00000407586,HRAS,BRAP,0.93
9606.ENSP00000407586,HRAS,RASGRF2,0.929
9606.ENSP00000407586,HRAS,PTPN11,0.926
9606.ENSP00000407586,HRAS,RPS6KA2,0.926
9606.ENSP00000407586,HRAS,TP53,0.925
9606.ENSP00000407586,HRAS,GNAI3,0.924
9606.ENSP00000407586,HRAS,GNAI1,0.923
9606.ENSP00000407586,HRAS,ICAM1,0.922
9606.ENSP00000407586,HRAS,PIK3R3,0.922
9606.ENSP00000407586,HRAS,GNAI2,0.922
9606.ENSP00000407586,HRAS,PRKCE,0.921
9606.ENSP00000407586,HRAS,PIK3R5,0.921
9606.ENSP00000407586,HRAS,PRKCB,0.919
9606.ENSP00000407586,HRAS,GRB14,0.918
9606.ENSP00000407586,HRAS,ARHGEF12,0.916
9606.ENSP00000407586,HRAS,AGER,0.915
9606.ENSP00000407586,HRAS,PRKCG,0.913
9606.ENSP00000407586,HRAS,ENSP00000493691,0.912
9606.ENSP00000407586,HRAS,NOS1,0.911
9606.ENSP00000407586,HRAS,ARHGEF6,0.908
9606.ENSP00000407586,HRAS,ERBB2,0.907
9606.ENSP00000407586,HRAS,RPS6KA6,0.907
9606.ENSP00000407586,HRAS,IL3RA,0.904
9606.ENSP00000407586,HRAS,IGKV1D-33,0.903
9606.ENSP00000407586,HRAS,IGKV1-33,0.903
9606.ENSP00000407586,HRAS,PIK3R6,0.902
9606.ENSP00000407586,HRAS,CSF2RB,0.901
9606.ENSP00000407586,HRAS,IGHV3-16,0.9
9606.ENSP00000407586,HRAS,IGHV3-43D,0.9
9606.ENSP00000408617,HDAC9,KAT5,0.988
9606.ENSP00000408617,HDAC9,HDAC1,0.982
9606.ENSP00000408617,HDAC9,MEF2B,0.98
9606.ENSP00000408617,HDAC9,NCOR1,0.972
9606.ENSP00000408617,HDAC9,EP300,0.964
9606.ENSP00000408617,HDAC9,FOXP3,0.957
9606.ENSP00000408617,HDAC9,MEF2A,0.944
9606.ENSP00000408617,HDAC9,SMARCA4,0.935
9606.ENSP00000408617,HDAC9,NCOR2,0.916
9606.ENSP00000409555,HERPUD1,SYVN1,0.926
9606.ENSP00000410294,FGFR2,FGF1,0.999
9606.ENSP00000410294,FGFR2,FGF4,0.999
9606.ENSP00000410294,FGFR2,FGF10,0.999
9606.ENSP00000410294,FGFR2,FGF18,0.999
9606.ENSP00000410294,FGFR2,FGF3,0.999
9606.ENSP00000410294,FGFR2,FGF8,0.999
9606.ENSP00000410294,FGFR2,FGF17,0.999
9606.ENSP00000410294,FGFR2,FGF9,0.999
9606.ENSP00000410294,FGFR2,FGF22,0.999
9606.ENSP00000410294,FGFR2,FGF2,0.999
9606.ENSP00000410294,FGFR2,FGF7,0.999
9606.ENSP00000410294,FGFR2,FGF5,0.998
9606.ENSP00000410294,FGFR2,PLCG1,0.998
9606.ENSP00000410294,FGFR2,FGF16,0.997
9606.ENSP00000410294,FGFR2,FGF6,0.997
9606.ENSP00000410294,FGFR2,FGF20,0.997
9606.ENSP00000410294,FGFR2,FGF13,0.996
9606.ENSP00000410294,FGFR2,GRB2,0.993
9606.ENSP00000410294,FGFR2,FRS2,0.987
9606.ENSP00000410294,FGFR2,FGFR3,0.987
9606.ENSP00000410294,FGFR2,FGF23,0.986
9606.ENSP00000410294,FGFR2,FGF21,0.977
9606.ENSP00000410294,FGFR2,NRAS,0.977
9606.ENSP00000410294,FGFR2,KRAS,0.973
9606.ENSP00000410294,FGFR2,FGF19,0.969
9606.ENSP00000410294,FGFR2,SHC1,0.967
9606.ENSP00000410294,FGFR2,HRAS,0.961
9606.ENSP00000410294,FGFR2,SRC,0.958
9606.ENSP00000410294,FGFR2,KLB,0.938
9606.ENSP00000410294,FGFR2,SOS1,0.937
9606.ENSP00000410294,FGFR2,INS,0.936
9606.ENSP00000410294,FGFR2,EGF,0.936
9606.ENSP00000410294,FGFR2,SOS2,0.933
9606.ENSP00000410294,FGFR2,SHC3,0.925
9606.ENSP00000410294,FGFR2,PIK3R1,0.924
9606.ENSP00000410294,FGFR2,JAK2,0.921
9606.ENSP00000410294,FGFR2,GAB1,0.918
9606.ENSP00000410294,FGFR2,SHC4,0.915
9606.ENSP00000410294,FGFR2,SHC2,0.913
9606.ENSP00000410294,FGFR2,JAK1,0.913
9606.ENSP00000410294,FGFR2,PLCG2,0.911
9606.ENSP00000410294,FGFR2,PIK3CA,0.908
9606.ENSP00000410294,FGFR2,HGF,0.906
9606.ENSP00000410294,FGFR2,IGHV3OR16-9,0.9
9606.ENSP00000410833,GBE1,GYS1,0.999
9606.ENSP00000410833,GBE1,PYGL,0.998
9606.ENSP00000410833,GBE1,PYGM,0.998
9606.ENSP00000410833,GBE1,PYGB,0.997
9606.ENSP00000410833,GBE1,GYS2,0.996
9606.ENSP00000410833,GBE1,GYG1,0.995
9606.ENSP00000410833,GBE1,AGL,0.993
9606.ENSP00000410833,GBE1,OTC,0.984
9606.ENSP00000410833,GBE1,AMY2B,0.978
9606.ENSP00000410833,GBE1,AMY1B,0.977
9606.ENSP00000410833,GBE1,AMY2A,0.977
9606.ENSP00000410833,GBE1,GYG2,0.975
9606.ENSP00000410833,GBE1,MGAM,0.949
9606.ENSP00000410833,GBE1,PGM1,0.942
9606.ENSP00000410833,GBE1,MGAM2,0.942
9606.ENSP00000410833,GBE1,ATP5F1B,0.918
9606.ENSP00000413496,FGF12,SCN5A,0.988
9606.ENSP00000413496,FGF12,MAPK8IP2,0.926
9606.ENSP00000413496,FGF12,CALM3,0.917
9606.ENSP00000413625,FNBP1,WAS,0.973
9606.ENSP00000413625,FNBP1,WASL,0.962
9606.ENSP00000413625,FNBP1,FNBP1L,0.945
9606.ENSP00000413625,FNBP1,CDC42,0.926
9606.ENSP00000413625,FNBP1,SQSTM1,0.901
9606.ENSP00000414150,ERG,TMPRSS2,0.933
9606.ENSP00000415430,GTSE1,PLK1,0.982
9606.ENSP00000415430,GTSE1,TP53,0.933
9606.ENSP00000416097,GOLGA2,GORASP1,0.999
9606.ENSP00000416097,GOLGA2,USO1,0.997
9606.ENSP00000416097,GOLGA2,GORASP2,0.994
9606.ENSP00000416097,GOLGA2,STK25,0.987
9606.ENSP00000416097,GOLGA2,RAB1B,0.979
9606.ENSP00000416097,GOLGA2,AKAP9,0.968
9606.ENSP00000416097,GOLGA2,GOLGB1,0.958
9606.ENSP00000416097,GOLGA2,RAB1A,0.947
9606.ENSP00000416097,GOLGA2,GOLGA3,0.943
9606.ENSP00000416097,GOLGA2,STX5,0.943
9606.ENSP00000416097,GOLGA2,LMAN1,0.917
9606.ENSP00000416097,GOLGA2,RAB2A,0.911
9606.ENSP00000416097,GOLGA2,GOLPH3,0.902
9606.ENSP00000416515,FDXR,FDX1,0.999
9606.ENSP00000416515,FDXR,CYP11A1,0.997
9606.ENSP00000416515,FDXR,FDX2,0.988
9606.ENSP00000417401,HELZ2,CREBBP,0.942
9606.ENSP00000417401,HELZ2,NCOA1,0.913
9606.ENSP00000417401,HELZ2,PPARA,0.908
9606.ENSP00000417901,GPHN,ARHGEF9,0.998
9606.ENSP00000417901,GPHN,MOCS2,0.998
9606.ENSP00000417901,GPHN,GLRB,0.997
9606.ENSP00000417901,GPHN,MOCS1,0.992
9606.ENSP00000417901,GPHN,NLGN2,0.968
9606.ENSP00000417901,GPHN,GARS1,0.962
9606.ENSP00000417901,GPHN,SLC32A1,0.939
9606.ENSP00000417901,GPHN,GABARAP,0.934
9606.ENSP00000417901,GPHN,PFN1,0.909
9606.ENSP00000417901,GPHN,SUOX,0.908
9606.ENSP00000417901,GPHN,GLRA1,0.905
9606.ENSP00000417901,GPHN,MTOR,0.903
9606.ENSP00000418582,FHIT,WWOX,0.938
9606.ENSP00000418582,FHIT,ENPP4,0.903
9606.ENSP00000418823,FTO,ALKBH5,0.99
9606.ENSP00000418823,FTO,ALKBH1,0.958
9606.ENSP00000418823,FTO,MC4R,0.944
9606.ENSP00000418823,FTO,METTL14,0.939
9606.ENSP00000418823,FTO,WTAP,0.915
9606.ENSP00000418823,FTO,IGF2BP2,0.914
9606.ENSP00000418823,FTO,TMEM18,0.905
9606.ENSP00000418823,FTO,METTL3,0.9
9606.ENSP00000419545,GIMAP4,GIMAP7,0.929
9606.ENSP00000419545,GIMAP4,GIMAP8,0.911
9606.ENSP00000419545,GIMAP4,GIMAP6,0.907
9606.ENSP00000419851,GMPS,IMPDH1,0.999
9606.ENSP00000419851,GMPS,IMPDH2,0.998
9606.ENSP00000419851,GMPS,USP7,0.998
9606.ENSP00000419851,GMPS,APRT,0.995
9606.ENSP00000419851,GMPS,GMPR,0.992
9606.ENSP00000419851,GMPS,GUK1,0.978
9606.ENSP00000419851,GMPS,HPRT1,0.972
9606.ENSP00000419851,GMPS,ITPA,0.97
9606.ENSP00000419851,GMPS,CTPS1,0.96
9606.ENSP00000419851,GMPS,TPMT,0.952
9606.ENSP00000419851,GMPS,GATB,0.949
9606.ENSP00000419851,GMPS,DHODH,0.94
9606.ENSP00000419851,GMPS,GART,0.937
9606.ENSP00000419851,GMPS,NT5C2,0.928
9606.ENSP00000419851,GMPS,NT5E,0.926
9606.ENSP00000419851,GMPS,NT5C,0.923
9606.ENSP00000419851,GMPS,ATIC,0.921
9606.ENSP00000419851,GMPS,NT5M,0.917
9606.ENSP00000419851,GMPS,ENTPD5,0.916
9606.ENSP00000419851,GMPS,ENTPD6,0.916
9606.ENSP00000419851,GMPS,ADSL,0.913
9606.ENSP00000419851,GMPS,DARS2,0.912
9606.ENSP00000419851,GMPS,EPRS1,0.912
9606.ENSP00000419851,GMPS,DPYD,0.911
9606.ENSP00000419851,GMPS,CTPS2,0.91
9606.ENSP00000419851,GMPS,ALDH18A1,0.909
9606.ENSP00000419851,GMPS,CANT1,0.907
9606.ENSP00000419851,GMPS,NT5C1A,0.907
9606.ENSP00000419851,GMPS,ENTPD1,0.907
9606.ENSP00000419851,GMPS,ENTPD8,0.906
9606.ENSP00000419851,GMPS,ENTPD3,0.906
9606.ENSP00000419851,GMPS,NT5C3A,0.906
9606.ENSP00000419851,GMPS,GLUL,0.906
9606.ENSP00000419851,GMPS,ENPP3,0.904
9606.ENSP00000419851,GMPS,PDE6D,0.904
9606.ENSP00000419851,GMPS,PDE9A,0.903
9606.ENSP00000419851,GMPS,PDE5A,0.903
9606.ENSP00000419851,GMPS,PDE6A,0.902
9606.ENSP00000419851,GMPS,ENPP1,0.902
9606.ENSP00000419851,GMPS,PDE6B,0.902
9606.ENSP00000419851,GMPS,NT5C1B,0.901
9606.ENSP00000419851,GMPS,PDE1C,0.901
9606.ENSP00000419851,GMPS,PDE6C,0.901
9606.ENSP00000419851,GMPS,NT5C1B-RDH14,0.901
9606.ENSP00000419851,GMPS,PDE1A,0.9
9606.ENSP00000419851,GMPS,PDE1B,0.9
9606.ENSP00000419851,GMPS,PDE3A,0.9
9606.ENSP00000419851,GMPS,ENTPD4,0.9
9606.ENSP00000419851,GMPS,PDE11A,0.9
9606.ENSP00000419851,GMPS,PDE3B,0.9
9606.ENSP00000419851,GMPS,NT5C3B,0.9
9606.ENSP00000419851,GMPS,PDE6H,0.9
9606.ENSP00000419851,GMPS,PDE2A,0.9
9606.ENSP00000419851,GMPS,POLR1B,0.9
9606.ENSP00000419851,GMPS,PDE6G,0.9
9606.ENSP00000419851,GMPS,PDE10A,0.9
9606.ENSP00000423313,GALNTL6,GCNT1,0.922
9606.ENSP00000423313,GALNTL6,ST6GALNAC1,0.91
9606.ENSP00000423313,GALNTL6,B3GNT6,0.902
9606.ENSP00000424571,FBN2,MFAP2,0.976
9606.ENSP00000424571,FBN2,ELN,0.967
9606.ENSP00000424571,FBN2,MFAP5,0.948
9606.ENSP00000424571,FBN2,FBN1,0.909
9606.ENSP00000424571,FBN2,ADAMTS17,0.904
9606.ENSP00000426632,ERBIN,ERBB2,0.999
9606.ENSP00000426632,ERBIN,NOD2,0.993
9606.ENSP00000426632,ERBIN,PKP4,0.935
9606.ENSP00000427603,GABRA2,ARHGEF9,0.94
9606.ENSP00000427603,GABRA2,GABRB1,0.917
9606.ENSP00000428205,FBXO32,CUL1,0.987
9606.ENSP00000428205,FBXO32,SKP1,0.972
9606.ENSP00000428205,FBXO32,TRIM63,0.959
9606.ENSP00000428205,FBXO32,YIPF1,0.946
9606.ENSP00000428205,FBXO32,FOXO3,0.932
9606.ENSP00000428205,FBXO32,FBXO25,0.93
9606.ENSP00000428205,FBXO32,FOXO1,0.917
9606.ENSP00000428205,FBXO32,MYOD1,0.909
9606.ENSP00000430432,HDAC2,DNMT1,0.999
9606.ENSP00000430432,HDAC2,EZH2,0.999
9606.ENSP00000430432,HDAC2,SIN3B,0.999
9606.ENSP00000430432,HDAC2,MTA2,0.999
9606.ENSP00000430432,HDAC2,HDAC1,0.999
9606.ENSP00000430432,HDAC2,CHD4,0.999
9606.ENSP00000430432,HDAC2,CHD3,0.999
9606.ENSP00000430432,HDAC2,SMARCA4,0.999
9606.ENSP00000430432,HDAC2,SAP30,0.999
9606.ENSP00000430432,HDAC2,RBBP4,0.999
9606.ENSP00000430432,HDAC2,RBBP7,0.999
9606.ENSP00000430432,HDAC2,SIN3A,0.999
9606.ENSP00000430432,HDAC2,MTA1,0.999
9606.ENSP00000430432,HDAC2,CTBP1,0.999
9606.ENSP00000430432,HDAC2,GATAD2A,0.999
9606.ENSP00000430432,HDAC2,RCOR1,0.999
9606.ENSP00000430432,HDAC2,KDM1A,0.999
9606.ENSP00000430432,HDAC2,SUDS3,0.999
9606.ENSP00000430432,HDAC2,YY1,0.999
9606.ENSP00000430432,HDAC2,GATAD2B,0.998
9606.ENSP00000430432,HDAC2,MORF4L1,0.998
9606.ENSP00000430432,HDAC2,SNAI1,0.998
9606.ENSP00000430432,HDAC2,MTA3,0.998
9606.ENSP00000430432,HDAC2,MECP2,0.997
9606.ENSP00000430432,HDAC2,SAP18,0.997
9606.ENSP00000430432,HDAC2,HMG20B,0.996
9606.ENSP00000430432,HDAC2,SUZ12,0.995
9606.ENSP00000430432,HDAC2,CBX7,0.994
9606.ENSP00000430432,HDAC2,NCOR1,0.994
9606.ENSP00000430432,HDAC2,DNMT3B,0.994
9606.ENSP00000430432,HDAC2,NCOR2,0.993
9606.ENSP00000430432,HDAC2,PHF21A,0.991
9606.ENSP00000430432,HDAC2,TP53,0.99
9606.ENSP00000430432,HDAC2,TET2,0.989
9606.ENSP00000430432,HDAC2,ZNF217,0.989
9606.ENSP00000430432,HDAC2,ARID4B,0.988
9606.ENSP00000430432,HDAC2,ING2,0.988
9606.ENSP00000430432,HDAC2,EED,0.988
9606.ENSP00000430432,HDAC2,MBD3,0.987
9606.ENSP00000430432,HDAC2,RELA,0.986
9606.ENSP00000430432,HDAC2,RB1,0.986
9606.ENSP00000430432,HDAC2,ING1,0.985
9606.ENSP00000430432,HDAC2,PHF12,0.985
9606.ENSP00000430432,HDAC2,RUNX1,0.984
9606.ENSP00000430432,HDAC2,EHMT2,0.982
9606.ENSP00000430432,HDAC2,MBD2,0.982
9606.ENSP00000430432,HDAC2,CTBP2,0.98
9606.ENSP00000430432,HDAC2,BMI1,0.977
9606.ENSP00000430432,HDAC2,SINHCAF,0.976
9606.ENSP00000430432,HDAC2,H4C6,0.976
9606.ENSP00000430432,HDAC2,HOPX,0.973
9606.ENSP00000430432,HDAC2,SMARCA5,0.973
9606.ENSP00000430432,HDAC2,CSNK2A1,0.972
9606.ENSP00000430432,HDAC2,DNMT3A,0.97
9606.ENSP00000430432,HDAC2,RBPJ,0.969
9606.ENSP00000430432,HDAC2,RERE,0.968
9606.ENSP00000430432,HDAC2,REST,0.964
9606.ENSP00000430432,HDAC2,MIER1,0.958
9606.ENSP00000430432,HDAC2,PCGF6,0.957
9606.ENSP00000430432,HDAC2,RING1,0.954
9606.ENSP00000430432,HDAC2,BRCA1,0.953
9606.ENSP00000430432,HDAC2,CBX2,0.95
9606.ENSP00000430432,HDAC2,KAT2B,0.95
9606.ENSP00000430432,HDAC2,KLF4,0.949
9606.ENSP00000430432,HDAC2,KAT2A,0.948
9606.ENSP00000430432,HDAC2,SAP30L,0.945
9606.ENSP00000430432,HDAC2,EP300,0.944
9606.ENSP00000430432,HDAC2,ARID4A,0.944
9606.ENSP00000430432,HDAC2,EZH1,0.943
9606.ENSP00000430432,HDAC2,SUV39H1,0.941
9606.ENSP00000430432,HDAC2,RNF2,0.941
9606.ENSP00000430432,HDAC2,CBX8,0.939
9606.ENSP00000430432,HDAC2,H3C13,0.937
9606.ENSP00000430432,HDAC2,H3C12,0.936
9606.ENSP00000430432,HDAC2,H3-3B,0.936
9606.ENSP00000430432,HDAC2,PHC1,0.935
9606.ENSP00000430432,HDAC2,ZMYM2,0.935
9606.ENSP00000430432,HDAC2,CREBBP,0.934
9606.ENSP00000430432,HDAC2,FOSB,0.93
9606.ENSP00000430432,HDAC2,MECOM,0.929
9606.ENSP00000430432,HDAC2,CHD5,0.929
9606.ENSP00000430432,HDAC2,BRMS1,0.929
9606.ENSP00000430432,HDAC2,CBX4,0.929
9606.ENSP00000430432,HDAC2,IKZF1,0.928
9606.ENSP00000430432,HDAC2,PHC2,0.927
9606.ENSP00000430432,HDAC2,MACROH2A1,0.927
9606.ENSP00000430432,HDAC2,CIR1,0.927
9606.ENSP00000430432,HDAC2,IRF1,0.927
9606.ENSP00000430432,HDAC2,BRMS1L,0.926
9606.ENSP00000430432,HDAC2,CBX6,0.923
9606.ENSP00000430432,HDAC2,BCL11B,0.922
9606.ENSP00000430432,HDAC2,AEBP2,0.921
9606.ENSP00000430432,HDAC2,SPHK2,0.921
9606.ENSP00000430432,HDAC2,HMG20A,0.919
9606.ENSP00000430432,HDAC2,RBPJL,0.918
9606.ENSP00000430432,HDAC2,PCGF2,0.917
9606.ENSP00000430432,HDAC2,ASXL1,0.917
9606.ENSP00000430432,HDAC2,H2AZ1,0.917
9606.ENSP00000430432,HDAC2,H2BC21,0.916
9606.ENSP00000430432,HDAC2,SP1,0.916
9606.ENSP00000430432,HDAC2,BAP1,0.913
9606.ENSP00000430432,HDAC2,PCGF1,0.912
9606.ENSP00000430432,HDAC2,DMAP1,0.911
9606.ENSP00000430432,HDAC2,DAXX,0.911
9606.ENSP00000430432,HDAC2,H3-4,0.909
9606.ENSP00000430432,HDAC2,PCGF5,0.909
9606.ENSP00000430432,HDAC2,SOX10,0.909
9606.ENSP00000430432,HDAC2,SCML2,0.908
9606.ENSP00000430432,HDAC2,PHC3,0.908
9606.ENSP00000430432,HDAC2,UBAP2L,0.907
9606.ENSP00000430432,HDAC2,STAT3,0.906
9606.ENSP00000430432,HDAC2,HDAC3,0.906
9606.ENSP00000430432,HDAC2,H2AC20,0.905
9606.ENSP00000430432,HDAC2,SPECC1,0.904
9606.ENSP00000430432,HDAC2,ESR1,0.903
9606.ENSP00000430432,HDAC2,PCGF3,0.903
9606.ENSP00000430432,HDAC2,PRDM1,0.901
9606.ENSP00000431512,HSF1,HSP90AA1,0.998
9606.ENSP00000431512,HSF1,HSP90AB1,0.992
9606.ENSP00000431512,HSF1,HSPA4,0.985
9606.ENSP00000431512,HSF1,EEF1A1,0.955
9606.ENSP00000431512,HSF1,HSPA1B,0.944
9606.ENSP00000431512,HSF1,HSPA8,0.928
9606.ENSP00000431512,HSF1,BAG3,0.923
9606.ENSP00000431512,HSF1,PTGES3,0.922
9606.ENSP00000431512,HSF1,EEF1A2,0.912
9606.ENSP00000431512,HSF1,DNAJB1,0.906
9606.ENSP00000431512,HSF1,GSK3B,0.904
9606.ENSP00000433488,FLI1,FBXW7,0.995
9606.ENSP00000433488,FLI1,TPP1,0.94
9606.ENSP00000433488,FLI1,GATA2,0.928
9606.ENSP00000433488,FLI1,RUNX1,0.921
9606.ENSP00000433488,FLI1,EWSR1,0.912
9606.ENSP00000433488,FLI1,TAL1,0.911
9606.ENSP00000434435,FAM111A,TBCE-2,0.95
9606.ENSP00000434435,FAM111A,TBCE,0.95
9606.ENSP00000435712,GATA4,NKX2-5,0.999
9606.ENSP00000435712,GATA4,ZFPM2,0.999
9606.ENSP00000435712,GATA4,TBX5,0.998
9606.ENSP00000435712,GATA4,TBX20,0.991
9606.ENSP00000435712,GATA4,SRF,0.991
9606.ENSP00000435712,GATA4,HAND2,0.99
9606.ENSP00000435712,GATA4,NFATC4,0.984
9606.ENSP00000435712,GATA4,SOX9,0.977
9606.ENSP00000435712,GATA4,SMARCD3,0.975
9606.ENSP00000435712,GATA4,EP300,0.973
9606.ENSP00000435712,GATA4,MEF2C,0.969
9606.ENSP00000435712,GATA4,NR5A1,0.96
9606.ENSP00000435712,GATA4,NFATC1,0.957
9606.ENSP00000435712,GATA4,SQSTM1,0.949
9606.ENSP00000435712,GATA4,NFATC3,0.94
9606.ENSP00000435712,GATA4,NPPA,0.939
9606.ENSP00000435712,GATA4,WT1,0.935
9606.ENSP00000435712,GATA4,RHOA,0.931
9606.ENSP00000435712,GATA4,NFATC2,0.926
9606.ENSP00000435712,GATA4,BMP4,0.925
9606.ENSP00000435712,GATA4,CGN,0.911
9606.ENSP00000435712,GATA4,ZFPM1,0.904
9606.ENSP00000437464,FBXL17,CUL1,0.999
9606.ENSP00000437464,FBXL17,SKP1,0.998
9606.ENSP00000437464,FBXL17,BACH1,0.98
9606.ENSP00000437464,FBXL17,KEAP1,0.955
9606.ENSP00000437621,HMGA2,IGF2BP2,0.996
9606.ENSP00000437621,HMGA2,SMAD3,0.963
9606.ENSP00000437621,HMGA2,SMAD2,0.941
9606.ENSP00000437621,HMGA2,SMAD4,0.936
9606.ENSP00000437621,HMGA2,IGF2BP3,0.909
9606.ENSP00000437621,HMGA2,HMGA1,0.902
9606.ENSP00000437955,HIF1A,EGLN3,0.999
9606.ENSP00000437955,HIF1A,ARNT,0.999
9606.ENSP00000437955,HIF1A,CUL2,0.999
9606.ENSP00000437955,HIF1A,CREBBP,0.999
9606.ENSP00000437955,HIF1A,HIF1AN,0.999
9606.ENSP00000437955,HIF1A,ARNT2,0.999
9606.ENSP00000437955,HIF1A,EGLN2,0.999
9606.ENSP00000437955,HIF1A,TP53,0.999
9606.ENSP00000437955,HIF1A,EP300,0.999
9606.ENSP00000437955,HIF1A,ELOB,0.999
9606.ENSP00000437955,HIF1A,HSP90AA1,0.999
9606.ENSP00000437955,HIF1A,VHL,0.999
9606.ENSP00000437955,HIF1A,EGLN1,0.999
9606.ENSP00000437955,HIF1A,ELOC,0.999
9606.ENSP00000437955,HIF1A,EPAS1,0.998
9606.ENSP00000437955,HIF1A,CTNNB1,0.998
9606.ENSP00000437955,HIF1A,HSP90AB1,0.998
9606.ENSP00000437955,HIF1A,FOXO3,0.997
9606.ENSP00000437955,HIF1A,PKM,0.996
9606.ENSP00000437955,HIF1A,STAT3,0.994
9606.ENSP00000437955,HIF1A,HIF3A,0.994
9606.ENSP00000437955,HIF1A,NOTCH1,0.993
9606.ENSP00000437955,HIF1A,MYC,0.993
9606.ENSP00000437955,HIF1A,RELA,0.989
9606.ENSP00000437955,HIF1A,XBP1,0.988
9606.ENSP00000437955,HIF1A,MDM2,0.988
9606.ENSP00000437955,HIF1A,FOXP3,0.988
9606.ENSP00000437955,HIF1A,MAPK1,0.985
9606.ENSP00000437955,HIF1A,HDAC1,0.983
9606.ENSP00000437955,HIF1A,TCHP,0.983
9606.ENSP00000437955,HIF1A,EIF5B,0.981
9606.ENSP00000437955,HIF1A,SIRT6,0.98
9606.ENSP00000437955,HIF1A,RBX1,0.978
9606.ENSP00000437955,HIF1A,SMAD3,0.975
9606.ENSP00000437955,HIF1A,MAPK3,0.969
9606.ENSP00000437955,HIF1A,EPO,0.967
9606.ENSP00000437955,HIF1A,ARNTL,0.963
9606.ENSP00000437955,HIF1A,JUN,0.961
9606.ENSP00000437955,HIF1A,CDKN2A,0.956
9606.ENSP00000437955,HIF1A,HDAC4,0.955
9606.ENSP00000437955,HIF1A,KDM4C,0.953
9606.ENSP00000437955,HIF1A,UBC,0.95
9606.ENSP00000437955,HIF1A,ESR1,0.948
9606.ENSP00000437955,HIF1A,BCL2,0.946
9606.ENSP00000437955,HIF1A,RUNX1,0.945
9606.ENSP00000437955,HIF1A,CA9,0.944
9606.ENSP00000437955,HIF1A,HSPA4,0.938
9606.ENSP00000437955,HIF1A,EGFR,0.934
9606.ENSP00000437955,HIF1A,RACK1,0.933
9606.ENSP00000437955,HIF1A,AKT1,0.932
9606.ENSP00000437955,HIF1A,HDAC7,0.927
9606.ENSP00000437955,HIF1A,SIRT1,0.927
9606.ENSP00000437955,HIF1A,SP1,0.923
9606.ENSP00000437955,HIF1A,COPS5,0.921
9606.ENSP00000437955,HIF1A,CITED2,0.915
9606.ENSP00000437955,HIF1A,CXCR4,0.915
9606.ENSP00000437955,HIF1A,SEPTIN9,0.914
9606.ENSP00000437955,HIF1A,LDHA,0.912
9606.ENSP00000437955,HIF1A,PTK6,0.906
9606.ENSP00000437955,HIF1A,SLC2A1,0.902
9606.ENSP00000438085,GGA3,RABEP1,0.996
9606.ENSP00000438085,GGA3,IGF2R,0.996
9606.ENSP00000438085,GGA3,M6PR,0.993
9606.ENSP00000438085,GGA3,UBC,0.986
9606.ENSP00000438085,GGA3,ARF6,0.985
9606.ENSP00000438085,GGA3,GGA2,0.985
9606.ENSP00000438085,GGA3,GGA1,0.983
9606.ENSP00000438085,GGA3,ARF1,0.949
9606.ENSP00000438085,GGA3,BACE1,0.933
9606.ENSP00000438085,GGA3,RPS27A,0.932
9606.ENSP00000438085,GGA3,UBB,0.917
9606.ENSP00000438085,GGA3,UBA52,0.903
9606.ENSP00000438804,HNF1A,PCBD1,0.995
9606.ENSP00000438804,HNF1A,HNF4A,0.988
9606.ENSP00000438804,HNF1A,HNF1B,0.961
9606.ENSP00000438804,HNF1A,SLC2A2,0.954
9606.ENSP00000438804,HNF1A,PCBD2,0.944
9606.ENSP00000438804,HNF1A,HNF4G,0.943
9606.ENSP00000438804,HNF1A,FOXA3,0.93
9606.ENSP00000438804,HNF1A,ONECUT1,0.916
9606.ENSP00000438804,HNF1A,GCK,0.901
9606.ENSP00000445633,H2BC8,H2AC17,0.99
9606.ENSP00000445633,H2BC8,H4C5,0.983
9606.ENSP00000445633,H2BC8,H4C8,0.982
9606.ENSP00000445633,H2BC8,H2AC11,0.982
9606.ENSP00000445633,H2BC8,H2AC13,0.981
9606.ENSP00000445633,H2BC8,H2AC15,0.981
9606.ENSP00000445633,H2BC8,H2AC6,0.98
9606.ENSP00000445633,H2BC8,H2AC18,0.977
9606.ENSP00000445633,H2BC8,H2AC16,0.976
9606.ENSP00000445633,H2BC8,H4C4,0.974
9606.ENSP00000445633,H2BC8,H4C14,0.973
9606.ENSP00000445633,H2BC8,H4C2,0.972
9606.ENSP00000445633,H2BC8,H4C9,0.972
9606.ENSP00000445633,H2BC8,H4C6,0.971
9606.ENSP00000445633,H2BC8,H4-16,0.969
9606.ENSP00000445633,H2BC8,H4C3,0.969
9606.ENSP00000445633,H2BC8,H4C11,0.968
9606.ENSP00000445633,H2BC8,H4C1,0.967
9606.ENSP00000445633,H2BC8,H4C13,0.967
9606.ENSP00000445633,H2BC8,H4C15,0.967
9606.ENSP00000445633,H2BC8,H4C12,0.965
9606.ENSP00000445633,H2BC8,H2AC7,0.964
9606.ENSP00000445633,H2BC8,H3C7,0.964
9606.ENSP00000445633,H2BC8,H2AC20,0.958
9606.ENSP00000445633,H2BC8,H3C4,0.955
9606.ENSP00000445633,H2BC8,H2AC19,0.954
9606.ENSP00000445633,H2BC8,H2AJ,0.952
9606.ENSP00000445633,H2BC8,H3C10,0.949
9606.ENSP00000445633,H2BC8,H2BC7,0.946
9606.ENSP00000445633,H2BC8,SUPT16H,0.944
9606.ENSP00000445633,H2BC8,H2BC21,0.942
9606.ENSP00000445633,H2BC8,H2BC6,0.94
9606.ENSP00000445633,H2BC8,H2AC1,0.938
9606.ENSP00000445633,H2BC8,hCG_2039566,0.934
9606.ENSP00000445633,H2BC8,H2BC10,0.931
9606.ENSP00000445633,H2BC8,H2BC4,0.928
9606.ENSP00000445633,H2BC8,H3C8,0.928
9606.ENSP00000445633,H2BC8,H3C12,0.927
9606.ENSP00000445633,H2BC8,H3C2,0.927
9606.ENSP00000445633,H2BC8,H3C1,0.92
9606.ENSP00000445633,H2BC8,UBA52,0.916
9606.ENSP00000445633,H2BC8,VRK1,0.916
9606.ENSP00000445633,H2BC8,CENPC,0.915
9606.ENSP00000445633,H2BC8,H3C3,0.914
9606.ENSP00000445633,H2BC8,UBB,0.914
9606.ENSP00000445633,H2BC8,RPS27A,0.914
9606.ENSP00000445633,H2BC8,H2BC9,0.914
9606.ENSP00000445633,H2BC8,SMARCB1,0.913
9606.ENSP00000445633,H2BC8,UBC,0.912
9606.ENSP00000445633,H2BC8,H3C11,0.91
9606.ENSP00000445633,H2BC8,CENPN,0.91
9606.ENSP00000445633,H2BC8,H3C6,0.907
9606.ENSP00000445633,H2BC8,H2BC17,0.903
9606.ENSP00000445633,H2BC8,H3C14,0.903
9606.ENSP00000445633,H2BC8,TP53BP1,0.9
9606.ENSP00000447241,FRS2,FGFR1,0.999
9606.ENSP00000447241,FRS2,PTPN11,0.999
9606.ENSP00000447241,FRS2,GRB2,0.999
9606.ENSP00000447241,FRS2,CRK,0.997
9606.ENSP00000447241,FRS2,SOS1,0.995
9606.ENSP00000447241,FRS2,NTRK2,0.992
9606.ENSP00000447241,FRS2,FGFR2,0.987
9606.ENSP00000447241,FRS2,FGFR4,0.984
9606.ENSP00000447241,FRS2,NTRK1,0.974
9606.ENSP00000447241,FRS2,CRKL,0.97
9606.ENSP00000447241,FRS2,GAB1,0.959
9606.ENSP00000447241,FRS2,CBL,0.924
9606.ENSP00000447241,FRS2,SOS2,0.915
9606.ENSP00000447241,FRS2,RET,0.915
9606.ENSP00000447241,FRS2,FGF10,0.902
9606.ENSP00000451291,HNRNPC,HNRNPA2B1,0.999
9606.ENSP00000451291,HNRNPC,HNRNPA1,0.999
9606.ENSP00000451291,HNRNPC,CELF1,0.998
9606.ENSP00000451291,HNRNPC,PTBP1,0.996
9606.ENSP00000451291,HNRNPC,HNRNPU,0.996
9606.ENSP00000451291,HNRNPC,DHX9,0.992
9606.ENSP00000451291,HNRNPC,HNRNPM,0.99
9606.ENSP00000451291,HNRNPC,HNRNPL,0.99
9606.ENSP00000451291,HNRNPC,RBMX,0.986
9606.ENSP00000451291,HNRNPC,ILF2,0.985
9606.ENSP00000451291,HNRNPC,ILF3,0.985
9606.ENSP00000451291,HNRNPC,HNRNPK,0.982
9606.ENSP00000451291,HNRNPC,SRSF3,0.981
9606.ENSP00000451291,HNRNPC,TARDBP,0.981
9606.ENSP00000451291,HNRNPC,HNRNPH1,0.981
9606.ENSP00000451291,HNRNPC,HNRNPR,0.98
9606.ENSP00000451291,HNRNPC,SRSF1,0.977
9606.ENSP00000451291,HNRNPC,FUS,0.976
9606.ENSP00000451291,HNRNPC,ELAVL1,0.976
9606.ENSP00000451291,HNRNPC,HNRNPF,0.971
9606.ENSP00000451291,HNRNPC,MATR3-2,0.971
9606.ENSP00000451291,HNRNPC,HNRNPA3,0.969
9606.ENSP00000451291,HNRNPC,TRA2B,0.968
9606.ENSP00000451291,HNRNPC,HNRNPA0,0.965
9606.ENSP00000451291,HNRNPC,HNRNPD,0.962
9606.ENSP00000451291,HNRNPC,PCBP1,0.961
9606.ENSP00000451291,HNRNPC,HNRNPAB,0.958
9606.ENSP00000451291,HNRNPC,SYNCRIP,0.954
9606.ENSP00000451291,HNRNPC,U2AF2,0.954
9606.ENSP00000451291,HNRNPC,RALY,0.953
9606.ENSP00000451291,HNRNPC,SNRPE,0.953
9606.ENSP00000451291,HNRNPC,SRSF7,0.951
9606.ENSP00000451291,HNRNPC,KHDRBS1,0.948
9606.ENSP00000451291,HNRNPC,MATR3,0.946
9606.ENSP00000451291,HNRNPC,YTHDC1,0.945
9606.ENSP00000451291,HNRNPC,YTHDF1,0.943
9606.ENSP00000451291,HNRNPC,SNRPD3,0.94
9606.ENSP00000451291,HNRNPC,PABPC1,0.939
9606.ENSP00000451291,HNRNPC,SFPQ,0.926
9606.ENSP00000451291,HNRNPC,DDX5,0.925
9606.ENSP00000451291,HNRNPC,SNRNP70,0.923
9606.ENSP00000451291,HNRNPC,YBX1,0.921
9606.ENSP00000451291,HNRNPC,EIF4A3,0.918
9606.ENSP00000451291,HNRNPC,U2AF1,0.916
9606.ENSP00000451291,HNRNPC,PCBP2,0.914
9606.ENSP00000451291,HNRNPC,DDX21,0.906
9606.ENSP00000451291,HNRNPC,HLA-B,0.905
9606.ENSP00000451291,HNRNPC,SRSF2,0.9
9606.ENSP00000455114,HEXA,HEXB,0.998
9606.ENSP00000455114,HEXA,GLB1,0.959
9606.ENSP00000455114,HEXA,NAGA,0.953
9606.ENSP00000455114,HEXA,GLA,0.939
9606.ENSP00000455114,HEXA,GNS,0.936
9606.ENSP00000455114,HEXA,HEXD,0.933
9606.ENSP00000455114,HEXA,B4GALNT1,0.933
9606.ENSP00000455114,HEXA,CHIT1,0.932
9606.ENSP00000455114,HEXA,CHIA,0.929
9606.ENSP00000455114,HEXA,ST3GAL5,0.923
9606.ENSP00000455114,HEXA,ST8SIA1,0.919
9606.ENSP00000455114,HEXA,B3GALT4,0.918
9606.ENSP00000455114,HEXA,B3GALNT1,0.918
9606.ENSP00000455114,HEXA,A4GALT,0.913
9606.ENSP00000455114,HEXA,NAGK,0.912
9606.ENSP00000455114,HEXA,RENBP,0.907
9606.ENSP00000455114,HEXA,B3GALT5,0.904
9606.ENSP00000455114,HEXA,GBGT1,0.9
9606.ENSP00000455114,HEXA,GM2A,0.9
9606.ENSP00000460070,GTF2I,BTK,0.978
9606.ENSP00000460070,GTF2I,USF1,0.958
9606.ENSP00000460070,GTF2I,PRKG1,0.94
9606.ENSP00000460070,GTF2I,GTF2IRD1,0.926
9606.ENSP00000460070,GTF2I,PRKG2,0.925
9606.ENSP00000460070,GTF2I,ZMYM3,0.916
9606.ENSP00000465630,EVPL,PPL,0.999
9606.ENSP00000465630,EVPL,DSP,0.969
9606.ENSP00000465630,EVPL,ABL1,0.96
9606.ENSP00000465630,EVPL,DSG1,0.915
9606.ENSP00000465630,EVPL,DSG3,0.907
9606.ENSP00000471493,FPR1,ANXA1,0.999
9606.ENSP00000471493,FPR1,FPR2,0.984
9606.ENSP00000471493,FPR1,FPR3,0.944
9606.ENSP00000471493,FPR1,GNAQ,0.929
9606.ENSP00000471493,FPR1,GNAI1,0.913
9606.ENSP00000471493,FPR1,GNAS,0.911
9606.ENSP00000474725,FBXW7,SKP1,0.999
9606.ENSP00000474725,FBXW7,RBX1,0.999
9606.ENSP00000474725,FBXW7,MYC,0.999
9606.ENSP00000474725,FBXW7,CUL1,0.999
9606.ENSP00000474725,FBXW7,CCNE1,0.998
9606.ENSP00000474725,FBXW7,JUN,0.997
9606.ENSP00000474725,FBXW7,NOTCH1,0.995
9606.ENSP00000474725,FBXW7,FLI1,0.995
9606.ENSP00000474725,FBXW7,SKP2,0.991
9606.ENSP00000474725,FBXW7,BTRC,0.981
9606.ENSP00000474725,FBXW7,USP28,0.966
9606.ENSP00000474725,FBXW7,TP53,0.96
9606.ENSP00000474725,FBXW7,FBXO4,0.949
9606.ENSP00000474725,FBXW7,CDC34,0.949
9606.ENSP00000474725,FBXW7,FBXO2,0.945
9606.ENSP00000474725,FBXW7,MCL1,0.945
9606.ENSP00000474725,FBXW7,KLF5,0.94
9606.ENSP00000474725,FBXW7,PRKN,0.936
9606.ENSP00000474725,FBXW7,DISC1,0.931
9606.ENSP00000474725,FBXW7,CTNNB1,0.924
9606.ENSP00000474725,FBXW7,MTOR,0.921
9606.ENSP00000474725,FBXW7,FBXW11,0.918
9606.ENSP00000476136,H2BC11,H2AC8,0.997
9606.ENSP00000476136,H2BC11,H4C6,0.994
9606.ENSP00000476136,H2BC11,H3C12,0.992
9606.ENSP00000476136,H2BC11,H2AC13,0.99
9606.ENSP00000476136,H2BC11,H2AC6,0.988
9606.ENSP00000476136,H2BC11,H2AC11,0.987
9606.ENSP00000476136,H2BC11,H3C13,0.986
9606.ENSP00000476136,H2BC11,H3-4,0.986
9606.ENSP00000476136,H2BC11,H3-3B,0.986
9606.ENSP00000476136,H2BC11,H4C8,0.985
9606.ENSP00000476136,H2BC11,H2AZ1,0.983
9606.ENSP00000476136,H2BC11,H4C14,0.983
9606.ENSP00000476136,H2BC11,H4C9,0.981
9606.ENSP00000476136,H2BC11,H4C5,0.981
9606.ENSP00000476136,H2BC11,H2AC17,0.981
9606.ENSP00000476136,H2BC11,H2AX,0.98
9606.ENSP00000476136,H2BC11,H3C10,0.979
9606.ENSP00000476136,H2BC11,H4C2,0.978
9606.ENSP00000476136,H2BC11,H4C4,0.977
9606.ENSP00000476136,H2BC11,H2AC4,0.976
9606.ENSP00000476136,H2BC11,H4C11,0.976
9606.ENSP00000476136,H2BC11,H4-16,0.975
9606.ENSP00000476136,H2BC11,H4C13,0.975
9606.ENSP00000476136,H2BC11,H4C1,0.975
9606.ENSP00000476136,H2BC11,H4C3,0.975
9606.ENSP00000476136,H2BC11,H4C12,0.974
9606.ENSP00000476136,H2BC11,H4C15,0.974
9606.ENSP00000476136,H2BC11,H2BC12,0.973
9606.ENSP00000476136,H2BC11,H2AC12,0.973
9606.ENSP00000476136,H2BC11,H3-5,0.972
9606.ENSP00000476136,H2BC11,H2AC14,0.971
9606.ENSP00000476136,H2BC11,H2AC15,0.968
9606.ENSP00000476136,H2BC11,EP300,0.968
9606.ENSP00000476136,H2BC11,H2AC16,0.966
9606.ENSP00000476136,H2BC11,DOT1L,0.964
9606.ENSP00000476136,H2BC11,UBA52,0.963
9606.ENSP00000476136,H2BC11,CDC73,0.961
9606.ENSP00000476136,H2BC11,H3C7,0.96
9606.ENSP00000476136,H2BC11,RPS27A,0.959
9606.ENSP00000476136,H2BC11,UBC,0.959
9606.ENSP00000476136,H2BC11,H3C4,0.959
9606.ENSP00000476136,H2BC11,MACROH2A1,0.958
9606.ENSP00000476136,H2BC11,KMT2A,0.958
9606.ENSP00000476136,H2BC11,PAF1,0.957
9606.ENSP00000476136,H2BC11,CENPA,0.957
9606.ENSP00000476136,H2BC11,BARD1,0.956
9606.ENSP00000476136,H2BC11,RTF1,0.955
9606.ENSP00000476136,H2BC11,RBBP5,0.955
9606.ENSP00000476136,H2BC11,H3C8,0.955
9606.ENSP00000476136,H2BC11,UBB,0.954
9606.ENSP00000476136,H2BC11,H3C3,0.953
9606.ENSP00000476136,H2BC11,H3C2,0.953
9606.ENSP00000476136,H2BC11,H3C11,0.952
9606.ENSP00000476136,H2BC11,CTR9,0.949
9606.ENSP00000476136,H2BC11,H3C6,0.949
9606.ENSP00000476136,H2BC11,RUVBL1,0.948
9606.ENSP00000476136,H2BC11,PARP2,0.948
9606.ENSP00000476136,H2BC11,ANP32E,0.947
9606.ENSP00000476136,H2BC11,ACTR5,0.947
9606.ENSP00000476136,H2BC11,KMT5A,0.946
9606.ENSP00000476136,H2BC11,TAF10,0.946
9606.ENSP00000476136,H2BC11,H3C1,0.945
9606.ENSP00000476136,H2BC11,SMARCA5,0.943
9606.ENSP00000476136,H2BC11,HPF1,0.942
9606.ENSP00000476136,H2BC11,GLYR1,0.941
9606.ENSP00000476136,H2BC11,H2AC18,0.941
9606.ENSP00000476136,H2BC11,LEO1,0.938
9606.ENSP00000476136,H2BC11,H2BC21,0.938
9606.ENSP00000476136,H2BC11,POLR2A,0.933
9606.ENSP00000476136,H2BC11,POLR2C,0.929
9606.ENSP00000476136,H2BC11,EZH2,0.929
9606.ENSP00000476136,H2BC11,POLR2H,0.926
9606.ENSP00000476136,H2BC11,POLR2D,0.924
9606.ENSP00000476136,H2BC11,KMT2C,0.924
9606.ENSP00000476136,H2BC11,POLR2B,0.923
9606.ENSP00000476136,H2BC11,CHD4,0.922
9606.ENSP00000476136,H2BC11,POLR2K,0.921
9606.ENSP00000476136,H2BC11,POLR2E,0.921
9606.ENSP00000476136,H2BC11,POLR2L,0.921
9606.ENSP00000476136,H2BC11,RNF20,0.921
9606.ENSP00000476136,H2BC11,IPO9,0.921
9606.ENSP00000476136,H2BC11,POLR2G,0.921
9606.ENSP00000476136,H2BC11,H1-0,0.92
9606.ENSP00000476136,H2BC11,POLR2I,0.919
9606.ENSP00000476136,H2BC11,WDR5,0.918
9606.ENSP00000476136,H2BC11,H2AC20,0.917
9606.ENSP00000476136,H2BC11,CHD1L,0.917
9606.ENSP00000476136,H2BC11,POLR2F,0.917
9606.ENSP00000476136,H2BC11,VPS72,0.915
9606.ENSP00000476136,H2BC11,CGAS,0.913
9606.ENSP00000476136,H2BC11,NSD2,0.912
9606.ENSP00000476136,H2BC11,TBP,0.911
9606.ENSP00000476136,H2BC11,SUZ12,0.91
9606.ENSP00000476136,H2BC11,ASH2L,0.91
9606.ENSP00000476136,H2BC11,POLR2J,0.91
9606.ENSP00000476136,H2BC11,WDR61,0.91
9606.ENSP00000476136,H2BC11,H3C14,0.91
9606.ENSP00000476369,FBXW2,SKP1,0.988
9606.ENSP00000476369,FBXW2,CUL1,0.979
9606.ENSP00000477527,H2BC17,H4C6,0.998
9606.ENSP00000477527,H2BC17,H3C13,0.996
9606.ENSP00000477527,H2BC17,H2AC7,0.992
9606.ENSP00000477527,H2BC17,H2AC6,0.99
9606.ENSP00000477527,H2BC17,H3C12,0.987
9606.ENSP00000477527,H2BC17,H2AC8,0.985
9606.ENSP00000477527,H2BC17,H3-3B,0.985
9606.ENSP00000477527,H2BC17,CENPA,0.985
9606.ENSP00000477527,H2BC17,DNMT3B,0.984
9606.ENSP00000477527,H2BC17,H2AC21,0.98
9606.ENSP00000477527,H2BC17,H2BC3,0.979
9606.ENSP00000477527,H2BC17,H2AC18,0.978
9606.ENSP00000477527,H2BC17,H2AC13,0.977
9606.ENSP00000477527,H2BC17,H3C14,0.977
9606.ENSP00000477527,H2BC17,H2AJ,0.976
9606.ENSP00000477527,H2BC17,H2BC10,0.971
9606.ENSP00000477527,H2BC17,H2BC9,0.971
9606.ENSP00000477527,H2BC17,H2BC14,0.971
9606.ENSP00000477527,H2BC17,H2BC18,0.969
9606.ENSP00000477527,H2BC17,H2AC17,0.968
9606.ENSP00000477527,H2BC17,H3C15,0.968
9606.ENSP00000477527,H2BC17,H4C2,0.967
9606.ENSP00000477527,H2BC17,H4C5,0.967
9606.ENSP00000477527,H2BC17,CENPN,0.967
9606.ENSP00000477527,H2BC17,H4C8,0.964
9606.ENSP00000477527,H2BC17,H2BC7,0.964
9606.ENSP00000477527,H2BC17,H2BC15,0.963
9606.ENSP00000477527,H2BC17,H4C14,0.963
9606.ENSP00000477527,H2BC17,H4C9,0.96
9606.ENSP00000477527,H2BC17,H3-2,0.96
9606.ENSP00000477527,H2BC17,H4C4,0.959
9606.ENSP00000477527,H2BC17,H4C11,0.955
9606.ENSP00000477527,H2BC17,H4C1,0.952
9606.ENSP00000477527,H2BC17,H4C13,0.95
9606.ENSP00000477527,H2BC17,H4C3,0.949
9606.ENSP00000477527,H2BC17,H2BC5,0.945
9606.ENSP00000477527,H2BC17,H4C12,0.944
9606.ENSP00000477527,H2BC17,H4-16,0.942
9606.ENSP00000477527,H2BC17,GLYR1,0.941
9606.ENSP00000477527,H2BC17,H2BC4,0.941
9606.ENSP00000477527,H2BC17,H2AC20,0.939
9606.ENSP00000477527,H2BC17,H3-4,0.939
9606.ENSP00000477527,H2BC17,H4C15,0.939
9606.ENSP00000477527,H2BC17,hCG_2039566,0.934
9606.ENSP00000477527,H2BC17,H2BC21,0.928
9606.ENSP00000477527,H2BC17,RNF20,0.926
9606.ENSP00000477527,H2BC17,H2BC8,0.903
9606.ENSP00000477527,H2BC17,H2AC4,0.903
9606.ENSP00000479169,H2BC9,H2AC6,0.992
9606.ENSP00000479169,H2BC9,H2AC7,0.991
9606.ENSP00000479169,H2BC9,H4C6,0.989
9606.ENSP00000479169,H2BC9,H3C13,0.988
9606.ENSP00000479169,H2BC9,CENPA,0.983
9606.ENSP00000479169,H2BC9,H2BC5,0.977
9606.ENSP00000479169,H2BC9,H2BC4,0.976
9606.ENSP00000479169,H2BC9,H2AJ,0.974
9606.ENSP00000479169,H2BC9,H2BC17,0.971
9606.ENSP00000479169,H2BC9,CENPN,0.967
9606.ENSP00000479169,H2BC9,H2BC7,0.966
9606.ENSP00000479169,H2BC9,H2BC10,0.965
9606.ENSP00000479169,H2BC9,H2BC6,0.965
9606.ENSP00000479169,H2BC9,H2AC8,0.949
9606.ENSP00000479169,H2BC9,H3-4,0.944
9606.ENSP00000479169,H2BC9,H2AC18,0.943
9606.ENSP00000479169,H2BC9,H2BC14,0.943
9606.ENSP00000479169,H2BC9,H2BC21,0.941
9606.ENSP00000479169,H2BC9,H4C5,0.939
9606.ENSP00000479169,H2BC9,H4C8,0.937
9606.ENSP00000479169,H2BC9,hCG_2039566,0.934
9606.ENSP00000479169,H2BC9,H2BC3,0.934
9606.ENSP00000479169,H2BC9,H3C12,0.931
9606.ENSP00000479169,H2BC9,H2AC13,0.927
9606.ENSP00000479169,H2BC9,H2BC15,0.927
9606.ENSP00000479169,H2BC9,H2AC20,0.925
9606.ENSP00000479169,H2BC9,RNF20,0.924
9606.ENSP00000479169,H2BC9,H4C11,0.924
9606.ENSP00000479169,H2BC9,H3-3B,0.919
9606.ENSP00000479169,H2BC9,H4C4,0.917
9606.ENSP00000479169,H2BC9,H2BC8,0.914
9606.ENSP00000479169,H2BC9,H4C14,0.914
9606.ENSP00000479169,H2BC9,H4C2,0.906
9606.ENSP00000479169,H2BC9,H4C12,0.906
9606.ENSP00000479169,H2BC9,H3C14,0.906
9606.ENSP00000479207,GALNTL5,GCNT1,0.914
9606.ENSP00000479207,GALNTL5,ST6GALNAC1,0.913
9606.ENSP00000479207,GALNTL5,B3GNT6,0.901
9606.ENSP00000479461,H4C4,H2AC4,0.995
9606.ENSP00000479461,H4C4,H3C4,0.993
9606.ENSP00000479461,H4C4,H2AC8,0.993
9606.ENSP00000479461,H4C4,H3C2,0.99
9606.ENSP00000479461,H4C4,H3C7,0.989
9606.ENSP00000479461,H4C4,H3C11,0.987
9606.ENSP00000479461,H4C4,H3C8,0.987
9606.ENSP00000479461,H4C4,H3C1,0.987
9606.ENSP00000479461,H4C4,H3C10,0.986
9606.ENSP00000479461,H4C4,H4C2,0.983
9606.ENSP00000479461,H4C4,H4C6,0.982
9606.ENSP00000479461,H4C4,H3C3,0.982
9606.ENSP00000479461,H4C4,H3C12,0.98
9606.ENSP00000479461,H4C4,H2BC7,0.979
9606.ENSP00000479461,H4C4,H3C6,0.979
9606.ENSP00000479461,H4C4,H2BC10,0.978
9606.ENSP00000479461,H4C4,H2AC13,0.977
9606.ENSP00000479461,H4C4,H2BC11,0.977
9606.ENSP00000479461,H4C4,H2BC6,0.976
9606.ENSP00000479461,H4C4,H4C5,0.976
9606.ENSP00000479461,H4C4,H2AC20,0.975
9606.ENSP00000479461,H4C4,H2AC17,0.974
9606.ENSP00000479461,H4C4,H2BC8,0.974
9606.ENSP00000479461,H4C4,H2AC18,0.973
9606.ENSP00000479461,H4C4,H2BC21,0.972
9606.ENSP00000479461,H4C4,H2BC4,0.972
9606.ENSP00000479461,H4C4,H2BC12,0.972
9606.ENSP00000479461,H4C4,H4C13,0.971
9606.ENSP00000479461,H4C4,H2AC6,0.97
9606.ENSP00000479461,H4C4,H3C15,0.969
9606.ENSP00000479461,H4C4,H3C14,0.969
9606.ENSP00000479461,H4C4,H2AC15,0.969
9606.ENSP00000479461,H4C4,H2AC14,0.968
9606.ENSP00000479461,H4C4,CENPA,0.967
9606.ENSP00000479461,H4C4,H2AC16,0.967
9606.ENSP00000479461,H4C4,H2AC7,0.966
9606.ENSP00000479461,H4C4,H2AC11,0.965
9606.ENSP00000479461,H4C4,H4C11,0.965
9606.ENSP00000479461,H4C4,H2BC3,0.963
9606.ENSP00000479461,H4C4,H4C9,0.963
9606.ENSP00000479461,H4C4,H4C8,0.963
9606.ENSP00000479461,H4C4,H4C1,0.962
9606.ENSP00000479461,H4C4,H2BC14,0.962
9606.ENSP00000479461,H4C4,H2AC21,0.962
9606.ENSP00000479461,H4C4,H2BC17,0.959
9606.ENSP00000479461,H4C4,H2AC19,0.957
9606.ENSP00000479461,H4C4,H4C14,0.957
9606.ENSP00000479461,H4C4,H4C3,0.956
9606.ENSP00000479461,H4C4,H3C13,0.956
9606.ENSP00000479461,H4C4,H2AC1,0.955
9606.ENSP00000479461,H4C4,H4-16,0.955
9606.ENSP00000479461,H4C4,H4C12,0.953
9606.ENSP00000479461,H4C4,H2AX,0.953
9606.ENSP00000479461,H4C4,H4C15,0.952
9606.ENSP00000479461,H4C4,H2AZ2,0.951
9606.ENSP00000479461,H4C4,SUPT16H,0.948
9606.ENSP00000479461,H4C4,ASF1A,0.947
9606.ENSP00000479461,H4C4,H2AC12,0.946
9606.ENSP00000479461,H4C4,H2BU1,0.945
9606.ENSP00000479461,H4C4,CHD4,0.945
9606.ENSP00000479461,H4C4,ASF1B,0.945
9606.ENSP00000479461,H4C4,H1-4,0.944
9606.ENSP00000479461,H4C4,NASP,0.943
9606.ENSP00000479461,H4C4,MACROH2A1,0.943
9606.ENSP00000479461,H4C4,H2BC1,0.942
9606.ENSP00000479461,H4C4,IPO4,0.942
9606.ENSP00000479461,H4C4,RBBP5,0.942
9606.ENSP00000479461,H4C4,H3-3A,0.941
9606.ENSP00000479461,H4C4,SSRP1,0.938
9606.ENSP00000479461,H4C4,H3-4,0.938
9606.ENSP00000479461,H4C4,H3-3B,0.938
9606.ENSP00000479461,H4C4,H3-5,0.937
9606.ENSP00000479461,H4C4,H2BC5,0.937
9606.ENSP00000479461,H4C4,DOT1L,0.937
9606.ENSP00000479461,H4C4,H3Y1,0.935
9606.ENSP00000479461,H4C4,SMARCA5,0.932
9606.ENSP00000479461,H4C4,H1-10,0.931
9606.ENSP00000479461,H4C4,H2AB2,0.931
9606.ENSP00000479461,H4C4,H2AB3,0.931
9606.ENSP00000479461,H4C4,hCG_2039566,0.931
9606.ENSP00000479461,H4C4,H2AZ1,0.929
9606.ENSP00000479461,H4C4,SMARCA4,0.929
9606.ENSP00000479461,H4C4,H2AJ,0.925
9606.ENSP00000479461,H4C4,BRD2,0.923
9606.ENSP00000479461,H4C4,PRMT5,0.918
9606.ENSP00000479461,H4C4,H2BC9,0.917
9606.ENSP00000479461,H4C4,TP53BP1,0.917
9606.ENSP00000479461,H4C4,MSL3,0.916
9606.ENSP00000479461,H4C4,ATAD2,0.915
9606.ENSP00000479461,H4C4,KMT5A,0.915
9606.ENSP00000479461,H4C4,CHD1L,0.915
9606.ENSP00000479461,H4C4,MLLT3,0.911
9606.ENSP00000479461,H4C4,KDM4A,0.911
9606.ENSP00000479461,H4C4,MCM2,0.909
9606.ENSP00000479461,H4C4,BARD1,0.907
9606.ENSP00000479461,H4C4,L3MBTL1,0.905
9606.ENSP00000479461,H4C4,CENPN,0.905
9606.ENSP00000479461,H4C4,ENSP00000499734,0.905
9606.ENSP00000479461,H4C4,PHF10,0.905
9606.ENSP00000479461,H4C4,DAXX,0.905
9606.ENSP00000479461,H4C4,H2BC15,0.905
9606.ENSP00000479461,H4C4,SPTY2D1,0.904
9606.ENSP00000479461,H4C4,CREBBP,0.903
9606.ENSP00000479461,H4C4,EP300,0.903
9606.ENSP00000479461,H4C4,TONSL,0.903
9606.ENSP00000479461,H4C4,HJURP,0.902
9606.ENSP00000479461,H4C4,CENPC,0.9
9606.ENSP00000479461,H4C4,H1-0,0.9
9606.ENSP00000479461,H4C4,N6AMT1,0.9
9606.ENSP00000479461,H4C4,ACTB,0.9
9606.ENSP00000479461,H4C4,DNAJC9,0.9
9606.ENSP00000480291,HNF1B,HNF1A,0.961
9606.ENSP00000480291,HNF1B,ONECUT1,0.956
9606.ENSP00000480826,H3C1,EP300,0.998
9606.ENSP00000480826,H3C1,H4C6,0.997
9606.ENSP00000480826,H3C1,KAT2B,0.995
9606.ENSP00000480826,H3C1,H4C14,0.994
9606.ENSP00000480826,H3C1,H4C2,0.992
9606.ENSP00000480826,H3C1,ASF1A,0.991
9606.ENSP00000480826,H3C1,NASP,0.991
9606.ENSP00000480826,H3C1,WDR5,0.991
9606.ENSP00000480826,H3C1,H4C13,0.989
9606.ENSP00000480826,H3C1,CREBBP,0.989
9606.ENSP00000480826,H3C1,H4C5,0.989
9606.ENSP00000480826,H3C1,KMT2A,0.988
9606.ENSP00000480826,H3C1,CBX5,0.988
9606.ENSP00000480826,H3C1,H4C1,0.987
9606.ENSP00000480826,H3C1,H4C4,0.987
9606.ENSP00000480826,H3C1,CBX3,0.986
9606.ENSP00000480826,H3C1,H2AX,0.986
9606.ENSP00000480826,H3C1,H2AC4,0.986
9606.ENSP00000480826,H3C1,H4C11,0.986
9606.ENSP00000480826,H3C1,H2AC8,0.985
9606.ENSP00000480826,H3C1,CBX1,0.985
9606.ENSP00000480826,H3C1,CHD4,0.985
9606.ENSP00000480826,H3C1,H4C9,0.985
9606.ENSP00000480826,H3C1,H4C8,0.985
9606.ENSP00000480826,H3C1,H4C12,0.984
9606.ENSP00000480826,H3C1,PHF8,0.984
9606.ENSP00000480826,H3C1,UHRF1,0.984
9606.ENSP00000480826,H3C1,H4-16,0.984
9606.ENSP00000480826,H3C1,H4C15,0.983
9606.ENSP00000480826,H3C1,H4C3,0.983
9606.ENSP00000480826,H3C1,CARM1,0.982
9606.ENSP00000480826,H3C1,IPO4,0.981
9606.ENSP00000480826,H3C1,TRIM24,0.979
9606.ENSP00000480826,H3C1,EHMT1,0.979
9606.ENSP00000480826,H3C1,PBRM1,0.978
9606.ENSP00000480826,H3C1,SUPT16H,0.978
9606.ENSP00000480826,H3C1,MACROH2A1,0.977
9606.ENSP00000480826,H3C1,H2AC20,0.977
9606.ENSP00000480826,H3C1,ING4,0.976
9606.ENSP00000480826,H3C1,KDM4A,0.975
9606.ENSP00000480826,H3C1,SSRP1,0.973
9606.ENSP00000480826,H3C1,EHMT2,0.971
9606.ENSP00000480826,H3C1,SMARCA4,0.97
9606.ENSP00000480826,H3C1,KAT6A,0.969
9606.ENSP00000480826,H3C1,NSD3,0.969
9606.ENSP00000480826,H3C1,H3C14,0.968
9606.ENSP00000480826,H3C1,SETDB1,0.967
9606.ENSP00000480826,H3C1,DNMT3A,0.964
9606.ENSP00000480826,H3C1,ATRX,0.964
9606.ENSP00000480826,H3C1,H3C15,0.962
9606.ENSP00000480826,H3C1,CHD1,0.962
9606.ENSP00000480826,H3C1,H3C13,0.962
9606.ENSP00000480826,H3C1,DNMT1,0.961
9606.ENSP00000480826,H3C1,SETD2,0.961
9606.ENSP00000480826,H3C1,BPTF,0.959
9606.ENSP00000480826,H3C1,MCM2,0.958
9606.ENSP00000480826,H3C1,PHF1,0.955
9606.ENSP00000480826,H3C1,H3C2,0.955
9606.ENSP00000480826,H3C1,AIRE,0.955
9606.ENSP00000480826,H3C1,MLLT3,0.954
9606.ENSP00000480826,H3C1,H2BC3,0.954
9606.ENSP00000480826,H3C1,CBX7,0.954
9606.ENSP00000480826,H3C1,BRPF1,0.952
9606.ENSP00000480826,H3C1,TP53BP1,0.95
9606.ENSP00000480826,H3C1,H2AC7,0.949
9606.ENSP00000480826,H3C1,H3C12,0.949
9606.ENSP00000480826,H3C1,H2BC12,0.949
9606.ENSP00000480826,H3C1,CBX2,0.948
9606.ENSP00000480826,H3C1,BARD1,0.946
9606.ENSP00000480826,H3C1,H3-2,0.946
9606.ENSP00000480826,H3C1,HDGFL2,0.945
9606.ENSP00000480826,H3C1,DIDO1,0.945
9606.ENSP00000480826,H3C1,H2BC11,0.945
9606.ENSP00000480826,H3C1,H2AZ2,0.944
9606.ENSP00000480826,H3C1,H3C7,0.942
9606.ENSP00000480826,H3C1,H3C11,0.94
9606.ENSP00000480826,H3C1,RPS27A,0.94
9606.ENSP00000480826,H3C1,H3C3,0.94
9606.ENSP00000480826,H3C1,UBA52,0.939
9606.ENSP00000480826,H3C1,H3C8,0.937
9606.ENSP00000480826,H3C1,SIRT3,0.936
9606.ENSP00000480826,H3C1,UBC,0.935
9606.ENSP00000480826,H3C1,UBB,0.935
9606.ENSP00000480826,H3C1,H2AC6,0.933
9606.ENSP00000480826,H3C1,KMT5A,0.932
9606.ENSP00000480826,H3C1,MPHOSPH8,0.932
9606.ENSP00000480826,H3C1,MLLT1,0.932
9606.ENSP00000480826,H3C1,H2BC7,0.932
9606.ENSP00000480826,H3C1,DOT1L,0.932
9606.ENSP00000480826,H3C1,DDB2,0.931
9606.ENSP00000480826,H3C1,H1-4,0.931
9606.ENSP00000480826,H3C1,DNMT3B,0.928
9606.ENSP00000480826,H3C1,H2BC10,0.928
9606.ENSP00000480826,H3C1,CBX6,0.927
9606.ENSP00000480826,H3C1,MORC3,0.925
9606.ENSP00000480826,H3C1,H2AC1,0.924
9606.ENSP00000480826,H3C1,H2AB2,0.924
9606.ENSP00000480826,H3C1,H2AB3,0.924
9606.ENSP00000480826,H3C1,CDYL2,0.923
9606.ENSP00000480826,H3C1,ING2,0.923
9606.ENSP00000480826,H3C1,H2BC21,0.922
9606.ENSP00000480826,H3C1,H3C4,0.922
9606.ENSP00000480826,H3C1,KAT6B,0.922
9606.ENSP00000480826,H3C1,SGF29,0.92
9606.ENSP00000480826,H3C1,H2BC8,0.92
9606.ENSP00000480826,H3C1,CHAF1B,0.918
9606.ENSP00000480826,H3C1,PYGO2,0.916
9606.ENSP00000480826,H3C1,H1-0,0.915
9606.ENSP00000480826,H3C1,ING1,0.915
9606.ENSP00000480826,H3C1,INO80,0.914
9606.ENSP00000480826,H3C1,H2BC4,0.914
9606.ENSP00000480826,H3C1,SIRT5,0.914
9606.ENSP00000480826,H3C1,H3C10,0.913
9606.ENSP00000480826,H3C1,ZCWPW2,0.912
9606.ENSP00000480826,H3C1,H2BC6,0.911
9606.ENSP00000480826,H3C1,PYGO1,0.909
9606.ENSP00000480826,H3C1,KMT2E,0.908
9606.ENSP00000480826,H3C1,TRIM33,0.908
9606.ENSP00000480826,H3C1,SP100,0.907
9606.ENSP00000480826,H3C1,TRIM66,0.907
9606.ENSP00000480826,H3C1,ACTB,0.906
9606.ENSP00000480826,H3C1,ASF1B,0.905
9606.ENSP00000480826,H3C1,PPIE,0.903
9606.ENSP00000480826,H3C1,ZZZ3,0.903
9606.ENSP00000480826,H3C1,TNPO1,0.903
9606.ENSP00000480826,H3C1,SPIN1,0.9
9606.ENSP00000480826,H3C1,H3C6,0.9
9606.ENSP00000481486,H4C9,H2AC4,0.992
9606.ENSP00000481486,H4C9,H2AC8,0.991
9606.ENSP00000481486,H4C9,H3C8,0.987
9606.ENSP00000481486,H4C9,H3C2,0.987
9606.ENSP00000481486,H4C9,H3C7,0.986
9606.ENSP00000481486,H4C9,H3C11,0.986
9606.ENSP00000481486,H4C9,H3C4,0.985
9606.ENSP00000481486,H4C9,H3C1,0.985
9606.ENSP00000481486,H4C9,H4C6,0.984
9606.ENSP00000481486,H4C9,H3C10,0.984
9606.ENSP00000481486,H4C9,H3C3,0.982
9606.ENSP00000481486,H4C9,H2BC11,0.981
9606.ENSP00000481486,H4C9,H4C2,0.98
9606.ENSP00000481486,H4C9,H3C6,0.979
9606.ENSP00000481486,H4C9,H2BC12,0.979
9606.ENSP00000481486,H4C9,H3C12,0.979
9606.ENSP00000481486,H4C9,ASF1B,0.978
9606.ENSP00000481486,H4C9,H2AC15,0.977
9606.ENSP00000481486,H4C9,ASF1A,0.976
9606.ENSP00000481486,H4C9,H2AC20,0.972
9606.ENSP00000481486,H4C9,H2BC8,0.972
9606.ENSP00000481486,H4C9,H2AC13,0.971
9606.ENSP00000481486,H4C9,H2BC10,0.971
9606.ENSP00000481486,H4C9,H2BC7,0.971
9606.ENSP00000481486,H4C9,H4C13,0.971
9606.ENSP00000481486,H4C9,H2AC6,0.97
9606.ENSP00000481486,H4C9,H2AC18,0.969
9606.ENSP00000481486,H4C9,CENPA,0.968
9606.ENSP00000481486,H4C9,H2BC21,0.968
9606.ENSP00000481486,H4C9,H2BC6,0.967
9606.ENSP00000481486,H4C9,H2AC17,0.967
9606.ENSP00000481486,H4C9,H3C14,0.964
9606.ENSP00000481486,H4C9,H2AC11,0.964
9606.ENSP00000481486,H4C9,H4C5,0.963
9606.ENSP00000481486,H4C9,H4C4,0.963
9606.ENSP00000481486,H4C9,H2AC16,0.963
9606.ENSP00000481486,H4C9,H4C11,0.962
9606.ENSP00000481486,H4C9,H2BC4,0.962
9606.ENSP00000481486,H4C9,H3C15,0.962
9606.ENSP00000481486,H4C9,H2AX,0.961
9606.ENSP00000481486,H4C9,H2BC17,0.96
9606.ENSP00000481486,H4C9,H2AC14,0.96
9606.ENSP00000481486,H4C9,H2BC3,0.958
9606.ENSP00000481486,H4C9,H4C8,0.957
9606.ENSP00000481486,H4C9,H2AC19,0.956
9606.ENSP00000481486,H4C9,H2BC14,0.956
9606.ENSP00000481486,H4C9,H4C14,0.956
9606.ENSP00000481486,H4C9,H2AC21,0.955
9606.ENSP00000481486,H4C9,NASP,0.955
9606.ENSP00000481486,H4C9,SUPT16H,0.953
9606.ENSP00000481486,H4C9,H4C1,0.953
9606.ENSP00000481486,H4C9,H4C3,0.953
9606.ENSP00000481486,H4C9,H4-16,0.952
9606.ENSP00000481486,H4C9,H4C12,0.952
9606.ENSP00000481486,H4C9,H4C15,0.952
9606.ENSP00000481486,H4C9,H2AZ2,0.95
9606.ENSP00000481486,H4C9,H2AC1,0.95
9606.ENSP00000481486,H4C9,H2AC7,0.949
9606.ENSP00000481486,H4C9,IPO4,0.949
9606.ENSP00000481486,H4C9,SSRP1,0.948
9606.ENSP00000481486,H4C9,H3C13,0.946
9606.ENSP00000481486,H4C9,MACROH2A1,0.946
9606.ENSP00000481486,H4C9,MCM2,0.945
9606.ENSP00000481486,H4C9,CHD4,0.944
9606.ENSP00000481486,H4C9,H2AC12,0.943
9606.ENSP00000481486,H4C9,RBBP5,0.94
9606.ENSP00000481486,H4C9,H3-3A,0.94
9606.ENSP00000481486,H4C9,H2BC1,0.94
9606.ENSP00000481486,H4C9,H2BU1,0.939
9606.ENSP00000481486,H4C9,H3-3B,0.937
9606.ENSP00000481486,H4C9,H3-4,0.937
9606.ENSP00000481486,H4C9,DOT1L,0.937
9606.ENSP00000481486,H4C9,H3-5,0.935
9606.ENSP00000481486,H4C9,H3Y1,0.935
9606.ENSP00000481486,H4C9,H2BC5,0.932
9606.ENSP00000481486,H4C9,SMARCA5,0.932
9606.ENSP00000481486,H4C9,hCG_2039566,0.931
9606.ENSP00000481486,H4C9,H2AB3,0.931
9606.ENSP00000481486,H4C9,KMT5A,0.931
9606.ENSP00000481486,H4C9,H2AB2,0.931
9606.ENSP00000481486,H4C9,H1-4,0.93
9606.ENSP00000481486,H4C9,SMARCA4,0.929
9606.ENSP00000481486,H4C9,DNAJC9,0.928
9606.ENSP00000481486,H4C9,EP300,0.928
9606.ENSP00000481486,H4C9,H2AZ1,0.928
9606.ENSP00000481486,H4C9,DAXX,0.924
9606.ENSP00000481486,H4C9,H2AJ,0.924
9606.ENSP00000481486,H4C9,BRD2,0.923
9606.ENSP00000481486,H4C9,H1-10,0.923
9606.ENSP00000481486,H4C9,TONSL,0.92
9606.ENSP00000481486,H4C9,PRMT5,0.919
9606.ENSP00000481486,H4C9,H2BC15,0.917
9606.ENSP00000481486,H4C9,TP53BP1,0.917
9606.ENSP00000481486,H4C9,MSL3,0.916
9606.ENSP00000481486,H4C9,CHD1L,0.915
9606.ENSP00000481486,H4C9,ATAD2,0.915
9606.ENSP00000481486,H4C9,HJURP,0.914
9606.ENSP00000481486,H4C9,SPTY2D1,0.913
9606.ENSP00000481486,H4C9,KDM4A,0.912
9606.ENSP00000481486,H4C9,MLLT3,0.911
9606.ENSP00000481486,H4C9,BARD1,0.907
9606.ENSP00000481486,H4C9,CENPN,0.906
9606.ENSP00000481486,H4C9,L3MBTL1,0.905
9606.ENSP00000481486,H4C9,PHF10,0.905
9606.ENSP00000481486,H4C9,ENSP00000499734,0.905
9606.ENSP00000481486,H4C9,CREBBP,0.903
9606.ENSP00000481486,H4C9,H1-0,0.901
9606.ENSP00000481486,H4C9,N6AMT1,0.9
9606.ENSP00000481486,H4C9,CENPC,0.9
9606.ENSP00000481554,GRIA3,GRIA2,0.999
9606.ENSP00000481554,GRIA3,GRIA1,0.999
9606.ENSP00000481554,GRIA3,GRIA4,0.997
9606.ENSP00000481554,GRIA3,PICK1,0.994
9606.ENSP00000481554,GRIA3,GRIP1,0.993
9606.ENSP00000481554,GRIA3,CACNG2,0.984
9606.ENSP00000481554,GRIA3,CNIH2,0.97
9606.ENSP00000481554,GRIA3,CNIH3,0.953
9606.ENSP00000481554,GRIA3,CACNG8,0.936
9606.ENSP00000481554,GRIA3,PRKACB,0.924
9606.ENSP00000481554,GRIA3,PRKACA,0.922
9606.ENSP00000481554,GRIA3,PRKACG,0.921
9606.ENSP00000481554,GRIA3,PPP1CA,0.908
9606.ENSP00000481554,GRIA3,PPP1CB,0.903
9606.ENSP00000481554,GRIA3,LYN,0.902
9606.ENSP00000481554,GRIA3,PPP1CC,0.901
9606.ENSP00000482538,H2AC16,H2BC8,0.976
9606.ENSP00000482538,H2AC16,H2BC4,0.976
9606.ENSP00000482538,H2AC16,H4C13,0.97
9606.ENSP00000482538,H2AC16,H2BC10,0.969
9606.ENSP00000482538,H2AC16,H4C2,0.968
9606.ENSP00000482538,H2AC16,H4C4,0.967
9606.ENSP00000482538,H2AC16,H4C14,0.967
9606.ENSP00000482538,H2AC16,H4C11,0.966
9606.ENSP00000482538,H2AC16,H4C5,0.966
9606.ENSP00000482538,H2AC16,H2BC11,0.966
9606.ENSP00000482538,H2AC16,H2BC6,0.966
9606.ENSP00000482538,H2AC16,H4C1,0.966
9606.ENSP00000482538,H2AC16,H2BC7,0.964
9606.ENSP00000482538,H2AC16,H4-16,0.964
9606.ENSP00000482538,H2AC16,H4C8,0.963
9606.ENSP00000482538,H2AC16,H4C9,0.963
9606.ENSP00000482538,H2AC16,H4C3,0.963
9606.ENSP00000482538,H2AC16,H2BC12,0.962
9606.ENSP00000482538,H2AC16,H4C6,0.96
9606.ENSP00000482538,H2AC16,H4C15,0.96
9606.ENSP00000482538,H2AC16,H4C12,0.96
9606.ENSP00000482538,H2AC16,H2BC18,0.951
9606.ENSP00000482538,H2AC16,H2BC21,0.95
9606.ENSP00000482538,H2AC16,H3C13,0.946
9606.ENSP00000482538,H2AC16,H3C14,0.946
9606.ENSP00000482538,H2AC16,H3C15,0.942
9606.ENSP00000482538,H2AC16,UBA52,0.936
9606.ENSP00000482538,H2AC16,RPS27A,0.934
9606.ENSP00000482538,H2AC16,CENPA,0.933
9606.ENSP00000482538,H2AC16,UBB,0.932
9606.ENSP00000482538,H2AC16,H2AC4,0.931
9606.ENSP00000482538,H2AC16,UBC,0.928
9606.ENSP00000482538,H2AC16,H3-3B,0.927
9606.ENSP00000482538,H2AC16,H3-3A,0.926
9606.ENSP00000482538,H2AC16,H2AC17,0.924
9606.ENSP00000482538,H2AC16,H2AC12,0.923
9606.ENSP00000482538,H2AC16,H2AC13,0.923
9606.ENSP00000482538,H2AC16,H2AC8,0.923
9606.ENSP00000482538,H2AC16,H2AC14,0.923
9606.ENSP00000482538,H2AC16,NSD2,0.921
9606.ENSP00000482538,H2AC16,DOT1L,0.917
9606.ENSP00000482538,H2AC16,IPO9,0.915
9606.ENSP00000482538,H2AC16,H2AC6,0.913
9606.ENSP00000482538,H2AC16,NSD3,0.913
9606.ENSP00000482538,H2AC16,CHD1L,0.912
9606.ENSP00000482538,H2AC16,H2AC15,0.911
9606.ENSP00000482538,H2AC16,KMT5A,0.911
9606.ENSP00000482538,H2AC16,KMT2A,0.91
9606.ENSP00000482538,H2AC16,H2AC11,0.91
9606.ENSP00000482538,H2AC16,BARD1,0.908
9606.ENSP00000482538,H2AC16,VRK1,0.901
9606.ENSP00000482538,H2AC16,SCML2,0.9
9606.ENSP00000482674,H2BC3,H4C6,0.996
9606.ENSP00000482674,H2BC3,H2AC8,0.994
9606.ENSP00000482674,H2BC3,H3C12,0.99
9606.ENSP00000482674,H2BC3,H2AC20,0.99
9606.ENSP00000482674,H2BC3,H3C13,0.989
9606.ENSP00000482674,H2BC3,H2AC6,0.987
9606.ENSP00000482674,H2BC3,H2AC7,0.985
9606.ENSP00000482674,H2BC3,H2BC17,0.979
9606.ENSP00000482674,H2BC3,H2AC4,0.973
9606.ENSP00000482674,H2BC3,H2BC14,0.972
9606.ENSP00000482674,H2BC3,H4C2,0.971
9606.ENSP00000482674,H2BC3,H2AJ,0.968
9606.ENSP00000482674,H2BC3,CENPN,0.967
9606.ENSP00000482674,H2BC3,H4C13,0.967
9606.ENSP00000482674,H2BC3,H4C4,0.963
9606.ENSP00000482674,H2BC3,H4C5,0.963
9606.ENSP00000482674,H2BC3,H4C11,0.96
9606.ENSP00000482674,H2BC3,H4C9,0.958
9606.ENSP00000482674,H2BC3,H4C14,0.955
9606.ENSP00000482674,H2BC3,H3C1,0.954
9606.ENSP00000482674,H2BC3,H4C8,0.954
9606.ENSP00000482674,H2BC3,H2BC10,0.954
9606.ENSP00000482674,H2BC3,H4C1,0.953
9606.ENSP00000482674,H2BC3,H4-16,0.951
9606.ENSP00000482674,H2BC3,H4C3,0.949
9606.ENSP00000482674,H2BC3,H3C4,0.949
9606.ENSP00000482674,H2BC3,H4C12,0.946
9606.ENSP00000482674,H2BC3,H4C15,0.945
9606.ENSP00000482674,H2BC3,H3C2,0.944
9606.ENSP00000482674,H2BC3,RNF20,0.944
9606.ENSP00000482674,H2BC3,H3-3B,0.94
9606.ENSP00000482674,H2BC3,H3C3,0.94
9606.ENSP00000482674,H2BC3,H3-4,0.939
9606.ENSP00000482674,H2BC3,H3C8,0.934
9606.ENSP00000482674,H2BC3,H2BC9,0.934
9606.ENSP00000482674,H2BC3,hCG_2039566,0.934
9606.ENSP00000482674,H2BC3,EP300,0.933
9606.ENSP00000482674,H2BC3,H2BC5,0.933
9606.ENSP00000482674,H2BC3,H3C7,0.932
9606.ENSP00000482674,H2BC3,H2AC18,0.932
9606.ENSP00000482674,H2BC3,CENPA,0.93
9606.ENSP00000482674,H2BC3,H3C11,0.925
9606.ENSP00000482674,H2BC3,H2BC4,0.916
9606.ENSP00000482674,H2BC3,H2AC13,0.916
9606.ENSP00000482674,H2BC3,H2BC15,0.914
9606.ENSP00000482674,H2BC3,H3C14,0.912
9606.ENSP00000482674,H2BC3,H3C10,0.908
9606.ENSP00000482674,H2BC3,H2BC7,0.908
9606.ENSP00000482674,H2BC3,USP22,0.904
9606.ENSP00000482674,H2BC3,H3C6,0.902
9606.ENSP00000483254,HNRNPDL,PTBP1,0.959
9606.ENSP00000483254,HNRNPDL,HNRNPH1,0.95
9606.ENSP00000483254,HNRNPDL,HNRNPL,0.948
9606.ENSP00000483254,HNRNPDL,HNRNPM,0.947
9606.ENSP00000483254,HNRNPDL,HNRNPU,0.946
9606.ENSP00000483254,HNRNPDL,SRSF2,0.922
9606.ENSP00000483254,HNRNPDL,HNRNPH3,0.922
9606.ENSP00000483254,HNRNPDL,HNRNPA1,0.92
9606.ENSP00000483254,HNRNPDL,FUS,0.918
9606.ENSP00000483254,HNRNPDL,HNRNPA2B1,0.909
9606.ENSP00000483283,H3C11,H4C2,0.991
9606.ENSP00000483283,H3C11,H4C13,0.991
9606.ENSP00000483283,H3C11,H4C14,0.99
9606.ENSP00000483283,H3C11,H4C5,0.987
9606.ENSP00000483283,H3C11,H4C4,0.987
9606.ENSP00000483283,H3C11,H4C9,0.986
9606.ENSP00000483283,H3C11,H4C11,0.986
9606.ENSP00000483283,H3C11,H4C6,0.985
9606.ENSP00000483283,H3C11,H4C1,0.985
9606.ENSP00000483283,H3C11,H4-16,0.984
9606.ENSP00000483283,H3C11,H4C8,0.984
9606.ENSP00000483283,H3C11,H2AC4,0.983
9606.ENSP00000483283,H3C11,H4C12,0.983
9606.ENSP00000483283,H3C11,H4C15,0.983
9606.ENSP00000483283,H3C11,H4C3,0.983
9606.ENSP00000483283,H3C11,H2AC8,0.975
9606.ENSP00000483283,H3C11,H3C7,0.971
9606.ENSP00000483283,H3C11,NASP,0.967
9606.ENSP00000483283,H3C11,KAT2B,0.96
9606.ENSP00000483283,H3C11,H3C13,0.96
9606.ENSP00000483283,H3C11,H3C14,0.959
9606.ENSP00000483283,H3C11,H3C15,0.959
9606.ENSP00000483283,H3C11,H3C12,0.955
9606.ENSP00000483283,H3C11,H3C2,0.955
9606.ENSP00000483283,H3C11,SUPT16H,0.953
9606.ENSP00000483283,H3C11,H2BC11,0.952
9606.ENSP00000483283,H3C11,TRIM24,0.951
9606.ENSP00000483283,H3C11,H2BC12,0.948
9606.ENSP00000483283,H3C11,SETD2,0.947
9606.ENSP00000483283,H3C11,SSRP1,0.947
9606.ENSP00000483283,H3C11,H2AC7,0.946
9606.ENSP00000483283,H3C11,H3C3,0.945
9606.ENSP00000483283,H3C11,H2AZ2,0.944
9606.ENSP00000483283,H3C11,H2AC20,0.942
9606.ENSP00000483283,H3C11,CBX5,0.942
9606.ENSP00000483283,H3C11,RPS27A,0.94
9606.ENSP00000483283,H3C11,H3C1,0.94
9606.ENSP00000483283,H3C11,UBA52,0.939
9606.ENSP00000483283,H3C11,H3-2,0.939
9606.ENSP00000483283,H3C11,MCM2,0.939
9606.ENSP00000483283,H3C11,ASF1A,0.939
9606.ENSP00000483283,H3C11,H3C8,0.939
9606.ENSP00000483283,H3C11,EHMT1,0.937
9606.ENSP00000483283,H3C11,IPO4,0.937
9606.ENSP00000483283,H3C11,UBB,0.935
9606.ENSP00000483283,H3C11,MACROH2A1,0.935
9606.ENSP00000483283,H3C11,UBC,0.935
9606.ENSP00000483283,H3C11,CBX1,0.934
9606.ENSP00000483283,H3C11,PHF1,0.934
9606.ENSP00000483283,H3C11,EHMT2,0.933
9606.ENSP00000483283,H3C11,CBX3,0.933
9606.ENSP00000483283,H3C11,H2BC10,0.932
9606.ENSP00000483283,H3C11,DOT1L,0.932
9606.ENSP00000483283,H3C11,DIDO1,0.932
9606.ENSP00000483283,H3C11,MPHOSPH8,0.932
9606.ENSP00000483283,H3C11,PBRM1,0.932
9606.ENSP00000483283,H3C11,SMARCA4,0.931
9606.ENSP00000483283,H3C11,H2AX,0.931
9606.ENSP00000483283,H3C11,H2AC6,0.931
9606.ENSP00000483283,H3C11,H2BC3,0.925
9606.ENSP00000483283,H3C11,H2AB3,0.924
9606.ENSP00000483283,H3C11,H2AC1,0.924
9606.ENSP00000483283,H3C11,H2AB2,0.924
9606.ENSP00000483283,H3C11,CDYL2,0.923
9606.ENSP00000483283,H3C11,WDR5,0.922
9606.ENSP00000483283,H3C11,ING2,0.922
9606.ENSP00000483283,H3C11,KAT6B,0.922
9606.ENSP00000483283,H3C11,KAT6A,0.922
9606.ENSP00000483283,H3C11,CARM1,0.922
9606.ENSP00000483283,H3C11,SGF29,0.92
9606.ENSP00000483283,H3C11,PHF8,0.919
9606.ENSP00000483283,H3C11,CHD1,0.919
9606.ENSP00000483283,H3C11,ATRX,0.918
9606.ENSP00000483283,H3C11,H2BC7,0.918
9606.ENSP00000483283,H3C11,CBX7,0.917
9606.ENSP00000483283,H3C11,PYGO2,0.916
9606.ENSP00000483283,H3C11,KMT5A,0.916
9606.ENSP00000483283,H3C11,CHD4,0.915
9606.ENSP00000483283,H3C11,H1-4,0.915
9606.ENSP00000483283,H3C11,DNMT1,0.915
9606.ENSP00000483283,H3C11,NSD3,0.915
9606.ENSP00000483283,H3C11,MLLT3,0.915
9606.ENSP00000483283,H3C11,KMT2A,0.915
9606.ENSP00000483283,H3C11,SETDB1,0.915
9606.ENSP00000483283,H3C11,AIRE,0.915
9606.ENSP00000483283,H3C11,INO80,0.914
9606.ENSP00000483283,H3C11,SIRT3,0.914
9606.ENSP00000483283,H3C11,ING4,0.914
9606.ENSP00000483283,H3C11,ING1,0.914
9606.ENSP00000483283,H3C11,SIRT5,0.914
9606.ENSP00000483283,H3C11,MLLT1,0.914
9606.ENSP00000483283,H3C11,CBX2,0.913
9606.ENSP00000483283,H3C11,ZCWPW2,0.912
9606.ENSP00000483283,H3C11,H3C4,0.912
9606.ENSP00000483283,H3C11,KDM4A,0.911
9606.ENSP00000483283,H3C11,BARD1,0.911
9606.ENSP00000483283,H3C11,BRPF1,0.911
9606.ENSP00000483283,H3C11,PYGO1,0.91
9606.ENSP00000483283,H3C11,H2BC8,0.91
9606.ENSP00000483283,H3C11,DNMT3A,0.91
9606.ENSP00000483283,H3C11,CBX6,0.909
9606.ENSP00000483283,H3C11,TRIM33,0.908
9606.ENSP00000483283,H3C11,KMT2E,0.908
9606.ENSP00000483283,H3C11,TRIM66,0.907
9606.ENSP00000483283,H3C11,SP100,0.907
9606.ENSP00000483283,H3C11,UHRF1,0.907
9606.ENSP00000483283,H3C11,ACTB,0.907
9606.ENSP00000483283,H3C11,DDB2,0.907
9606.ENSP00000483283,H3C11,BPTF,0.907
9606.ENSP00000483283,H3C11,CREBBP,0.907
9606.ENSP00000483283,H3C11,TP53BP1,0.907
9606.ENSP00000483283,H3C11,H3C10,0.907
9606.ENSP00000483283,H3C11,MORC3,0.906
9606.ENSP00000483283,H3C11,HDGFL2,0.905
9606.ENSP00000483283,H3C11,PPIE,0.903
9606.ENSP00000483283,H3C11,ZZZ3,0.903
9606.ENSP00000483283,H3C11,TNPO1,0.903
9606.ENSP00000483283,H3C11,DNMT3B,0.903
9606.ENSP00000483283,H3C11,H2BC6,0.902
9606.ENSP00000483283,H3C11,H2BC4,0.902
9606.ENSP00000483283,H3C11,H3C6,0.9
9606.ENSP00000483283,H3C11,SPIN1,0.9
9606.ENSP00000483430,IFI27,IFI44L,0.977
9606.ENSP00000483430,IFI27,ISG15,0.97
9606.ENSP00000483430,IFI27,MX1,0.959
9606.ENSP00000483430,IFI27,RSAD2,0.958
9606.ENSP00000483430,IFI27,IFI44,0.945
9606.ENSP00000483430,IFI27,OAS1,0.937
9606.ENSP00000483430,IFI27,IFIT1,0.934
9606.ENSP00000483430,IFI27,IFITM1,0.908
9606.ENSP00000483430,IFI27,IFIT3,0.904
9606.ENSP00000483430,IFI27,IRF9,0.903
9606.ENSP00000483552,FURIN,PACS1,0.964
9606.ENSP00000483552,FURIN,ADAM17,0.939
9606.ENSP00000483552,FURIN,MMP14,0.91
9606.ENSP00000483552,FURIN,ACE2,0.904
9606.ENSP00000484095,H3C7,H4C14,0.993
9606.ENSP00000484095,H3C7,H4C5,0.993
9606.ENSP00000484095,H3C7,H4C2,0.99
9606.ENSP00000484095,H3C7,H4C8,0.99
9606.ENSP00000484095,H3C7,H4C4,0.989
9606.ENSP00000484095,H3C7,H4C13,0.988
9606.ENSP00000484095,H3C7,H2AC8,0.988
9606.ENSP00000484095,H3C7,H4C1,0.987
9606.ENSP00000484095,H3C7,H4C9,0.986
9606.ENSP00000484095,H3C7,H4C11,0.986
9606.ENSP00000484095,H3C7,H4-16,0.984
9606.ENSP00000484095,H3C7,H2AC4,0.984
9606.ENSP00000484095,H3C7,H4C12,0.983
9606.ENSP00000484095,H3C7,H4C15,0.983
9606.ENSP00000484095,H3C7,H4C3,0.983
9606.ENSP00000484095,H3C7,H4C6,0.982
9606.ENSP00000484095,H3C7,H3C11,0.971
9606.ENSP00000484095,H3C7,NASP,0.97
9606.ENSP00000484095,H3C7,H3C2,0.968
9606.ENSP00000484095,H3C7,H3C13,0.965
9606.ENSP00000484095,H3C7,ASF1A,0.964
9606.ENSP00000484095,H3C7,H2BC8,0.964
9606.ENSP00000484095,H3C7,H3C15,0.963
9606.ENSP00000484095,H3C7,H3C14,0.962
9606.ENSP00000484095,H3C7,H3C10,0.961
9606.ENSP00000484095,H3C7,KAT2B,0.96
9606.ENSP00000484095,H3C7,H2BC11,0.96
9606.ENSP00000484095,H3C7,H2BC12,0.956
9606.ENSP00000484095,H3C7,H2AC7,0.954
9606.ENSP00000484095,H3C7,TRIM24,0.951
9606.ENSP00000484095,H3C7,SUPT16H,0.951
9606.ENSP00000484095,H3C7,MCM2,0.95
9606.ENSP00000484095,H3C7,H3C12,0.949
9606.ENSP00000484095,H3C7,SETD2,0.947
9606.ENSP00000484095,H3C7,H2AC20,0.946
9606.ENSP00000484095,H3C7,SSRP1,0.945
9606.ENSP00000484095,H3C7,H2BC10,0.945
9606.ENSP00000484095,H3C7,H2AZ2,0.944
9606.ENSP00000484095,H3C7,H2AC6,0.943
9606.ENSP00000484095,H3C7,H3C1,0.942
9606.ENSP00000484095,H3C7,H3C8,0.941
9606.ENSP00000484095,H3C7,H3C4,0.941
9606.ENSP00000484095,H3C7,CBX5,0.941
9606.ENSP00000484095,H3C7,RPS27A,0.94
9606.ENSP00000484095,H3C7,UBA52,0.94
9606.ENSP00000484095,H3C7,MPHOSPH8,0.937
9606.ENSP00000484095,H3C7,H2BC7,0.937
9606.ENSP00000484095,H3C7,H3-2,0.937
9606.ENSP00000484095,H3C7,IPO4,0.936
9606.ENSP00000484095,H3C7,UBC,0.935
9606.ENSP00000484095,H3C7,UBB,0.935
9606.ENSP00000484095,H3C7,PHF1,0.934
9606.ENSP00000484095,H3C7,CBX1,0.934
9606.ENSP00000484095,H3C7,H2AX,0.934
9606.ENSP00000484095,H3C7,DOT1L,0.934
9606.ENSP00000484095,H3C7,CBX3,0.933
9606.ENSP00000484095,H3C7,DIDO1,0.932
9606.ENSP00000484095,H3C7,H2BC3,0.932
9606.ENSP00000484095,H3C7,PBRM1,0.932
9606.ENSP00000484095,H3C7,MACROH2A1,0.932
9606.ENSP00000484095,H3C7,H2BC6,0.932
9606.ENSP00000484095,H3C7,SMARCA4,0.931
9606.ENSP00000484095,H3C7,H2BC4,0.931
9606.ENSP00000484095,H3C7,H3C3,0.928
9606.ENSP00000484095,H3C7,EHMT1,0.926
9606.ENSP00000484095,H3C7,H2AC1,0.924
9606.ENSP00000484095,H3C7,H2AB2,0.924
9606.ENSP00000484095,H3C7,H2AB3,0.924
9606.ENSP00000484095,H3C7,CDYL2,0.923
9606.ENSP00000484095,H3C7,ING2,0.923
9606.ENSP00000484095,H3C7,EHMT2,0.923
9606.ENSP00000484095,H3C7,KAT6A,0.922
9606.ENSP00000484095,H3C7,CARM1,0.922
9606.ENSP00000484095,H3C7,KAT6B,0.922
9606.ENSP00000484095,H3C7,WDR5,0.922
9606.ENSP00000484095,H3C7,SGF29,0.92
9606.ENSP00000484095,H3C7,PHF8,0.919
9606.ENSP00000484095,H3C7,CHD1,0.919
9606.ENSP00000484095,H3C7,ATRX,0.918
9606.ENSP00000484095,H3C7,KMT5A,0.916
9606.ENSP00000484095,H3C7,PYGO2,0.916
9606.ENSP00000484095,H3C7,AIRE,0.916
9606.ENSP00000484095,H3C7,CBX7,0.916
9606.ENSP00000484095,H3C7,MLLT3,0.915
9606.ENSP00000484095,H3C7,SETDB1,0.915
9606.ENSP00000484095,H3C7,KMT2A,0.915
9606.ENSP00000484095,H3C7,CHD4,0.915
9606.ENSP00000484095,H3C7,DNMT1,0.915
9606.ENSP00000484095,H3C7,NSD3,0.915
9606.ENSP00000484095,H3C7,SIRT3,0.914
9606.ENSP00000484095,H3C7,INO80,0.914
9606.ENSP00000484095,H3C7,ING1,0.914
9606.ENSP00000484095,H3C7,SIRT5,0.914
9606.ENSP00000484095,H3C7,CBX2,0.914
9606.ENSP00000484095,H3C7,ING4,0.914
9606.ENSP00000484095,H3C7,MLLT1,0.913
9606.ENSP00000484095,H3C7,H2BC21,0.912
9606.ENSP00000484095,H3C7,ZCWPW2,0.912
9606.ENSP00000484095,H3C7,BRPF1,0.911
9606.ENSP00000484095,H3C7,KDM4A,0.911
9606.ENSP00000484095,H3C7,BARD1,0.911
9606.ENSP00000484095,H3C7,DNMT3A,0.909
9606.ENSP00000484095,H3C7,PYGO1,0.909
9606.ENSP00000484095,H3C7,CBX6,0.909
9606.ENSP00000484095,H3C7,KMT2E,0.908
9606.ENSP00000484095,H3C7,TRIM33,0.908
9606.ENSP00000484095,H3C7,BPTF,0.907
9606.ENSP00000484095,H3C7,TP53BP1,0.907
9606.ENSP00000484095,H3C7,CREBBP,0.907
9606.ENSP00000484095,H3C7,SP100,0.907
9606.ENSP00000484095,H3C7,UHRF1,0.907
9606.ENSP00000484095,H3C7,TRIM66,0.907
9606.ENSP00000484095,H3C7,DDB2,0.907
9606.ENSP00000484095,H3C7,MORC3,0.906
9606.ENSP00000484095,H3C7,HDGFL2,0.905
9606.ENSP00000484095,H3C7,ACTB,0.905
9606.ENSP00000484095,H3C7,DNMT3B,0.903
9606.ENSP00000484095,H3C7,ZZZ3,0.903
9606.ENSP00000484095,H3C7,PPIE,0.903
9606.ENSP00000484095,H3C7,H3C6,0.903
9606.ENSP00000484095,H3C7,TNPO1,0.903
9606.ENSP00000484095,H3C7,SPIN1,0.9
9606.ENSP00000484638,H3C8,H4C14,0.992
9606.ENSP00000484638,H3C8,H4C8,0.988
9606.ENSP00000484638,H3C8,H4C5,0.988
9606.ENSP00000484638,H3C8,H4C9,0.987
9606.ENSP00000484638,H3C8,H4C2,0.987
9606.ENSP00000484638,H3C8,H4C11,0.987
9606.ENSP00000484638,H3C8,H4C4,0.987
9606.ENSP00000484638,H3C8,H4C13,0.986
9606.ENSP00000484638,H3C8,H4C1,0.985
9606.ENSP00000484638,H3C8,H4-16,0.984
9606.ENSP00000484638,H3C8,H4C12,0.984
9606.ENSP00000484638,H3C8,H4C15,0.984
9606.ENSP00000484638,H3C8,H4C3,0.983
9606.ENSP00000484638,H3C8,H2AC4,0.982
9606.ENSP00000484638,H3C8,H4C6,0.98
9606.ENSP00000484638,H3C8,H2AC8,0.98
9606.ENSP00000484638,H3C8,NASP,0.978
9606.ENSP00000484638,H3C8,ASF1A,0.967
9606.ENSP00000484638,H3C8,H3C2,0.961
9606.ENSP00000484638,H3C8,KAT2B,0.96
9606.ENSP00000484638,H3C8,H3C14,0.96
9606.ENSP00000484638,H3C8,H3C15,0.96
9606.ENSP00000484638,H3C8,H3C13,0.959
9606.ENSP00000484638,H3C8,H2BC11,0.955
9606.ENSP00000484638,H3C8,MCM2,0.954
9606.ENSP00000484638,H3C8,H2AC7,0.953
9606.ENSP00000484638,H3C8,H2BC12,0.953
9606.ENSP00000484638,H3C8,SUPT16H,0.952
9606.ENSP00000484638,H3C8,TRIM24,0.951
9606.ENSP00000484638,H3C8,H2BC10,0.949
9606.ENSP00000484638,H3C8,H3C12,0.949
9606.ENSP00000484638,H3C8,SETD2,0.947
9606.ENSP00000484638,H3C8,H2AZ2,0.944
9606.ENSP00000484638,H3C8,H2BC7,0.943
9606.ENSP00000484638,H3C8,H2AC20,0.941
9606.ENSP00000484638,H3C8,H3C7,0.941
9606.ENSP00000484638,H3C8,IPO4,0.941
9606.ENSP00000484638,H3C8,RPS27A,0.94
9606.ENSP00000484638,H3C8,H3C4,0.94
9606.ENSP00000484638,H3C8,UBA52,0.939
9606.ENSP00000484638,H3C8,H3C11,0.939
9606.ENSP00000484638,H3C8,H3C3,0.937
9606.ENSP00000484638,H3C8,H3C1,0.937
9606.ENSP00000484638,H3C8,DIDO1,0.936
9606.ENSP00000484638,H3C8,UBB,0.935
9606.ENSP00000484638,H3C8,UBC,0.935
9606.ENSP00000484638,H3C8,CBX5,0.934
9606.ENSP00000484638,H3C8,CBX1,0.934
9606.ENSP00000484638,H3C8,H2AC6,0.934
9606.ENSP00000484638,H3C8,PHF1,0.934
9606.ENSP00000484638,H3C8,SSRP1,0.934
9606.ENSP00000484638,H3C8,H2BC3,0.934
9606.ENSP00000484638,H3C8,SMARCA4,0.933
9606.ENSP00000484638,H3C8,CBX3,0.933
9606.ENSP00000484638,H3C8,H2AX,0.932
9606.ENSP00000484638,H3C8,H3-2,0.932
9606.ENSP00000484638,H3C8,DOT1L,0.932
9606.ENSP00000484638,H3C8,PBRM1,0.932
9606.ENSP00000484638,H3C8,MPHOSPH8,0.932
9606.ENSP00000484638,H3C8,H2BC6,0.928
9606.ENSP00000484638,H3C8,H2BC8,0.928
9606.ENSP00000484638,H3C8,MACROH2A1,0.928
9606.ENSP00000484638,H3C8,EHMT1,0.926
9606.ENSP00000484638,H3C8,H2AB3,0.924
9606.ENSP00000484638,H3C8,H2AC1,0.924
9606.ENSP00000484638,H3C8,H2AB2,0.924
9606.ENSP00000484638,H3C8,H3C10,0.924
9606.ENSP00000484638,H3C8,EHMT2,0.923
9606.ENSP00000484638,H3C8,CDYL2,0.923
9606.ENSP00000484638,H3C8,WDR5,0.922
9606.ENSP00000484638,H3C8,KAT6B,0.922
9606.ENSP00000484638,H3C8,KAT6A,0.922
9606.ENSP00000484638,H3C8,CARM1,0.922
9606.ENSP00000484638,H3C8,ING2,0.921
9606.ENSP00000484638,H3C8,SGF29,0.92
9606.ENSP00000484638,H3C8,PHF8,0.919
9606.ENSP00000484638,H3C8,CHD1,0.919
9606.ENSP00000484638,H3C8,ATRX,0.918
9606.ENSP00000484638,H3C8,H2BC4,0.917
9606.ENSP00000484638,H3C8,KMT5A,0.917
9606.ENSP00000484638,H3C8,GLYR1,0.916
9606.ENSP00000484638,H3C8,CBX7,0.916
9606.ENSP00000484638,H3C8,PYGO2,0.916
9606.ENSP00000484638,H3C8,CHD4,0.915
9606.ENSP00000484638,H3C8,NSD3,0.915
9606.ENSP00000484638,H3C8,DNMT1,0.915
9606.ENSP00000484638,H3C8,ING1,0.915
9606.ENSP00000484638,H3C8,MLLT3,0.915
9606.ENSP00000484638,H3C8,KMT2A,0.915
9606.ENSP00000484638,H3C8,MLLT1,0.915
9606.ENSP00000484638,H3C8,AIRE,0.915
9606.ENSP00000484638,H3C8,SETDB1,0.915
9606.ENSP00000484638,H3C8,INO80,0.914
9606.ENSP00000484638,H3C8,SIRT3,0.914
9606.ENSP00000484638,H3C8,CBX2,0.914
9606.ENSP00000484638,H3C8,ING4,0.914
9606.ENSP00000484638,H3C8,SIRT5,0.914
9606.ENSP00000484638,H3C8,BARD1,0.912
9606.ENSP00000484638,H3C8,ZCWPW2,0.912
9606.ENSP00000484638,H3C8,KDM4A,0.911
9606.ENSP00000484638,H3C8,BRPF1,0.911
9606.ENSP00000484638,H3C8,DNMT3A,0.91
9606.ENSP00000484638,H3C8,UHRF1,0.909
9606.ENSP00000484638,H3C8,PYGO1,0.909
9606.ENSP00000484638,H3C8,CBX6,0.909
9606.ENSP00000484638,H3C8,TRIM33,0.908
9606.ENSP00000484638,H3C8,KMT2E,0.908
9606.ENSP00000484638,H3C8,TRIM66,0.907
9606.ENSP00000484638,H3C8,SP100,0.907
9606.ENSP00000484638,H3C8,DDB2,0.907
9606.ENSP00000484638,H3C8,BPTF,0.907
9606.ENSP00000484638,H3C8,TP53BP1,0.907
9606.ENSP00000484638,H3C8,CREBBP,0.907
9606.ENSP00000484638,H3C8,ACTB,0.906
9606.ENSP00000484638,H3C8,MORC3,0.906
9606.ENSP00000484638,H3C8,HDGFL2,0.905
9606.ENSP00000484638,H3C8,ZZZ3,0.903
9606.ENSP00000484638,H3C8,PPIE,0.903
9606.ENSP00000484638,H3C8,TNPO1,0.903
9606.ENSP00000484638,H3C8,H3C6,0.903
9606.ENSP00000484638,H3C8,DNMT3B,0.903
9606.ENSP00000484638,H3C8,SPIN1,0.9
9606.ENSP00000484658,H3C3,H2AC8,0.991
9606.ENSP00000484658,H3C3,H4C6,0.99
9606.ENSP00000484658,H3C3,NASP,0.99
9606.ENSP00000484658,H3C3,ASF1A,0.989
9606.ENSP00000484658,H3C3,H2AC20,0.988
9606.ENSP00000484658,H3C3,H2AC4,0.987
9606.ENSP00000484658,H3C3,H4C2,0.987
9606.ENSP00000484658,H3C3,H4C1,0.986
9606.ENSP00000484658,H3C3,H4C13,0.985
9606.ENSP00000484658,H3C3,H4C5,0.983
9606.ENSP00000484658,H3C3,IPO4,0.983
9606.ENSP00000484658,H3C3,H4C11,0.982
9606.ENSP00000484658,H3C3,H4C9,0.982
9606.ENSP00000484658,H3C3,H4C14,0.982
9606.ENSP00000484658,H3C3,H4C4,0.982
9606.ENSP00000484658,H3C3,H4C8,0.981
9606.ENSP00000484658,H3C3,H4C12,0.981
9606.ENSP00000484658,H3C3,H4-16,0.98
9606.ENSP00000484658,H3C3,H4C3,0.98
9606.ENSP00000484658,H3C3,H4C15,0.979
9606.ENSP00000484658,H3C3,H2BC21,0.974
9606.ENSP00000484658,H3C3,H2BC12,0.973
9606.ENSP00000484658,H3C3,H3C14,0.968
9606.ENSP00000484658,H3C3,WDR5,0.966
9606.ENSP00000484658,H3C3,ATRX,0.966
9606.ENSP00000484658,H3C3,SUPT16H,0.965
9606.ENSP00000484658,H3C3,KAT2B,0.965
9606.ENSP00000484658,H3C3,SETD2,0.964
9606.ENSP00000484658,H3C3,H2AB2,0.964
9606.ENSP00000484658,H3C3,DOT1L,0.961
9606.ENSP00000484658,H3C3,H3C13,0.96
9606.ENSP00000484658,H3C3,H2AX,0.96
9606.ENSP00000484658,H3C3,H2AC7,0.96
9606.ENSP00000484658,H3C3,H3C15,0.96
9606.ENSP00000484658,H3C3,H2AZ2,0.959
9606.ENSP00000484658,H3C3,CBX3,0.959
9606.ENSP00000484658,H3C3,CBX1,0.958
9606.ENSP00000484658,H3C3,H2BC11,0.953
9606.ENSP00000484658,H3C3,EHMT2,0.953
9606.ENSP00000484658,H3C3,CBX5,0.953
9606.ENSP00000484658,H3C3,H3C2,0.953
9606.ENSP00000484658,H3C3,TRIM24,0.952
9606.ENSP00000484658,H3C3,ING2,0.95
9606.ENSP00000484658,H3C3,SMARCA4,0.95
9606.ENSP00000484658,H3C3,SSRP1,0.95
9606.ENSP00000484658,H3C3,MCM2,0.949
9606.ENSP00000484658,H3C3,KDM4A,0.949
9606.ENSP00000484658,H3C3,BPTF,0.949
9606.ENSP00000484658,H3C3,MACROH2A1,0.948
9606.ENSP00000484658,H3C3,H2AC1,0.945
9606.ENSP00000484658,H3C3,H3C11,0.945
9606.ENSP00000484658,H3C3,H3C12,0.944
9606.ENSP00000484658,H3C3,H3-2,0.94
9606.ENSP00000484658,H3C3,H2BC3,0.94
9606.ENSP00000484658,H3C3,H3C1,0.94
9606.ENSP00000484658,H3C3,CHD1,0.94
9606.ENSP00000484658,H3C3,RPS27A,0.94
9606.ENSP00000484658,H3C3,UBA52,0.939
9606.ENSP00000484658,H3C3,PHF1,0.939
9606.ENSP00000484658,H3C3,PBRM1,0.938
9606.ENSP00000484658,H3C3,SETDB1,0.938
9606.ENSP00000484658,H3C3,MPHOSPH8,0.937
9606.ENSP00000484658,H3C3,H3C8,0.937
9606.ENSP00000484658,H3C3,H2AB3,0.936
9606.ENSP00000484658,H3C3,UBB,0.935
9606.ENSP00000484658,H3C3,UBC,0.935
9606.ENSP00000484658,H3C3,H2AC6,0.934
9606.ENSP00000484658,H3C3,DIDO1,0.932
9606.ENSP00000484658,H3C3,H2BC10,0.931
9606.ENSP00000484658,H3C3,CARM1,0.93
9606.ENSP00000484658,H3C3,KAT6A,0.93
9606.ENSP00000484658,H3C3,DNMT1,0.929
9606.ENSP00000484658,H3C3,H3C7,0.928
9606.ENSP00000484658,H3C3,EHMT1,0.927
9606.ENSP00000484658,H3C3,PHF8,0.925
9606.ENSP00000484658,H3C3,SGF29,0.923
9606.ENSP00000484658,H3C3,CDYL2,0.923
9606.ENSP00000484658,H3C3,H2BC7,0.922
9606.ENSP00000484658,H3C3,KAT6B,0.922
9606.ENSP00000484658,H3C3,DNMT3A,0.922
9606.ENSP00000484658,H3C3,DDB2,0.921
9606.ENSP00000484658,H3C3,NSD3,0.921
9606.ENSP00000484658,H3C3,CHD4,0.921
9606.ENSP00000484658,H3C3,INO80,0.921
9606.ENSP00000484658,H3C3,H2BC4,0.92
9606.ENSP00000484658,H3C3,KMT5A,0.92
9606.ENSP00000484658,H3C3,H1-0,0.918
9606.ENSP00000484658,H3C3,CBX7,0.917
9606.ENSP00000484658,H3C3,KMT2A,0.917
9606.ENSP00000484658,H3C3,MLLT3,0.917
9606.ENSP00000484658,H3C3,CENPA,0.917
9606.ENSP00000484658,H3C3,UHRF1,0.916
9606.ENSP00000484658,H3C3,H3C4,0.916
9606.ENSP00000484658,H3C3,PYGO2,0.916
9606.ENSP00000484658,H3C3,AIRE,0.915
9606.ENSP00000484658,H3C3,DNMT3B,0.915
9606.ENSP00000484658,H3C3,ING1,0.914
9606.ENSP00000484658,H3C3,SIRT5,0.914
9606.ENSP00000484658,H3C3,BARD1,0.914
9606.ENSP00000484658,H3C3,H1-4,0.914
9606.ENSP00000484658,H3C3,H2BC8,0.914
9606.ENSP00000484658,H3C3,ING4,0.914
9606.ENSP00000484658,H3C3,SIRT3,0.914
9606.ENSP00000484658,H3C3,H2BC6,0.914
9606.ENSP00000484658,H3C3,MLLT1,0.914
9606.ENSP00000484658,H3C3,CREBBP,0.914
9606.ENSP00000484658,H3C3,TP53BP1,0.914
9606.ENSP00000484658,H3C3,ACTB,0.913
9606.ENSP00000484658,H3C3,ZCWPW2,0.912
9606.ENSP00000484658,H3C3,H2BC1,0.912
9606.ENSP00000484658,H3C3,BRPF1,0.911
9606.ENSP00000484658,H3C3,CBX2,0.91
9606.ENSP00000484658,H3C3,SP100,0.91
9606.ENSP00000484658,H3C3,KMT2E,0.91
9606.ENSP00000484658,H3C3,H2AZ1,0.91
9606.ENSP00000484658,H3C3,CBX6,0.909
9606.ENSP00000484658,H3C3,PYGO1,0.909
9606.ENSP00000484658,H3C3,H3C10,0.909
9606.ENSP00000484658,H3C3,TRIM33,0.908
9606.ENSP00000484658,H3C3,TNPO1,0.908
9606.ENSP00000484658,H3C3,TRIM66,0.907
9606.ENSP00000484658,H3C3,MORC3,0.906
9606.ENSP00000484658,H3C3,ZZZ3,0.906
9606.ENSP00000484658,H3C3,HDGFL2,0.905
9606.ENSP00000484658,H3C3,PPIE,0.903
9606.ENSP00000484658,H3C3,H3C6,0.9
9606.ENSP00000484658,H3C3,SPIN1,0.9
9606.ENSP00000484789,H4C5,H2AC8,0.996
9606.ENSP00000484789,H4C5,H2AC4,0.993
9606.ENSP00000484789,H4C5,H3C7,0.993
9606.ENSP00000484789,H4C5,H3C4,0.991
9606.ENSP00000484789,H4C5,H2BC7,0.99
9606.ENSP00000484789,H4C5,H3C2,0.99
9606.ENSP00000484789,H4C5,H2AC17,0.989
9606.ENSP00000484789,H4C5,H3C1,0.989
9606.ENSP00000484789,H4C5,H4C2,0.988
9606.ENSP00000484789,H4C5,H4C8,0.988
9606.ENSP00000484789,H4C5,H3C8,0.988
9606.ENSP00000484789,H4C5,H3C10,0.988
9606.ENSP00000484789,H4C5,H3C11,0.987
9606.ENSP00000484789,H4C5,H3C3,0.983
9606.ENSP00000484789,H4C5,H2BC8,0.983
9606.ENSP00000484789,H4C5,H4C6,0.981
9606.ENSP00000484789,H4C5,H2BC11,0.981
9606.ENSP00000484789,H4C5,H2AC13,0.98
9606.ENSP00000484789,H4C5,H3C6,0.98
9606.ENSP00000484789,H4C5,H2BC6,0.979
9606.ENSP00000484789,H4C5,H2BC10,0.979
9606.ENSP00000484789,H4C5,H3C12,0.978
9606.ENSP00000484789,H4C5,H2AC6,0.977
9606.ENSP00000484789,H4C5,H2AC18,0.977
9606.ENSP00000484789,H4C5,H2BC21,0.976
9606.ENSP00000484789,H4C5,H4C4,0.976
9606.ENSP00000484789,H4C5,H2AC20,0.974
9606.ENSP00000484789,H4C5,H2AC15,0.974
9606.ENSP00000484789,H4C5,H2BC4,0.973
9606.ENSP00000484789,H4C5,H2BC12,0.973
9606.ENSP00000484789,H4C5,H2AC14,0.973
9606.ENSP00000484789,H4C5,H4C14,0.97
9606.ENSP00000484789,H4C5,H2BC17,0.967
9606.ENSP00000484789,H4C5,CENPA,0.967
9606.ENSP00000484789,H4C5,H2BC14,0.967
9606.ENSP00000484789,H4C5,H2AC7,0.966
9606.ENSP00000484789,H4C5,H4C11,0.966
9606.ENSP00000484789,H4C5,H3C15,0.966
9606.ENSP00000484789,H4C5,H3C14,0.966
9606.ENSP00000484789,H4C5,H2AC16,0.966
9606.ENSP00000484789,H4C5,H2AC11,0.965
9606.ENSP00000484789,H4C5,H4C9,0.963
9606.ENSP00000484789,H4C5,H1-4,0.963
9606.ENSP00000484789,H4C5,H4C13,0.963
9606.ENSP00000484789,H4C5,H2BC3,0.963
9606.ENSP00000484789,H4C5,H2AC21,0.958
9606.ENSP00000484789,H4C5,H4C1,0.957
9606.ENSP00000484789,H4C5,H4C3,0.957
9606.ENSP00000484789,H4C5,H2AC19,0.956
9606.ENSP00000484789,H4C5,H4-16,0.954
9606.ENSP00000484789,H4C5,H4C15,0.953
9606.ENSP00000484789,H4C5,H4C12,0.952
9606.ENSP00000484789,H4C5,H2AX,0.951
9606.ENSP00000484789,H4C5,H2AC1,0.95
9606.ENSP00000484789,H4C5,H3C13,0.949
9606.ENSP00000484789,H4C5,H2AZ2,0.949
9606.ENSP00000484789,H4C5,SUPT16H,0.948
9606.ENSP00000484789,H4C5,ASF1A,0.947
9606.ENSP00000484789,H4C5,H2BC5,0.946
9606.ENSP00000484789,H4C5,ASF1B,0.946
9606.ENSP00000484789,H4C5,CHD4,0.945
9606.ENSP00000484789,H4C5,MACROH2A1,0.943
9606.ENSP00000484789,H4C5,NASP,0.943
9606.ENSP00000484789,H4C5,H3-3A,0.942
9606.ENSP00000484789,H4C5,IPO4,0.942
9606.ENSP00000484789,H4C5,H2AC12,0.941
9606.ENSP00000484789,H4C5,H2BU1,0.941
9606.ENSP00000484789,H4C5,RBBP5,0.94
9606.ENSP00000484789,H4C5,H2BC1,0.94
9606.ENSP00000484789,H4C5,H2BC9,0.939
9606.ENSP00000484789,H4C5,H3-3B,0.938
9606.ENSP00000484789,H4C5,SSRP1,0.938
9606.ENSP00000484789,H4C5,H3-4,0.937
9606.ENSP00000484789,H4C5,DOT1L,0.937
9606.ENSP00000484789,H4C5,H3-5,0.936
9606.ENSP00000484789,H4C5,H1-10,0.935
9606.ENSP00000484789,H4C5,H3Y1,0.935
9606.ENSP00000484789,H4C5,SMARCA5,0.932
9606.ENSP00000484789,H4C5,H2AJ,0.931
9606.ENSP00000484789,H4C5,H2AB3,0.931
9606.ENSP00000484789,H4C5,hCG_2039566,0.931
9606.ENSP00000484789,H4C5,H2AB2,0.931
9606.ENSP00000484789,H4C5,SMARCA4,0.929
9606.ENSP00000484789,H4C5,H2AZ1,0.928
9606.ENSP00000484789,H4C5,BRD2,0.923
9606.ENSP00000484789,H4C5,PRMT5,0.919
9606.ENSP00000484789,H4C5,TP53BP1,0.918
9606.ENSP00000484789,H4C5,MSL3,0.916
9606.ENSP00000484789,H4C5,CHD1L,0.915
9606.ENSP00000484789,H4C5,ATAD2,0.915
9606.ENSP00000484789,H4C5,KMT5A,0.915
9606.ENSP00000484789,H4C5,H2BC15,0.914
9606.ENSP00000484789,H4C5,KDM4A,0.912
9606.ENSP00000484789,H4C5,MLLT3,0.911
9606.ENSP00000484789,H4C5,MCM2,0.91
9606.ENSP00000484789,H4C5,BARD1,0.907
9606.ENSP00000484789,H4C5,DAXX,0.905
9606.ENSP00000484789,H4C5,L3MBTL1,0.905
9606.ENSP00000484789,H4C5,CENPN,0.905
9606.ENSP00000484789,H4C5,PHF10,0.905
9606.ENSP00000484789,H4C5,ENSP00000499734,0.905
9606.ENSP00000484789,H4C5,SPTY2D1,0.904
9606.ENSP00000484789,H4C5,EP300,0.903
9606.ENSP00000484789,H4C5,H2BC18,0.903
9606.ENSP00000484789,H4C5,TONSL,0.903
9606.ENSP00000484789,H4C5,CREBBP,0.903
9606.ENSP00000484789,H4C5,HJURP,0.902
9606.ENSP00000484789,H4C5,H1-0,0.902
9606.ENSP00000484789,H4C5,ACTB,0.9
9606.ENSP00000484789,H4C5,DNAJC9,0.9
9606.ENSP00000484789,H4C5,CENPC,0.9
9606.ENSP00000484789,H4C5,N6AMT1,0.9
9606.ENSP00000484841,H3C2,H4C2,0.99
9606.ENSP00000484841,H3C2,H4C5,0.99
9606.ENSP00000484841,H3C2,H4C13,0.99
9606.ENSP00000484841,H3C2,H4C4,0.99
9606.ENSP00000484841,H3C2,H4C14,0.989
9606.ENSP00000484841,H3C2,H4C6,0.988
9606.ENSP00000484841,H3C2,H4C11,0.988
9606.ENSP00000484841,H3C2,H4C9,0.987
9606.ENSP00000484841,H3C2,H4C1,0.987
9606.ENSP00000484841,H3C2,H4C3,0.986
9606.ENSP00000484841,H3C2,H4C8,0.985
9606.ENSP00000484841,H3C2,H4-16,0.984
9606.ENSP00000484841,H3C2,H2AC4,0.984
9606.ENSP00000484841,H3C2,H4C12,0.984
9606.ENSP00000484841,H3C2,H4C15,0.984
9606.ENSP00000484841,H3C2,H2AC8,0.98
9606.ENSP00000484841,H3C2,H3C12,0.976
9606.ENSP00000484841,H3C2,H3C7,0.968
9606.ENSP00000484841,H3C2,NASP,0.966
9606.ENSP00000484841,H3C2,H3C13,0.965
9606.ENSP00000484841,H3C2,H3C14,0.965
9606.ENSP00000484841,H3C2,H3C15,0.965
9606.ENSP00000484841,H3C2,ATRX,0.964
9606.ENSP00000484841,H3C2,H2AC20,0.964
9606.ENSP00000484841,H3C2,ASF1A,0.962
9606.ENSP00000484841,H3C2,H3C8,0.961
9606.ENSP00000484841,H3C2,KAT2B,0.96
9606.ENSP00000484841,H3C2,SETD2,0.96
9606.ENSP00000484841,H3C2,H2BC10,0.959
9606.ENSP00000484841,H3C2,CBX5,0.958
9606.ENSP00000484841,H3C2,H3C11,0.955
9606.ENSP00000484841,H3C2,H3C4,0.955
9606.ENSP00000484841,H3C2,H3C1,0.955
9606.ENSP00000484841,H3C2,H3C3,0.953
9606.ENSP00000484841,H3C2,SUPT16H,0.953
9606.ENSP00000484841,H3C2,H2BC11,0.953
9606.ENSP00000484841,H3C2,MACROH2A1,0.952
9606.ENSP00000484841,H3C2,CBX1,0.951
9606.ENSP00000484841,H3C2,TRIM24,0.951
9606.ENSP00000484841,H3C2,H2AC7,0.95
9606.ENSP00000484841,H3C2,H3C10,0.949
9606.ENSP00000484841,H3C2,H2AX,0.947
9606.ENSP00000484841,H3C2,H2BC12,0.947
9606.ENSP00000484841,H3C2,SSRP1,0.947
9606.ENSP00000484841,H3C2,MCM2,0.945
9606.ENSP00000484841,H3C2,SMARCA4,0.944
9606.ENSP00000484841,H3C2,H2BC3,0.944
9606.ENSP00000484841,H3C2,H2AZ2,0.943
9606.ENSP00000484841,H3C2,H2AC6,0.942
9606.ENSP00000484841,H3C2,RPS27A,0.94
9606.ENSP00000484841,H3C2,UBA52,0.939
9606.ENSP00000484841,H3C2,H3-2,0.937
9606.ENSP00000484841,H3C2,IPO4,0.937
9606.ENSP00000484841,H3C2,H3C6,0.936
9606.ENSP00000484841,H3C2,UBB,0.935
9606.ENSP00000484841,H3C2,CBX3,0.935
9606.ENSP00000484841,H3C2,UBC,0.935
9606.ENSP00000484841,H3C2,PHF1,0.934
9606.ENSP00000484841,H3C2,DOT1L,0.933
9606.ENSP00000484841,H3C2,EHMT1,0.933
9606.ENSP00000484841,H3C2,DIDO1,0.932
9606.ENSP00000484841,H3C2,PBRM1,0.932
9606.ENSP00000484841,H3C2,MPHOSPH8,0.932
9606.ENSP00000484841,H3C2,EHMT2,0.931
9606.ENSP00000484841,H3C2,H2BC7,0.931
9606.ENSP00000484841,H3C2,H2AC1,0.93
9606.ENSP00000484841,H3C2,H1-4,0.928
9606.ENSP00000484841,H3C2,H2BC8,0.927
9606.ENSP00000484841,H3C2,KMT2A,0.925
9606.ENSP00000484841,H3C2,H2BC4,0.924
9606.ENSP00000484841,H3C2,H2AB3,0.924
9606.ENSP00000484841,H3C2,H2AB2,0.924
9606.ENSP00000484841,H3C2,CDYL2,0.923
9606.ENSP00000484841,H3C2,WDR5,0.922
9606.ENSP00000484841,H3C2,KAT6B,0.922
9606.ENSP00000484841,H3C2,ING2,0.922
9606.ENSP00000484841,H3C2,KAT6A,0.922
9606.ENSP00000484841,H3C2,CARM1,0.922
9606.ENSP00000484841,H3C2,H2BC6,0.92
9606.ENSP00000484841,H3C2,SGF29,0.92
9606.ENSP00000484841,H3C2,DNMT1,0.92
9606.ENSP00000484841,H3C2,CHD4,0.919
9606.ENSP00000484841,H3C2,PHF8,0.919
9606.ENSP00000484841,H3C2,CHD1,0.919
9606.ENSP00000484841,H3C2,BARD1,0.916
9606.ENSP00000484841,H3C2,PYGO2,0.916
9606.ENSP00000484841,H3C2,KMT5A,0.916
9606.ENSP00000484841,H3C2,CREBBP,0.916
9606.ENSP00000484841,H3C2,NSD3,0.915
9606.ENSP00000484841,H3C2,AIRE,0.915
9606.ENSP00000484841,H3C2,SETDB1,0.915
9606.ENSP00000484841,H3C2,INO80,0.914
9606.ENSP00000484841,H3C2,SIRT3,0.914
9606.ENSP00000484841,H3C2,CBX7,0.914
9606.ENSP00000484841,H3C2,ING4,0.914
9606.ENSP00000484841,H3C2,SIRT5,0.914
9606.ENSP00000484841,H3C2,ING1,0.914
9606.ENSP00000484841,H3C2,DNMT3A,0.914
9606.ENSP00000484841,H3C2,MLLT3,0.913
9606.ENSP00000484841,H3C2,MLLT1,0.913
9606.ENSP00000484841,H3C2,ZCWPW2,0.912
9606.ENSP00000484841,H3C2,KDM4A,0.911
9606.ENSP00000484841,H3C2,CBX2,0.911
9606.ENSP00000484841,H3C2,BRPF1,0.911
9606.ENSP00000484841,H3C2,H2BU1,0.911
9606.ENSP00000484841,H3C2,UHRF1,0.91
9606.ENSP00000484841,H3C2,PYGO1,0.91
9606.ENSP00000484841,H3C2,CBX6,0.909
9606.ENSP00000484841,H3C2,ACTB,0.908
9606.ENSP00000484841,H3C2,TRIM33,0.908
9606.ENSP00000484841,H3C2,KMT2E,0.908
9606.ENSP00000484841,H3C2,TRIM66,0.907
9606.ENSP00000484841,H3C2,SP100,0.907
9606.ENSP00000484841,H3C2,DDB2,0.907
9606.ENSP00000484841,H3C2,BPTF,0.907
9606.ENSP00000484841,H3C2,TP53BP1,0.907
9606.ENSP00000484841,H3C2,MORC3,0.906
9606.ENSP00000484841,H3C2,DNMT3B,0.905
9606.ENSP00000484841,H3C2,HDGFL2,0.905
9606.ENSP00000484841,H3C2,ZZZ3,0.903
9606.ENSP00000484841,H3C2,PPIE,0.903
9606.ENSP00000484841,H3C2,TNPO1,0.903
9606.ENSP00000484841,H3C2,SPIN1,0.9
9606.ENSP00000487363,HAVCR1,LCN2,0.913
9606.ENSP00000489236,H4C8,H2AC8,0.996
9606.ENSP00000489236,H4C8,H3C10,0.995
9606.ENSP00000489236,H4C8,H3C4,0.993
9606.ENSP00000489236,H4C8,H2AC4,0.991
9606.ENSP00000489236,H4C8,H2AC6,0.991
9606.ENSP00000489236,H4C8,H3C7,0.99
9606.ENSP00000489236,H4C8,H4C5,0.988
9606.ENSP00000489236,H4C8,H3C8,0.988
9606.ENSP00000489236,H4C8,H2BC11,0.985
9606.ENSP00000489236,H4C8,H2AC18,0.985
9606.ENSP00000489236,H4C8,H3C1,0.985
9606.ENSP00000489236,H4C8,H2BC21,0.985
9606.ENSP00000489236,H4C8,H3C2,0.985
9606.ENSP00000489236,H4C8,H2BC12,0.984
9606.ENSP00000489236,H4C8,H2BC7,0.984
9606.ENSP00000489236,H4C8,H3C11,0.984
9606.ENSP00000489236,H4C8,H2BC8,0.982
9606.ENSP00000489236,H4C8,H3C3,0.981
9606.ENSP00000489236,H4C8,H4C14,0.981
9606.ENSP00000489236,H4C8,H3C6,0.98
9606.ENSP00000489236,H4C8,H2BC6,0.979
9606.ENSP00000489236,H4C8,H2BC4,0.979
9606.ENSP00000489236,H4C8,H2AC17,0.978
9606.ENSP00000489236,H4C8,H2BC10,0.976
9606.ENSP00000489236,H4C8,H4C6,0.975
9606.ENSP00000489236,H4C8,H3C12,0.975
9606.ENSP00000489236,H4C8,H4C2,0.973
9606.ENSP00000489236,H4C8,H2AC20,0.973
9606.ENSP00000489236,H4C8,H2AC13,0.972
9606.ENSP00000489236,H4C8,H2AC11,0.971
9606.ENSP00000489236,H4C8,H2AC15,0.969
9606.ENSP00000489236,H4C8,CENPA,0.967
9606.ENSP00000489236,H4C8,H3C15,0.966
9606.ENSP00000489236,H4C8,H2BC5,0.965
9606.ENSP00000489236,H4C8,H2BC17,0.964
9606.ENSP00000489236,H4C8,H3C14,0.964
9606.ENSP00000489236,H4C8,H2AC16,0.963
9606.ENSP00000489236,H4C8,H4C4,0.963
9606.ENSP00000489236,H4C8,H2AC7,0.958
9606.ENSP00000489236,H4C8,H2AC14,0.958
9606.ENSP00000489236,H4C8,H4C9,0.957
9606.ENSP00000489236,H4C8,H2AC19,0.957
9606.ENSP00000489236,H4C8,H4C11,0.955
9606.ENSP00000489236,H4C8,H2AC21,0.955
9606.ENSP00000489236,H4C8,H4C1,0.955
9606.ENSP00000489236,H4C8,H4-16,0.954
9606.ENSP00000489236,H4C8,H4C13,0.954
9606.ENSP00000489236,H4C8,H4C3,0.954
9606.ENSP00000489236,H4C8,H2BC3,0.954
9606.ENSP00000489236,H4C8,H2BC14,0.953
9606.ENSP00000489236,H4C8,H4C15,0.953
9606.ENSP00000489236,H4C8,H4C12,0.952
9606.ENSP00000489236,H4C8,H2AC1,0.951
9606.ENSP00000489236,H4C8,H2AX,0.95
9606.ENSP00000489236,H4C8,H2AZ2,0.95
9606.ENSP00000489236,H4C8,SUPT16H,0.948
9606.ENSP00000489236,H4C8,ASF1A,0.947
9606.ENSP00000489236,H4C8,ASF1B,0.946
9606.ENSP00000489236,H4C8,H3C13,0.946
9606.ENSP00000489236,H4C8,CHD4,0.944
9606.ENSP00000489236,H4C8,H2BU1,0.943
9606.ENSP00000489236,H4C8,NASP,0.943
9606.ENSP00000489236,H4C8,MACROH2A1,0.943
9606.ENSP00000489236,H4C8,IPO4,0.942
9606.ENSP00000489236,H4C8,RBBP5,0.94
9606.ENSP00000489236,H4C8,H3-3A,0.94
9606.ENSP00000489236,H4C8,H2BC1,0.94
9606.ENSP00000489236,H4C8,SSRP1,0.939
9606.ENSP00000489236,H4C8,H2AC12,0.938
9606.ENSP00000489236,H4C8,DOT1L,0.937
9606.ENSP00000489236,H4C8,H1-4,0.937
9606.ENSP00000489236,H4C8,H2BC9,0.937
9606.ENSP00000489236,H4C8,H3-3B,0.936
9606.ENSP00000489236,H4C8,H3Y1,0.935
9606.ENSP00000489236,H4C8,H1-10,0.935
9606.ENSP00000489236,H4C8,H3-4,0.934
9606.ENSP00000489236,H4C8,H3-5,0.934
9606.ENSP00000489236,H4C8,SMARCA5,0.932
9606.ENSP00000489236,H4C8,hCG_2039566,0.931
9606.ENSP00000489236,H4C8,H2AB3,0.931
9606.ENSP00000489236,H4C8,H2AJ,0.931
9606.ENSP00000489236,H4C8,H2AB2,0.931
9606.ENSP00000489236,H4C8,SMARCA4,0.929
9606.ENSP00000489236,H4C8,H2AZ1,0.928
9606.ENSP00000489236,H4C8,BRD2,0.923
9606.ENSP00000489236,H4C8,PRMT5,0.919
9606.ENSP00000489236,H4C8,MSL3,0.916
9606.ENSP00000489236,H4C8,TP53BP1,0.916
9606.ENSP00000489236,H4C8,CHD1L,0.915
9606.ENSP00000489236,H4C8,KMT5A,0.915
9606.ENSP00000489236,H4C8,ATAD2,0.915
9606.ENSP00000489236,H4C8,KDM4A,0.912
9606.ENSP00000489236,H4C8,H2BC15,0.911
9606.ENSP00000489236,H4C8,MLLT3,0.911
9606.ENSP00000489236,H4C8,MCM2,0.909
9606.ENSP00000489236,H4C8,BARD1,0.907
9606.ENSP00000489236,H4C8,CENPN,0.906
9606.ENSP00000489236,H4C8,DAXX,0.905
9606.ENSP00000489236,H4C8,SPTY2D1,0.905
9606.ENSP00000489236,H4C8,L3MBTL1,0.905
9606.ENSP00000489236,H4C8,ENSP00000499734,0.905
9606.ENSP00000489236,H4C8,PHF10,0.905
9606.ENSP00000489236,H4C8,TONSL,0.903
9606.ENSP00000489236,H4C8,EP300,0.903
9606.ENSP00000489236,H4C8,CREBBP,0.903
9606.ENSP00000489236,H4C8,HJURP,0.902
9606.ENSP00000489236,H4C8,H1-0,0.902
9606.ENSP00000489236,H4C8,DNAJC9,0.9
9606.ENSP00000489236,H4C8,N6AMT1,0.9
9606.ENSP00000489236,H4C8,CENPC,0.9
9606.ENSP00000489282,H3C6,H2AC8,0.989
9606.ENSP00000489282,H3C6,H2AC20,0.987
9606.ENSP00000489282,H3C6,H4C1,0.985
9606.ENSP00000489282,H3C6,H2AC4,0.984
9606.ENSP00000489282,H3C6,H4C6,0.981
9606.ENSP00000489282,H3C6,H4C14,0.98
9606.ENSP00000489282,H3C6,NASP,0.98
9606.ENSP00000489282,H3C6,ASF1A,0.98
9606.ENSP00000489282,H3C6,H4C5,0.98
9606.ENSP00000489282,H3C6,H4C8,0.98
9606.ENSP00000489282,H3C6,H4C2,0.98
9606.ENSP00000489282,H3C6,H4C4,0.979
9606.ENSP00000489282,H3C6,H4C15,0.979
9606.ENSP00000489282,H3C6,H4C13,0.979
9606.ENSP00000489282,H3C6,H4C12,0.979
9606.ENSP00000489282,H3C6,H4C11,0.979
9606.ENSP00000489282,H3C6,H4C9,0.979
9606.ENSP00000489282,H3C6,H4-16,0.979
9606.ENSP00000489282,H3C6,H4C3,0.978
9606.ENSP00000489282,H3C6,H2BC21,0.976
9606.ENSP00000489282,H3C6,KDM6B,0.976
9606.ENSP00000489282,H3C6,IPO4,0.971
9606.ENSP00000489282,H3C6,H2BC12,0.971
9606.ENSP00000489282,H3C6,H3C14,0.966
9606.ENSP00000489282,H3C6,KAT2B,0.966
9606.ENSP00000489282,H3C6,WDR5,0.966
9606.ENSP00000489282,H3C6,H2AB2,0.964
9606.ENSP00000489282,H3C6,SETD2,0.964
9606.ENSP00000489282,H3C6,ATRX,0.964
9606.ENSP00000489282,H3C6,DOT1L,0.961
9606.ENSP00000489282,H3C6,H2AZ2,0.96
9606.ENSP00000489282,H3C6,SUPT16H,0.96
9606.ENSP00000489282,H3C6,CBX3,0.959
9606.ENSP00000489282,H3C6,CBX1,0.959
9606.ENSP00000489282,H3C6,H2AX,0.959
9606.ENSP00000489282,H3C6,H3C15,0.957
9606.ENSP00000489282,H3C6,H3C13,0.957
9606.ENSP00000489282,H3C6,EHMT2,0.954
9606.ENSP00000489282,H3C6,SSRP1,0.951
9606.ENSP00000489282,H3C6,BPTF,0.95
9606.ENSP00000489282,H3C6,ING2,0.95
9606.ENSP00000489282,H3C6,KDM4A,0.95
9606.ENSP00000489282,H3C6,MACROH2A1,0.949
9606.ENSP00000489282,H3C6,H2BC11,0.949
9606.ENSP00000489282,H3C6,SMARCA4,0.949
9606.ENSP00000489282,H3C6,CBX5,0.947
9606.ENSP00000489282,H3C6,H2AC1,0.942
9606.ENSP00000489282,H3C6,CHD1,0.941
9606.ENSP00000489282,H3C6,RPS27A,0.94
9606.ENSP00000489282,H3C6,UBA52,0.939
9606.ENSP00000489282,H3C6,SETDB1,0.938
9606.ENSP00000489282,H3C6,H2AC7,0.938
9606.ENSP00000489282,H3C6,PBRM1,0.936
9606.ENSP00000489282,H3C6,H3C2,0.936
9606.ENSP00000489282,H3C6,H3C12,0.936
9606.ENSP00000489282,H3C6,UBC,0.935
9606.ENSP00000489282,H3C6,UBB,0.935
9606.ENSP00000489282,H3C6,MPHOSPH8,0.934
9606.ENSP00000489282,H3C6,DIDO1,0.932
9606.ENSP00000489282,H3C6,H3-2,0.932
9606.ENSP00000489282,H3C6,CARM1,0.931
9606.ENSP00000489282,H3C6,H2AC6,0.93
9606.ENSP00000489282,H3C6,DNMT1,0.929
9606.ENSP00000489282,H3C6,KAT6A,0.928
9606.ENSP00000489282,H3C6,EHMT1,0.927
9606.ENSP00000489282,H3C6,PHF8,0.925
9606.ENSP00000489282,H3C6,H2AB3,0.924
9606.ENSP00000489282,H3C6,MCM2,0.924
9606.ENSP00000489282,H3C6,DNMT3A,0.923
9606.ENSP00000489282,H3C6,CDYL2,0.923
9606.ENSP00000489282,H3C6,SGF29,0.923
9606.ENSP00000489282,H3C6,H1-0,0.922
9606.ENSP00000489282,H3C6,CHD4,0.922
9606.ENSP00000489282,H3C6,KAT6B,0.922
9606.ENSP00000489282,H3C6,KMT5A,0.921
9606.ENSP00000489282,H3C6,INO80,0.921
9606.ENSP00000489282,H3C6,NSD3,0.92
9606.ENSP00000489282,H3C6,DDB2,0.919
9606.ENSP00000489282,H3C6,MLLT3,0.918
9606.ENSP00000489282,H3C6,PHF1,0.918
9606.ENSP00000489282,H3C6,KMT2A,0.917
9606.ENSP00000489282,H3C6,SIRT5,0.917
9606.ENSP00000489282,H3C6,CBX7,0.917
9606.ENSP00000489282,H3C6,PYGO2,0.916
9606.ENSP00000489282,H3C6,AIRE,0.915
9606.ENSP00000489282,H3C6,DNMT3B,0.915
9606.ENSP00000489282,H3C6,H2BC4,0.915
9606.ENSP00000489282,H3C6,TP53BP1,0.914
9606.ENSP00000489282,H3C6,ING1,0.914
9606.ENSP00000489282,H3C6,ING4,0.914
9606.ENSP00000489282,H3C6,SIRT3,0.914
9606.ENSP00000489282,H3C6,MLLT1,0.913
9606.ENSP00000489282,H3C6,CREBBP,0.913
9606.ENSP00000489282,H3C6,BARD1,0.913
9606.ENSP00000489282,H3C6,ZCWPW2,0.912
9606.ENSP00000489282,H3C6,UHRF1,0.912
9606.ENSP00000489282,H3C6,KMT2E,0.911
9606.ENSP00000489282,H3C6,TRIM24,0.911
9606.ENSP00000489282,H3C6,BRPF1,0.911
9606.ENSP00000489282,H3C6,H2BC1,0.911
9606.ENSP00000489282,H3C6,CBX2,0.911
9606.ENSP00000489282,H3C6,TRIM33,0.911
9606.ENSP00000489282,H3C6,ACTB,0.911
9606.ENSP00000489282,H3C6,H2AZ1,0.91
9606.ENSP00000489282,H3C6,SP100,0.91
9606.ENSP00000489282,H3C6,CBX6,0.909
9606.ENSP00000489282,H3C6,PYGO1,0.909
9606.ENSP00000489282,H3C6,H2BC6,0.908
9606.ENSP00000489282,H3C6,H2BC8,0.907
9606.ENSP00000489282,H3C6,TNPO1,0.907
9606.ENSP00000489282,H3C6,TRIM66,0.907
9606.ENSP00000489282,H3C6,ZZZ3,0.907
9606.ENSP00000489282,H3C6,MORC3,0.906
9606.ENSP00000489282,H3C6,HDGFL2,0.905
9606.ENSP00000489282,H3C6,H3C10,0.903
9606.ENSP00000489282,H3C6,H3C8,0.903
9606.ENSP00000489282,H3C6,H3C7,0.903
9606.ENSP00000489282,H3C6,PPIE,0.903
9606.ENSP00000489282,H3C6,H2BC3,0.902
9606.ENSP00000489282,H3C6,H2BC10,0.902
9606.ENSP00000489282,H3C6,H3C4,0.901
9606.ENSP00000489282,H3C6,SPIN1,0.9
9606.ENSP00000489282,H3C6,H3C1,0.9
9606.ENSP00000489282,H3C6,H3C11,0.9
9606.ENSP00000489282,H3C6,H3C3,0.9
9606.ENSP00000490726,FBF1,SCLT1,0.997
9606.ENSP00000490726,FBF1,CEP83,0.994
9606.ENSP00000490726,FBF1,CEP164,0.99
9606.ENSP00000490726,FBF1,CEP89,0.983
9606.ENSP00000491215,HNRNPU,DHX9,0.999
9606.ENSP00000491215,HNRNPU,YBX1,0.998
9606.ENSP00000491215,HNRNPU,SYNCRIP,0.998
9606.ENSP00000491215,HNRNPU,HNRNPC,0.996
9606.ENSP00000491215,HNRNPU,HNRNPA1,0.992
9606.ENSP00000491215,HNRNPU,HNRNPK,0.991
9606.ENSP00000491215,HNRNPU,IGF2BP1,0.989
9606.ENSP00000491215,HNRNPU,HNRNPH1,0.986
9606.ENSP00000491215,HNRNPU,HNRNPM,0.985
9606.ENSP00000491215,HNRNPU,HNRNPA2B1,0.979
9606.ENSP00000491215,HNRNPU,HNRNPA0,0.979
9606.ENSP00000491215,HNRNPU,HNRNPL,0.974
9606.ENSP00000491215,HNRNPU,HNRNPD,0.973
9606.ENSP00000491215,HNRNPU,NCL,0.961
9606.ENSP00000491215,HNRNPU,SRSF1,0.951
9606.ENSP00000491215,HNRNPU,HNRNPF,0.951
9606.ENSP00000491215,HNRNPU,FUS,0.95
9606.ENSP00000491215,HNRNPU,HNRNPR,0.947
9606.ENSP00000491215,HNRNPU,CSDE1,0.947
9606.ENSP00000491215,HNRNPU,HNRNPDL,0.946
9606.ENSP00000491215,HNRNPU,PTBP1,0.943
9606.ENSP00000491215,HNRNPU,ELAVL1,0.94
9606.ENSP00000491215,HNRNPU,SFPQ,0.937
9606.ENSP00000491215,HNRNPU,RBMX,0.925
9606.ENSP00000491215,HNRNPU,HNRNPA3,0.912
9606.ENSP00000491215,HNRNPU,SNRPB,0.904
9606.ENSP00000491215,HNRNPU,ILF3,0.901
9606.ENSP00000496255,EYA1,SIX1,0.997
9606.ENSP00000496255,EYA1,SIX2,0.972
9606.ENSP00000496255,EYA1,TLX1,0.948
9606.ENSP00000496255,EYA1,SIX5,0.942
9606.ENSP00000496255,EYA1,DACH1,0.942
9606.ENSP00000497217,FOXL2,SMAD3,0.941
9606.ENSP00000497217,FOXL2,NR5A1,0.926
9606.ENSP00000497260,GNAI1,GNB1,0.999
9606.ENSP00000497260,GNAI1,DRD2,0.998
9606.ENSP00000497260,GNAI1,GNG2,0.998
9606.ENSP00000497260,GNAI1,LPAR1,0.997
9606.ENSP00000497260,GNAI1,RGS14,0.996
9606.ENSP00000497260,GNAI1,CNR1,0.995
9606.ENSP00000497260,GNAI1,PTGER3,0.994
9606.ENSP00000497260,GNAI1,S1PR1,0.993
9606.ENSP00000497260,GNAI1,OPRM1,0.992
9606.ENSP00000497260,GNAI1,GABBR2,0.992
9606.ENSP00000497260,GNAI1,NPY1R,0.992
9606.ENSP00000497260,GNAI1,CCR5,0.991
9606.ENSP00000497260,GNAI1,OPRD1,0.991
9606.ENSP00000497260,GNAI1,SSTR2,0.991
9606.ENSP00000497260,GNAI1,S1PR5,0.99
9606.ENSP00000497260,GNAI1,GRM2,0.99
9606.ENSP00000497260,GNAI1,S1PR3,0.99
9606.ENSP00000497260,GNAI1,GNB4,0.99
9606.ENSP00000497260,GNAI1,GPSM1,0.989
9606.ENSP00000497260,GNAI1,GNGT1,0.984
9606.ENSP00000497260,GNAI1,GNAI3,0.984
9606.ENSP00000497260,GNAI1,DRD3,0.983
9606.ENSP00000497260,GNAI1,GABBR1,0.98
9606.ENSP00000497260,GNAI1,GNB2,0.979
9606.ENSP00000497260,GNAI1,RGS1,0.978
9606.ENSP00000497260,GNAI1,RGS16,0.977
9606.ENSP00000497260,GNAI1,MTNR1A,0.976
9606.ENSP00000497260,GNAI1,HTR5A,0.976
9606.ENSP00000497260,GNAI1,GNAI2,0.975
9606.ENSP00000497260,GNAI1,MTNR1B,0.975
9606.ENSP00000497260,GNAI1,GNG7,0.973
9606.ENSP00000497260,GNAI1,GNG4,0.972
9606.ENSP00000497260,GNAI1,HTR1A,0.97
9606.ENSP00000497260,GNAI1,SMO,0.969
9606.ENSP00000497260,GNAI1,CXCR2,0.969
9606.ENSP00000497260,GNAI1,HTR1F,0.968
9606.ENSP00000497260,GNAI1,CCR2,0.968
9606.ENSP00000497260,GNAI1,HTR1D,0.967
9606.ENSP00000497260,GNAI1,GHSR,0.967
9606.ENSP00000497260,GNAI1,CCR3,0.967
9606.ENSP00000497260,GNAI1,CCR1,0.967
9606.ENSP00000497260,GNAI1,HTR1E,0.967
9606.ENSP00000497260,GNAI1,CX3CR1,0.966
9606.ENSP00000497260,GNAI1,RGS12,0.961
9606.ENSP00000497260,GNAI1,ADCY5,0.955
9606.ENSP00000497260,GNAI1,MAPK3,0.953
9606.ENSP00000497260,GNAI1,RIC8A,0.952
9606.ENSP00000497260,GNAI1,CRHR1,0.952
9606.ENSP00000497260,GNAI1,PNOC,0.95
9606.ENSP00000497260,GNAI1,ADRB2,0.949
9606.ENSP00000497260,GNAI1,RHO,0.946
9606.ENSP00000497260,GNAI1,CXCR4,0.944
9606.ENSP00000497260,GNAI1,PIK3CB,0.942
9606.ENSP00000497260,GNAI1,RASD1,0.941
9606.ENSP00000497260,GNAI1,GNG3,0.938
9606.ENSP00000497260,GNAI1,PTH1R,0.938
9606.ENSP00000497260,GNAI1,IGF1R,0.937
9606.ENSP00000497260,GNAI1,ADCY6,0.936
9606.ENSP00000497260,GNAI1,RGS3,0.936
9606.ENSP00000497260,GNAI1,PLCB4,0.936
9606.ENSP00000497260,GNAI1,RGS9,0.935
9606.ENSP00000497260,GNAI1,CASR,0.932
9606.ENSP00000497260,GNAI1,RGS4,0.932
9606.ENSP00000497260,GNAI1,MAPK1,0.931
9606.ENSP00000497260,GNAI1,ADORA1,0.931
9606.ENSP00000497260,GNAI1,PLCB3,0.93
9606.ENSP00000497260,GNAI1,PLCB1,0.928
9606.ENSP00000497260,GNAI1,PLCB2,0.926
9606.ENSP00000497260,GNAI1,GNG5,0.926
9606.ENSP00000497260,GNAI1,KRAS,0.926
9606.ENSP00000497260,GNAI1,PIK3R5,0.925
9606.ENSP00000497260,GNAI1,ADRB1,0.923
9606.ENSP00000497260,GNAI1,SSTR1,0.923
9606.ENSP00000497260,GNAI1,HRAS,0.923
9606.ENSP00000497260,GNAI1,EDNRB,0.921
9606.ENSP00000497260,GNAI1,NPY2R,0.92
9606.ENSP00000497260,GNAI1,ADORA3,0.92
9606.ENSP00000497260,GNAI1,HCRTR2,0.92
9606.ENSP00000497260,GNAI1,GRM3,0.92
9606.ENSP00000497260,GNAI1,RXFP3,0.918
9606.ENSP00000497260,GNAI1,NRAS,0.918
9606.ENSP00000497260,GNAI1,KCNJ9,0.918
9606.ENSP00000497260,GNAI1,SSTR3,0.917
9606.ENSP00000497260,GNAI1,SSTR5,0.917
9606.ENSP00000497260,GNAI1,FPR2,0.917
9606.ENSP00000497260,GNAI1,GPR88,0.916
9606.ENSP00000497260,GNAI1,SRC,0.916
9606.ENSP00000497260,GNAI1,GCGR,0.915
9606.ENSP00000497260,GNAI1,PIK3R3,0.915
9606.ENSP00000497260,GNAI1,RXFP4,0.915
9606.ENSP00000497260,GNAI1,P2RY12,0.915
9606.ENSP00000497260,GNAI1,ADRB3,0.915
9606.ENSP00000497260,GNAI1,PIK3CA,0.914
9606.ENSP00000497260,GNAI1,NPY4R2,0.914
9606.ENSP00000497260,GNAI1,NTSR1,0.914
9606.ENSP00000497260,GNAI1,PIK3CG,0.913
9606.ENSP00000497260,GNAI1,SSTR4,0.913
9606.ENSP00000497260,GNAI1,FPR1,0.913
9606.ENSP00000497260,GNAI1,ADGRF1,0.912
9606.ENSP00000497260,GNAI1,PIK3R1,0.912
9606.ENSP00000497260,GNAI1,RXFP1,0.912
9606.ENSP00000497260,GNAI1,MRGPRD,0.912
9606.ENSP00000497260,GNAI1,GALR1,0.912
9606.ENSP00000497260,GNAI1,GNG10,0.912
9606.ENSP00000497260,GNAI1,S1PR2,0.911
9606.ENSP00000497260,GNAI1,CCKAR,0.911
9606.ENSP00000497260,GNAI1,PTGER4,0.911
9606.ENSP00000497260,GNAI1,HTR4,0.91
9606.ENSP00000497260,GNAI1,FGR,0.91
9606.ENSP00000497260,GNAI1,OXTR,0.909
9606.ENSP00000497260,GNAI1,LTB4R,0.909
9606.ENSP00000497260,GNAI1,BDKRB2,0.909
9606.ENSP00000497260,GNAI1,GPR139,0.909
9606.ENSP00000497260,GNAI1,LYN,0.909
9606.ENSP00000497260,GNAI1,PTGER1,0.909
9606.ENSP00000497260,GNAI1,S1PR4,0.909
9606.ENSP00000497260,GNAI1,CNR2,0.909
9606.ENSP00000497260,GNAI1,GPR17,0.909
9606.ENSP00000497260,GNAI1,PTGER2,0.909
9606.ENSP00000497260,GNAI1,GNAO1,0.908
9606.ENSP00000497260,GNAI1,RAPGEF4,0.908
9606.ENSP00000497260,GNAI1,GNB5,0.908
9606.ENSP00000497260,GNAI1,GRM1,0.907
9606.ENSP00000497260,GNAI1,GPR183,0.907
9606.ENSP00000497260,GNAI1,RAPGEF3,0.907
9606.ENSP00000497260,GNAI1,HCK,0.907
9606.ENSP00000497260,GNAI1,MMP16,0.906
9606.ENSP00000497260,GNAI1,NOS3,0.906
9606.ENSP00000497260,GNAI1,MMP14,0.904
9606.ENSP00000497260,GNAI1,KCNJ5,0.904
9606.ENSP00000497260,GNAI1,MRGPRX2,0.903
9606.ENSP00000497260,GNAI1,MMP15,0.903
9606.ENSP00000497260,GNAI1,MMP25,0.903
9606.ENSP00000497260,GNAI1,PIK3CD,0.903
9606.ENSP00000497260,GNAI1,MMP17,0.903
9606.ENSP00000497260,GNAI1,MMP24,0.903
9606.ENSP00000497260,GNAI1,KCNJ6,0.903
9606.ENSP00000497260,GNAI1,PIK3R2,0.902
9606.ENSP00000497260,GNAI1,KCNJ3,0.902
9606.ENSP00000497260,GNAI1,PIK3R6,0.9
9606.ENSP00000497260,GNAI1,IGHV3-16,0.9
9606.ENSP00000498441,FGA,F2,0.999
9606.ENSP00000498441,FGA,FGB,0.999
9606.ENSP00000498441,FGA,FGG,0.999
9606.ENSP00000498441,FGA,AHSG,0.984
9606.ENSP00000498441,FGA,SERPINC1,0.98
9606.ENSP00000498441,FGA,ITGB3,0.978
9606.ENSP00000498441,FGA,ALB,0.975
9606.ENSP00000498441,FGA,SERPINF2,0.967
9606.ENSP00000498441,FGA,PLG,0.965
9606.ENSP00000498441,FGA,F13B,0.96
9606.ENSP00000498441,FGA,SERPIND1,0.96
9606.ENSP00000498441,FGA,AMBP,0.945
9606.ENSP00000498441,FGA,HRG,0.936
9606.ENSP00000498441,FGA,FN1,0.932
9606.ENSP00000498441,FGA,ITGA2B,0.928
9606.ENSP00000498441,FGA,FGL1,0.922
9606.ENSP00000498441,FGA,F13A1,0.91
9606.ENSP00000498441,FGA,KNG1,0.908
9606.ENSP00000498441,FGA,THBS1,0.903
9606.ENSP00000498441,FGA,APOA1,0.902
9606.ENSP00000498466,FAS,CASP8,0.999
9606.ENSP00000498466,FAS,DAXX,0.999
9606.ENSP00000498466,FAS,FASLG,0.999
9606.ENSP00000498466,FAS,TNFRSF1A,0.999
9606.ENSP00000498466,FAS,FADD,0.999
9606.ENSP00000498466,FAS,TNF,0.997
9606.ENSP00000498466,FAS,CFLAR,0.997
9606.ENSP00000498466,FAS,CASP10,0.996
9606.ENSP00000498466,FAS,TNFSF10,0.996
9606.ENSP00000498466,FAS,FAF1,0.993
9606.ENSP00000498466,FAS,TRADD,0.992
9606.ENSP00000498466,FAS,TNFRSF10B,0.977
9606.ENSP00000498466,FAS,PTPN13,0.97
9606.ENSP00000498466,FAS,RIPK1,0.966
9606.ENSP00000498466,FAS,TNFRSF10A,0.964
9606.ENSP00000498466,FAS,IGLL5,0.915
9606.ENSP00000498466,FAS,CASP3,0.911
9606.ENSP00000498748,GREM1,BMP2,0.995
9606.ENSP00000498748,GREM1,BMP4,0.965
9606.ENSP00000498748,GREM1,BMP7,0.911
9606.ENSP00000498748,GREM1,GREM2,0.908
9606.ENSP00000498881,ERCC5,ERCC6,0.999
9606.ENSP00000498881,ERCC5,ERCC3,0.999
9606.ENSP00000498881,ERCC5,GTF2H1,0.999
9606.ENSP00000498881,ERCC5,ERCC2,0.999
9606.ENSP00000498881,ERCC5,ERCC4,0.998
9606.ENSP00000498881,ERCC5,GTF2H2,0.998
9606.ENSP00000498881,ERCC5,ERCC1,0.997
9606.ENSP00000498881,ERCC5,XPA,0.992
9606.ENSP00000498881,ERCC5,ERCC8,0.99
9606.ENSP00000498881,ERCC5,RAD23B,0.981
9606.ENSP00000498881,ERCC5,BIVM-ERCC5,0.979
9606.ENSP00000498881,ERCC5,ATM,0.975
9606.ENSP00000498881,ERCC5,XPC,0.971
9606.ENSP00000498881,ERCC5,POLD1,0.966
9606.ENSP00000498881,ERCC5,XRCC5,0.966
9606.ENSP00000498881,ERCC5,MSH6,0.963
9606.ENSP00000498881,ERCC5,XRCC6,0.963
9606.ENSP00000498881,ERCC5,MSH2,0.962
9606.ENSP00000498881,ERCC5,LIG4,0.962
9606.ENSP00000498881,ERCC5,XRCC4,0.946
9606.ENSP00000498881,ERCC5,DCLRE1C,0.944
9606.ENSP00000498881,ERCC5,CCNH,0.941
9606.ENSP00000498881,ERCC5,PRKDC,0.94
9606.ENSP00000498881,ERCC5,CETN2,0.939
9606.ENSP00000498881,ERCC5,NHEJ1,0.929
9606.ENSP00000498881,ERCC5,BIVM,0.928
9606.ENSP00000498881,ERCC5,GTF2H4,0.92
9606.ENSP00000498881,ERCC5,PHF21A,0.914
9606.ENSP00000498881,ERCC5,BRCA2,0.913
9606.ENSP00000498881,ERCC5,ATP23,0.912
9606.ENSP00000498881,ERCC5,BRCA1,0.911
9606.ENSP00000498881,ERCC5,PAXX,0.907
9606.ENSP00000498881,ERCC5,RCOR1,0.901
9606.ENSP00000498881,ERCC5,SWSAP1,0.9
9606.ENSP00000498881,ERCC5,ZSWIM7,0.9
9606.ENSP00000498881,ERCC5,KDM1A,0.9
9606.ENSP00000500633,ETNK1,PCYT2,0.99
9606.ENSP00000500633,ETNK1,ETNPPL,0.936
9606.ENSP00000500633,ETNK1,GPCPD1,0.919
9606.ENSP00000074304,INPP4A,INPPL1,0.962
9606.ENSP00000074304,INPP4A,OCRL,0.957
9606.ENSP00000074304,INPP4A,SYNJ1,0.953
9606.ENSP00000074304,INPP4A,INPP5B,0.953
9606.ENSP00000074304,INPP4A,PTEN,0.946
9606.ENSP00000074304,INPP4A,PIK3R2,0.946
9606.ENSP00000074304,INPP4A,PIKFYVE,0.943
9606.ENSP00000074304,INPP4A,INPP5D,0.943
9606.ENSP00000074304,INPP4A,INPP5E,0.943
9606.ENSP00000074304,INPP4A,SYNJ2,0.942
9606.ENSP00000074304,INPP4A,PIK3C2A,0.939
9606.ENSP00000074304,INPP4A,PIK3C3,0.938
9606.ENSP00000074304,INPP4A,MTMR1,0.938
9606.ENSP00000074304,INPP4A,PIK3C2B,0.935
9606.ENSP00000074304,INPP4A,MTMR6,0.935
9606.ENSP00000074304,INPP4A,MTM1,0.935
9606.ENSP00000074304,INPP4A,MTMR2,0.934
9606.ENSP00000074304,INPP4A,FIG4,0.934
9606.ENSP00000074304,INPP4A,PIK3C2G,0.932
9606.ENSP00000074304,INPP4A,INPP5A,0.93
9606.ENSP00000074304,INPP4A,INPP1,0.929
9606.ENSP00000074304,INPP4A,MTMR4,0.917
9606.ENSP00000074304,INPP4A,ITPK1,0.915
9606.ENSP00000074304,INPP4A,PIK3R1,0.915
9606.ENSP00000074304,INPP4A,IMPA2,0.914
9606.ENSP00000074304,INPP4A,MTMR3,0.913
9606.ENSP00000074304,INPP4A,MTMR14,0.913
9606.ENSP00000074304,INPP4A,PIK3R3,0.913
9606.ENSP00000074304,INPP4A,ISYNA1,0.912
9606.ENSP00000074304,INPP4A,INPP4B,0.911
9606.ENSP00000074304,INPP4A,IMPA1,0.911
9606.ENSP00000074304,INPP4A,MTMR7,0.91
9606.ENSP00000074304,INPP4A,MTMR8,0.905
9606.ENSP00000074304,INPP4A,IMPAD1,0.901
9606.ENSP00000157600,LMCD1,GATA6,0.963
9606.ENSP00000175091,LAPTM4A,LAPTM4B,0.919
9606.ENSP00000175091,LAPTM4A,LAPTM5,0.916
9606.ENSP00000215832,MAPK1,MAP2K1,0.999
9606.ENSP00000215832,MAPK1,RPS6KA1,0.999
9606.ENSP00000215832,MAPK1,MAP2K2,0.999
9606.ENSP00000215832,MAPK1,MKNK1,0.999
9606.ENSP00000215832,MAPK1,PTPN7,0.998
9606.ENSP00000215832,MAPK1,PEA15,0.998
9606.ENSP00000215832,MAPK1,TP53,0.998
9606.ENSP00000215832,MAPK1,JUN,0.998
9606.ENSP00000215832,MAPK1,PTPRR,0.996
9606.ENSP00000215832,MAPK1,DUSP6,0.996
9606.ENSP00000215832,MAPK1,DUSP1,0.996
9606.ENSP00000215832,MAPK1,STAT3,0.996
9606.ENSP00000215832,MAPK1,MAPK14,0.995
9606.ENSP00000215832,MAPK1,MAPK3,0.994
9606.ENSP00000215832,MAPK1,ELK1,0.994
9606.ENSP00000215832,MAPK1,FOS,0.992
9606.ENSP00000215832,MAPK1,ETS1,0.992
9606.ENSP00000215832,MAPK1,RPS6KA2,0.991
9606.ENSP00000215832,MAPK1,RPS6KA3,0.989
9606.ENSP00000215832,MAPK1,ARRB1,0.989
9606.ENSP00000215832,MAPK1,AKT1,0.988
9606.ENSP00000215832,MAPK1,KRAS,0.988
9606.ENSP00000215832,MAPK1,DUSP9,0.988
9606.ENSP00000215832,MAPK1,IQGAP1,0.988
9606.ENSP00000215832,MAPK1,ESR1,0.987
9606.ENSP00000215832,MAPK1,ARRB2,0.985
9606.ENSP00000215832,MAPK1,HIF1A,0.985
9606.ENSP00000215832,MAPK1,MKNK2,0.983
9606.ENSP00000215832,MAPK1,MYC,0.983
9606.ENSP00000215832,MAPK1,DUSP3,0.979
9606.ENSP00000215832,MAPK1,HRAS,0.979
9606.ENSP00000215832,MAPK1,EIF4EBP1,0.978
9606.ENSP00000215832,MAPK1,MAP2K3,0.977
9606.ENSP00000215832,MAPK1,RAF1,0.975
9606.ENSP00000215832,MAPK1,PPP2CA,0.974
9606.ENSP00000215832,MAPK1,PTPN5,0.974
9606.ENSP00000215832,MAPK1,ATF2,0.973
9606.ENSP00000215832,MAPK1,PLA2G4A,0.97
9606.ENSP00000215832,MAPK1,SP1,0.969
9606.ENSP00000215832,MAPK1,BCL2,0.969
9606.ENSP00000215832,MAPK1,SMAD2,0.967
9606.ENSP00000215832,MAPK1,MAP2K6,0.966
9606.ENSP00000215832,MAPK1,SMAD1,0.965
9606.ENSP00000215832,MAPK1,FOXO3,0.963
9606.ENSP00000215832,MAPK1,SHC1,0.962
9606.ENSP00000215832,MAPK1,SMAD3,0.962
9606.ENSP00000215832,MAPK1,CREB1,0.962
9606.ENSP00000215832,MAPK1,LAMTOR3,0.961
9606.ENSP00000215832,MAPK1,CASP3,0.961
9606.ENSP00000215832,MAPK1,NRAS,0.959
9606.ENSP00000215832,MAPK1,DAPK1,0.956
9606.ENSP00000215832,MAPK1,PTPN11,0.955
9606.ENSP00000215832,MAPK1,PPP2CB,0.954
9606.ENSP00000215832,MAPK1,BCL2L11,0.953
9606.ENSP00000215832,MAPK1,MBP,0.953
9606.ENSP00000215832,MAPK1,MAPT,0.952
9606.ENSP00000215832,MAPK1,TSC2,0.952
9606.ENSP00000215832,MAPK1,CALD1,0.95
9606.ENSP00000215832,MAPK1,STAT1,0.95
9606.ENSP00000215832,MAPK1,BRAF,0.949
9606.ENSP00000215832,MAPK1,STMN1,0.949
9606.ENSP00000215832,MAPK1,ESR2,0.948
9606.ENSP00000215832,MAPK1,EGR1,0.946
9606.ENSP00000215832,MAPK1,CREB5,0.946
9606.ENSP00000215832,MAPK1,ETS2,0.945
9606.ENSP00000215832,MAPK1,ATP1A1,0.943
9606.ENSP00000215832,MAPK1,GJA1,0.943
9606.ENSP00000215832,MAPK1,PPP2R1B,0.942
9606.ENSP00000215832,MAPK1,RAC2,0.942
9606.ENSP00000215832,MAPK1,HSP90AA1,0.941
9606.ENSP00000215832,MAPK1,FOXO1,0.941
9606.ENSP00000215832,MAPK1,ELK4,0.937
9606.ENSP00000215832,MAPK1,IL6,0.936
9606.ENSP00000215832,MAPK1,RPS6KA5,0.935
9606.ENSP00000215832,MAPK1,GNAI2,0.934
9606.ENSP00000215832,MAPK1,GNAI3,0.934
9606.ENSP00000215832,MAPK1,PTPN6,0.933
9606.ENSP00000215832,MAPK1,MITF,0.932
9606.ENSP00000215832,MAPK1,SRC,0.932
9606.ENSP00000215832,MAPK1,DUSP4,0.931
9606.ENSP00000215832,MAPK1,GNAI1,0.931
9606.ENSP00000215832,MAPK1,PRKCA,0.931
9606.ENSP00000215832,MAPK1,NFATC3,0.93
9606.ENSP00000215832,MAPK1,AKT2,0.929
9606.ENSP00000215832,MAPK1,PRKACA,0.929
9606.ENSP00000215832,MAPK1,PRKCD,0.929
9606.ENSP00000215832,MAPK1,PPP2R1A,0.929
9606.ENSP00000215832,MAPK1,PRKACB,0.929
9606.ENSP00000215832,MAPK1,RPS6KA6,0.928
9606.ENSP00000215832,MAPK1,PRKCB,0.928
9606.ENSP00000215832,MAPK1,RPS6KB1,0.927
9606.ENSP00000215832,MAPK1,PRKACG,0.927
9606.ENSP00000215832,MAPK1,NFATC1,0.927
9606.ENSP00000215832,MAPK1,MAPK12,0.927
9606.ENSP00000215832,MAPK1,AKT3,0.927
9606.ENSP00000215832,MAPK1,MAP3K7,0.926
9606.ENSP00000215832,MAPK1,CYBB,0.926
9606.ENSP00000215832,MAPK1,TSC1,0.926
9606.ENSP00000215832,MAPK1,NCF4,0.924
9606.ENSP00000215832,MAPK1,NR4A1,0.924
9606.ENSP00000215832,MAPK1,NCF1,0.923
9606.ENSP00000215832,MAPK1,SMAD5,0.923
9606.ENSP00000215832,MAPK1,DAPK3,0.922
9606.ENSP00000215832,MAPK1,ATP1A3,0.922
9606.ENSP00000215832,MAPK1,SPHK1,0.922
9606.ENSP00000215832,MAPK1,MALT1,0.922
9606.ENSP00000215832,MAPK1,ROCK1,0.922
9606.ENSP00000215832,MAPK1,FOXO4,0.922
9606.ENSP00000215832,MAPK1,SLC9A1,0.921
9606.ENSP00000215832,MAPK1,NFATC2,0.921
9606.ENSP00000215832,MAPK1,RPS6KB2,0.921
9606.ENSP00000215832,MAPK1,ATP1A4,0.92
9606.ENSP00000215832,MAPK1,DAPK2,0.92
9606.ENSP00000215832,MAPK1,GRB2,0.92
9606.ENSP00000215832,MAPK1,ROCK2,0.919
9606.ENSP00000215832,MAPK1,PRKCZ,0.919
9606.ENSP00000215832,MAPK1,CREB3,0.918
9606.ENSP00000215832,MAPK1,GNRH1,0.918
9606.ENSP00000215832,MAPK1,BAD,0.917
9606.ENSP00000215832,MAPK1,BCL10,0.917
9606.ENSP00000215832,MAPK1,SPHK2,0.916
9606.ENSP00000215832,MAPK1,CARD9,0.916
9606.ENSP00000215832,MAPK1,DUSP7,0.916
9606.ENSP00000215832,MAPK1,NOS1,0.915
9606.ENSP00000215832,MAPK1,NCF2,0.915
9606.ENSP00000215832,MAPK1,SMAD9,0.915
9606.ENSP00000215832,MAPK1,ATP1A2,0.914
9606.ENSP00000215832,MAPK1,THRB,0.912
9606.ENSP00000215832,MAPK1,TBX3,0.911
9606.ENSP00000215832,MAPK1,PRKCG,0.911
9606.ENSP00000215832,MAPK1,CYBA,0.909
9606.ENSP00000215832,MAPK1,CREB3L4,0.909
9606.ENSP00000215832,MAPK1,PCYT1A,0.908
9606.ENSP00000215832,MAPK1,MAPK13,0.907
9606.ENSP00000215832,MAPK1,CREB3L3,0.907
9606.ENSP00000215832,MAPK1,PLA2G4C,0.906
9606.ENSP00000215832,MAPK1,MAPK11,0.906
9606.ENSP00000215832,MAPK1,ATP1B1,0.905
9606.ENSP00000215832,MAPK1,PLA2G4B,0.905
9606.ENSP00000215832,MAPK1,PCYT1B,0.905
9606.ENSP00000215832,MAPK1,ATP1B2,0.903
9606.ENSP00000215832,MAPK1,PLA2G4D,0.903
9606.ENSP00000215832,MAPK1,CREB3L2,0.903
9606.ENSP00000215832,MAPK1,PLA2G4F,0.903
9606.ENSP00000215832,MAPK1,PLA2G4E,0.903
9606.ENSP00000215832,MAPK1,GNRH2,0.902
9606.ENSP00000215832,MAPK1,ATP1B3,0.902
9606.ENSP00000215832,MAPK1,FXYD2,0.901
9606.ENSP00000215832,MAPK1,JMJD7-PLA2G4B,0.9
9606.ENSP00000215832,MAPK1,ATP1B4,0.9
9606.ENSP00000215832,MAPK1,GJD2,0.9
9606.ENSP00000215832,MAPK1,TBC1D7,0.9
9606.ENSP00000215832,MAPK1,CREB3L1,0.9
9606.ENSP00000215909,LGALS1,PTPRC,0.905
9606.ENSP00000215909,LGALS1,CSH1,0.901
9606.ENSP00000216122,MCM5,ORC5,0.999
9606.ENSP00000216122,MCM5,MCM4,0.999
9606.ENSP00000216122,MCM5,GINS4,0.999
9606.ENSP00000216122,MCM5,MCM7,0.999
9606.ENSP00000216122,MCM5,CDC7,0.999
9606.ENSP00000216122,MCM5,GINS1,0.999
9606.ENSP00000216122,MCM5,CDT1,0.999
9606.ENSP00000216122,MCM5,ORC2,0.999
9606.ENSP00000216122,MCM5,MCM6,0.999
9606.ENSP00000216122,MCM5,MCM2,0.999
9606.ENSP00000216122,MCM5,MCM3,0.999
9606.ENSP00000216122,MCM5,CDC6,0.999
9606.ENSP00000216122,MCM5,GINS2,0.999
9606.ENSP00000216122,MCM5,WDHD1,0.999
9606.ENSP00000216122,MCM5,CDC45,0.999
9606.ENSP00000216122,MCM5,GINS3,0.999
9606.ENSP00000216122,MCM5,ORC1,0.998
9606.ENSP00000216122,MCM5,POLE2,0.998
9606.ENSP00000216122,MCM5,MCM9,0.998
9606.ENSP00000216122,MCM5,POLE,0.997
9606.ENSP00000216122,MCM5,MCM10,0.997
9606.ENSP00000216122,MCM5,MCM8,0.996
9606.ENSP00000216122,MCM5,MCMBP,0.995
9606.ENSP00000216122,MCM5,TIMELESS,0.995
9606.ENSP00000216122,MCM5,ORC3,0.994
9606.ENSP00000216122,MCM5,DBF4,0.991
9606.ENSP00000216122,MCM5,TIPIN,0.989
9606.ENSP00000216122,MCM5,TOPBP1,0.985
9606.ENSP00000216122,MCM5,ORC4,0.976
9606.ENSP00000216122,MCM5,ORC6,0.975
9606.ENSP00000216122,MCM5,POLD1,0.969
9606.ENSP00000216122,MCM5,POLA1,0.958
9606.ENSP00000216122,MCM5,CLSPN,0.958
9606.ENSP00000216122,MCM5,MCM8-2,0.958
9606.ENSP00000216122,MCM5,RRM1,0.957
9606.ENSP00000216122,MCM5,RFC5,0.949
9606.ENSP00000216122,MCM5,RFC4,0.949
9606.ENSP00000216122,MCM5,PRIM2,0.948
9606.ENSP00000216122,MCM5,CCNA2,0.948
9606.ENSP00000216122,MCM5,LIG1,0.947
9606.ENSP00000216122,MCM5,PRIM1,0.945
9606.ENSP00000216122,MCM5,RRM2,0.944
9606.ENSP00000216122,MCM5,FEN1,0.942
9606.ENSP00000216122,MCM5,RFC3,0.937
9606.ENSP00000216122,MCM5,RPA2,0.925
9606.ENSP00000216122,MCM5,PCNA,0.918
9606.ENSP00000216122,MCM5,LRR1,0.916
9606.ENSP00000216122,MCM5,MCMDC2,0.91
9606.ENSP00000216122,MCM5,POLA2,0.91
9606.ENSP00000216122,MCM5,CCNA1,0.902
9606.ENSP00000216122,MCM5,RPA1,0.902
9606.ENSP00000217246,MACROD2,FLRT3,0.959
9606.ENSP00000217407,LBP,CD14,0.991
9606.ENSP00000217407,LBP,LY96,0.979
9606.ENSP00000217407,LBP,TLR4,0.979
9606.ENSP00000217407,LBP,APOA1,0.949
9606.ENSP00000219905,MGA,MAX,0.995
9606.ENSP00000219905,MGA,E2F6,0.989
9606.ENSP00000219905,MGA,WDR5,0.979
9606.ENSP00000219905,MGA,L3MBTL2,0.966
9606.ENSP00000219905,MGA,RNF2,0.966
9606.ENSP00000219905,MGA,PCGF6,0.948
9606.ENSP00000219905,MGA,TAF1,0.928
9606.ENSP00000219905,MGA,KMT2A,0.912
9606.ENSP00000219905,MGA,KANSL1,0.91
9606.ENSP00000219905,MGA,CHD8,0.909
9606.ENSP00000219905,MGA,YAF2,0.908
9606.ENSP00000219905,MGA,PHF20,0.908
9606.ENSP00000219905,MGA,SENP3,0.905
9606.ENSP00000219905,MGA,RBBP5,0.905
9606.ENSP00000219905,MGA,PELP1,0.904
9606.ENSP00000219905,MGA,RUVBL2,0.903
9606.ENSP00000219905,MGA,TEX10,0.903
9606.ENSP00000219905,MGA,KAT8,0.902
9606.ENSP00000219905,MGA,TAF4,0.902
9606.ENSP00000219905,MGA,TAF7,0.902
9606.ENSP00000219905,MGA,TAF6,0.902
9606.ENSP00000219905,MGA,HCFC1,0.902
9606.ENSP00000219905,MGA,RUVBL1,0.9
9606.ENSP00000219905,MGA,C17orf49,0.9
9606.ENSP00000219905,MGA,MCRS1,0.9
9606.ENSP00000219905,MGA,PRPF31,0.9
9606.ENSP00000219905,MGA,TAF9,0.9
9606.ENSP00000219905,MGA,INO80C,0.9
9606.ENSP00000219905,MGA,LAS1L,0.9
9606.ENSP00000222399,LAMB1,LAMC1,0.999
9606.ENSP00000222399,LAMB1,LAMA5,0.998
9606.ENSP00000222399,LAMB1,LAMA4,0.992
9606.ENSP00000222399,LAMB1,LAMA1,0.983
9606.ENSP00000222399,LAMB1,ITGA6,0.977
9606.ENSP00000222399,LAMB1,ITGB1,0.974
9606.ENSP00000222399,LAMB1,LAMC3,0.968
9606.ENSP00000222399,LAMB1,LAMA2,0.965
9606.ENSP00000222399,LAMB1,LAMA3,0.95
9606.ENSP00000222399,LAMB1,NID2,0.928
9606.ENSP00000222399,LAMB1,CD44,0.923
9606.ENSP00000222725,LFNG,NOTCH2,0.979
9606.ENSP00000222725,LFNG,NOTCH1,0.973
9606.ENSP00000222725,LFNG,NOTCH3,0.969
9606.ENSP00000222725,LFNG,NOTCH4,0.938
9606.ENSP00000222725,LFNG,MESP2,0.925
9606.ENSP00000222725,LFNG,MFNG,0.909
9606.ENSP00000222725,LFNG,RFNG,0.906
9606.ENSP00000222725,LFNG,DLL1,0.903
9606.ENSP00000225275,MPO,AZU1,0.999
9606.ENSP00000225275,MPO,PRTN3,0.999
9606.ENSP00000225275,MPO,ELANE,0.999
9606.ENSP00000225275,MPO,CTSG,0.999
9606.ENSP00000225275,MPO,LTF,0.998
9606.ENSP00000225275,MPO,BPI,0.995
9606.ENSP00000225275,MPO,CAMP,0.982
9606.ENSP00000225275,MPO,MMP9,0.969
9606.ENSP00000225275,MPO,CP,0.965
9606.ENSP00000225275,MPO,CTSS,0.964
9606.ENSP00000225275,MPO,RUNX1,0.947
9606.ENSP00000225275,MPO,CES1,0.939
9606.ENSP00000225275,MPO,CEACAM8,0.938
9606.ENSP00000225275,MPO,APOA1,0.924
9606.ENSP00000225275,MPO,RNASE3,0.923
9606.ENSP00000225275,MPO,LYZ,0.918
9606.ENSP00000225275,MPO,NAT2,0.91
9606.ENSP00000225275,MPO,NAT1,0.909
9606.ENSP00000225728,MED31,MED19,0.999
9606.ENSP00000225728,MED31,MED4,0.999
9606.ENSP00000225728,MED31,MED10,0.999
9606.ENSP00000225728,MED31,MED12,0.999
9606.ENSP00000225728,MED31,MED14,0.999
9606.ENSP00000225728,MED31,MED26,0.999
9606.ENSP00000225728,MED31,MED7,0.999
9606.ENSP00000225728,MED31,MED28,0.999
9606.ENSP00000225728,MED31,MED6,0.999
9606.ENSP00000225728,MED31,MED18,0.999
9606.ENSP00000225728,MED31,MED17,0.999
9606.ENSP00000225728,MED31,MED22,0.999
9606.ENSP00000225728,MED31,MED21,0.999
9606.ENSP00000225728,MED31,MED9,0.998
9606.ENSP00000225728,MED31,MED27,0.998
9606.ENSP00000225728,MED31,MED23,0.997
9606.ENSP00000225728,MED31,MED8,0.997
9606.ENSP00000225728,MED31,MED29,0.997
9606.ENSP00000225728,MED31,MED15,0.997
9606.ENSP00000225728,MED31,MED20,0.997
9606.ENSP00000225728,MED31,MED30,0.996
9606.ENSP00000225728,MED31,MED11,0.996
9606.ENSP00000225728,MED31,MED16,0.996
9606.ENSP00000225728,MED31,MED1,0.996
9606.ENSP00000225728,MED31,MED24,0.995
9606.ENSP00000225728,MED31,POLR2C,0.995
9606.ENSP00000225728,MED31,POLR2A,0.994
9606.ENSP00000225728,MED31,QKI,0.994
9606.ENSP00000225728,MED31,POLR2D,0.993
9606.ENSP00000225728,MED31,POLR2I,0.992
9606.ENSP00000225728,MED31,CDK8,0.992
9606.ENSP00000225728,MED31,POLR2B,0.992
9606.ENSP00000225728,MED31,POLR2G,0.992
9606.ENSP00000225728,MED31,POLR2E,0.992
9606.ENSP00000225728,MED31,CDK19,0.991
9606.ENSP00000225728,MED31,POLR2K,0.989
9606.ENSP00000225728,MED31,POLR2H,0.988
9606.ENSP00000225728,MED31,CCNC,0.987
9606.ENSP00000225728,MED31,POLR2F,0.986
9606.ENSP00000225728,MED31,POLR2L,0.986
9606.ENSP00000225728,MED31,MED25,0.981
9606.ENSP00000225728,MED31,GTF2B,0.975
9606.ENSP00000225728,MED31,MED13,0.973
9606.ENSP00000225728,MED31,POLR2J,0.964
9606.ENSP00000225728,MED31,MNAT1,0.957
9606.ENSP00000225728,MED31,MED13L,0.957
9606.ENSP00000225728,MED31,GTF2F1,0.95
9606.ENSP00000225728,MED31,GTF2E2,0.948
9606.ENSP00000225728,MED31,TBP,0.939
9606.ENSP00000225728,MED31,GTF2F2,0.937
9606.ENSP00000225728,MED31,GTF2H3,0.936
9606.ENSP00000225728,MED31,GTF2A2,0.931
9606.ENSP00000225728,MED31,ERCC2,0.929
9606.ENSP00000225728,MED31,ERCC3,0.928
9606.ENSP00000225728,MED31,GTF2E1,0.925
9606.ENSP00000225728,MED31,GTF2H4,0.925
9606.ENSP00000225728,MED31,GTF2A1,0.912
9606.ENSP00000225728,MED31,GTF2H2,0.906
9606.ENSP00000225728,MED31,ENSP00000492220,0.903
9606.ENSP00000226730,IL2,IL2RB,0.999
9606.ENSP00000226730,IL2,IL4,0.999
9606.ENSP00000226730,IL2,IL6,0.999
9606.ENSP00000226730,IL2,IL1B,0.999
9606.ENSP00000226730,IL2,IL2RA,0.999
9606.ENSP00000226730,IL2,IL2RG,0.999
9606.ENSP00000226730,IL2,JAK3,0.999
9606.ENSP00000226730,IL2,IL5,0.999
9606.ENSP00000226730,IL2,IL3,0.998
9606.ENSP00000226730,IL2,IL7,0.997
9606.ENSP00000226730,IL2,IL1A,0.997
9606.ENSP00000226730,IL2,CSF2,0.997
9606.ENSP00000226730,IL2,IL15RA,0.992
9606.ENSP00000226730,IL2,FOXP3,0.991
9606.ENSP00000226730,IL2,IL9,0.991
9606.ENSP00000226730,IL2,IFNG,0.99
9606.ENSP00000226730,IL2,JAK1,0.989
9606.ENSP00000226730,IL2,CXCL8,0.985
9606.ENSP00000226730,IL2,IL17A,0.984
9606.ENSP00000226730,IL2,IL7R,0.978
9606.ENSP00000226730,IL2,CD4,0.975
9606.ENSP00000226730,IL2,CD8A,0.971
9606.ENSP00000226730,IL2,CD28,0.965
9606.ENSP00000226730,IL2,IL10,0.964
9606.ENSP00000226730,IL2,ACE2,0.963
9606.ENSP00000226730,IL2,CSF3,0.962
9606.ENSP00000226730,IL2,IL15,0.958
9606.ENSP00000226730,IL2,TNF,0.957
9606.ENSP00000226730,IL2,STAT5A,0.956
9606.ENSP00000226730,IL2,STAT5B,0.956
9606.ENSP00000226730,IL2,LOC102723407,0.944
9606.ENSP00000226730,IL2,CTLA4,0.943
9606.ENSP00000226730,IL2,IL21R,0.939
9606.ENSP00000226730,IL2,NFATC2,0.936
9606.ENSP00000226730,IL2,IL13,0.934
9606.ENSP00000226730,IL2,IL4R,0.932
9606.ENSP00000226730,IL2,PIGR,0.927
9606.ENSP00000226730,IL2,CD40LG,0.924
9606.ENSP00000226730,IL2,JCHAIN,0.922
9606.ENSP00000226730,IL2,IGLL5,0.921
9606.ENSP00000226730,IL2,LCK,0.913
9606.ENSP00000226730,IL2,BCL2L1,0.912
9606.ENSP00000226730,IL2,IL12RB1,0.906
9606.ENSP00000226730,IL2,CD69,0.906
9606.ENSP00000226730,IL2,CD80,0.903
9606.ENSP00000226730,IL2,IL23R,0.901
9606.ENSP00000226730,IL2,IL6R,0.9
9606.ENSP00000228740,LTA4H,ALOX5,0.992
9606.ENSP00000228740,LTA4H,LTC4S,0.992
9606.ENSP00000228740,LTA4H,ALOX5AP,0.95
9606.ENSP00000228740,LTA4H,CYP4F3,0.936
9606.ENSP00000228740,LTA4H,CYP4F2,0.92
9606.ENSP00000230538,LAMA4,LAMB3,0.993
9606.ENSP00000230538,LAMA4,LAMC2,0.993
9606.ENSP00000230538,LAMA4,LAMB1,0.992
9606.ENSP00000230538,LAMA4,LAMC1,0.98
9606.ENSP00000230538,LAMA4,MCAM,0.961
9606.ENSP00000230538,LAMA4,LAMC3,0.95
9606.ENSP00000230538,LAMA4,ITGB1,0.935
9606.ENSP00000230538,LAMA4,LAMB2,0.93
9606.ENSP00000230538,LAMA4,ITGA6,0.926
9606.ENSP00000230538,LAMA4,CD44,0.925
9606.ENSP00000230538,LAMA4,ITGB4,0.919
9606.ENSP00000230588,MEP1A,ACE2,0.961
9606.ENSP00000230588,MEP1A,XPNPEP2,0.951
9606.ENSP00000230588,MEP1A,PRCP,0.95
9606.ENSP00000230588,MEP1A,MEP1B,0.931
9606.ENSP00000230588,MEP1A,DPP4,0.926
9606.ENSP00000230588,MEP1A,MME,0.917
9606.ENSP00000230588,MEP1A,FETUB,0.9
9606.ENSP00000230640,MTREX,C1D,0.999
9606.ENSP00000230640,MTREX,TENT4A,0.999
9606.ENSP00000230640,MTREX,EXOSC10,0.999
9606.ENSP00000230640,MTREX,EXOSC9,0.999
9606.ENSP00000230640,MTREX,ZCCHC8,0.999
9606.ENSP00000230640,MTREX,EXOSC2,0.999
9606.ENSP00000230640,MTREX,ZCCHC7,0.999
9606.ENSP00000230640,MTREX,EXOSC5,0.999
9606.ENSP00000230640,MTREX,NOP53,0.999
9606.ENSP00000230640,MTREX,RBM7,0.999
9606.ENSP00000230640,MTREX,EXOSC3,0.998
9606.ENSP00000230640,MTREX,TENT4B,0.998
9606.ENSP00000230640,MTREX,EXOSC7,0.998
9606.ENSP00000230640,MTREX,EXOSC4,0.998
9606.ENSP00000230640,MTREX,MPHOSPH6,0.997
9606.ENSP00000230640,MTREX,EXOSC1,0.996
9606.ENSP00000230640,MTREX,EXOSC8,0.996
9606.ENSP00000230640,MTREX,UTP18,0.995
9606.ENSP00000230640,MTREX,ZFC3H1,0.995
9606.ENSP00000230640,MTREX,PAPOLA,0.995
9606.ENSP00000230640,MTREX,EXOSC6,0.995
9606.ENSP00000230640,MTREX,PAPOLB,0.995
9606.ENSP00000230640,MTREX,DIS3,0.994
9606.ENSP00000230640,MTREX,PAPOLG,0.994
9606.ENSP00000230640,MTREX,WDR3,0.985
9606.ENSP00000230640,MTREX,BYSL,0.985
9606.ENSP00000230640,MTREX,NVL,0.983
9606.ENSP00000230640,MTREX,PDCD11,0.98
9606.ENSP00000230640,MTREX,RPF2,0.977
9606.ENSP00000230640,MTREX,NRDE2,0.977
9606.ENSP00000230640,MTREX,BMS1,0.973
9606.ENSP00000230640,MTREX,CNOT9,0.97
9606.ENSP00000230640,MTREX,CNOT4,0.967
9606.ENSP00000230640,MTREX,UTP4,0.964
9606.ENSP00000230640,MTREX,WDR36,0.961
9606.ENSP00000230640,MTREX,TBL3,0.96
9606.ENSP00000230640,MTREX,DHX15,0.959
9606.ENSP00000230640,MTREX,WDR75,0.955
9606.ENSP00000230640,MTREX,SRRT,0.951
9606.ENSP00000230640,MTREX,GTPBP4,0.95
9606.ENSP00000230640,MTREX,ALYREF,0.947
9606.ENSP00000230640,MTREX,NAT10,0.946
9606.ENSP00000230640,MTREX,UTP3,0.946
9606.ENSP00000230640,MTREX,UTP14A,0.945
9606.ENSP00000230640,MTREX,CWC27,0.938
9606.ENSP00000230640,MTREX,EIF4A3,0.935
9606.ENSP00000230640,MTREX,NOP58,0.935
9606.ENSP00000230640,MTREX,DIS3L,0.933
9606.ENSP00000230640,MTREX,HEATR1,0.933
9606.ENSP00000230640,MTREX,FAU,0.931
9606.ENSP00000230640,MTREX,NOC4L,0.928
9606.ENSP00000230640,MTREX,GNL2,0.923
9606.ENSP00000230640,MTREX,PWP2,0.922
9606.ENSP00000230640,MTREX,NCBP2,0.921
9606.ENSP00000230640,MTREX,POLR1A,0.918
9606.ENSP00000230640,MTREX,NOL6,0.917
9606.ENSP00000230640,MTREX,UTP14C,0.915
9606.ENSP00000230640,MTREX,NCBP1,0.913
9606.ENSP00000230640,MTREX,POLR1B,0.912
9606.ENSP00000230640,MTREX,DCAF13,0.911
9606.ENSP00000230640,MTREX,DDX5,0.909
9606.ENSP00000230640,MTREX,MRTO4,0.908
9606.ENSP00000230640,MTREX,PABPN1,0.905
9606.ENSP00000230640,MTREX,RSL24D1,0.905
9606.ENSP00000230640,MTREX,RCL1,0.905
9606.ENSP00000230640,MTREX,DHX16,0.903
9606.ENSP00000230640,MTREX,DHX9,0.901
9606.ENSP00000230640,MTREX,KRR1,0.901
9606.ENSP00000230640,MTREX,UTP20,0.9
9606.ENSP00000230640,MTREX,WDR46,0.9
9606.ENSP00000231790,MLH1,MLH3,0.999
9606.ENSP00000231790,MLH1,PMS1,0.999
9606.ENSP00000231790,MLH1,BRIP1,0.999
9606.ENSP00000231790,MLH1,BLM,0.999
9606.ENSP00000231790,MLH1,EXO1,0.999
9606.ENSP00000231790,MLH1,MSH3,0.999
9606.ENSP00000231790,MLH1,MSH2,0.999
9606.ENSP00000231790,MLH1,PMS2,0.999
9606.ENSP00000231790,MLH1,MSH6,0.999
9606.ENSP00000231790,MLH1,FAN1,0.997
9606.ENSP00000231790,MLH1,ATM,0.997
9606.ENSP00000231790,MLH1,BRCA1,0.994
9606.ENSP00000231790,MLH1,MSH4,0.986
9606.ENSP00000231790,MLH1,MSH5,0.971
9606.ENSP00000231790,MLH1,FANCD2,0.971
9606.ENSP00000231790,MLH1,MBD4,0.966
9606.ENSP00000231790,MLH1,TP53,0.965
9606.ENSP00000231790,MLH1,BRCA2,0.954
9606.ENSP00000231790,MLH1,POLD1,0.944
9606.ENSP00000231790,MLH1,MCM9,0.926
9606.ENSP00000231790,MLH1,MUTYH,0.92
9606.ENSP00000233121,MAPRE3,MAPRE1,0.992
9606.ENSP00000233121,MAPRE3,DCTN1,0.984
9606.ENSP00000233121,MAPRE3,DBN1,0.984
9606.ENSP00000233121,MAPRE3,CLIP1,0.951
9606.ENSP00000233121,MAPRE3,CKAP5,0.948
9606.ENSP00000233121,MAPRE3,TUBB2B,0.948
9606.ENSP00000233121,MAPRE3,TUBB3,0.946
9606.ENSP00000233121,MAPRE3,TUBA1B,0.944
9606.ENSP00000233121,MAPRE3,SRCIN1,0.916
9606.ENSP00000233146,MSH2,PMS2,0.999
9606.ENSP00000233146,MSH2,MSH6,0.999
9606.ENSP00000233146,MSH2,MSH3,0.999
9606.ENSP00000233146,MSH2,MLH1,0.999
9606.ENSP00000233146,MSH2,EXO1,0.999
9606.ENSP00000233146,MSH2,ATM,0.999
9606.ENSP00000233146,MSH2,PMS1,0.999
9606.ENSP00000233146,MSH2,MLH3,0.999
9606.ENSP00000233146,MSH2,POLD1,0.994
9606.ENSP00000233146,MSH2,BRCA1,0.994
9606.ENSP00000233146,MSH2,ERCC1,0.992
9606.ENSP00000233146,MSH2,ERCC4,0.989
9606.ENSP00000233146,MSH2,XRCC6,0.979
9606.ENSP00000233146,MSH2,TP53,0.974
9606.ENSP00000233146,MSH2,ARID1A,0.974
9606.ENSP00000233146,MSH2,XRCC5,0.973
9606.ENSP00000233146,MSH2,PCNA,0.972
9606.ENSP00000233146,MSH2,SLX4,0.972
9606.ENSP00000233146,MSH2,BRCA2,0.968
9606.ENSP00000233146,MSH2,LIG4,0.964
9606.ENSP00000233146,MSH2,ERCC5,0.962
9606.ENSP00000233146,MSH2,FANCD2,0.957
9606.ENSP00000233146,MSH2,PRKDC,0.957
9606.ENSP00000233146,MSH2,XRCC4,0.953
9606.ENSP00000233146,MSH2,FEN1,0.948
9606.ENSP00000233146,MSH2,POLE,0.947
9606.ENSP00000233146,MSH2,RAD23B,0.946
9606.ENSP00000233146,MSH2,MUTYH,0.946
9606.ENSP00000233146,MSH2,DCLRE1C,0.944
9606.ENSP00000233146,MSH2,SMARCAD1,0.944
9606.ENSP00000233146,MSH2,XPC,0.944
9606.ENSP00000233146,MSH2,RAD51,0.944
9606.ENSP00000233146,MSH2,MCM9,0.938
9606.ENSP00000233146,MSH2,RFC4,0.935
9606.ENSP00000233146,MSH2,CHEK2,0.934
9606.ENSP00000233146,MSH2,NHEJ1,0.932
9606.ENSP00000233146,MSH2,KDM1A,0.925
9606.ENSP00000233146,MSH2,ERCC8,0.924
9606.ENSP00000233146,MSH2,PAXX,0.918
9606.ENSP00000233146,MSH2,CETN2,0.917
9606.ENSP00000233146,MSH2,EPCAM,0.914
9606.ENSP00000233146,MSH2,SWSAP1,0.912
9606.ENSP00000233146,MSH2,ATP23,0.91
9606.ENSP00000233146,MSH2,ATR,0.91
9606.ENSP00000233146,MSH2,XPA,0.908
9606.ENSP00000233146,MSH2,BLM,0.907
9606.ENSP00000233146,MSH2,PHF21A,0.907
9606.ENSP00000233146,MSH2,ZSWIM7,0.905
9606.ENSP00000233146,MSH2,RCOR1,0.904
9606.ENSP00000233954,IL1RL1,IL1RAP,0.999
9606.ENSP00000233954,IL1RL1,IL33,0.999
9606.ENSP00000233954,IL1RL1,MYD88,0.971
9606.ENSP00000233954,IL1RL1,IL1R1,0.938
9606.ENSP00000233954,IL1RL1,IRAK1,0.932
9606.ENSP00000234420,MSH6,PMS1,0.999
9606.ENSP00000234420,MSH6,MLH3,0.999
9606.ENSP00000234420,MSH6,MSH2,0.999
9606.ENSP00000234420,MSH6,MLH1,0.999
9606.ENSP00000234420,MSH6,MSH3,0.999
9606.ENSP00000234420,MSH6,PMS2,0.999
9606.ENSP00000234420,MSH6,ATM,0.999
9606.ENSP00000234420,MSH6,PCNA,0.998
9606.ENSP00000234420,MSH6,EXO1,0.996
9606.ENSP00000234420,MSH6,BRCA1,0.996
9606.ENSP00000234420,MSH6,POLD1,0.995
9606.ENSP00000234420,MSH6,XRCC6,0.992
9606.ENSP00000234420,MSH6,MUTYH,0.982
9606.ENSP00000234420,MSH6,ERCC1,0.974
9606.ENSP00000234420,MSH6,XRCC5,0.972
9606.ENSP00000234420,MSH6,BLM,0.972
9606.ENSP00000234420,MSH6,BRCA2,0.967
9606.ENSP00000234420,MSH6,PRKDC,0.967
9606.ENSP00000234420,MSH6,ERCC4,0.966
9606.ENSP00000234420,MSH6,LIG4,0.965
9606.ENSP00000234420,MSH6,ERCC5,0.963
9606.ENSP00000234420,MSH6,POLE,0.957
9606.ENSP00000234420,MSH6,RAD23B,0.955
9606.ENSP00000234420,MSH6,FEN1,0.95
9606.ENSP00000234420,MSH6,XRCC4,0.946
9606.ENSP00000234420,MSH6,DCLRE1C,0.935
9606.ENSP00000234420,MSH6,XPC,0.933
9606.ENSP00000234420,MSH6,KDM1A,0.932
9606.ENSP00000234420,MSH6,NHEJ1,0.931
9606.ENSP00000234420,MSH6,RFC4,0.928
9606.ENSP00000234420,MSH6,FANCM,0.927
9606.ENSP00000234420,MSH6,BARD1,0.925
9606.ENSP00000234420,MSH6,ERCC8,0.921
9606.ENSP00000234420,MSH6,CETN2,0.917
9606.ENSP00000234420,MSH6,PAXX,0.916
9606.ENSP00000234420,MSH6,PHF21A,0.913
9606.ENSP00000234420,MSH6,SWSAP1,0.912
9606.ENSP00000234420,MSH6,RPA1,0.91
9606.ENSP00000234420,MSH6,RCOR1,0.908
9606.ENSP00000234420,MSH6,NBN,0.907
9606.ENSP00000234420,MSH6,ATP23,0.905
9606.ENSP00000234420,MSH6,RFC2,0.901
9606.ENSP00000234420,MSH6,ZSWIM7,0.9
9606.ENSP00000235310,MAD2L2,REV1,0.999
9606.ENSP00000235310,MAD2L2,POLD2,0.999
9606.ENSP00000235310,MAD2L2,REV3L,0.999
9606.ENSP00000235310,MAD2L2,SHLD2,0.999
9606.ENSP00000235310,MAD2L2,POLD3,0.998
9606.ENSP00000235310,MAD2L2,SHLD3,0.998
9606.ENSP00000235310,MAD2L2,SHLD1,0.997
9606.ENSP00000235310,MAD2L2,TRIP13,0.98
9606.ENSP00000235310,MAD2L2,POLD1,0.978
9606.ENSP00000235310,MAD2L2,MAD2L1,0.975
9606.ENSP00000235310,MAD2L2,POLE,0.97
9606.ENSP00000235310,MAD2L2,FZR1,0.968
9606.ENSP00000235310,MAD2L2,POLA1,0.968
9606.ENSP00000235310,MAD2L2,BUB1,0.968
9606.ENSP00000235310,MAD2L2,TP53BP1,0.963
9606.ENSP00000235310,MAD2L2,ADAM9,0.943
9606.ENSP00000235310,MAD2L2,CHAMP1,0.94
9606.ENSP00000235310,MAD2L2,POLH,0.936
9606.ENSP00000235310,MAD2L2,CDC20,0.933
9606.ENSP00000235310,MAD2L2,PAXIP1,0.933
9606.ENSP00000235310,MAD2L2,MAD1L1,0.933
9606.ENSP00000235310,MAD2L2,POLE3,0.929
9606.ENSP00000235310,MAD2L2,POLE2,0.926
9606.ENSP00000235310,MAD2L2,BUB1B,0.926
9606.ENSP00000235310,MAD2L2,POLE4,0.926
9606.ENSP00000235310,MAD2L2,POLA2,0.922
9606.ENSP00000235310,MAD2L2,POLG,0.922
9606.ENSP00000235310,MAD2L2,PRIM1,0.914
9606.ENSP00000235310,MAD2L2,POLG2,0.913
9606.ENSP00000235310,MAD2L2,PRIM2,0.908
9606.ENSP00000235310,MAD2L2,CHRAC1,0.9
9606.ENSP00000235310,MAD2L2,CRCP,0.9
9606.ENSP00000239243,MSX2,RUNX2,0.995
9606.ENSP00000239243,MSX2,MSX1,0.957
9606.ENSP00000239243,MSX2,TWIST1,0.901
9606.ENSP00000239243,MSX2,DLX5,0.9
9606.ENSP00000240874,KALRN,PAM,0.973
9606.ENSP00000240874,KALRN,RAC1,0.959
9606.ENSP00000240874,KALRN,DLG4,0.956
9606.ENSP00000240874,KALRN,RHOG,0.921
9606.ENSP00000241014,MAPK8IP1,MAPK8,0.999
9606.ENSP00000241014,MAPK8IP1,MAP2K7,0.999
9606.ENSP00000241014,MAPK8IP1,MAPK8IP2,0.996
9606.ENSP00000241014,MAPK8IP1,MAPK9,0.993
9606.ENSP00000241014,MAPK8IP1,JUN,0.992
9606.ENSP00000241014,MAPK8IP1,MAP3K11,0.992
9606.ENSP00000241014,MAPK8IP1,KLC1,0.99
9606.ENSP00000241014,MAPK8IP1,APP,0.963
9606.ENSP00000241014,MAPK8IP1,KLC2,0.931
9606.ENSP00000241014,MAPK8IP1,MAP3K13,0.929
9606.ENSP00000241014,MAPK8IP1,KLC4,0.927
9606.ENSP00000241014,MAPK8IP1,MAPK8IP3,0.925
9606.ENSP00000241014,MAPK8IP1,MAP4K1,0.919
9606.ENSP00000241014,MAPK8IP1,PTPRN,0.91
9606.ENSP00000242208,INHBA,ACVR2A,0.999
9606.ENSP00000242208,INHBA,FST,0.999
9606.ENSP00000242208,INHBA,ACVR2B,0.999
9606.ENSP00000242208,INHBA,ACVR1B,0.996
9606.ENSP00000242208,INHBA,FSTL3,0.989
9606.ENSP00000242208,INHBA,INHBB,0.986
9606.ENSP00000242208,INHBA,ACVR1C,0.982
9606.ENSP00000242208,INHBA,INHA,0.961
9606.ENSP00000242208,INHBA,TGFB3,0.946
9606.ENSP00000242208,INHBA,TGFB1,0.92
9606.ENSP00000242208,INHBA,NODAL,0.913
9606.ENSP00000243077,LRP1,APOE,0.999
9606.ENSP00000243077,LRP1,A2M,0.998
9606.ENSP00000243077,LRP1,CALR,0.998
9606.ENSP00000243077,LRP1,LRPAP1,0.997
9606.ENSP00000243077,LRP1,HSP90B1,0.996
9606.ENSP00000243077,LRP1,HPX,0.996
9606.ENSP00000243077,LRP1,HSP90AA1,0.994
9606.ENSP00000243077,LRP1,HSPA4,0.991
9606.ENSP00000243077,LRP1,HSP90AB1,0.99
9606.ENSP00000243077,LRP1,SERPINE1,0.988
9606.ENSP00000243077,LRP1,LPL,0.987
9606.ENSP00000243077,LRP1,PLAT,0.987
9606.ENSP00000243077,LRP1,APP,0.983
9606.ENSP00000243077,LRP1,THBS1,0.958
9606.ENSP00000243077,LRP1,DLG4,0.946
9606.ENSP00000243077,LRP1,LRP2,0.942
9606.ENSP00000243077,LRP1,ANXA6,0.932
9606.ENSP00000243077,LRP1,APBB1,0.918
9606.ENSP00000243077,LRP1,LTF,0.902
9606.ENSP00000243786,INHA,ACVR2A,0.966
9606.ENSP00000243786,INHA,ACVR2B,0.962
9606.ENSP00000243786,INHA,INHBA,0.961
9606.ENSP00000243786,INHA,TGFBR3,0.904
9606.ENSP00000244051,MOCS3,MOCS2,0.999
9606.ENSP00000244051,MOCS3,URM1,0.999
9606.ENSP00000244051,MOCS3,TST,0.995
9606.ENSP00000244051,MOCS3,NFS1,0.993
9606.ENSP00000244051,MOCS3,MPST,0.991
9606.ENSP00000244051,MOCS3,CTU1,0.95
9606.ENSP00000244051,MOCS3,MOCS1,0.904
9606.ENSP00000245414,IRF1,STAT1,0.999
9606.ENSP00000245414,IRF1,HDAC1,0.985
9606.ENSP00000245414,IRF1,EP300,0.984
9606.ENSP00000245414,IRF1,IRF8,0.983
9606.ENSP00000245414,IRF1,IRF2,0.982
9606.ENSP00000245414,IRF1,SPI1,0.974
9606.ENSP00000245414,IRF1,MDM2,0.97
9606.ENSP00000245414,IRF1,MYD88,0.965
9606.ENSP00000245414,IRF1,STAT2,0.961
9606.ENSP00000245414,IRF1,IFNB1,0.934
9606.ENSP00000245414,IRF1,HDAC2,0.927
9606.ENSP00000245414,IRF1,JUN,0.919
9606.ENSP00000245414,IRF1,IFNG,0.917
9606.ENSP00000245414,IRF1,CHD4,0.91
9606.ENSP00000245414,IRF1,IFNA1,0.91
9606.ENSP00000245414,IRF1,STAT3,0.9
9606.ENSP00000246186,MMP24,HBEGF,0.916
9606.ENSP00000246186,MMP24,GNAI3,0.903
9606.ENSP00000246186,MMP24,GNAI2,0.903
9606.ENSP00000246186,MMP24,GNAI1,0.903
9606.ENSP00000246635,KRT13,KRT4,0.986
9606.ENSP00000246635,KRT13,KRT6A,0.9
9606.ENSP00000248071,KLF2,NFKB1,0.938
9606.ENSP00000248071,KLF2,RELA,0.934
9606.ENSP00000249016,MCHR1,PMCH,0.999
9606.ENSP00000249016,MCHR1,MCHR2,0.917
9606.ENSP00000249016,MCHR1,BBS1,0.91
9606.ENSP00000249776,KNSTRN,SPAG5,0.983
9606.ENSP00000249910,MBD4,MLH1,0.966
9606.ENSP00000249910,MBD4,DNMT3B,0.96
9606.ENSP00000249910,MBD4,DNMT1,0.925
9606.ENSP00000249910,MBD4,TDG,0.902
9606.ENSP00000249910,MBD4,DNMT3A,0.901
9606.ENSP00000252674,MLLT1,CCNT1,0.999
9606.ENSP00000252674,MLLT1,ELL2,0.999
9606.ENSP00000252674,MLLT1,AFF1,0.999
9606.ENSP00000252674,MLLT1,CDK9,0.999
9606.ENSP00000252674,MLLT1,MLLT3,0.999
9606.ENSP00000252674,MLLT1,AFF4,0.999
9606.ENSP00000252674,MLLT1,ELL,0.999
9606.ENSP00000252674,MLLT1,ELL3,0.997
9606.ENSP00000252674,MLLT1,DOT1L,0.995
9606.ENSP00000252674,MLLT1,EAF1,0.99
9606.ENSP00000252674,MLLT1,CCNT2,0.989
9606.ENSP00000252674,MLLT1,MLLT10,0.986
9606.ENSP00000252674,MLLT1,H3C12,0.982
9606.ENSP00000252674,MLLT1,H3C13,0.98
9606.ENSP00000252674,MLLT1,H3-2,0.98
9606.ENSP00000252674,MLLT1,MLLT6,0.974
9606.ENSP00000252674,MLLT1,KMT2A,0.962
9606.ENSP00000252674,MLLT1,AFF3,0.959
9606.ENSP00000252674,MLLT1,PAF1,0.953
9606.ENSP00000252674,MLLT1,CDC73,0.946
9606.ENSP00000252674,MLLT1,SUPT5H,0.936
9606.ENSP00000252674,MLLT1,NELFE,0.932
9606.ENSP00000252674,MLLT1,H3C1,0.932
9606.ENSP00000252674,MLLT1,NELFB,0.932
9606.ENSP00000252674,MLLT1,EAF2,0.93
9606.ENSP00000252674,MLLT1,SUPT4H1,0.93
9606.ENSP00000252674,MLLT1,RTF1,0.929
9606.ENSP00000252674,MLLT1,TCEA2,0.928
9606.ENSP00000252674,MLLT1,LEO1,0.926
9606.ENSP00000252674,MLLT1,CTR9,0.924
9606.ENSP00000252674,MLLT1,H3C8,0.915
9606.ENSP00000252674,MLLT1,H3C3,0.914
9606.ENSP00000252674,MLLT1,H3C11,0.914
9606.ENSP00000252674,MLLT1,H3C6,0.913
9606.ENSP00000252674,MLLT1,H3C10,0.913
9606.ENSP00000252674,MLLT1,H3C2,0.913
9606.ENSP00000252674,MLLT1,H3C4,0.913
9606.ENSP00000252674,MLLT1,H3C15,0.913
9606.ENSP00000252674,MLLT1,H3C14,0.913
9606.ENSP00000252674,MLLT1,H3C7,0.913
9606.ENSP00000252674,MLLT1,BMI1,0.913
9606.ENSP00000252674,MLLT1,ERCC6,0.912
9606.ENSP00000252674,MLLT1,WDR61,0.91
9606.ENSP00000252674,MLLT1,ICE2,0.908
9606.ENSP00000252674,MLLT1,ELOA,0.907
9606.ENSP00000252674,MLLT1,ICE1,0.906
9606.ENSP00000252674,MLLT1,ZC3H8,0.905
9606.ENSP00000252674,MLLT1,ELOC,0.904
9606.ENSP00000252674,MLLT1,ELOB,0.903
9606.ENSP00000252674,MLLT1,NELFCD,0.903
9606.ENSP00000252674,MLLT1,NELFA,0.901
9606.ENSP00000252674,MLLT1,ELP4,0.9
9606.ENSP00000252674,MLLT1,PEX2,0.9
9606.ENSP00000254958,JAG1,NOTCH4,0.999
9606.ENSP00000254958,JAG1,NOTCH2,0.999
9606.ENSP00000254958,JAG1,NOTCH3,0.999
9606.ENSP00000254958,JAG1,NOTCH1,0.999
9606.ENSP00000254958,JAG1,JAG2,0.951
9606.ENSP00000254958,JAG1,RBPJ,0.938
9606.ENSP00000254958,JAG1,HEY1,0.926
9606.ENSP00000254958,JAG1,HEY2,0.918
9606.ENSP00000254958,JAG1,SRRT,0.915
9606.ENSP00000254958,JAG1,IGHV3-16,0.9
9606.ENSP00000256078,KRAS,RALGDS,0.999
9606.ENSP00000256078,KRAS,BRAF,0.999
9606.ENSP00000256078,KRAS,SOS1,0.999
9606.ENSP00000256078,KRAS,RAF1,0.999
9606.ENSP00000256078,KRAS,CALML5,0.998
9606.ENSP00000256078,KRAS,CALML3,0.998
9606.ENSP00000256078,KRAS,CALM3,0.998
9606.ENSP00000256078,KRAS,CALML6,0.998
9606.ENSP00000256078,KRAS,CALML4,0.998
9606.ENSP00000256078,KRAS,PIK3CA,0.998
9606.ENSP00000256078,KRAS,RGL1,0.997
9606.ENSP00000256078,KRAS,EGFR,0.997
9606.ENSP00000256078,KRAS,ARAF,0.996
9606.ENSP00000256078,KRAS,NF1,0.996
9606.ENSP00000256078,KRAS,MAP2K1,0.995
9606.ENSP00000256078,KRAS,HRAS,0.992
9606.ENSP00000256078,KRAS,CDKN2A,0.992
9606.ENSP00000256078,KRAS,SRC,0.99
9606.ENSP00000256078,KRAS,SHOC2,0.989
9606.ENSP00000256078,KRAS,ALK,0.989
9606.ENSP00000256078,KRAS,MAPK1,0.988
9606.ENSP00000256078,KRAS,RASSF1,0.987
9606.ENSP00000256078,KRAS,SOS2,0.985
9606.ENSP00000256078,KRAS,MAPK3,0.982
9606.ENSP00000256078,KRAS,BCL2L1,0.982
9606.ENSP00000256078,KRAS,RASSF5,0.981
9606.ENSP00000256078,KRAS,FGFR1,0.981
9606.ENSP00000256078,KRAS,EML4,0.98
9606.ENSP00000256078,KRAS,MET,0.979
9606.ENSP00000256078,KRAS,PDGFRA,0.978
9606.ENSP00000256078,KRAS,KIT,0.976
9606.ENSP00000256078,KRAS,MAPKAP1,0.974
9606.ENSP00000256078,KRAS,PIK3CD,0.974
9606.ENSP00000256078,KRAS,FGFR2,0.973
9606.ENSP00000256078,KRAS,PIK3CB,0.973
9606.ENSP00000256078,KRAS,RASA1,0.971
9606.ENSP00000256078,KRAS,IFNGR1,0.971
9606.ENSP00000256078,KRAS,PLCE1,0.971
9606.ENSP00000256078,KRAS,IGF1R,0.971
9606.ENSP00000256078,KRAS,FGFR3,0.971
9606.ENSP00000256078,KRAS,RIN1,0.969
9606.ENSP00000256078,KRAS,PIK3CG,0.968
9606.ENSP00000256078,KRAS,TIAM1,0.967
9606.ENSP00000256078,KRAS,ERBB2,0.966
9606.ENSP00000256078,KRAS,MAP2K2,0.966
9606.ENSP00000256078,KRAS,PIK3R1,0.963
9606.ENSP00000256078,KRAS,GNAQ,0.96
9606.ENSP00000256078,KRAS,PDGFRB,0.959
9606.ENSP00000256078,KRAS,LGALS3,0.959
9606.ENSP00000256078,KRAS,RGL2,0.958
9606.ENSP00000256078,KRAS,RPS6KA1,0.956
9606.ENSP00000256078,KRAS,PTPN11,0.953
9606.ENSP00000256078,KRAS,MAP3K1,0.953
9606.ENSP00000256078,KRAS,PIK3R3,0.952
9606.ENSP00000256078,KRAS,RPS6KA3,0.95
9606.ENSP00000256078,KRAS,RASGRF1,0.949
9606.ENSP00000256078,KRAS,TP53,0.949
9606.ENSP00000256078,KRAS,FGFR4,0.948
9606.ENSP00000256078,KRAS,MAPK8,0.948
9606.ENSP00000256078,KRAS,RASA2,0.947
9606.ENSP00000256078,KRAS,RASGRF2,0.946
9606.ENSP00000256078,KRAS,PIK3R2,0.946
9606.ENSP00000256078,KRAS,AFDN,0.945
9606.ENSP00000256078,KRAS,NRAS,0.944
9606.ENSP00000256078,KRAS,AGER,0.944
9606.ENSP00000256078,KRAS,RALBP1,0.941
9606.ENSP00000256078,KRAS,RPS6KA2,0.94
9606.ENSP00000256078,KRAS,RAPGEF2,0.939
9606.ENSP00000256078,KRAS,GNAI2,0.938
9606.ENSP00000256078,KRAS,RASGRP1,0.937
9606.ENSP00000256078,KRAS,PTEN,0.936
9606.ENSP00000256078,KRAS,GNAI3,0.936
9606.ENSP00000256078,KRAS,SYK,0.936
9606.ENSP00000256078,KRAS,MAPK9,0.935
9606.ENSP00000256078,KRAS,PRKCA,0.932
9606.ENSP00000256078,KRAS,GRB2,0.931
9606.ENSP00000256078,KRAS,ICAM1,0.931
9606.ENSP00000256078,KRAS,GNAI1,0.926
9606.ENSP00000256078,KRAS,PRKCE,0.926
9606.ENSP00000256078,KRAS,RASGRP3,0.926
9606.ENSP00000256078,KRAS,RASGRP4,0.925
9606.ENSP00000256078,KRAS,PRKCB,0.923
9606.ENSP00000256078,KRAS,RASGRP2,0.922
9606.ENSP00000256078,KRAS,LZTR1,0.921
9606.ENSP00000256078,KRAS,PIK3R5,0.921
9606.ENSP00000256078,KRAS,ARHGEF12,0.919
9606.ENSP00000256078,KRAS,ERBB3,0.919
9606.ENSP00000256078,KRAS,IL3RA,0.918
9606.ENSP00000256078,KRAS,RPS6KA6,0.918
9606.ENSP00000256078,KRAS,SMAD4,0.917
9606.ENSP00000256078,KRAS,ARHGEF6,0.912
9606.ENSP00000256078,KRAS,RAPGEF5,0.911
9606.ENSP00000256078,KRAS,PRKCG,0.911
9606.ENSP00000256078,KRAS,AKT1,0.904
9606.ENSP00000256078,KRAS,PIK3R6,0.904
9606.ENSP00000256078,KRAS,BRAP,0.903
9606.ENSP00000256078,KRAS,NOS1,0.903
9606.ENSP00000256078,KRAS,CSF2RB,0.903
9606.ENSP00000257552,MSI1,MSI2,0.945
9606.ENSP00000257552,MSI1,DAZAP1,0.911
9606.ENSP00000257818,LMO2,LDB1,0.999
9606.ENSP00000257818,LMO2,GATA1,0.999
9606.ENSP00000257818,LMO2,TAL1,0.999
9606.ENSP00000257818,LMO2,LDB2,0.998
9606.ENSP00000257818,LMO2,LYL1,0.998
9606.ENSP00000257818,LMO2,GATA2,0.997
9606.ENSP00000257818,LMO2,TCF3,0.996
9606.ENSP00000257818,LMO2,RUNX1,0.988
9606.ENSP00000257818,LMO2,TCF12,0.978
9606.ENSP00000257818,LMO2,ZFPM1,0.973
9606.ENSP00000257818,LMO2,BEX2,0.923
9606.ENSP00000257818,LMO2,TAL2,0.903
9606.ENSP00000257818,LMO2,IGHV3-16,0.9
9606.ENSP00000258149,MDM2,RB1,0.999
9606.ENSP00000258149,MDM2,AKT1,0.999
9606.ENSP00000258149,MDM2,UBE2D2,0.999
9606.ENSP00000258149,MDM2,USP7,0.999
9606.ENSP00000258149,MDM2,CDKN2A,0.999
9606.ENSP00000258149,MDM2,MDM4,0.999
9606.ENSP00000258149,MDM2,EP300,0.999
9606.ENSP00000258149,MDM2,TP53,0.999
9606.ENSP00000258149,MDM2,RPL11,0.999
9606.ENSP00000258149,MDM2,RPL5,0.999
9606.ENSP00000258149,MDM2,NUMB,0.998
9606.ENSP00000258149,MDM2,AR,0.998
9606.ENSP00000258149,MDM2,TP73,0.998
9606.ENSP00000258149,MDM2,UBE2D1,0.997
9606.ENSP00000258149,MDM2,TCHP,0.997
9606.ENSP00000258149,MDM2,FOXO3,0.995
9606.ENSP00000258149,MDM2,ATM,0.995
9606.ENSP00000258149,MDM2,DAXX,0.995
9606.ENSP00000258149,MDM2,RPS27A,0.994
9606.ENSP00000258149,MDM2,E2F1,0.992
9606.ENSP00000258149,MDM2,NUMBL,0.992
9606.ENSP00000258149,MDM2,UBC,0.99
9606.ENSP00000258149,MDM2,RPL26,0.99
9606.ENSP00000258149,MDM2,ARRB1,0.99
9606.ENSP00000258149,MDM2,SFN,0.989
9606.ENSP00000258149,MDM2,HIF1A,0.988
9606.ENSP00000258149,MDM2,ARRB2,0.987
9606.ENSP00000258149,MDM2,PSMD10,0.986
9606.ENSP00000258149,MDM2,CHEK2,0.983
9606.ENSP00000258149,MDM2,IGF1R,0.981
9606.ENSP00000258149,MDM2,CDKN1A,0.98
9606.ENSP00000258149,MDM2,GNL3,0.979
9606.ENSP00000258149,MDM2,NPM1,0.974
9606.ENSP00000258149,MDM2,IRF1,0.97
9606.ENSP00000258149,MDM2,UBA52,0.967
9606.ENSP00000258149,MDM2,UBE2D3,0.967
9606.ENSP00000258149,MDM2,LATS2,0.966
9606.ENSP00000258149,MDM2,CASP3,0.966
9606.ENSP00000258149,MDM2,AKT3,0.966
9606.ENSP00000258149,MDM2,HDAC1,0.963
9606.ENSP00000258149,MDM2,UBB,0.961
9606.ENSP00000258149,MDM2,CSNK1A1,0.961
9606.ENSP00000258149,MDM2,BTRC,0.96
9606.ENSP00000258149,MDM2,RPS3,0.959
9606.ENSP00000258149,MDM2,RPS7,0.959
9606.ENSP00000258149,MDM2,BCL2,0.953
9606.ENSP00000258149,MDM2,FBXW11,0.95
9606.ENSP00000258149,MDM2,AKT2,0.947
9606.ENSP00000258149,MDM2,ESR1,0.946
9606.ENSP00000258149,MDM2,EZH2,0.945
9606.ENSP00000258149,MDM2,RASSF5,0.942
9606.ENSP00000258149,MDM2,ATF3,0.942
9606.ENSP00000258149,MDM2,RPL23,0.941
9606.ENSP00000258149,MDM2,RPS14,0.94
9606.ENSP00000258149,MDM2,MTBP,0.939
9606.ENSP00000258149,MDM2,UBE4B,0.938
9606.ENSP00000258149,MDM2,DLG4,0.936
9606.ENSP00000258149,MDM2,PML,0.934
9606.ENSP00000258149,MDM2,XIAP,0.929
9606.ENSP00000258149,MDM2,CCND1,0.926
9606.ENSP00000258149,MDM2,RPS15,0.925
9606.ENSP00000258149,MDM2,CDH1,0.925
9606.ENSP00000258149,MDM2,RCHY1,0.923
9606.ENSP00000258149,MDM2,CCNG1,0.915
9606.ENSP00000258149,MDM2,KAT5,0.915
9606.ENSP00000258149,MDM2,CREBBP,0.909
9606.ENSP00000258149,MDM2,HSP90AA1,0.909
9606.ENSP00000258149,MDM2,LUM,0.903
9606.ENSP00000258149,MDM2,RBBP6,0.903
9606.ENSP00000258149,MDM2,PTEN,0.902
9606.ENSP00000258149,MDM2,TRIM28,0.9
9606.ENSP00000258149,MDM2,TP63,0.9
9606.ENSP00000258341,LAMC1,LAMA5,0.999
9606.ENSP00000258341,LAMC1,LAMB1,0.999
9606.ENSP00000258341,LAMC1,NID1,0.997
9606.ENSP00000258341,LAMC1,NID2,0.984
9606.ENSP00000258341,LAMC1,ITGB1,0.982
9606.ENSP00000258341,LAMC1,LAMA2,0.981
9606.ENSP00000258341,LAMC1,LAMA4,0.98
9606.ENSP00000258341,LAMC1,ITGA6,0.979
9606.ENSP00000258341,LAMC1,LAMB2,0.962
9606.ENSP00000258341,LAMC1,LAMA1,0.944
9606.ENSP00000258341,LAMC1,LAMA3,0.931
9606.ENSP00000258341,LAMC1,CD44,0.922
9606.ENSP00000258341,LAMC1,PRNP,0.907
9606.ENSP00000258729,IGF2BP3,IGF2,0.989
9606.ENSP00000258729,IGF2BP3,IGF2BP1,0.984
9606.ENSP00000258729,IGF2BP3,HNRNPA2B1,0.925
9606.ENSP00000258729,IGF2BP3,HMGA2,0.909
9606.ENSP00000258729,IGF2BP3,YTHDF1,0.906
9606.ENSP00000258729,IGF2BP3,ELAVL1,0.903
9606.ENSP00000259021,KAT7,MEAF6,0.999
9606.ENSP00000259021,KAT7,ING5,0.999
9606.ENSP00000259021,KAT7,BRD1,0.999
9606.ENSP00000259021,KAT7,ING4,0.999
9606.ENSP00000259021,KAT7,BRPF3,0.998
9606.ENSP00000259021,KAT7,JADE1,0.998
9606.ENSP00000259021,KAT7,BRPF1,0.997
9606.ENSP00000259021,KAT7,JADE2,0.973
9606.ENSP00000259021,KAT7,JADE3,0.971
9606.ENSP00000259021,KAT7,CDT1,0.97
9606.ENSP00000259021,KAT7,H4C6,0.968
9606.ENSP00000259021,KAT7,KAT6A,0.96
9606.ENSP00000259021,KAT7,KAT6B,0.955
9606.ENSP00000259021,KAT7,ORC1,0.925
9606.ENSP00000259211,IL36A,IL1RL2,0.996
9606.ENSP00000259211,IL36A,IL1RAP,0.908
9606.ENSP00000259239,IMP4,MPHOSPH10,0.999
9606.ENSP00000259239,IMP4,WDR36,0.999
9606.ENSP00000259239,IMP4,TBL3,0.999
9606.ENSP00000259239,IMP4,BMS1,0.999
9606.ENSP00000259239,IMP4,RRP9,0.999
9606.ENSP00000259239,IMP4,UTP3,0.999
9606.ENSP00000259239,IMP4,RCL1,0.999
9606.ENSP00000259239,IMP4,BYSL,0.999
9606.ENSP00000259239,IMP4,NOC4L,0.999
9606.ENSP00000259239,IMP4,IMP3,0.999
9606.ENSP00000259239,IMP4,UTP4,0.999
9606.ENSP00000259239,IMP4,UTP6,0.999
9606.ENSP00000259239,IMP4,NAT10,0.998
9606.ENSP00000259239,IMP4,WDR3,0.998
9606.ENSP00000259239,IMP4,UTP18,0.998
9606.ENSP00000259239,IMP4,NOL10,0.998
9606.ENSP00000259239,IMP4,NOL6,0.998
9606.ENSP00000259239,IMP4,WDR43,0.998
9606.ENSP00000259239,IMP4,UTP11,0.998
9606.ENSP00000259239,IMP4,UTP20,0.998
9606.ENSP00000259239,IMP4,KRR1,0.998
9606.ENSP00000259239,IMP4,WDR46,0.998
9606.ENSP00000259239,IMP4,NGDN,0.998
9606.ENSP00000259239,IMP4,NOP58,0.998
9606.ENSP00000259239,IMP4,DCAF13,0.998
9606.ENSP00000259239,IMP4,AATF,0.997
9606.ENSP00000259239,IMP4,EMG1,0.997
9606.ENSP00000259239,IMP4,NOP14,0.997
9606.ENSP00000259239,IMP4,RRP7A,0.997
9606.ENSP00000259239,IMP4,WDR75,0.997
9606.ENSP00000259239,IMP4,DNTTIP2,0.996
9606.ENSP00000259239,IMP4,HEATR1,0.996
9606.ENSP00000259239,IMP4,NOP56,0.996
9606.ENSP00000259239,IMP4,PWP2,0.995
9606.ENSP00000259239,IMP4,UTP14A,0.995
9606.ENSP00000259239,IMP4,SNU13,0.994
9606.ENSP00000259239,IMP4,UTP15,0.994
9606.ENSP00000259239,IMP4,FBL,0.993
9606.ENSP00000259239,IMP4,FCF1,0.992
9606.ENSP00000259239,IMP4,RPS23,0.992
9606.ENSP00000259239,IMP4,RPS9,0.992
9606.ENSP00000259239,IMP4,RSL1D1,0.992
9606.ENSP00000259239,IMP4,RBM19,0.991
9606.ENSP00000259239,IMP4,PDCD11,0.991
9606.ENSP00000259239,IMP4,WDR12,0.99
9606.ENSP00000259239,IMP4,DIMT1,0.988
9606.ENSP00000259239,IMP4,UTP25,0.987
9606.ENSP00000259239,IMP4,RPS6,0.987
9606.ENSP00000259239,IMP4,RPS13,0.986
9606.ENSP00000259239,IMP4,RPS5,0.986
9606.ENSP00000259239,IMP4,RPS7,0.985
9606.ENSP00000259239,IMP4,RPS11,0.982
9606.ENSP00000259239,IMP4,DDX18,0.982
9606.ENSP00000259239,IMP4,RPS16,0.982
9606.ENSP00000259239,IMP4,RPS3A,0.981
9606.ENSP00000259239,IMP4,RPS24,0.981
9606.ENSP00000259239,IMP4,RPS8,0.981
9606.ENSP00000259239,IMP4,RPS28,0.981
9606.ENSP00000259239,IMP4,LOC102724159,0.976
9606.ENSP00000259239,IMP4,RPS14,0.976
9606.ENSP00000259239,IMP4,BOP1,0.975
9606.ENSP00000259239,IMP4,RPS19,0.975
9606.ENSP00000259239,IMP4,UTP14C,0.974
9606.ENSP00000259239,IMP4,PNO1,0.974
9606.ENSP00000259239,IMP4,EXOSC10,0.973
9606.ENSP00000259239,IMP4,RPS18,0.971
9606.ENSP00000259239,IMP4,RPS27,0.97
9606.ENSP00000259239,IMP4,NIP7,0.969
9606.ENSP00000259239,IMP4,PES1,0.968
9606.ENSP00000259239,IMP4,FBLL1,0.955
9606.ENSP00000259239,IMP4,RPF2,0.952
9606.ENSP00000259239,IMP4,RPS15A,0.95
9606.ENSP00000259239,IMP4,BRIX1,0.948
9606.ENSP00000259239,IMP4,NOC2L,0.945
9606.ENSP00000259239,IMP4,NIFK,0.934
9606.ENSP00000259239,IMP4,MRTO4,0.927
9606.ENSP00000259239,IMP4,DHX37,0.925
9606.ENSP00000259239,IMP4,RTCA,0.925
9606.ENSP00000259239,IMP4,GRWD1,0.924
9606.ENSP00000259239,IMP4,RPS4X,0.924
9606.ENSP00000259239,IMP4,RPS12,0.922
9606.ENSP00000259239,IMP4,MRPS12,0.922
9606.ENSP00000259239,IMP4,NHP2,0.921
9606.ENSP00000259239,IMP4,UTP23,0.921
9606.ENSP00000259239,IMP4,MCC,0.92
9606.ENSP00000259239,IMP4,NOL11,0.918
9606.ENSP00000259239,IMP4,EBNA1BP2,0.917
9606.ENSP00000259239,IMP4,RBM28,0.912
9606.ENSP00000259239,IMP4,RPF1,0.911
9606.ENSP00000259711,KIF13A,AP1B1,0.959
9606.ENSP00000260302,MMP13,TIMP2,0.963
9606.ENSP00000260302,MMP13,RUNX2,0.945
9606.ENSP00000260302,MMP13,ACAN,0.944
9606.ENSP00000260302,MMP13,COL10A1,0.936
9606.ENSP00000260302,MMP13,PLG,0.913
9606.ENSP00000260302,MMP13,ADAMTS3,0.908
9606.ENSP00000260302,MMP13,ADAMTS4,0.902
9606.ENSP00000261023,ITGAV,VTN,0.999
9606.ENSP00000261023,ITGAV,ITGB3,0.999
9606.ENSP00000261023,ITGAV,ITGB6,0.999
9606.ENSP00000261023,ITGAV,ITGB1,0.999
9606.ENSP00000261023,ITGAV,FN1,0.999
9606.ENSP00000261023,ITGAV,SPP1,0.999
9606.ENSP00000261023,ITGAV,ITGB8,0.999
9606.ENSP00000261023,ITGAV,ITGB5,0.999
9606.ENSP00000261023,ITGAV,TGFB1,0.994
9606.ENSP00000261023,ITGAV,ITGB2,0.99
9606.ENSP00000261023,ITGAV,VWF,0.986
9606.ENSP00000261023,ITGAV,MFGE8,0.985
9606.ENSP00000261023,ITGAV,PTK2,0.984
9606.ENSP00000261023,ITGAV,IBSP,0.983
9606.ENSP00000261023,ITGAV,THBS1,0.981
9606.ENSP00000261023,ITGAV,ITGA3,0.968
9606.ENSP00000261023,ITGAV,ITGA2,0.967
9606.ENSP00000261023,ITGAV,ITGA4,0.96
9606.ENSP00000261023,ITGAV,ITGB7,0.951
9606.ENSP00000261023,ITGAV,ITGA2B,0.948
9606.ENSP00000261023,ITGAV,TNC,0.946
9606.ENSP00000261023,ITGAV,SRC,0.946
9606.ENSP00000261023,ITGAV,ITGA5,0.946
9606.ENSP00000261023,ITGAV,ITGA1,0.937
9606.ENSP00000261023,ITGAV,THBS2,0.936
9606.ENSP00000261023,ITGAV,THBS3,0.934
9606.ENSP00000261023,ITGAV,ITGB4,0.929
9606.ENSP00000261023,ITGAV,SDC1,0.924
9606.ENSP00000261023,ITGAV,ITGA11,0.923
9606.ENSP00000261023,ITGAV,ITGA10,0.919
9606.ENSP00000261023,ITGAV,ITGAL,0.918
9606.ENSP00000261023,ITGAV,THBS4,0.913
9606.ENSP00000261023,ITGAV,DMP1,0.912
9606.ENSP00000261023,ITGAV,COMP,0.911
9606.ENSP00000261023,ITGAV,TNR,0.91
9606.ENSP00000261023,ITGAV,TNXB,0.91
9606.ENSP00000261023,ITGAV,TNN,0.91
9606.ENSP00000261023,ITGAV,DSPP,0.905
9606.ENSP00000261245,MNAT1,GTF2H1,0.999
9606.ENSP00000261245,MNAT1,ERCC2,0.999
9606.ENSP00000261245,MNAT1,GTF2H2,0.999
9606.ENSP00000261245,MNAT1,GTF2H4,0.999
9606.ENSP00000261245,MNAT1,ERCC3,0.999
9606.ENSP00000261245,MNAT1,CDK7,0.999
9606.ENSP00000261245,MNAT1,CCNH,0.999
9606.ENSP00000261245,MNAT1,GTF2H3,0.999
9606.ENSP00000261245,MNAT1,GTF2E2,0.997
9606.ENSP00000261245,MNAT1,GTF2E1,0.997
9606.ENSP00000261245,MNAT1,POLR2D,0.994
9606.ENSP00000261245,MNAT1,POLR2G,0.993
9606.ENSP00000261245,MNAT1,POLR2A,0.988
9606.ENSP00000261245,MNAT1,GTF2B,0.981
9606.ENSP00000261245,MNAT1,GTF2H5,0.981
9606.ENSP00000261245,MNAT1,GTF2F2,0.98
9606.ENSP00000261245,MNAT1,POLR2C,0.977
9606.ENSP00000261245,MNAT1,MED6,0.977
9606.ENSP00000261245,MNAT1,TBP,0.971
9606.ENSP00000261245,MNAT1,POLR2K,0.97
9606.ENSP00000261245,MNAT1,GTF2F1,0.969
9606.ENSP00000261245,MNAT1,POLR2I,0.968
9606.ENSP00000261245,MNAT1,POLR2F,0.967
9606.ENSP00000261245,MNAT1,GTF2A2,0.965
9606.ENSP00000261245,MNAT1,POLR2H,0.965
9606.ENSP00000261245,MNAT1,POLR2B,0.964
9606.ENSP00000261245,MNAT1,POLR2E,0.962
9606.ENSP00000261245,MNAT1,POLR2L,0.962
9606.ENSP00000261245,MNAT1,GTF2H2C,0.961
9606.ENSP00000261245,MNAT1,MED31,0.957
9606.ENSP00000261245,MNAT1,POLR2J,0.957
9606.ENSP00000261245,MNAT1,MED21,0.955
9606.ENSP00000261245,MNAT1,MED14,0.955
9606.ENSP00000261245,MNAT1,CCL1,0.953
9606.ENSP00000261245,MNAT1,GTF2A1,0.951
9606.ENSP00000261245,MNAT1,MED7,0.946
9606.ENSP00000261245,MNAT1,TAF13,0.939
9606.ENSP00000261245,MNAT1,MMS19,0.939
9606.ENSP00000261245,MNAT1,MED10,0.937
9606.ENSP00000261245,MNAT1,CDK9,0.934
9606.ENSP00000261245,MNAT1,CCNT1,0.934
9606.ENSP00000261245,MNAT1,TAF2,0.933
9606.ENSP00000261245,MNAT1,MED17,0.93
9606.ENSP00000261245,MNAT1,CCNT2,0.924
9606.ENSP00000261245,MNAT1,TAF6,0.919
9606.ENSP00000261245,MNAT1,BCCIP,0.915
9606.ENSP00000261245,MNAT1,TAF10,0.915
9606.ENSP00000261245,MNAT1,TAF3,0.913
9606.ENSP00000261245,MNAT1,TAF12,0.912
9606.ENSP00000261245,MNAT1,TAF9,0.912
9606.ENSP00000261245,MNAT1,TAF11,0.908
9606.ENSP00000261245,MNAT1,TAF1,0.908
9606.ENSP00000261245,MNAT1,PCNA,0.907
9606.ENSP00000261245,MNAT1,TAF7,0.904
9606.ENSP00000261245,MNAT1,TAF5,0.902
9606.ENSP00000261245,MNAT1,GNB5,0.9
9606.ENSP00000261349,LRP6,WNT3A,0.999
9606.ENSP00000261349,LRP6,WNT1,0.999
9606.ENSP00000261349,LRP6,DKK1,0.999
9606.ENSP00000261349,LRP6,FZD4,0.999
9606.ENSP00000261349,LRP6,DKK4,0.999
9606.ENSP00000261349,LRP6,AXIN1,0.999
9606.ENSP00000261349,LRP6,DKK2,0.999
9606.ENSP00000261349,LRP6,SOST,0.999
9606.ENSP00000261349,LRP6,LRP5,0.999
9606.ENSP00000261349,LRP6,DVL1,0.998
9606.ENSP00000261349,LRP6,KREMEN1,0.997
9606.ENSP00000261349,LRP6,FZD8,0.994
9606.ENSP00000261349,LRP6,GSK3B,0.994
9606.ENSP00000261349,LRP6,DVL2,0.993
9606.ENSP00000261349,LRP6,CTNNB1,0.992
9606.ENSP00000261349,LRP6,FZD7,0.989
9606.ENSP00000261349,LRP6,WNT3,0.987
9606.ENSP00000261349,LRP6,WNT7A,0.987
9606.ENSP00000261349,LRP6,PTH1R,0.983
9606.ENSP00000261349,LRP6,WNT2,0.982
9606.ENSP00000261349,LRP6,WNT10B,0.981
9606.ENSP00000261349,LRP6,FZD5,0.976
9606.ENSP00000261349,LRP6,FZD1,0.976
9606.ENSP00000261349,LRP6,CAV1,0.971
9606.ENSP00000261349,LRP6,BAMBI,0.963
9606.ENSP00000261349,LRP6,RSPO1,0.959
9606.ENSP00000261349,LRP6,FZD6,0.959
9606.ENSP00000261349,LRP6,WNT5A,0.953
9606.ENSP00000261349,LRP6,WNT7B,0.953
9606.ENSP00000261349,LRP6,FZD2,0.95
9606.ENSP00000261349,LRP6,SERPINF1,0.941
9606.ENSP00000261349,LRP6,WNT2B,0.934
9606.ENSP00000261349,LRP6,FZD10,0.93
9606.ENSP00000261349,LRP6,ZNRF3,0.924
9606.ENSP00000261349,LRP6,FZD9,0.92
9606.ENSP00000261349,LRP6,DVL3,0.915
9606.ENSP00000261349,LRP6,WNT10A,0.914
9606.ENSP00000261349,LRP6,FZD3,0.913
9606.ENSP00000261349,LRP6,MESD,0.913
9606.ENSP00000261349,LRP6,WNT4,0.912
9606.ENSP00000261349,LRP6,KREMEN2,0.909
9606.ENSP00000261349,LRP6,SFRP1,0.901
9606.ENSP00000261349,LRP6,WNT5B,0.901
9606.ENSP00000261349,LRP6,IGHV3-16,0.9
9606.ENSP00000261438,KLF3,CTBP1,0.99
9606.ENSP00000261438,KLF3,CTBP2,0.988
9606.ENSP00000261483,MAN2A1,MGAT2,0.978
9606.ENSP00000261483,MAN2A1,FUT8,0.975
9606.ENSP00000261483,MAN2A1,MGAT1,0.972
9606.ENSP00000261483,MAN2A1,MAN1A1,0.97
9606.ENSP00000261483,MAN2A1,MAN1A2,0.936
9606.ENSP00000261483,MAN2A1,MAN1B1,0.93
9606.ENSP00000261483,MAN2A1,EDEM3,0.906
9606.ENSP00000261483,MAN2A1,MAN2A2,0.906
9606.ENSP00000261574,IPO5,RAN,0.981
9606.ENSP00000261574,IPO5,IPO11,0.908
9606.ENSP00000261574,IPO5,KPNB1,0.9
9606.ENSP00000261978,LTBP2,TGFB1,0.959
9606.ENSP00000261978,LTBP2,TGFB2,0.941
9606.ENSP00000262186,KCNH2,KCNE2,0.998
9606.ENSP00000262186,KCNH2,KCNE1,0.994
9606.ENSP00000262186,KCNH2,KCNQ1,0.983
9606.ENSP00000262186,KCNH2,SCN5A,0.978
9606.ENSP00000262186,KCNH2,HSP90AA1,0.958
9606.ENSP00000262186,KCNH2,KCNE3,0.95
9606.ENSP00000262186,KCNH2,KCNJ2,0.93
9606.ENSP00000262189,KMT2C,DPY30,0.999
9606.ENSP00000262189,KMT2C,RBBP5,0.999
9606.ENSP00000262189,KMT2C,ASH2L,0.999
9606.ENSP00000262189,KMT2C,WDR5,0.999
9606.ENSP00000262189,KMT2C,PAXIP1,0.999
9606.ENSP00000262189,KMT2C,NCOA6,0.999
9606.ENSP00000262189,KMT2C,KDM6A,0.999
9606.ENSP00000262189,KMT2C,KMT2D,0.998
9606.ENSP00000262189,KMT2C,PAGR1,0.995
9606.ENSP00000262189,KMT2C,SETD1A,0.988
9606.ENSP00000262189,KMT2C,H3C13,0.982
9606.ENSP00000262189,KMT2C,KMT2B,0.977
9606.ENSP00000262189,KMT2C,H4C6,0.977
9606.ENSP00000262189,KMT2C,SETD1B,0.976
9606.ENSP00000262189,KMT2C,KMT2A,0.947
9606.ENSP00000262189,KMT2C,H3C14,0.925
9606.ENSP00000262189,KMT2C,H2BC11,0.924
9606.ENSP00000262189,KMT2C,H2BC12,0.924
9606.ENSP00000262189,KMT2C,H3-3B,0.919
9606.ENSP00000262189,KMT2C,H2AC6,0.917
9606.ENSP00000262189,KMT2C,H2AC8,0.917
9606.ENSP00000262189,KMT2C,H3C12,0.916
9606.ENSP00000262948,MAP2K2,MAPK1,0.999
9606.ENSP00000262948,MAP2K2,BRAF,0.998
9606.ENSP00000262948,MAP2K2,ARAF,0.996
9606.ENSP00000262948,MAP2K2,MAP2K1,0.996
9606.ENSP00000262948,MAP2K2,RAF1,0.996
9606.ENSP00000262948,MAP2K2,MAPK3,0.99
9606.ENSP00000262948,MAP2K2,KSR1,0.977
9606.ENSP00000262948,MAP2K2,MAP3K1,0.971
9606.ENSP00000262948,MAP2K2,NRAS,0.968
9606.ENSP00000262948,MAP2K2,HRAS,0.968
9606.ENSP00000262948,MAP2K2,KRAS,0.966
9606.ENSP00000262948,MAP2K2,PPP2CA,0.955
9606.ENSP00000262948,MAP2K2,MAPK14,0.951
9606.ENSP00000262948,MAP2K2,MAPK12,0.949
9606.ENSP00000262948,MAP2K2,MAPK11,0.947
9606.ENSP00000262948,MAP2K2,MAPK13,0.947
9606.ENSP00000262948,MAP2K2,YWHAB,0.943
9606.ENSP00000262948,MAP2K2,GSK3B,0.935
9606.ENSP00000262948,MAP2K2,MOS,0.934
9606.ENSP00000262948,MAP2K2,MAP3K8,0.925
9606.ENSP00000262948,MAP2K2,MAPK8,0.924
9606.ENSP00000262948,MAP2K2,MAPK9,0.924
9606.ENSP00000262948,MAP2K2,PRKCD,0.924
9606.ENSP00000262948,MAP2K2,MAP3K7,0.922
9606.ENSP00000262948,MAP2K2,PAK1,0.921
9606.ENSP00000262948,MAP2K2,PPP2CB,0.921
9606.ENSP00000262948,MAP2K2,PPP2R1A,0.919
9606.ENSP00000262948,MAP2K2,PRKACG,0.918
9606.ENSP00000262948,MAP2K2,PRKACA,0.915
9606.ENSP00000262948,MAP2K2,PRKACB,0.914
9606.ENSP00000262948,MAP2K2,LAMTOR3,0.914
9606.ENSP00000262948,MAP2K2,PPP2R1B,0.9
9606.ENSP00000263025,MAPK3,MAP2K1,0.999
9606.ENSP00000263025,MAPK3,ARRB2,0.996
9606.ENSP00000263025,MAPK3,DUSP1,0.996
9606.ENSP00000263025,MAPK3,FOS,0.994
9606.ENSP00000263025,MAPK3,TP53,0.994
9606.ENSP00000263025,MAPK3,MAPK1,0.994
9606.ENSP00000263025,MAPK3,PTPN7,0.992
9606.ENSP00000263025,MAPK3,ARRB1,0.991
9606.ENSP00000263025,MAPK3,RPS6KA1,0.99
9606.ENSP00000263025,MAPK3,PTPN11,0.99
9606.ENSP00000263025,MAPK3,MAP2K2,0.99
9606.ENSP00000263025,MAPK3,MAPK14,0.989
9606.ENSP00000263025,MAPK3,ELK1,0.988
9606.ENSP00000263025,MAPK3,JUN,0.987
9606.ENSP00000263025,MAPK3,CREB1,0.987
9606.ENSP00000263025,MAPK3,RPS6KA2,0.986
9606.ENSP00000263025,MAPK3,MYC,0.986
9606.ENSP00000263025,MAPK3,DUSP6,0.985
9606.ENSP00000263025,MAPK3,CASP3,0.985
9606.ENSP00000263025,MAPK3,BCL2,0.985
9606.ENSP00000263025,MAPK3,RPS6KA3,0.984
9606.ENSP00000263025,MAPK3,DUSP9,0.983
9606.ENSP00000263025,MAPK3,IQGAP1,0.983
9606.ENSP00000263025,MAPK3,HRAS,0.983
9606.ENSP00000263025,MAPK3,KRAS,0.982
9606.ENSP00000263025,MAPK3,ESR1,0.981
9606.ENSP00000263025,MAPK3,DAPK1,0.98
9606.ENSP00000263025,MAPK3,MAP2K3,0.98
9606.ENSP00000263025,MAPK3,SMAD2,0.979
9606.ENSP00000263025,MAPK3,PTPN5,0.978
9606.ENSP00000263025,MAPK3,LAMTOR3,0.977
9606.ENSP00000263025,MAPK3,PTPRR,0.976
9606.ENSP00000263025,MAPK3,DUSP3,0.973
9606.ENSP00000263025,MAPK3,SP1,0.972
9606.ENSP00000263025,MAPK3,PPP2CA,0.971
9606.ENSP00000263025,MAPK3,NRAS,0.97
9606.ENSP00000263025,MAPK3,BCL2L11,0.97
9606.ENSP00000263025,MAPK3,HIF1A,0.969
9606.ENSP00000263025,MAPK3,MAPT,0.968
9606.ENSP00000263025,MAPK3,NCF1,0.965
9606.ENSP00000263025,MAPK3,SMAD3,0.964
9606.ENSP00000263025,MAPK3,DUSP4,0.964
9606.ENSP00000263025,MAPK3,STAT1,0.964
9606.ENSP00000263025,MAPK3,EGR1,0.963
9606.ENSP00000263025,MAPK3,RAF1,0.962
9606.ENSP00000263025,MAPK3,AKT2,0.962
9606.ENSP00000263025,MAPK3,FOXO3,0.961
9606.ENSP00000263025,MAPK3,PEA15,0.961
9606.ENSP00000263025,MAPK3,BRAF,0.96
9606.ENSP00000263025,MAPK3,TSC2,0.96
9606.ENSP00000263025,MAPK3,FOXO1,0.959
9606.ENSP00000263025,MAPK3,PRKACA,0.959
9606.ENSP00000263025,MAPK3,PRKACB,0.958
9606.ENSP00000263025,MAPK3,AKT1,0.957
9606.ENSP00000263025,MAPK3,PRKACG,0.957
9606.ENSP00000263025,MAPK3,EIF4EBP1,0.957
9606.ENSP00000263025,MAPK3,PLA2G4A,0.956
9606.ENSP00000263025,MAPK3,MKNK1,0.956
9606.ENSP00000263025,MAPK3,PRKCA,0.956
9606.ENSP00000263025,MAPK3,MAP2K6,0.956
9606.ENSP00000263025,MAPK3,ESR2,0.955
9606.ENSP00000263025,MAPK3,CYBB,0.955
9606.ENSP00000263025,MAPK3,GNAI1,0.953
9606.ENSP00000263025,MAPK3,SPHK1,0.951
9606.ENSP00000263025,MAPK3,RAC2,0.95
9606.ENSP00000263025,MAPK3,PRKCB,0.949
9606.ENSP00000263025,MAPK3,CEBPB,0.947
9606.ENSP00000263025,MAPK3,GJA1,0.947
9606.ENSP00000263025,MAPK3,NFATC1,0.947
9606.ENSP00000263025,MAPK3,SLC9A1,0.946
9606.ENSP00000263025,MAPK3,ETS1,0.945
9606.ENSP00000263025,MAPK3,SPHK2,0.945
9606.ENSP00000263025,MAPK3,SRC,0.944
9606.ENSP00000263025,MAPK3,DUSP5,0.942
9606.ENSP00000263025,MAPK3,MAPK13,0.942
9606.ENSP00000263025,MAPK3,ATP1A1,0.942
9606.ENSP00000263025,MAPK3,BDNF,0.942
9606.ENSP00000263025,MAPK3,MITF,0.94
9606.ENSP00000263025,MAPK3,TSC1,0.94
9606.ENSP00000263025,MAPK3,CREB5,0.939
9606.ENSP00000263025,MAPK3,NCF4,0.938
9606.ENSP00000263025,MAPK3,PTPN6,0.938
9606.ENSP00000263025,MAPK3,CYBA,0.937
9606.ENSP00000263025,MAPK3,GNAI2,0.937
9606.ENSP00000263025,MAPK3,MKNK2,0.937
9606.ENSP00000263025,MAPK3,NOS1,0.936
9606.ENSP00000263025,MAPK3,ELK4,0.936
9606.ENSP00000263025,MAPK3,RPS6KB1,0.935
9606.ENSP00000263025,MAPK3,PRKCD,0.935
9606.ENSP00000263025,MAPK3,NCF2,0.935
9606.ENSP00000263025,MAPK3,NR4A1,0.935
9606.ENSP00000263025,MAPK3,GNRH1,0.935
9606.ENSP00000263025,MAPK3,FOXO4,0.934
9606.ENSP00000263025,MAPK3,TBX3,0.933
9606.ENSP00000263025,MAPK3,PPP2R1A,0.932
9606.ENSP00000263025,MAPK3,BAD,0.932
9606.ENSP00000263025,MAPK3,SMAD5,0.931
9606.ENSP00000263025,MAPK3,STMN1,0.931
9606.ENSP00000263025,MAPK3,NFATC2,0.93
9606.ENSP00000263025,MAPK3,RPS6KB2,0.93
9606.ENSP00000263025,MAPK3,ETS2,0.929
9606.ENSP00000263025,MAPK3,NFATC3,0.929
9606.ENSP00000263025,MAPK3,DAPK3,0.929
9606.ENSP00000263025,MAPK3,RPS6KA5,0.929
9606.ENSP00000263025,MAPK3,GNAI3,0.929
9606.ENSP00000263025,MAPK3,RPS6KA6,0.928
9606.ENSP00000263025,MAPK3,AKT3,0.928
9606.ENSP00000263025,MAPK3,ROCK1,0.927
9606.ENSP00000263025,MAPK3,BCL10,0.927
9606.ENSP00000263025,MAPK3,CALD1,0.926
9606.ENSP00000263025,MAPK3,PRKCZ,0.926
9606.ENSP00000263025,MAPK3,CARD9,0.926
9606.ENSP00000263025,MAPK3,PPP2CB,0.925
9606.ENSP00000263025,MAPK3,DAPK2,0.924
9606.ENSP00000263025,MAPK3,ROCK2,0.924
9606.ENSP00000263025,MAPK3,MAP3K7,0.924
9606.ENSP00000263025,MAPK3,MALT1,0.924
9606.ENSP00000263025,MAPK3,TNF,0.922
9606.ENSP00000263025,MAPK3,SMAD1,0.922
9606.ENSP00000263025,MAPK3,SMAD9,0.922
9606.ENSP00000263025,MAPK3,ATP1A3,0.921
9606.ENSP00000263025,MAPK3,ATP1A4,0.92
9606.ENSP00000263025,MAPK3,ATP1A2,0.916
9606.ENSP00000263025,MAPK3,THRB,0.916
9606.ENSP00000263025,MAPK3,CREB3L3,0.915
9606.ENSP00000263025,MAPK3,CREB3,0.915
9606.ENSP00000263025,MAPK3,PPP2R1B,0.913
9606.ENSP00000263025,MAPK3,PRKCG,0.913
9606.ENSP00000263025,MAPK3,GNRH2,0.911
9606.ENSP00000263025,MAPK3,PCYT1A,0.911
9606.ENSP00000263025,MAPK3,MAPK12,0.911
9606.ENSP00000263025,MAPK3,MAPK11,0.91
9606.ENSP00000263025,MAPK3,ATP1B1,0.908
9606.ENSP00000263025,MAPK3,PLA2G4D,0.908
9606.ENSP00000263025,MAPK3,TBC1D7,0.908
9606.ENSP00000263025,MAPK3,DUSP2,0.908
9606.ENSP00000263025,MAPK3,PLA2G4C,0.907
9606.ENSP00000263025,MAPK3,CREB3L4,0.906
9606.ENSP00000263025,MAPK3,GJD2,0.905
9606.ENSP00000263025,MAPK3,CREB3L1,0.905
9606.ENSP00000263025,MAPK3,PCYT1B,0.905
9606.ENSP00000263025,MAPK3,IL6,0.905
9606.ENSP00000263025,MAPK3,PLA2G4E,0.905
9606.ENSP00000263025,MAPK3,PLA2G4F,0.905
9606.ENSP00000263025,MAPK3,CREB3L2,0.904
9606.ENSP00000263025,MAPK3,ATP1B2,0.903
9606.ENSP00000263025,MAPK3,ATF2,0.903
9606.ENSP00000263025,MAPK3,ATP1B3,0.902
9606.ENSP00000263025,MAPK3,PLA2G4B,0.902
9606.ENSP00000263025,MAPK3,FXYD2,0.901
9606.ENSP00000263025,MAPK3,JMJD7-PLA2G4B,0.9
9606.ENSP00000263025,MAPK3,ATP1B4,0.9
9606.ENSP00000263087,ITGAE,ITGB7,0.999
9606.ENSP00000263087,ITGAE,CDH1,0.997
9606.ENSP00000263087,ITGAE,CD8A,0.908
9606.ENSP00000263339,IL1A,IL1R2,0.999
9606.ENSP00000263339,IL1A,IL1B,0.999
9606.ENSP00000263339,IL1A,IL1R1,0.999
9606.ENSP00000263339,IL1A,IL1RAP,0.998
9606.ENSP00000263339,IL1A,IL18,0.997
9606.ENSP00000263339,IL1A,IL2,0.997
9606.ENSP00000263339,IL1A,MYD88,0.997
9606.ENSP00000263339,IL1A,CSF2,0.997
9606.ENSP00000263339,IL1A,IL4,0.995
9606.ENSP00000263339,IL1A,TNF,0.994
9606.ENSP00000263339,IL1A,IL3,0.994
9606.ENSP00000263339,IL1A,CSF3,0.991
9606.ENSP00000263339,IL1A,IL1RN,0.99
9606.ENSP00000263339,IL1A,IL6,0.989
9606.ENSP00000263339,IL1A,S100A13,0.985
9606.ENSP00000263339,IL1A,IRAK1,0.977
9606.ENSP00000263339,IL1A,TLR4,0.974
9606.ENSP00000263339,IL1A,CXCL8,0.974
9606.ENSP00000263339,IL1A,CCL11,0.974
9606.ENSP00000263339,IL1A,IL10,0.971
9606.ENSP00000263339,IL1A,IFNG,0.971
9606.ENSP00000263339,IL1A,CASP1,0.968
9606.ENSP00000263339,IL1A,CXCL1,0.962
9606.ENSP00000263339,IL1A,CXCL10,0.958
9606.ENSP00000263339,IL1A,TRAF6,0.956
9606.ENSP00000263339,IL1A,IL16,0.947
9606.ENSP00000263339,IL1A,NFKB1,0.946
9606.ENSP00000263339,IL1A,JUN,0.944
9606.ENSP00000263339,IL1A,CXCL2,0.943
9606.ENSP00000263339,IL1A,IL13,0.943
9606.ENSP00000263339,IL1A,CCL2,0.934
9606.ENSP00000263339,IL1A,TNFRSF1A,0.934
9606.ENSP00000263339,IL1A,IL17A,0.929
9606.ENSP00000263339,IL1A,CCL3,0.923
9606.ENSP00000263339,IL1A,CCL4,0.921
9606.ENSP00000263339,IL1A,IRAK4,0.92
9606.ENSP00000263339,IL1A,IL5,0.918
9606.ENSP00000263339,IL1A,CAPN1,0.917
9606.ENSP00000263339,IL1A,CAPN2,0.912
9606.ENSP00000263339,IL1A,CCL5,0.9
9606.ENSP00000263341,IL1B,IL1R2,0.999
9606.ENSP00000263341,IL1B,CASP1,0.999
9606.ENSP00000263341,IL1B,IL2,0.999
9606.ENSP00000263341,IL1B,IL1A,0.999
9606.ENSP00000263341,IL1B,MYD88,0.999
9606.ENSP00000263341,IL1B,IL1R1,0.999
9606.ENSP00000263341,IL1B,IL1RAP,0.999
9606.ENSP00000263341,IL1B,IL4,0.998
9606.ENSP00000263341,IL1B,TNF,0.998
9606.ENSP00000263341,IL1B,IL5,0.998
9606.ENSP00000263341,IL1B,CSF2,0.998
9606.ENSP00000263341,IL1B,IFNG,0.998
9606.ENSP00000263341,IL1B,NLRP3,0.997
9606.ENSP00000263341,IL1B,TNFRSF1A,0.997
9606.ENSP00000263341,IL1B,IL6,0.996
9606.ENSP00000263341,IL1B,NFKB1,0.996
9606.ENSP00000263341,IL1B,CSF3,0.996
9606.ENSP00000263341,IL1B,CXCL8,0.994
9606.ENSP00000263341,IL1B,IRAK1,0.991
9606.ENSP00000263341,IL1B,IL10,0.991
9606.ENSP00000263341,IL1B,RELA,0.99
9606.ENSP00000263341,IL1B,IL18,0.99
9606.ENSP00000263341,IL1B,PYCARD,0.989
9606.ENSP00000263341,IL1B,JUN,0.987
9606.ENSP00000263341,IL1B,TLR4,0.986
9606.ENSP00000263341,IL1B,CASP4,0.985
9606.ENSP00000263341,IL1B,A2M,0.984
9606.ENSP00000263341,IL1B,TRAF6,0.981
9606.ENSP00000263341,IL1B,CXCL1,0.978
9606.ENSP00000263341,IL1B,IL3,0.977
9606.ENSP00000263341,IL1B,IL6R,0.975
9606.ENSP00000263341,IL1B,TLR9,0.975
9606.ENSP00000263341,IL1B,PTGS2,0.974
9606.ENSP00000263341,IL1B,CCL3,0.972
9606.ENSP00000263341,IL1B,CCL2,0.97
9606.ENSP00000263341,IL1B,HMGB1,0.97
9606.ENSP00000263341,IL1B,TLR2,0.969
9606.ENSP00000263341,IL1B,CXCL2,0.968
9606.ENSP00000263341,IL1B,IL1RN,0.968
9606.ENSP00000263341,IL1B,IL17A,0.962
9606.ENSP00000263341,IL1B,CXCL10,0.962
9606.ENSP00000263341,IL1B,CD4,0.958
9606.ENSP00000263341,IL1B,CCL20,0.958
9606.ENSP00000263341,IL1B,CCL11,0.957
9606.ENSP00000263341,IL1B,IL13,0.953
9606.ENSP00000263341,IL1B,CD40,0.949
9606.ENSP00000263341,IL1B,MMP9,0.949
9606.ENSP00000263341,IL1B,NFKBIA,0.945
9606.ENSP00000263341,IL1B,CASP8,0.943
9606.ENSP00000263341,IL1B,CCL4,0.94
9606.ENSP00000263341,IL1B,STAT3,0.938
9606.ENSP00000263341,IL1B,IRAK4,0.938
9606.ENSP00000263341,IL1B,CCL5,0.938
9606.ENSP00000263341,IL1B,MEFV,0.935
9606.ENSP00000263341,IL1B,TGFB1,0.932
9606.ENSP00000263341,IL1B,GSDMD,0.932
9606.ENSP00000263341,IL1B,CD8A,0.922
9606.ENSP00000263341,IL1B,NLRC4,0.921
9606.ENSP00000263341,IL1B,IL9,0.916
9606.ENSP00000263341,IL1B,TNFRSF1B,0.914
9606.ENSP00000263341,IL1B,IFNA2,0.913
9606.ENSP00000263341,IL1B,ICAM1,0.912
9606.ENSP00000263341,IL1B,IL7,0.909
9606.ENSP00000263341,IL1B,IGHV3-16,0.9
9606.ENSP00000263341,IL1B,IGHV3-43D,0.9
9606.ENSP00000263800,LTK,ALKAL1,0.984
9606.ENSP00000263800,LTK,ALKAL2,0.905
9606.ENSP00000263881,MAP4K3,MAP3K1,0.922
9606.ENSP00000263923,KDR,VEGFB,0.999
9606.ENSP00000263923,KDR,CDH5,0.999
9606.ENSP00000263923,KDR,NRP1,0.999
9606.ENSP00000263923,KDR,VEGFC,0.999
9606.ENSP00000263923,KDR,PGF,0.999
9606.ENSP00000263923,KDR,VEGFD,0.999
9606.ENSP00000263923,KDR,PECAM1,0.999
9606.ENSP00000263923,KDR,FGF2,0.998
9606.ENSP00000263923,KDR,SRC,0.998
9606.ENSP00000263923,KDR,PDGFC,0.997
9606.ENSP00000263923,KDR,CTNNB1,0.996
9606.ENSP00000263923,KDR,SHC1,0.995
9606.ENSP00000263923,KDR,FLT4,0.994
9606.ENSP00000263923,KDR,ANGPT1,0.994
9606.ENSP00000263923,KDR,FLT1,0.994
9606.ENSP00000263923,KDR,CDH17,0.991
9606.ENSP00000263923,KDR,SH2D2A,0.991
9606.ENSP00000263923,KDR,ANGPT2,0.986
9606.ENSP00000263923,KDR,PDGFRB,0.986
9606.ENSP00000263923,KDR,ITGB3,0.979
9606.ENSP00000263923,KDR,PIK3CA,0.975
9606.ENSP00000263923,KDR,HSPG2,0.975
9606.ENSP00000263923,KDR,PLCG1,0.974
9606.ENSP00000263923,KDR,PTPN6,0.972
9606.ENSP00000263923,KDR,SHC2,0.972
9606.ENSP00000263923,KDR,GRB2,0.97
9606.ENSP00000263923,KDR,TIMP3,0.967
9606.ENSP00000263923,KDR,HGF,0.966
9606.ENSP00000263923,KDR,CAV1,0.962
9606.ENSP00000263923,KDR,COL18A1,0.96
9606.ENSP00000263923,KDR,PTK2,0.958
9606.ENSP00000263923,KDR,FGF13,0.957
9606.ENSP00000263923,KDR,HSP90AA1,0.954
9606.ENSP00000263923,KDR,JAK1,0.947
9606.ENSP00000263923,KDR,IQGAP1,0.946
9606.ENSP00000263923,KDR,FGF7,0.945
9606.ENSP00000263923,KDR,CDC42,0.945
9606.ENSP00000263923,KDR,NRP2,0.944
9606.ENSP00000263923,KDR,PIK3R1,0.943
9606.ENSP00000263923,KDR,PLXND1,0.942
9606.ENSP00000263923,KDR,NCK1,0.942
9606.ENSP00000263923,KDR,MCAM,0.941
9606.ENSP00000263923,KDR,SHC3,0.941
9606.ENSP00000263923,KDR,CD47,0.94
9606.ENSP00000263923,KDR,PTPN1,0.938
9606.ENSP00000263923,KDR,KITLG,0.934
9606.ENSP00000263923,KDR,FGF10,0.933
9606.ENSP00000263923,KDR,PIK3CB,0.932
9606.ENSP00000263923,KDR,FGF4,0.932
9606.ENSP00000263923,KDR,DCN,0.931
9606.ENSP00000263923,KDR,PIK3R2,0.931
9606.ENSP00000263923,KDR,FGF22,0.93
9606.ENSP00000263923,KDR,FGF16,0.93
9606.ENSP00000263923,KDR,FGF6,0.929
9606.ENSP00000263923,KDR,FGF9,0.928
9606.ENSP00000263923,KDR,EGF,0.928
9606.ENSP00000263923,KDR,FGF20,0.928
9606.ENSP00000263923,KDR,PIK3CD,0.928
9606.ENSP00000263923,KDR,FGF5,0.927
9606.ENSP00000263923,KDR,FGF17,0.927
9606.ENSP00000263923,KDR,FGF18,0.927
9606.ENSP00000263923,KDR,FGF3,0.927
9606.ENSP00000263923,KDR,FGF8,0.926
9606.ENSP00000263923,KDR,JAK2,0.926
9606.ENSP00000263923,KDR,PIK3R3,0.922
9606.ENSP00000263923,KDR,GAB1,0.92
9606.ENSP00000263923,KDR,PTPN11,0.919
9606.ENSP00000263923,KDR,FGF1,0.919
9606.ENSP00000263923,KDR,PLCG2,0.918
9606.ENSP00000263923,KDR,PDGFB,0.916
9606.ENSP00000263923,KDR,IGF1,0.914
9606.ENSP00000263923,KDR,SHC4,0.912
9606.ENSP00000263923,KDR,LGALS3,0.911
9606.ENSP00000263923,KDR,CD34,0.906
9606.ENSP00000263923,KDR,PLXNA1,0.9
9606.ENSP00000263923,KDR,IGHV3-16,0.9
9606.ENSP00000264260,IL18RAP,IL18,0.999
9606.ENSP00000264260,IL18RAP,IL18R1,0.999
9606.ENSP00000264260,IL18RAP,IL37,0.956
9606.ENSP00000264260,IL18RAP,IGKV1D-33,0.9
9606.ENSP00000264260,IL18RAP,IGKV1-33,0.9
9606.ENSP00000264674,MECOM,CTBP1,0.994
9606.ENSP00000264674,MECOM,RUNX1,0.988
9606.ENSP00000264674,MECOM,HDAC1,0.968
9606.ENSP00000264674,MECOM,CTBP2,0.958
9606.ENSP00000264674,MECOM,HDAC2,0.929
9606.ENSP00000264674,MECOM,MAPK8,0.905
9606.ENSP00000264674,MECOM,MAPK9,0.901
9606.ENSP00000264773,KCNN2,CALM3,0.995
9606.ENSP00000264773,KCNN2,CALM2,0.982
9606.ENSP00000264773,KCNN2,CALM1,0.978
9606.ENSP00000264773,KCNN2,KCNMA1,0.969
9606.ENSP00000264773,KCNN2,KCNMB4,0.964
9606.ENSP00000264773,KCNN2,KCNU1,0.948
9606.ENSP00000264773,KCNN2,KCND2,0.942
9606.ENSP00000264773,KCNN2,KCNMB1,0.941
9606.ENSP00000264773,KCNN2,KCNN1,0.932
9606.ENSP00000264773,KCNN2,KCNN3,0.931
9606.ENSP00000264773,KCNN2,KCNMB3,0.928
9606.ENSP00000264773,KCNN2,CALML5,0.927
9606.ENSP00000264773,KCNN2,CALML3,0.927
9606.ENSP00000264773,KCNN2,KCNN4,0.922
9606.ENSP00000264773,KCNN2,KCNMB2,0.919
9606.ENSP00000264773,KCNN2,CALML6,0.915
9606.ENSP00000264773,KCNN2,CALML4,0.915
9606.ENSP00000264773,KCNN2,PRKCG,0.913
9606.ENSP00000264773,KCNN2,PRKCA,0.907
9606.ENSP00000264773,KCNN2,PRKCB,0.907
9606.ENSP00000264824,LYL1,LMO2,0.998
9606.ENSP00000264824,LYL1,TCF3,0.996
9606.ENSP00000264824,LYL1,LDB1,0.968
9606.ENSP00000264824,LYL1,LDB2,0.966
9606.ENSP00000264824,LYL1,CBFB,0.921
9606.ENSP00000265026,MAP3K13,MAP2K7,0.979
9606.ENSP00000265026,MAP3K13,MAPK8IP1,0.929
9606.ENSP00000265081,MSH3,MLH3,0.999
9606.ENSP00000265081,MSH3,PMS1,0.999
9606.ENSP00000265081,MSH3,PMS2,0.999
9606.ENSP00000265081,MSH3,MSH6,0.999
9606.ENSP00000265081,MSH3,MLH1,0.999
9606.ENSP00000265081,MSH3,MSH2,0.999
9606.ENSP00000265081,MSH3,SNX8,0.994
9606.ENSP00000265081,MSH3,EXO1,0.986
9606.ENSP00000265081,MSH3,SLX4,0.967
9606.ENSP00000265081,MSH3,PCNA,0.958
9606.ENSP00000265081,MSH3,ERCC1,0.95
9606.ENSP00000265081,MSH3,POLD1,0.946
9606.ENSP00000265081,MSH3,ATM,0.938
9606.ENSP00000265081,MSH3,ERCC4,0.936
9606.ENSP00000265081,MSH3,XRCC6,0.929
9606.ENSP00000265081,MSH3,OGG1,0.922
9606.ENSP00000265081,MSH3,BRCA1,0.91
9606.ENSP00000265081,MSH3,XPA,0.904
9606.ENSP00000265081,MSH3,XRCC5,0.9
9606.ENSP00000265165,LEF1,HNF4A,0.999
9606.ENSP00000265165,LEF1,SMAD4,0.999
9606.ENSP00000265165,LEF1,CTNNB1,0.999
9606.ENSP00000265165,LEF1,NLK,0.993
9606.ENSP00000265165,LEF1,FHL2,0.988
9606.ENSP00000265165,LEF1,EP300,0.981
9606.ENSP00000265165,LEF1,SMAD2,0.978
9606.ENSP00000265165,LEF1,SMAD3,0.978
9606.ENSP00000265165,LEF1,JUP,0.971
9606.ENSP00000265165,LEF1,HDAC1,0.966
9606.ENSP00000265165,LEF1,AXIN2,0.964
9606.ENSP00000265165,LEF1,RUNX1,0.963
9606.ENSP00000265165,LEF1,CTBP1,0.961
9606.ENSP00000265165,LEF1,CREBBP,0.961
9606.ENSP00000265165,LEF1,AXIN1,0.959
9606.ENSP00000265165,LEF1,TLE1,0.955
9606.ENSP00000265165,LEF1,CTBP2,0.954
9606.ENSP00000265165,LEF1,SOX17,0.953
9606.ENSP00000265165,LEF1,PYGO2,0.947
9606.ENSP00000265165,LEF1,RUVBL1,0.94
9606.ENSP00000265165,LEF1,CCND1,0.93
9606.ENSP00000265165,LEF1,CTNND2,0.919
9606.ENSP00000265165,LEF1,BCL9,0.91
9606.ENSP00000265165,LEF1,PYGO1,0.906
9606.ENSP00000265239,IQCG,CALM3,0.922
9606.ENSP00000265239,IQCG,CALM2,0.904
9606.ENSP00000265239,IQCG,CALM1,0.904
9606.ENSP00000265713,KAT6A,BRPF1,0.999
9606.ENSP00000265713,KAT6A,ING5,0.999
9606.ENSP00000265713,KAT6A,MEAF6,0.998
9606.ENSP00000265713,KAT6A,KAT6B,0.998
9606.ENSP00000265713,KAT6A,H3-4,0.996
9606.ENSP00000265713,KAT6A,BRD1,0.995
9606.ENSP00000265713,KAT6A,H3C12,0.994
9606.ENSP00000265713,KAT6A,H3C13,0.994
9606.ENSP00000265713,KAT6A,H3-5,0.993
9606.ENSP00000265713,KAT6A,BRPF3,0.992
9606.ENSP00000265713,KAT6A,NCOA2,0.991
9606.ENSP00000265713,KAT6A,H3-3B,0.991
9606.ENSP00000265713,KAT6A,H3-2,0.99
9606.ENSP00000265713,KAT6A,H3C1,0.969
9606.ENSP00000265713,KAT6A,KAT7,0.96
9606.ENSP00000265713,KAT6A,RUNX1,0.959
9606.ENSP00000265713,KAT6A,EP300,0.956
9606.ENSP00000265713,KAT6A,H3C14,0.943
9606.ENSP00000265713,KAT6A,ING4,0.94
9606.ENSP00000265713,KAT6A,CREBBP,0.939
9606.ENSP00000265713,KAT6A,H3C3,0.93
9606.ENSP00000265713,KAT6A,H3C6,0.928
9606.ENSP00000265713,KAT6A,H3C4,0.922
9606.ENSP00000265713,KAT6A,H3C10,0.922
9606.ENSP00000265713,KAT6A,H3C2,0.922
9606.ENSP00000265713,KAT6A,H3C7,0.922
9606.ENSP00000265713,KAT6A,H3C15,0.922
9606.ENSP00000265713,KAT6A,H3C11,0.922
9606.ENSP00000265713,KAT6A,H3C8,0.922
9606.ENSP00000265713,KAT6A,H3-3A,0.922
9606.ENSP00000265713,KAT6A,H4C6,0.902
9606.ENSP00000265960,MAPKAP1,PRR5,0.999
9606.ENSP00000265960,MAPKAP1,MLST8,0.999
9606.ENSP00000265960,MAPKAP1,DEPTOR,0.999
9606.ENSP00000265960,MAPKAP1,RICTOR,0.999
9606.ENSP00000265960,MAPKAP1,MTOR,0.999
9606.ENSP00000265960,MAPKAP1,PRR5L,0.999
9606.ENSP00000265960,MAPKAP1,AKT1S1,0.998
9606.ENSP00000265960,MAPKAP1,TTI1,0.997
9606.ENSP00000265960,MAPKAP1,RPTOR,0.996
9606.ENSP00000265960,MAPKAP1,AKT1,0.976
9606.ENSP00000265960,MAPKAP1,KRAS,0.974
9606.ENSP00000265960,MAPKAP1,SGK1,0.95
9606.ENSP00000265960,MAPKAP1,SMG1,0.945
9606.ENSP00000265960,MAPKAP1,HRAS,0.941
9606.ENSP00000265960,MAPKAP1,PRKDC,0.924
9606.ENSP00000266674,LGR5,RSPO1,0.999
9606.ENSP00000266674,LGR5,RSPO2,0.999
9606.ENSP00000266674,LGR5,RNF43,0.997
9606.ENSP00000266674,LGR5,ZNRF3,0.997
9606.ENSP00000266674,LGR5,RSPO3,0.987
9606.ENSP00000266674,LGR5,RSPO4,0.97
9606.ENSP00000266674,LGR5,LGR4,0.95
9606.ENSP00000266674,LGR5,LGR6,0.94
9606.ENSP00000266718,LUM,COL1A2,0.999
9606.ENSP00000266718,LUM,COL3A1,0.986
9606.ENSP00000266718,LUM,COL1A1,0.981
9606.ENSP00000266718,LUM,DCN,0.978
9606.ENSP00000266718,LUM,FBN1,0.972
9606.ENSP00000266718,LUM,FASLG,0.968
9606.ENSP00000266718,LUM,FN1,0.962
9606.ENSP00000266718,LUM,COL5A2,0.96
9606.ENSP00000266718,LUM,SPARC,0.954
9606.ENSP00000266718,LUM,COL11A2,0.949
9606.ENSP00000266718,LUM,COL11A1,0.949
9606.ENSP00000266718,LUM,COL5A3,0.929
9606.ENSP00000266718,LUM,ACAN,0.92
9606.ENSP00000266718,LUM,BGN,0.918
9606.ENSP00000266718,LUM,POSTN,0.913
9606.ENSP00000266718,LUM,COL5A1,0.912
9606.ENSP00000266718,LUM,CHST6,0.907
9606.ENSP00000266718,LUM,MDM2,0.903
9606.ENSP00000267082,ITGB7,ITGA4,0.999
9606.ENSP00000267082,ITGB7,ITGAE,0.999
9606.ENSP00000267082,ITGB7,MADCAM1,0.995
9606.ENSP00000267082,ITGB7,ITGA5,0.988
9606.ENSP00000267082,ITGB7,FN1,0.985
9606.ENSP00000267082,ITGB7,ITGAL,0.976
9606.ENSP00000267082,ITGB7,FLNA,0.975
9606.ENSP00000267082,ITGB7,VCAM1,0.974
9606.ENSP00000267082,ITGB7,ITGA10,0.962
9606.ENSP00000267082,ITGB7,ITGA11,0.958
9606.ENSP00000267082,ITGB7,ITGB2,0.954
9606.ENSP00000267082,ITGB7,PTK2,0.951
9606.ENSP00000267082,ITGB7,ITGA1,0.951
9606.ENSP00000267082,ITGB7,ITGAV,0.951
9606.ENSP00000267082,ITGB7,ITGA3,0.95
9606.ENSP00000267082,ITGB7,ITGA2,0.946
9606.ENSP00000267082,ITGB7,ITGB3,0.945
9606.ENSP00000267082,ITGB7,ITGB6,0.931
9606.ENSP00000267082,ITGB7,SRC,0.926
9606.ENSP00000267082,ITGB7,ACTB,0.92
9606.ENSP00000267082,ITGB7,ITGB8,0.917
9606.ENSP00000267082,ITGB7,ITGB1,0.913
9606.ENSP00000267082,ITGB7,ITGB5,0.911
9606.ENSP00000267082,ITGB7,ACTG1,0.911
9606.ENSP00000268182,IQGAP1,CDC42,0.999
9606.ENSP00000268182,IQGAP1,CTNNB1,0.999
9606.ENSP00000268182,IQGAP1,CLIP1,0.999
9606.ENSP00000268182,IQGAP1,CDH1,0.997
9606.ENSP00000268182,IQGAP1,CALM3,0.996
9606.ENSP00000268182,IQGAP1,CALML3,0.995
9606.ENSP00000268182,IQGAP1,CALML5,0.995
9606.ENSP00000268182,IQGAP1,CALML6,0.994
9606.ENSP00000268182,IQGAP1,CALML4,0.994
9606.ENSP00000268182,IQGAP1,MAPK1,0.988
9606.ENSP00000268182,IQGAP1,RAC1,0.988
9606.ENSP00000268182,IQGAP1,CD44,0.988
9606.ENSP00000268182,IQGAP1,ACTB,0.985
9606.ENSP00000268182,IQGAP1,MAPK3,0.983
9606.ENSP00000268182,IQGAP1,BRAF,0.983
9606.ENSP00000268182,IQGAP1,MAP2K1,0.982
9606.ENSP00000268182,IQGAP1,RAC2,0.976
9606.ENSP00000268182,IQGAP1,AKT1,0.975
9606.ENSP00000268182,IQGAP1,EXOC1,0.962
9606.ENSP00000268182,IQGAP1,RAC3,0.959
9606.ENSP00000268182,IQGAP1,FLNA,0.952
9606.ENSP00000268182,IQGAP1,SRC,0.948
9606.ENSP00000268182,IQGAP1,KDR,0.946
9606.ENSP00000268182,IQGAP1,AKAP5,0.946
9606.ENSP00000268182,IQGAP1,NPHS1,0.945
9606.ENSP00000268182,IQGAP1,ACTG1,0.943
9606.ENSP00000268182,IQGAP1,CALM1,0.943
9606.ENSP00000268182,IQGAP1,RACGAP1,0.94
9606.ENSP00000268182,IQGAP1,IQGAP2,0.938
9606.ENSP00000268182,IQGAP1,IQGAP3,0.938
9606.ENSP00000268182,IQGAP1,EZR,0.938
9606.ENSP00000268182,IQGAP1,EXOC4,0.934
9606.ENSP00000268182,IQGAP1,WASL,0.912
9606.ENSP00000268182,IQGAP1,TIAM1,0.9
9606.ENSP00000268638,IRF8,SPI1,0.999
9606.ENSP00000268638,IRF8,IRF1,0.983
9606.ENSP00000268638,IRF8,STAT1,0.904
9606.ENSP00000268919,KIF2B,PLK1,0.913
9606.ENSP00000268919,KIF2B,CLASP1,0.903
9606.ENSP00000271555,MEF2D,MEF2A,0.991
9606.ENSP00000271555,MEF2D,MEF2B,0.979
9606.ENSP00000271555,MEF2D,HDAC4,0.963
9606.ENSP00000271555,MEF2D,NFATC2,0.952
9606.ENSP00000271555,MEF2D,CABIN1,0.94
9606.ENSP00000271555,MEF2D,HDAC5,0.936
9606.ENSP00000271555,MEF2D,NFATC1,0.933
9606.ENSP00000271555,MEF2D,NFATC3,0.926
9606.ENSP00000271555,MEF2D,MYOG,0.926
9606.ENSP00000271555,MEF2D,EP300,0.923
9606.ENSP00000271555,MEF2D,NFATC4,0.921
9606.ENSP00000271555,MEF2D,ASH2L,0.905
9606.ENSP00000271555,MEF2D,MYOD1,0.903
9606.ENSP00000273261,LRIG1,MET,0.976
9606.ENSP00000273261,LRIG1,EGFR,0.975
9606.ENSP00000273283,ITIH1,AMBP,0.951
9606.ENSP00000273963,KLHL8,CUL3,0.989
9606.ENSP00000273963,KLHL8,RBX1,0.924
9606.ENSP00000273963,KLHL8,KLHL42,0.92
9606.ENSP00000273963,KLHL8,KLHL13,0.914
9606.ENSP00000273963,KLHL8,SPOP,0.914
9606.ENSP00000273963,KLHL8,SPOPL,0.913
9606.ENSP00000273963,KLHL8,KLHL9,0.913
9606.ENSP00000273963,KLHL8,ENC1,0.912
9606.ENSP00000273963,KLHL8,KLHL41,0.912
9606.ENSP00000273963,KLHL8,KBTBD6,0.912
9606.ENSP00000273963,KLHL8,KLHL7,0.912
9606.ENSP00000273963,KLHL8,LZTR1,0.912
9606.ENSP00000273963,KLHL8,KBTBD7,0.91
9606.ENSP00000273963,KLHL8,KLHL22,0.91
9606.ENSP00000273963,KLHL8,KLHL25,0.909
9606.ENSP00000273963,KLHL8,KEAP1,0.909
9606.ENSP00000273963,KLHL8,KCTD17,0.909
9606.ENSP00000273963,KLHL8,GAN,0.908
9606.ENSP00000273963,KLHL8,KLHL20,0.907
9606.ENSP00000273963,KLHL8,KLHL21,0.907
9606.ENSP00000273963,KLHL8,KLHL12,0.907
9606.ENSP00000273963,KLHL8,KBTBD8,0.906
9606.ENSP00000273963,KLHL8,KLHL3,0.905
9606.ENSP00000273963,KLHL8,TNFAIP1,0.9
9606.ENSP00000273963,KLHL8,ZSWIM8,0.9
9606.ENSP00000273963,KLHL8,KCTD13,0.9
9606.ENSP00000274364,IQGAP2,CDC42,0.999
9606.ENSP00000274364,IQGAP2,RAC3,0.97
9606.ENSP00000274364,IQGAP2,CALM3,0.938
9606.ENSP00000274364,IQGAP2,IQGAP1,0.938
9606.ENSP00000274364,IQGAP2,RAC2,0.935
9606.ENSP00000274364,IQGAP2,IQGAP3,0.932
9606.ENSP00000274364,IQGAP2,CALML3,0.924
9606.ENSP00000274364,IQGAP2,CALML5,0.919
9606.ENSP00000274364,IQGAP2,RAC1,0.919
9606.ENSP00000275053,MMS22L,TONSL,0.999
9606.ENSP00000276282,MFHAS1,CLDN23,0.97
9606.ENSP00000276282,MFHAS1,PPP1R3B,0.929
9606.ENSP00000278198,LRRC4C,NTNG2,0.999
9606.ENSP00000278198,LRRC4C,NTNG1,0.999
9606.ENSP00000278198,LRRC4C,DLG4,0.906
9606.ENSP00000278198,LRRC4C,WHRN,0.903
9606.ENSP00000280684,KCNA6,KCNA2,0.986
9606.ENSP00000280684,KCNA6,KCNA1,0.985
9606.ENSP00000280684,KCNA6,KCNAB2,0.952
9606.ENSP00000280684,KCNA6,FAU,0.911
9606.ENSP00000280684,KCNA6,KCNAB1,0.904
9606.ENSP00000280706,LDHAL6A,PKLR,0.986
9606.ENSP00000280706,LDHAL6A,PKM,0.986
9606.ENSP00000280706,LDHAL6A,GOT1L1,0.982
9606.ENSP00000280706,LDHAL6A,GOT1,0.978
9606.ENSP00000280706,LDHAL6A,GOT2,0.972
9606.ENSP00000280706,LDHAL6A,PC,0.966
9606.ENSP00000280706,LDHAL6A,ME3,0.959
9606.ENSP00000280706,LDHAL6A,ME1,0.954
9606.ENSP00000280706,LDHAL6A,ME2,0.953
9606.ENSP00000280706,LDHAL6A,PDHB,0.944
9606.ENSP00000280706,LDHAL6A,CS,0.94
9606.ENSP00000280706,LDHAL6A,LDHD,0.939
9606.ENSP00000280706,LDHAL6A,GPI,0.93
9606.ENSP00000280706,LDHAL6A,BCKDHB,0.926
9606.ENSP00000280706,LDHAL6A,H6PD,0.926
9606.ENSP00000280706,LDHAL6A,PDHA2,0.923
9606.ENSP00000280706,LDHAL6A,MPST,0.922
9606.ENSP00000280706,LDHAL6A,BCKDHA,0.922
9606.ENSP00000280706,LDHAL6A,G6PD,0.916
9606.ENSP00000280706,LDHAL6A,TST,0.911
9606.ENSP00000280706,LDHAL6A,TKTL2,0.905
9606.ENSP00000280706,LDHAL6A,TKTL1,0.903
9606.ENSP00000280706,LDHAL6A,TKT,0.903
9606.ENSP00000280706,LDHAL6A,TSG101,0.902
9606.ENSP00000281156,KHDRBS2,PTK6,0.914
9606.ENSP00000281806,MCHR2,PMCH,0.999
9606.ENSP00000281806,MCHR2,MCHR1,0.917
9606.ENSP00000283928,JAZF1,NR2C2,0.988
9606.ENSP00000283928,JAZF1,SUZ12,0.935
9606.ENSP00000283928,JAZF1,MEAF6,0.931
9606.ENSP00000283928,JAZF1,MBTD1,0.917
9606.ENSP00000284073,MSI2,NUMBL,0.945
9606.ENSP00000284073,MSI2,MSI1,0.945
9606.ENSP00000284073,MSI2,NUMB,0.93
9606.ENSP00000284073,MSI2,HOXA9,0.916
9606.ENSP00000284073,MSI2,DAZAP1,0.909
9606.ENSP00000286523,ELMSAN1,DNTTIP1,0.997
9606.ENSP00000286523,ELMSAN1,HDAC1,0.971
9606.ENSP00000287025,MTERF3,FASTKD2,0.939
9606.ENSP00000287025,MTERF3,DDX28,0.909
9606.ENSP00000287239,KAT6B,ING5,0.999
9606.ENSP00000287239,KAT6B,BRPF1,0.999
9606.ENSP00000287239,KAT6B,MEAF6,0.998
9606.ENSP00000287239,KAT6B,KAT6A,0.998
9606.ENSP00000287239,KAT6B,BRD1,0.993
9606.ENSP00000287239,KAT6B,BRPF3,0.986
9606.ENSP00000287239,KAT6B,H3C13,0.985
9606.ENSP00000287239,KAT6B,H3C12,0.985
9606.ENSP00000287239,KAT6B,H3-4,0.982
9606.ENSP00000287239,KAT6B,H3-3B,0.977
9606.ENSP00000287239,KAT6B,H3-5,0.976
9606.ENSP00000287239,KAT6B,H3-2,0.976
9606.ENSP00000287239,KAT6B,KAT7,0.955
9606.ENSP00000287239,KAT6B,ING4,0.929
9606.ENSP00000287239,KAT6B,H3C2,0.922
9606.ENSP00000287239,KAT6B,H3C10,0.922
9606.ENSP00000287239,KAT6B,H3C4,0.922
9606.ENSP00000287239,KAT6B,H3C1,0.922
9606.ENSP00000287239,KAT6B,H3C8,0.922
9606.ENSP00000287239,KAT6B,H3C11,0.922
9606.ENSP00000287239,KAT6B,H3C15,0.922
9606.ENSP00000287239,KAT6B,H3C7,0.922
9606.ENSP00000287239,KAT6B,H3C14,0.922
9606.ENSP00000287239,KAT6B,H3-3A,0.922
9606.ENSP00000287239,KAT6B,H3C6,0.922
9606.ENSP00000287239,KAT6B,H3C3,0.922
9606.ENSP00000288135,KIT,KITLG,0.999
9606.ENSP00000288135,KIT,GRB2,0.998
9606.ENSP00000288135,KIT,PIK3R1,0.995
9606.ENSP00000288135,KIT,CLEC11A,0.993
9606.ENSP00000288135,KIT,PTPN11,0.99
9606.ENSP00000288135,KIT,PIK3CA,0.986
9606.ENSP00000288135,KIT,NRAS,0.981
9606.ENSP00000288135,KIT,KRAS,0.976
9606.ENSP00000288135,KIT,CXCL12,0.974
9606.ENSP00000288135,KIT,EGF,0.973
9606.ENSP00000288135,KIT,STAT5B,0.971
9606.ENSP00000288135,KIT,PIK3R2,0.968
9606.ENSP00000288135,KIT,SHC1,0.967
9606.ENSP00000288135,KIT,HRAS,0.962
9606.ENSP00000288135,KIT,PIK3CB,0.961
9606.ENSP00000288135,KIT,STAT3,0.96
9606.ENSP00000288135,KIT,STAT5A,0.959
9606.ENSP00000288135,KIT,INS,0.958
9606.ENSP00000288135,KIT,CBL,0.957
9606.ENSP00000288135,KIT,CD34,0.956
9606.ENSP00000288135,KIT,CRKL,0.952
9606.ENSP00000288135,KIT,FLT3LG,0.95
9606.ENSP00000288135,KIT,IL3,0.944
9606.ENSP00000288135,KIT,PIK3CD,0.94
9606.ENSP00000288135,KIT,SHC2,0.934
9606.ENSP00000288135,KIT,GAB2,0.932
9606.ENSP00000288135,KIT,PTPRU,0.932
9606.ENSP00000288135,KIT,PIK3R3,0.932
9606.ENSP00000288135,KIT,LYN,0.928
9606.ENSP00000288135,KIT,SHC3,0.925
9606.ENSP00000288135,KIT,HGF,0.925
9606.ENSP00000288135,KIT,IL1RAP,0.923
9606.ENSP00000288135,KIT,SHC4,0.921
9606.ENSP00000288135,KIT,ANPEP,0.921
9606.ENSP00000288135,KIT,CSF1,0.918
9606.ENSP00000288135,KIT,GAB1,0.914
9606.ENSP00000288135,KIT,PRKCA,0.912
9606.ENSP00000288135,KIT,FGF7,0.911
9606.ENSP00000288135,KIT,PTPRC,0.906
9606.ENSP00000289104,MRAS,SHOC2,0.999
9606.ENSP00000289104,MRAS,PIK3CA,0.996
9606.ENSP00000289104,MRAS,RAF1,0.991
9606.ENSP00000289104,MRAS,RALGDS,0.986
9606.ENSP00000289104,MRAS,RAPGEF5,0.984
9606.ENSP00000289104,MRAS,RAPGEF2,0.976
9606.ENSP00000289104,MRAS,SOS1,0.97
9606.ENSP00000289104,MRAS,AFDN,0.97
9606.ENSP00000289104,MRAS,RASSF5,0.966
9606.ENSP00000289104,MRAS,BRAF,0.965
9606.ENSP00000289104,MRAS,RASA1,0.962
9606.ENSP00000289104,MRAS,PIK3CB,0.961
9606.ENSP00000289104,MRAS,NF1,0.955
9606.ENSP00000289104,MRAS,PIK3CD,0.954
9606.ENSP00000289104,MRAS,ARAF,0.952
9606.ENSP00000289104,MRAS,SOS2,0.948
9606.ENSP00000289104,MRAS,RASA2,0.942
9606.ENSP00000289104,MRAS,RGL2,0.941
9606.ENSP00000289104,MRAS,RGL1,0.935
9606.ENSP00000289104,MRAS,MAP3K1,0.934
9606.ENSP00000289104,MRAS,RASGRF1,0.929
9606.ENSP00000289104,MRAS,TIAM1,0.926
9606.ENSP00000289104,MRAS,ARHGEF12,0.926
9606.ENSP00000289104,MRAS,CDKN2A,0.925
9606.ENSP00000289104,MRAS,RASGRF2,0.925
9606.ENSP00000289104,MRAS,PPP1CC,0.923
9606.ENSP00000289104,MRAS,RIN1,0.92
9606.ENSP00000289104,MRAS,PIK3R1,0.919
9606.ENSP00000289104,MRAS,PLCE1,0.918
9606.ENSP00000289104,MRAS,PRKCE,0.917
9606.ENSP00000289104,MRAS,RALBP1,0.916
9606.ENSP00000289104,MRAS,PIK3R3,0.91
9606.ENSP00000289104,MRAS,RASSF1,0.909
9606.ENSP00000289104,MRAS,PRKCA,0.909
9606.ENSP00000289104,MRAS,ARHGEF6,0.908
9606.ENSP00000289104,MRAS,PRKCG,0.908
9606.ENSP00000289104,MRAS,PRKCB,0.907
9606.ENSP00000289104,MRAS,BRAP,0.903
9606.ENSP00000289104,MRAS,PIK3R2,0.903
9606.ENSP00000290158,KPNB1,KPNA1,0.999
9606.ENSP00000290158,KPNB1,RAN,0.999
9606.ENSP00000290158,KPNB1,KPNA2,0.999
9606.ENSP00000290158,KPNB1,SNUPN,0.998
9606.ENSP00000290158,KPNB1,NUP153,0.996
9606.ENSP00000290158,KPNB1,KPNA6,0.995
9606.ENSP00000290158,KPNB1,KPNA4,0.995
9606.ENSP00000290158,KPNB1,RANBP2,0.993
9606.ENSP00000290158,KPNB1,KPNA3,0.99
9606.ENSP00000290158,KPNB1,NUP98,0.981
9606.ENSP00000290158,KPNB1,KPNA5,0.979
9606.ENSP00000290158,KPNB1,PTHLH,0.978
9606.ENSP00000290158,KPNB1,DKC1,0.969
9606.ENSP00000290158,KPNB1,NUP62,0.963
9606.ENSP00000290158,KPNB1,SREBF2,0.962
9606.ENSP00000290158,KPNB1,RANBP1,0.96
9606.ENSP00000290158,KPNB1,EXOSC10,0.958
9606.ENSP00000290158,KPNB1,RRP8,0.954
9606.ENSP00000290158,KPNB1,H1-0,0.948
9606.ENSP00000290158,KPNB1,IPO7,0.946
9606.ENSP00000290158,KPNB1,LBR,0.939
9606.ENSP00000290158,KPNB1,NUP50,0.939
9606.ENSP00000290158,KPNB1,TNPO1,0.937
9606.ENSP00000290158,KPNB1,RCC1,0.936
9606.ENSP00000290158,KPNB1,NUP107,0.934
9606.ENSP00000290158,KPNB1,SNAI1,0.93
9606.ENSP00000290158,KPNB1,KPNA7,0.927
9606.ENSP00000290158,KPNB1,NUP93,0.926
9606.ENSP00000290158,KPNB1,POM121C,0.921
9606.ENSP00000290158,KPNB1,IPO8,0.917
9606.ENSP00000290158,KPNB1,NUP54,0.912
9606.ENSP00000290158,KPNB1,NUP214,0.911
9606.ENSP00000290158,KPNB1,RANGAP1,0.908
9606.ENSP00000290158,KPNB1,NUP85,0.907
9606.ENSP00000290158,KPNB1,XPO1,0.902
9606.ENSP00000290158,KPNB1,IPO5,0.9
9606.ENSP00000292599,MAML1,RBPJ,0.999
9606.ENSP00000292599,MAML1,NOTCH1,0.999
9606.ENSP00000292599,MAML1,EP300,0.997
9606.ENSP00000292599,MAML1,NOTCH2,0.991
9606.ENSP00000292599,MAML1,NOTCH3,0.988
9606.ENSP00000292599,MAML1,NOTCH4,0.984
9606.ENSP00000292599,MAML1,RBPJL,0.975
9606.ENSP00000292599,MAML1,MAML2,0.95
9606.ENSP00000292599,MAML1,MAML3,0.938
9606.ENSP00000292599,MAML1,KAT2B,0.938
9606.ENSP00000292599,MAML1,KAT2A,0.937
9606.ENSP00000292599,MAML1,CREBBP,0.903
9606.ENSP00000292616,LRWD1,ORC3,0.995
9606.ENSP00000292616,LRWD1,ORC5,0.994
9606.ENSP00000292616,LRWD1,ORC2,0.993
9606.ENSP00000292616,LRWD1,ORC4,0.987
9606.ENSP00000292616,LRWD1,ORC1,0.974
9606.ENSP00000292616,LRWD1,ORC6,0.964
9606.ENSP00000293760,LEMD2,CHMP7,0.996
9606.ENSP00000293760,LEMD2,IST1,0.901
9606.ENSP00000293760,LEMD2,BANF1,0.901
9606.ENSP00000293760,LEMD2,EMD,0.9
9606.ENSP00000293872,LUC7L,RBM25,0.997
9606.ENSP00000293872,LUC7L,SNRNP70,0.994
9606.ENSP00000293872,LUC7L,SNRPC,0.988
9606.ENSP00000293872,LUC7L,PRPF40A,0.975
9606.ENSP00000293872,LUC7L,SNRPD1,0.966
9606.ENSP00000293872,LUC7L,SNRPD2,0.96
9606.ENSP00000293872,LUC7L,SF3B3,0.939
9606.ENSP00000293872,LUC7L,SNRPD3,0.936
9606.ENSP00000293872,LUC7L,LUC7L2,0.935
9606.ENSP00000293872,LUC7L,SNRPA,0.929
9606.ENSP00000293872,LUC7L,SNRPE,0.922
9606.ENSP00000293872,LUC7L,PRPF39,0.921
9606.ENSP00000293872,LUC7L,SNRPF,0.92
9606.ENSP00000293872,LUC7L,SNRPN,0.912
9606.ENSP00000293872,LUC7L,RBM39,0.906
9606.ENSP00000293872,LUC7L,SNRPG,0.904
9606.ENSP00000293872,LUC7L,SRPK2,0.904
9606.ENSP00000293872,LUC7L,NCBP1,0.9
9606.ENSP00000294304,LRP5,SOST,0.999
9606.ENSP00000294304,LRP5,DKK4,0.999
9606.ENSP00000294304,LRP5,AXIN1,0.999
9606.ENSP00000294304,LRP5,DKK2,0.999
9606.ENSP00000294304,LRP5,WNT1,0.999
9606.ENSP00000294304,LRP5,FZD4,0.999
9606.ENSP00000294304,LRP5,LRP6,0.999
9606.ENSP00000294304,LRP5,DKK1,0.999
9606.ENSP00000294304,LRP5,WNT3A,0.999
9606.ENSP00000294304,LRP5,DVL1,0.999
9606.ENSP00000294304,LRP5,FZD1,0.998
9606.ENSP00000294304,LRP5,NDP,0.998
9606.ENSP00000294304,LRP5,WNT10B,0.997
9606.ENSP00000294304,LRP5,WNT7A,0.996
9606.ENSP00000294304,LRP5,KREMEN1,0.995
9606.ENSP00000294304,LRP5,WNT3,0.995
9606.ENSP00000294304,LRP5,WNT5A,0.993
9606.ENSP00000294304,LRP5,CTNNB1,0.992
9606.ENSP00000294304,LRP5,APCDD1,0.991
9606.ENSP00000294304,LRP5,TSPAN12,0.985
9606.ENSP00000294304,LRP5,WNT2,0.982
9606.ENSP00000294304,LRP5,WNT7B,0.98
9606.ENSP00000294304,LRP5,FZD8,0.974
9606.ENSP00000294304,LRP5,DKK3,0.964
9606.ENSP00000294304,LRP5,RSPO1,0.961
9606.ENSP00000294304,LRP5,GSK3B,0.96
9606.ENSP00000294304,LRP5,FZD2,0.959
9606.ENSP00000294304,LRP5,FZD5,0.955
9606.ENSP00000294304,LRP5,FZD6,0.952
9606.ENSP00000294304,LRP5,WNT2B,0.947
9606.ENSP00000294304,LRP5,WNT11,0.946
9606.ENSP00000294304,LRP5,FZD7,0.942
9606.ENSP00000294304,LRP5,WNT4,0.941
9606.ENSP00000294304,LRP5,FZD3,0.939
9606.ENSP00000294304,LRP5,WNT6,0.936
9606.ENSP00000294304,LRP5,FZD10,0.936
9606.ENSP00000294304,LRP5,MESD,0.935
9606.ENSP00000294304,LRP5,SERPINF1,0.933
9606.ENSP00000294304,LRP5,WNT10A,0.931
9606.ENSP00000294304,LRP5,FZD9,0.924
9606.ENSP00000294304,LRP5,WNT16,0.919
9606.ENSP00000294304,LRP5,BAMBI,0.916
9606.ENSP00000294304,LRP5,SFRP1,0.91
9606.ENSP00000294304,LRP5,ADGRA2,0.908
9606.ENSP00000294304,LRP5,KREMEN2,0.906
9606.ENSP00000294304,LRP5,APC,0.903
9606.ENSP00000294304,LRP5,WNT8A,0.901
9606.ENSP00000295057,LRRTM1,NRXN1,0.901
9606.ENSP00000295321,IWS1,SUPT6H,0.999
9606.ENSP00000295321,IWS1,SUPT5H,0.968
9606.ENSP00000295321,IWS1,TCEA1,0.963
9606.ENSP00000295321,IWS1,SETD2,0.952
9606.ENSP00000295321,IWS1,POLR2A,0.948
9606.ENSP00000295321,IWS1,SUPT16H,0.948
9606.ENSP00000295321,IWS1,LEO1,0.947
9606.ENSP00000295321,IWS1,SUPT4H1,0.927
9606.ENSP00000295321,IWS1,POLR2B,0.92
9606.ENSP00000295321,IWS1,CTR9,0.915
9606.ENSP00000295321,IWS1,POLR2C,0.906
9606.ENSP00000295321,IWS1,SSRP1,0.902
9606.ENSP00000295321,IWS1,RTF1,0.901
9606.ENSP00000295408,MERTK,PROS1,0.999
9606.ENSP00000295408,MERTK,GAS6,0.999
9606.ENSP00000295408,MERTK,TULP1,0.949
9606.ENSP00000295408,MERTK,LGALS3,0.918
9606.ENSP00000296474,MST1R,MST1,0.999
9606.ENSP00000296474,MST1R,HGF,0.936
9606.ENSP00000296870,IL3,CSF2RB,0.999
9606.ENSP00000296870,IL3,IL5,0.999
9606.ENSP00000296870,IL3,IL3RA,0.999
9606.ENSP00000296870,IL3,IL6,0.998
9606.ENSP00000296870,IL3,CSF2,0.998
9606.ENSP00000296870,IL3,IL2,0.998
9606.ENSP00000296870,IL3,KITLG,0.996
9606.ENSP00000296870,IL3,IL1A,0.994
9606.ENSP00000296870,IL3,IL7,0.988
9606.ENSP00000296870,IL3,IL5RA,0.987
9606.ENSP00000296870,IL3,IFNG,0.983
9606.ENSP00000296870,IL3,IL4,0.981
9606.ENSP00000296870,IL3,JAK2,0.978
9606.ENSP00000296870,IL3,IL1B,0.977
9606.ENSP00000296870,IL3,RUNX1,0.973
9606.ENSP00000296870,IL3,THPO,0.971
9606.ENSP00000296870,IL3,FLT3LG,0.968
9606.ENSP00000296870,IL3,CSF3,0.964
9606.ENSP00000296870,IL3,EPO,0.956
9606.ENSP00000296870,IL3,IL9,0.945
9606.ENSP00000296870,IL3,KIT,0.944
9606.ENSP00000296870,IL3,EPOR,0.91
9606.ENSP00000296870,IL3,MPL,0.91
9606.ENSP00000296870,IL3,STAT5A,0.905
9606.ENSP00000296870,IL3,CD34,0.904
9606.ENSP00000296870,IL3,STAT5B,0.904
9606.ENSP00000296870,IL3,CSF1,0.9
9606.ENSP00000297792,KDM1B,BAP1,0.96
9606.ENSP00000297792,KDM1B,ASXL2,0.953
9606.ENSP00000297792,KDM1B,GLYR1,0.947
9606.ENSP00000297792,KDM1B,RCOR1,0.94
9606.ENSP00000297792,KDM1B,FOXK1,0.911
9606.ENSP00000297792,KDM1B,ASXL1,0.909
9606.ENSP00000297814,KIF27,STK36,0.97
9606.ENSP00000298229,INPPL1,EPHA2,0.998
9606.ENSP00000298229,INPPL1,SHC1,0.995
9606.ENSP00000298229,INPPL1,PIK3R1,0.971
9606.ENSP00000298229,INPPL1,FCGR2B,0.97
9606.ENSP00000298229,INPPL1,CBL,0.965
9606.ENSP00000298229,INPPL1,PIK3CB,0.964
9606.ENSP00000298229,INPPL1,INPP4A,0.962
9606.ENSP00000298229,INPPL1,PTEN,0.96
9606.ENSP00000298229,INPPL1,INPP4B,0.959
9606.ENSP00000298229,INPPL1,PIK3C2B,0.955
9606.ENSP00000298229,INPPL1,PIK3R2,0.954
9606.ENSP00000298229,INPPL1,SRC,0.947
9606.ENSP00000298229,INPPL1,PIK3CD,0.937
9606.ENSP00000298229,INPPL1,PIK3C2A,0.935
9606.ENSP00000298229,INPPL1,PIK3CA,0.932
9606.ENSP00000298229,INPPL1,PIK3CG,0.928
9606.ENSP00000298229,INPPL1,INPP5D,0.926
9606.ENSP00000298229,INPPL1,PIK3C2G,0.926
9606.ENSP00000298229,INPPL1,PIK3R3,0.923
9606.ENSP00000298229,INPPL1,GRB2,0.911
9606.ENSP00000298717,METTL3,METTL14,0.999
9606.ENSP00000298717,METTL3,RBM15B,0.999
9606.ENSP00000298717,METTL3,VIRMA,0.999
9606.ENSP00000298717,METTL3,METTL4,0.999
9606.ENSP00000298717,METTL3,ZC3H13,0.999
9606.ENSP00000298717,METTL3,RBM15,0.999
9606.ENSP00000298717,METTL3,CBLL1,0.999
9606.ENSP00000298717,METTL3,WTAP,0.999
9606.ENSP00000298717,METTL3,EIF3H,0.991
9606.ENSP00000298717,METTL3,METTL16,0.99
9606.ENSP00000298717,METTL3,YTHDF3,0.989
9606.ENSP00000298717,METTL3,DGCR8,0.985
9606.ENSP00000298717,METTL3,SMAD2,0.977
9606.ENSP00000298717,METTL3,YTHDC1,0.953
9606.ENSP00000298717,METTL3,YTHDF2,0.952
9606.ENSP00000298717,METTL3,YTHDF1,0.951
9606.ENSP00000298717,METTL3,YTHDC2,0.946
9606.ENSP00000298717,METTL3,ALKBH5,0.922
9606.ENSP00000298717,METTL3,SMAD3,0.915
9606.ENSP00000298717,METTL3,FTO,0.9
9606.ENSP00000298910,LRRK2,RAB29,0.995
9606.ENSP00000298910,LRRK2,PARK7,0.988
9606.ENSP00000298910,LRRK2,SNCA,0.986
9606.ENSP00000298910,LRRK2,PRKN,0.986
9606.ENSP00000298910,LRRK2,GAK,0.981
9606.ENSP00000298910,LRRK2,SFN,0.975
9606.ENSP00000298910,LRRK2,HSP90AA1,0.97
9606.ENSP00000298910,LRRK2,PINK1,0.955
9606.ENSP00000298910,LRRK2,MSN,0.952
9606.ENSP00000298910,LRRK2,DNM1L,0.943
9606.ENSP00000298910,LRRK2,HSP90AB1,0.942
9606.ENSP00000298910,LRRK2,HSPA8,0.936
9606.ENSP00000298910,LRRK2,MAPT,0.932
9606.ENSP00000298910,LRRK2,PTK6,0.93
9606.ENSP00000298910,LRRK2,CDC37,0.925
9606.ENSP00000298910,LRRK2,GBA,0.922
9606.ENSP00000298910,LRRK2,MBP,0.92
9606.ENSP00000298910,LRRK2,YWHAQ,0.919
9606.ENSP00000298910,LRRK2,RAB5B,0.909
9606.ENSP00000298910,LRRK2,YWHAG,0.906
9606.ENSP00000298910,LRRK2,VPS35,0.904
9606.ENSP00000298910,LRRK2,YWHAE,0.901
9606.ENSP00000298910,LRRK2,MFN1,0.9
9606.ENSP00000300182,MS4A6E,MS4A4A,0.98
9606.ENSP00000300182,MS4A6E,MS4A4E,0.978
9606.ENSP00000300182,MS4A6E,MS4A12,0.931
9606.ENSP00000300182,MS4A6E,MS4A10,0.93
9606.ENSP00000300182,MS4A6E,MS4A8,0.926
9606.ENSP00000300651,MED1,MED27,0.999
9606.ENSP00000300651,MED1,MED17,0.999
9606.ENSP00000300651,MED1,MED18,0.999
9606.ENSP00000300651,MED1,MED16,0.999
9606.ENSP00000300651,MED1,MED26,0.999
9606.ENSP00000300651,MED1,MED28,0.999
9606.ENSP00000300651,MED1,MED29,0.999
9606.ENSP00000300651,MED1,MED20,0.999
9606.ENSP00000300651,MED1,CCNC,0.999
9606.ENSP00000300651,MED1,MED22,0.999
9606.ENSP00000300651,MED1,PPARG,0.999
9606.ENSP00000300651,MED1,MED6,0.999
9606.ENSP00000300651,MED1,MED14,0.999
9606.ENSP00000300651,MED1,MED24,0.999
9606.ENSP00000300651,MED1,MED15,0.999
9606.ENSP00000300651,MED1,MED13,0.999
9606.ENSP00000300651,MED1,CDK19,0.999
9606.ENSP00000300651,MED1,MED23,0.999
9606.ENSP00000300651,MED1,MED12,0.999
9606.ENSP00000300651,MED1,MED30,0.999
9606.ENSP00000300651,MED1,MED19,0.999
9606.ENSP00000300651,MED1,MED25,0.999
9606.ENSP00000300651,MED1,MED4,0.999
9606.ENSP00000300651,MED1,MED8,0.999
9606.ENSP00000300651,MED1,CDK8,0.998
9606.ENSP00000300651,MED1,MED7,0.998
9606.ENSP00000300651,MED1,ESR1,0.998
9606.ENSP00000300651,MED1,MED21,0.998
9606.ENSP00000300651,MED1,POLR2E,0.998
9606.ENSP00000300651,MED1,MED9,0.998
9606.ENSP00000300651,MED1,FAU,0.997
9606.ENSP00000300651,MED1,MED10,0.997
9606.ENSP00000300651,MED1,CDK9,0.997
9606.ENSP00000300651,MED1,MED11,0.997
9606.ENSP00000300651,MED1,MED31,0.996
9606.ENSP00000300651,MED1,QKI,0.994
9606.ENSP00000300651,MED1,ZC3H13,0.994
9606.ENSP00000300651,MED1,TRIP4,0.994
9606.ENSP00000300651,MED1,STN1,0.994
9606.ENSP00000300651,MED1,ESR2,0.988
9606.ENSP00000300651,MED1,RXRA,0.986
9606.ENSP00000300651,MED1,RPL11,0.984
9606.ENSP00000300651,MED1,MRPS9,0.983
9606.ENSP00000300651,MED1,RPS15,0.983
9606.ENSP00000300651,MED1,MRPL17,0.983
9606.ENSP00000300651,MED1,POLR2F,0.983
9606.ENSP00000300651,MED1,RPS3,0.982
9606.ENSP00000300651,MED1,RPS11,0.982
9606.ENSP00000300651,MED1,RPL23A,0.982
9606.ENSP00000300651,MED1,MRPL12,0.982
9606.ENSP00000300651,MED1,MRPL36,0.982
9606.ENSP00000300651,MED1,RPL35,0.982
9606.ENSP00000300651,MED1,RPL23,0.982
9606.ENSP00000300651,MED1,RPS18,0.982
9606.ENSP00000300651,MED1,RPL5,0.982
9606.ENSP00000300651,MED1,RPL19,0.982
9606.ENSP00000300651,MED1,TUFM,0.982
9606.ENSP00000300651,MED1,MRPL19,0.981
9606.ENSP00000300651,MED1,MRPL9,0.981
9606.ENSP00000300651,MED1,MRPL21,0.981
9606.ENSP00000300651,MED1,MRPS6,0.981
9606.ENSP00000300651,MED1,MRPS16,0.981
9606.ENSP00000300651,MED1,RPL6,0.981
9606.ENSP00000300651,MED1,MRPL32,0.981
9606.ENSP00000300651,MED1,RPLP0,0.98
9606.ENSP00000300651,MED1,MRPL20,0.98
9606.ENSP00000300651,MED1,RPL14,0.98
9606.ENSP00000300651,MED1,RPL21,0.98
9606.ENSP00000300651,MED1,RPS20,0.98
9606.ENSP00000300651,MED1,RPS6,0.98
9606.ENSP00000300651,MED1,RPS28,0.98
9606.ENSP00000300651,MED1,MRPL33,0.98
9606.ENSP00000300651,MED1,RPS23,0.979
9606.ENSP00000300651,MED1,RPL8,0.979
9606.ENSP00000300651,MED1,RPS2,0.979
9606.ENSP00000300651,MED1,RPS7,0.979
9606.ENSP00000300651,MED1,RPL18,0.979
9606.ENSP00000300651,MED1,RPL18A,0.978
9606.ENSP00000300651,MED1,RPL24,0.978
9606.ENSP00000300651,MED1,RPL30,0.978
9606.ENSP00000300651,MED1,POLR2B,0.978
9606.ENSP00000300651,MED1,RPL4,0.978
9606.ENSP00000300651,MED1,RPL34,0.978
9606.ENSP00000300651,MED1,RPS16,0.978
9606.ENSP00000300651,MED1,UBA52,0.977
9606.ENSP00000300651,MED1,RPS21,0.977
9606.ENSP00000300651,MED1,RPS24,0.977
9606.ENSP00000300651,MED1,RPL27A,0.977
9606.ENSP00000300651,MED1,RPL13,0.977
9606.ENSP00000300651,MED1,PDCD11,0.976
9606.ENSP00000300651,MED1,RPL31,0.976
9606.ENSP00000300651,MED1,RPS25,0.976
9606.ENSP00000300651,MED1,MED13L,0.976
9606.ENSP00000300651,MED1,RPS17,0.976
9606.ENSP00000300651,MED1,RPL36,0.976
9606.ENSP00000300651,MED1,RPS3A,0.975
9606.ENSP00000300651,MED1,RPS26,0.975
9606.ENSP00000300651,MED1,RPL28,0.975
9606.ENSP00000300651,MED1,RPS8,0.975
9606.ENSP00000300651,MED1,RPL15,0.975
9606.ENSP00000300651,MED1,RPL35A,0.974
9606.ENSP00000300651,MED1,NCOA3,0.974
9606.ENSP00000300651,MED1,POLR2C,0.974
9606.ENSP00000300651,MED1,RPS19,0.974
9606.ENSP00000300651,MED1,RPS27A,0.972
9606.ENSP00000300651,MED1,MRPL27,0.972
9606.ENSP00000300651,MED1,RPL37A,0.972
9606.ENSP00000300651,MED1,THRA,0.97
9606.ENSP00000300651,MED1,POLR2A,0.97
9606.ENSP00000300651,MED1,RPL38,0.969
9606.ENSP00000300651,MED1,RPLP1,0.968
9606.ENSP00000300651,MED1,RPS9,0.966
9606.ENSP00000300651,MED1,MED12L,0.966
9606.ENSP00000300651,MED1,RPL29,0.964
9606.ENSP00000300651,MED1,GTF2A1,0.96
9606.ENSP00000300651,MED1,RPLP2,0.959
9606.ENSP00000300651,MED1,RARA,0.958
9606.ENSP00000300651,MED1,GTF2B,0.956
9606.ENSP00000300651,MED1,TBP,0.954
9606.ENSP00000300651,MED1,THRAP3,0.954
9606.ENSP00000300651,MED1,MAPK8,0.953
9606.ENSP00000300651,MED1,MAPK9,0.952
9606.ENSP00000300651,MED1,MRTO4,0.952
9606.ENSP00000300651,MED1,EEF2,0.949
9606.ENSP00000300651,MED1,MRPS10,0.947
9606.ENSP00000300651,MED1,MRPS12,0.947
9606.ENSP00000300651,MED1,EIF5B,0.946
9606.ENSP00000300651,MED1,POLR2L,0.945
9606.ENSP00000300651,MED1,MRPS5,0.944
9606.ENSP00000300651,MED1,CARM1,0.944
9606.ENSP00000300651,MED1,IMP3,0.944
9606.ENSP00000300651,MED1,ERCC3,0.939
9606.ENSP00000300651,MED1,RPS14,0.938
9606.ENSP00000300651,MED1,RARB,0.937
9606.ENSP00000300651,MED1,RPL13A,0.937
9606.ENSP00000300651,MED1,RPL26,0.937
9606.ENSP00000300651,MED1,CD74,0.937
9606.ENSP00000300651,MED1,RPL26L1,0.937
9606.ENSP00000300651,MED1,RPS13,0.936
9606.ENSP00000300651,MED1,FLT3LG,0.936
9606.ENSP00000300651,MED1,MRNIP,0.935
9606.ENSP00000300651,MED1,RPS29,0.934
9606.ENSP00000300651,MED1,RPL17,0.933
9606.ENSP00000300651,MED1,RPL10A,0.933
9606.ENSP00000300651,MED1,RSAD1,0.933
9606.ENSP00000300651,MED1,RPL17-C18orf32,0.932
9606.ENSP00000300651,MED1,FANCE,0.932
9606.ENSP00000300651,MED1,NR1I3,0.931
9606.ENSP00000300651,MED1,RPS27,0.93
9606.ENSP00000300651,MED1,MAPK14,0.929
9606.ENSP00000300651,MED1,RPSA,0.929
9606.ENSP00000300651,MED1,RPS27L,0.929
9606.ENSP00000300651,MED1,SP1,0.928
9606.ENSP00000300651,MED1,CXorf66,0.928
9606.ENSP00000300651,MED1,MRRF,0.925
9606.ENSP00000300651,MED1,RPL39,0.924
9606.ENSP00000300651,MED1,RPL39L,0.924
9606.ENSP00000300651,MED1,MAPK13,0.923
9606.ENSP00000300651,MED1,MAPK11,0.923
9606.ENSP00000300651,MED1,RPL3,0.923
9606.ENSP00000300651,MED1,MAPK12,0.923
9606.ENSP00000300651,MED1,MTIF2,0.922
9606.ENSP00000300651,MED1,RPL3L,0.922
9606.ENSP00000300651,MED1,DOCK4,0.922
9606.ENSP00000300651,MED1,SRC,0.922
9606.ENSP00000300651,MED1,RPL7A,0.92
9606.ENSP00000300651,MED1,EP300,0.918
9606.ENSP00000300651,MED1,PPARGC1B,0.917
9606.ENSP00000300651,MED1,RACK1,0.917
9606.ENSP00000300651,MED1,RPL27,0.916
9606.ENSP00000300651,MED1,WDR31,0.916
9606.ENSP00000300651,MED1,IFI35,0.915
9606.ENSP00000300651,MED1,FOS,0.914
9606.ENSP00000300651,MED1,CDK7,0.914
9606.ENSP00000300651,MED1,PRKACG,0.913
9606.ENSP00000300651,MED1,PRKACA,0.913
9606.ENSP00000300651,MED1,CYP27B1,0.913
9606.ENSP00000300651,MED1,H4C6,0.913
9606.ENSP00000300651,MED1,PRKACB,0.913
9606.ENSP00000300651,MED1,JUN,0.911
9606.ENSP00000300651,MED1,RPS6KB1,0.908
9606.ENSP00000300651,MED1,SEC61A1,0.907
9606.ENSP00000300651,MED1,SEC61A2,0.906
9606.ENSP00000300651,MED1,RPS10,0.906
9606.ENSP00000300651,MED1,TP53,0.906
9606.ENSP00000300651,MED1,RPL22,0.905
9606.ENSP00000300651,MED1,RPL37,0.905
9606.ENSP00000300651,MED1,RPL10,0.905
9606.ENSP00000300651,MED1,AKNAD1,0.905
9606.ENSP00000300651,MED1,RPS10-NUDT3,0.904
9606.ENSP00000300651,MED1,RPL22L1,0.904
9606.ENSP00000300651,MED1,RPL10L,0.903
9606.ENSP00000300651,MED1,RPS6KB2,0.903
9606.ENSP00000301067,KMT2D,WDR5,0.999
9606.ENSP00000301067,KMT2D,KDM6A,0.999
9606.ENSP00000301067,KMT2D,ASH2L,0.998
9606.ENSP00000301067,KMT2D,KMT2C,0.998
9606.ENSP00000301067,KMT2D,RBBP5,0.997
9606.ENSP00000301067,KMT2D,KMT2A,0.997
9606.ENSP00000301067,KMT2D,PAXIP1,0.996
9606.ENSP00000301067,KMT2D,PAGR1,0.985
9606.ENSP00000301067,KMT2D,DPY30,0.983
9606.ENSP00000301067,KMT2D,NCOA6,0.966
9606.ENSP00000301067,KMT2D,MEN1,0.963
9606.ENSP00000301067,KMT2D,KMT2B,0.949
9606.ENSP00000301067,KMT2D,PRKAB1,0.941
9606.ENSP00000301067,KMT2D,WDR5B,0.938
9606.ENSP00000301067,KMT2D,CTNNB1,0.936
9606.ENSP00000301067,KMT2D,H4C6,0.915
9606.ENSP00000301067,KMT2D,PRKAA1,0.91
9606.ENSP00000301420,KLK1,SERPINA4,0.997
9606.ENSP00000301420,KLK1,KNG1,0.953
9606.ENSP00000301420,KLK1,KLK2,0.905
9606.ENSP00000302111,MGMT,IDH1,0.934
9606.ENSP00000302177,MBOAT2,AGPAT2,0.979
9606.ENSP00000302177,MBOAT2,AGPAT1,0.974
9606.ENSP00000302177,MBOAT2,LPCAT4,0.968
9606.ENSP00000302177,MBOAT2,AGPAT3,0.959
9606.ENSP00000302177,MBOAT2,GPAT4,0.958
9606.ENSP00000302177,MBOAT2,AGPAT4,0.955
9606.ENSP00000302177,MBOAT2,LCLAT1,0.951
9606.ENSP00000302177,MBOAT2,AGPAT5,0.95
9606.ENSP00000302177,MBOAT2,SELENOI,0.949
9606.ENSP00000302177,MBOAT2,CDS2,0.949
9606.ENSP00000302177,MBOAT2,PISD,0.946
9606.ENSP00000302177,MBOAT2,CDS1,0.945
9606.ENSP00000302177,MBOAT2,CEPT1,0.943
9606.ENSP00000302177,MBOAT2,PLD2,0.938
9606.ENSP00000302177,MBOAT2,PEMT,0.936
9606.ENSP00000302177,MBOAT2,LPCAT3,0.93
9606.ENSP00000302177,MBOAT2,PTDSS1,0.928
9606.ENSP00000302177,MBOAT2,PTDSS2,0.927
9606.ENSP00000302177,MBOAT2,PLD1,0.926
9606.ENSP00000302177,MBOAT2,PLPP4,0.923
9606.ENSP00000302177,MBOAT2,PLPP5,0.921
9606.ENSP00000302177,MBOAT2,PNPLA6,0.92
9606.ENSP00000302177,MBOAT2,PLD3,0.916
9606.ENSP00000302177,MBOAT2,AGK,0.916
9606.ENSP00000302177,MBOAT2,PLA1A,0.915
9606.ENSP00000302177,MBOAT2,PLB1,0.914
9606.ENSP00000302177,MBOAT2,LYPLA1,0.913
9606.ENSP00000302177,MBOAT2,PNPLA7,0.913
9606.ENSP00000302177,MBOAT2,PLD4,0.911
9606.ENSP00000302177,MBOAT2,PLAAT3,0.909
9606.ENSP00000302177,MBOAT2,MBOAT1,0.904
9606.ENSP00000302486,MAP2K1,MAPK3,0.999
9606.ENSP00000302486,MAP2K1,BRAF,0.999
9606.ENSP00000302486,MAP2K1,MAPK1,0.999
9606.ENSP00000302486,MAP2K1,RAF1,0.999
9606.ENSP00000302486,MAP2K1,LAMTOR3,0.998
9606.ENSP00000302486,MAP2K1,KSR2,0.997
9606.ENSP00000302486,MAP2K1,KSR1,0.996
9606.ENSP00000302486,MAP2K1,MAP2K2,0.996
9606.ENSP00000302486,MAP2K1,KRAS,0.995
9606.ENSP00000302486,MAP2K1,ARAF,0.994
9606.ENSP00000302486,MAP2K1,HRAS,0.989
9606.ENSP00000302486,MAP2K1,MAP3K1,0.989
9606.ENSP00000302486,MAP2K1,NRAS,0.983
9606.ENSP00000302486,MAP2K1,IQGAP1,0.982
9606.ENSP00000302486,MAP2K1,MAP3K8,0.976
9606.ENSP00000302486,MAP2K1,ARRB2,0.975
9606.ENSP00000302486,MAP2K1,MAPK14,0.97
9606.ENSP00000302486,MAP2K1,TRIB1,0.967
9606.ENSP00000302486,MAP2K1,MAPK13,0.954
9606.ENSP00000302486,MAP2K1,MAPK12,0.954
9606.ENSP00000302486,MAP2K1,MAPK11,0.951
9606.ENSP00000302486,MAP2K1,PPP2R1A,0.95
9606.ENSP00000302486,MAP2K1,PPP2CA,0.944
9606.ENSP00000302486,MAP2K1,GSK3B,0.939
9606.ENSP00000302486,MAP2K1,MAPK8,0.934
9606.ENSP00000302486,MAP2K1,MOS,0.934
9606.ENSP00000302486,MAP2K1,MAPK9,0.931
9606.ENSP00000302486,MAP2K1,YWHAB,0.931
9606.ENSP00000302486,MAP2K1,PAK1,0.929
9606.ENSP00000302486,MAP2K1,PRKACA,0.929
9606.ENSP00000302486,MAP2K1,PRKACG,0.929
9606.ENSP00000302486,MAP2K1,MAP3K7,0.928
9606.ENSP00000302486,MAP2K1,PAK4,0.928
9606.ENSP00000302486,MAP2K1,PTPN11,0.928
9606.ENSP00000302486,MAP2K1,PPP2CB,0.928
9606.ENSP00000302486,MAP2K1,PRKCD,0.925
9606.ENSP00000302486,MAP2K1,PRKACB,0.925
9606.ENSP00000302486,MAP2K1,PAK2,0.925
9606.ENSP00000302486,MAP2K1,PAK6,0.923
9606.ENSP00000302486,MAP2K1,BAD,0.92
9606.ENSP00000302486,MAP2K1,PAK3,0.92
9606.ENSP00000302486,MAP2K1,PAK5,0.917
9606.ENSP00000302486,MAP2K1,LAMTOR2,0.9
9606.ENSP00000302486,MAP2K1,PPP2R1B,0.9
9606.ENSP00000302716,MUC17,MUC13,0.969
9606.ENSP00000302716,MUC17,MUC2,0.945
9606.ENSP00000302716,MUC17,MUC15,0.932
9606.ENSP00000302716,MUC17,MUC12,0.929
9606.ENSP00000302716,MUC17,MUC20,0.929
9606.ENSP00000302716,MUC17,MUC16,0.927
9606.ENSP00000302716,MUC17,MUC5AC,0.925
9606.ENSP00000302716,MUC17,MUC5B,0.918
9606.ENSP00000302716,MUC17,MUC6,0.905
9606.ENSP00000303758,LUZP1,DAPK3,0.994
9606.ENSP00000303830,INSR,IRS1,0.999
9606.ENSP00000303830,INSR,IRS2,0.999
9606.ENSP00000303830,INSR,PTPN1,0.999
9606.ENSP00000303830,INSR,INS,0.999
9606.ENSP00000303830,INSR,IGF1,0.999
9606.ENSP00000303830,INSR,IGF1R,0.997
9606.ENSP00000303830,INSR,GRB14,0.996
9606.ENSP00000303830,INSR,SH2B2,0.995
9606.ENSP00000303830,INSR,SHC1,0.994
9606.ENSP00000303830,INSR,IGF2,0.991
9606.ENSP00000303830,INSR,PIK3R1,0.988
9606.ENSP00000303830,INSR,GRB2,0.985
9606.ENSP00000303830,INSR,INSRR,0.984
9606.ENSP00000303830,INSR,GRB10,0.983
9606.ENSP00000303830,INSR,IRS4,0.983
9606.ENSP00000303830,INSR,SOCS3,0.982
9606.ENSP00000303830,INSR,PTPN11,0.98
9606.ENSP00000303830,INSR,SOCS1,0.97
9606.ENSP00000303830,INSR,EGF,0.968
9606.ENSP00000303830,INSR,TXNDC9,0.956
9606.ENSP00000303830,INSR,PTPRF,0.948
9606.ENSP00000303830,INSR,PIK3CA,0.947
9606.ENSP00000303830,INSR,PIK3CB,0.944
9606.ENSP00000303830,INSR,GAB1,0.943
9606.ENSP00000303830,INSR,INS-IGF2,0.938
9606.ENSP00000303830,INSR,PRKCE,0.931
9606.ENSP00000303830,INSR,CBL,0.929
9606.ENSP00000303830,INSR,PIK3CD,0.927
9606.ENSP00000303830,INSR,CBLB,0.919
9606.ENSP00000303830,INSR,SOCS2,0.918
9606.ENSP00000303830,INSR,SOCS4,0.917
9606.ENSP00000303830,INSR,KITLG,0.916
9606.ENSP00000303830,INSR,SHC2,0.914
9606.ENSP00000303830,INSR,SHC3,0.914
9606.ENSP00000303830,INSR,KL,0.911
9606.ENSP00000303830,INSR,PRKCB,0.911
9606.ENSP00000303830,INSR,OGT,0.907
9606.ENSP00000303830,INSR,GAB2,0.905
9606.ENSP00000303830,INSR,SHC4,0.904
9606.ENSP00000304895,IRS1,PIK3R1,0.999
9606.ENSP00000304895,IRS1,INSR,0.999
9606.ENSP00000304895,IRS1,PTPN11,0.999
9606.ENSP00000304895,IRS1,INS,0.999
9606.ENSP00000304895,IRS1,GRB2,0.999
9606.ENSP00000304895,IRS1,IGF1R,0.999
9606.ENSP00000304895,IRS1,PIK3CA,0.999
9606.ENSP00000304895,IRS1,IGF1,0.998
9606.ENSP00000304895,IRS1,PIK3R3,0.997
9606.ENSP00000304895,IRS1,IRS2,0.997
9606.ENSP00000304895,IRS1,JAK2,0.996
9606.ENSP00000304895,IRS1,PTPN1,0.995
9606.ENSP00000304895,IRS1,RPS6KB1,0.994
9606.ENSP00000304895,IRS1,MTOR,0.992
9606.ENSP00000304895,IRS1,PIK3CB,0.991
9606.ENSP00000304895,IRS1,SHC1,0.991
9606.ENSP00000304895,IRS1,PIK3R2,0.99
9606.ENSP00000304895,IRS1,MAPK8,0.986
9606.ENSP00000304895,IRS1,RPS6KB2,0.986
9606.ENSP00000304895,IRS1,SOCS3,0.985
9606.ENSP00000304895,IRS1,SOCS1,0.983
9606.ENSP00000304895,IRS1,IKBKB,0.981
9606.ENSP00000304895,IRS1,SRC,0.977
9606.ENSP00000304895,IRS1,NTRK2,0.974
9606.ENSP00000304895,IRS1,IRS4,0.973
9606.ENSP00000304895,IRS1,AKT1,0.972
9606.ENSP00000304895,IRS1,NTRK1,0.971
9606.ENSP00000304895,IRS1,EIF2AK2,0.966
9606.ENSP00000304895,IRS1,LEP,0.963
9606.ENSP00000304895,IRS1,PRKCD,0.962
9606.ENSP00000304895,IRS1,SOCS2,0.96
9606.ENSP00000304895,IRS1,PRKCZ,0.955
9606.ENSP00000304895,IRS1,CHUK,0.953
9606.ENSP00000304895,IRS1,PIK3CG,0.948
9606.ENSP00000304895,IRS1,PTPRF,0.945
9606.ENSP00000304895,IRS1,PIK3CD,0.943
9606.ENSP00000304895,IRS1,AP2M1,0.942
9606.ENSP00000304895,IRS1,SOS1,0.941
9606.ENSP00000304895,IRS1,SLC2A4,0.94
9606.ENSP00000304895,IRS1,EGFR,0.939
9606.ENSP00000304895,IRS1,MAPK9,0.936
9606.ENSP00000304895,IRS1,PRKCQ,0.934
9606.ENSP00000304895,IRS1,JAK1,0.933
9606.ENSP00000304895,IRS1,SOCS4,0.932
9606.ENSP00000304895,IRS1,PRKCB,0.932
9606.ENSP00000304895,IRS1,KL,0.931
9606.ENSP00000304895,IRS1,YWHAZ,0.93
9606.ENSP00000304895,IRS1,IGF2,0.928
9606.ENSP00000304895,IRS1,PRKCE,0.926
9606.ENSP00000304895,IRS1,NTRK3,0.925
9606.ENSP00000304895,IRS1,PIK3R5,0.924
9606.ENSP00000304895,IRS1,FYN,0.923
9606.ENSP00000304895,IRS1,BECN1,0.921
9606.ENSP00000304895,IRS1,GRB10,0.92
9606.ENSP00000304895,IRS1,OGT,0.919
9606.ENSP00000304895,IRS1,IRS4-2,0.918
9606.ENSP00000304895,IRS1,IKBKG,0.914
9606.ENSP00000304895,IRS1,ERBB2,0.909
9606.ENSP00000304895,IRS1,PIK3R6,0.903
9606.ENSP00000304895,IRS1,ESR1,0.903
9606.ENSP00000304895,IRS1,GPR83,0.9
9606.ENSP00000305653,LETM1,TRAPPC10,0.906
9606.ENSP00000306157,IL7R,TSLP,0.999
9606.ENSP00000306157,IL7R,IL7,0.999
9606.ENSP00000306157,IL7R,IL2RG,0.999
9606.ENSP00000306157,IL7R,CRLF2,0.999
9606.ENSP00000306157,IL7R,JAK1,0.994
9606.ENSP00000306157,IL7R,JAK3,0.988
9606.ENSP00000306157,IL7R,IL15,0.985
9606.ENSP00000306157,IL7R,IL2,0.978
9606.ENSP00000306157,IL7R,CD4,0.96
9606.ENSP00000306157,IL7R,IL4,0.952
9606.ENSP00000306157,IL7R,CD8A,0.946
9606.ENSP00000306157,IL7R,STAT5B,0.941
9606.ENSP00000306157,IL7R,STAT5A,0.938
9606.ENSP00000306157,IL7R,IFNG,0.926
9606.ENSP00000306157,IL7R,IL9,0.922
9606.ENSP00000306157,IL7R,CCR7,0.922
9606.ENSP00000306157,IL7R,IL10,0.919
9606.ENSP00000306157,IL7R,IL6,0.916
9606.ENSP00000306157,IL7R,IL2RA,0.914
9606.ENSP00000306157,IL7R,PTPRC,0.906
9606.ENSP00000306157,IL7R,CD69,0.9
9606.ENSP00000306157,IL7R,JAK2,0.9
9606.ENSP00000306760,LRRC45,CROCC,0.981
9606.ENSP00000306760,LRRC45,CNTLN,0.923
9606.ENSP00000307078,KIF5B,KLC3,0.999
9606.ENSP00000307078,KIF5B,KLC2,0.999
9606.ENSP00000307078,KIF5B,KLC1,0.999
9606.ENSP00000307078,KIF5B,KLC4,0.998
9606.ENSP00000307078,KIF5B,RANBP2,0.992
9606.ENSP00000307078,KIF5B,KIF5A,0.97
9606.ENSP00000307078,KIF5B,SYBU,0.966
9606.ENSP00000307078,KIF5B,KIF5C,0.959
9606.ENSP00000307078,KIF5B,TUBA1A,0.95
9606.ENSP00000307078,KIF5B,TUBB2A,0.944
9606.ENSP00000307078,KIF5B,NEFM,0.937
9606.ENSP00000307078,KIF5B,TUBA1B,0.935
9606.ENSP00000307078,KIF5B,TUBB2B,0.934
9606.ENSP00000307078,KIF5B,GSK3B,0.932
9606.ENSP00000307078,KIF5B,SYNE4,0.925
9606.ENSP00000307078,KIF5B,NEFH,0.918
9606.ENSP00000307078,KIF5B,SNCA,0.916
9606.ENSP00000307078,KIF5B,ALK,0.913
9606.ENSP00000307078,KIF5B,MAPK8,0.911
9606.ENSP00000307078,KIF5B,NEFL,0.91
9606.ENSP00000307078,KIF5B,EML4,0.905
9606.ENSP00000307078,KIF5B,MAPK9,0.903
9606.ENSP00000307288,MCM7,MCM2,0.999
9606.ENSP00000307288,MCM7,TIPIN,0.999
9606.ENSP00000307288,MCM7,MCM6,0.999
9606.ENSP00000307288,MCM7,CDT1,0.999
9606.ENSP00000307288,MCM7,GINS3,0.999
9606.ENSP00000307288,MCM7,CDC45,0.999
9606.ENSP00000307288,MCM7,ORC6,0.999
9606.ENSP00000307288,MCM7,GINS2,0.999
9606.ENSP00000307288,MCM7,CDC6,0.999
9606.ENSP00000307288,MCM7,MCM3,0.999
9606.ENSP00000307288,MCM7,GINS1,0.999
9606.ENSP00000307288,MCM7,CDC7,0.999
9606.ENSP00000307288,MCM7,MCM5,0.999
9606.ENSP00000307288,MCM7,GINS4,0.999
9606.ENSP00000307288,MCM7,MCM10,0.999
9606.ENSP00000307288,MCM7,MCM4,0.999
9606.ENSP00000307288,MCM7,ORC2,0.997
9606.ENSP00000307288,MCM7,MCM8,0.997
9606.ENSP00000307288,MCM7,ORC1,0.997
9606.ENSP00000307288,MCM7,MCM9,0.997
9606.ENSP00000307288,MCM7,DBF4,0.997
9606.ENSP00000307288,MCM7,WDHD1,0.996
9606.ENSP00000307288,MCM7,TIMELESS,0.996
9606.ENSP00000307288,MCM7,MCMBP,0.996
9606.ENSP00000307288,MCM7,ORC4,0.995
9606.ENSP00000307288,MCM7,ORC5,0.991
9606.ENSP00000307288,MCM7,ORC3,0.991
9606.ENSP00000307288,MCM7,POLE,0.986
9606.ENSP00000307288,MCM7,PCNA,0.985
9606.ENSP00000307288,MCM7,POLE2,0.982
9606.ENSP00000307288,MCM7,ATRIP,0.978
9606.ENSP00000307288,MCM7,MCM8-2,0.963
9606.ENSP00000307288,MCM7,CLSPN,0.956
9606.ENSP00000307288,MCM7,LRR1,0.947
9606.ENSP00000307288,MCM7,CCNA2,0.947
9606.ENSP00000307288,MCM7,POLA1,0.944
9606.ENSP00000307288,MCM7,RFC5,0.939
9606.ENSP00000307288,MCM7,RFC3,0.937
9606.ENSP00000307288,MCM7,PRIM2,0.934
9606.ENSP00000307288,MCM7,ELOC,0.926
9606.ENSP00000307288,MCM7,RRM1,0.921
9606.ENSP00000307288,MCM7,PRIM1,0.919
9606.ENSP00000307288,MCM7,CDK2,0.914
9606.ENSP00000307288,MCM7,CCNA1,0.913
9606.ENSP00000307288,MCM7,CHEK1,0.906
9606.ENSP00000307288,MCM7,RFC4,0.906
9606.ENSP00000307288,MCM7,RPA1,0.905
9606.ENSP00000307288,MCM7,FEN1,0.903
9606.ENSP00000307288,MCM7,CUL2,0.902
9606.ENSP00000307288,MCM7,ASF1B,0.9
9606.ENSP00000307411,MLLT10,DOT1L,0.999
9606.ENSP00000307411,MLLT10,MLLT3,0.996
9606.ENSP00000307411,MLLT10,MLLT1,0.986
9606.ENSP00000307411,MLLT10,AFF1,0.985
9606.ENSP00000307411,MLLT10,MLLT6,0.982
9606.ENSP00000307411,MLLT10,PICALM,0.922
9606.ENSP00000307411,MLLT10,ELL,0.916
9606.ENSP00000308369,LEMD3,BANF1,0.998
9606.ENSP00000308369,LEMD3,EMD,0.989
9606.ENSP00000308369,LEMD3,SMAD1,0.982
9606.ENSP00000308369,LEMD3,SMAD2,0.982
9606.ENSP00000308369,LEMD3,SMAD3,0.973
9606.ENSP00000308369,LEMD3,BANF2,0.968
9606.ENSP00000308369,LEMD3,PIGN,0.958
9606.ENSP00000308369,LEMD3,LBR,0.941
9606.ENSP00000308369,LEMD3,LMNA,0.936
9606.ENSP00000308369,LEMD3,LMNB1,0.927
9606.ENSP00000309245,LRRC7,CAMK2A,0.995
9606.ENSP00000310260,INTS6,INTS13,0.999
9606.ENSP00000310260,INTS6,INTS11,0.999
9606.ENSP00000310260,INTS6,INTS7,0.999
9606.ENSP00000310260,INTS6,INTS3,0.999
9606.ENSP00000310260,INTS6,POLR2A,0.999
9606.ENSP00000310260,INTS6,INTS9,0.999
9606.ENSP00000310260,INTS6,PPP2R1A,0.999
9606.ENSP00000310260,INTS6,INTS12,0.999
9606.ENSP00000310260,INTS6,INTS2,0.999
9606.ENSP00000310260,INTS6,INTS5,0.999
9606.ENSP00000310260,INTS6,INTS1,0.999
9606.ENSP00000310260,INTS6,INTS14,0.999
9606.ENSP00000310260,INTS6,INTS4,0.999
9606.ENSP00000310260,INTS6,INTS8,0.999
9606.ENSP00000310260,INTS6,INTS10,0.999
9606.ENSP00000310260,INTS6,PPP2CA,0.999
9606.ENSP00000310260,INTS6,C7orf26,0.998
9606.ENSP00000310260,INTS6,INTS6L,0.998
9606.ENSP00000310260,INTS6,POLR2D,0.998
9606.ENSP00000310260,INTS6,POLR2C,0.998
9606.ENSP00000310260,INTS6,NABP2,0.998
9606.ENSP00000310260,INTS6,POLR2E,0.998
9606.ENSP00000310260,INTS6,POLR2L,0.998
9606.ENSP00000310260,INTS6,POLR2B,0.998
9606.ENSP00000310260,INTS6,POLR2J,0.998
9606.ENSP00000310260,INTS6,POLR2H,0.998
9606.ENSP00000310260,INTS6,POLR2G,0.998
9606.ENSP00000310260,INTS6,PPP1CB,0.994
9606.ENSP00000310260,INTS6,PPP2CB,0.994
9606.ENSP00000310260,INTS6,ZNF592,0.994
9606.ENSP00000310260,INTS6,ZMYND8,0.994
9606.ENSP00000310260,INTS6,NAIF1,0.994
9606.ENSP00000310260,INTS6,ZNF687,0.994
9606.ENSP00000310260,INTS6,PPP2R1B,0.994
9606.ENSP00000310260,INTS6,SUPT5H,0.929
9606.ENSP00000310260,INTS6,NELFB,0.908
9606.ENSP00000310722,MOS,MAP2K2,0.934
9606.ENSP00000310722,MOS,MAP2K1,0.934
9606.ENSP00000310722,MOS,HSP90AA1,0.928
9606.ENSP00000310722,MOS,HSP90AB1,0.928
9606.ENSP00000310722,MOS,PKMYT1,0.913
9606.ENSP00000311005,MAPK7,MAP2K5,0.999
9606.ENSP00000311005,MAPK7,RAPGEF3,0.977
9606.ENSP00000311005,MAPK7,MEF2A,0.972
9606.ENSP00000311005,MAPK7,AKAP6,0.958
9606.ENSP00000311005,MAPK7,MEF2C,0.956
9606.ENSP00000311005,MAPK7,RPS6KA3,0.951
9606.ENSP00000311005,MAPK7,NFE2L2,0.947
9606.ENSP00000311005,MAPK7,PRKCZ,0.942
9606.ENSP00000311005,MAPK7,GJA1,0.941
9606.ENSP00000311005,MAPK7,NR4A1,0.928
9606.ENSP00000311005,MAPK7,RPS6KA1,0.927
9606.ENSP00000311005,MAPK7,RPS6KA2,0.921
9606.ENSP00000311005,MAPK7,RPS6KA6,0.913
9606.ENSP00000311005,MAPK7,GJD2,0.9
9606.ENSP00000311492,ISX,BCO1,0.985
9606.ENSP00000311505,IQCB1,CEP290,0.999
9606.ENSP00000311505,IQCB1,RPGR,0.989
9606.ENSP00000311505,IQCB1,CALM3,0.978
9606.ENSP00000311505,IQCB1,SDCCAG8,0.965
9606.ENSP00000311505,IQCB1,NPHP4,0.953
9606.ENSP00000311505,IQCB1,NPHP3,0.951
9606.ENSP00000311505,IQCB1,CALML3,0.949
9606.ENSP00000311505,IQCB1,NPHP1,0.943
9606.ENSP00000311505,IQCB1,CALML5,0.937
9606.ENSP00000311505,IQCB1,CALML6,0.937
9606.ENSP00000311505,IQCB1,CALML4,0.937
9606.ENSP00000311905,LTBP4,TGFB1,0.997
9606.ENSP00000312379,KMT2E,NCR2,0.984
9606.ENSP00000312379,KMT2E,H3C12,0.968
9606.ENSP00000312379,KMT2E,H3C13,0.968
9606.ENSP00000312379,KMT2E,H3-3B,0.941
9606.ENSP00000312379,KMT2E,H3-5,0.94
9606.ENSP00000312379,KMT2E,H3-2,0.94
9606.ENSP00000312379,KMT2E,H3-4,0.94
9606.ENSP00000312379,KMT2E,H3C6,0.911
9606.ENSP00000312379,KMT2E,H3C3,0.91
9606.ENSP00000312379,KMT2E,H3-3A,0.91
9606.ENSP00000312379,KMT2E,H3C4,0.909
9606.ENSP00000312379,KMT2E,H3C11,0.908
9606.ENSP00000312379,KMT2E,H3C15,0.908
9606.ENSP00000312379,KMT2E,H3C8,0.908
9606.ENSP00000312379,KMT2E,H3C14,0.908
9606.ENSP00000312379,KMT2E,H3C7,0.908
9606.ENSP00000312379,KMT2E,H3C2,0.908
9606.ENSP00000312379,KMT2E,H3C10,0.908
9606.ENSP00000312379,KMT2E,H3C1,0.908
9606.ENSP00000312811,KCNK10,KCNK2,0.968
9606.ENSP00000312814,KCTD2,CUL3,0.966
9606.ENSP00000312814,KCTD2,KCTD17,0.947
9606.ENSP00000312814,KCTD2,SPOP,0.913
9606.ENSP00000312814,KCTD2,SPOPL,0.907
9606.ENSP00000313581,KLK2,SERPINA4,0.997
9606.ENSP00000313581,KLK2,KLK3,0.963
9606.ENSP00000313581,KLK2,ACPP,0.948
9606.ENSP00000313581,KLK2,AR,0.919
9606.ENSP00000313581,KLK2,KNG1,0.91
9606.ENSP00000313581,KLK2,KLK1,0.905
9606.ENSP00000313881,MKRN3,MAGEL2,0.942
9606.ENSP00000313881,MKRN3,SNRPN,0.939
9606.ENSP00000313881,MKRN3,NDN,0.922
9606.ENSP00000314151,KLK3,SERPINA3,0.995
9606.ENSP00000314151,KLK3,AR,0.995
9606.ENSP00000314151,KLK3,A2M,0.967
9606.ENSP00000314151,KLK3,KLK2,0.963
9606.ENSP00000314151,KLK3,ACPP,0.956
9606.ENSP00000314151,KLK3,FOLH1,0.94
9606.ENSP00000314151,KLK3,SERPINA5,0.939
9606.ENSP00000314151,KLK3,MSMB,0.921
9606.ENSP00000314151,KLK3,SERPINA1,0.917
9606.ENSP00000314608,KLHL11,CUL3,0.995
9606.ENSP00000315397,MRPS31,PTCD3,0.999
9606.ENSP00000315397,MRPS31,MRPS33,0.999
9606.ENSP00000315397,MRPS31,MRPS22,0.998
9606.ENSP00000315397,MRPS31,MRPS24,0.998
9606.ENSP00000315397,MRPS31,MRPS23,0.998
9606.ENSP00000315397,MRPS31,MRPS9,0.998
9606.ENSP00000315397,MRPS31,MRPS10,0.998
9606.ENSP00000315397,MRPS31,MRPS14,0.998
9606.ENSP00000315397,MRPS31,MRPS35,0.998
9606.ENSP00000315397,MRPS31,MRPS7,0.997
9606.ENSP00000315397,MRPS31,DAP3,0.997
9606.ENSP00000315397,MRPS31,MRPS11,0.996
9606.ENSP00000315397,MRPS31,MRPS25,0.996
9606.ENSP00000315397,MRPS31,MRPS34,0.996
9606.ENSP00000315397,MRPS31,MRPS15,0.996
9606.ENSP00000315397,MRPS31,MRPS5,0.996
9606.ENSP00000315397,MRPS31,MRPS21,0.996
9606.ENSP00000315397,MRPS31,MRPS27,0.995
9606.ENSP00000315397,MRPS31,MRPS26,0.995
9606.ENSP00000315397,MRPS31,MRPS2,0.995
9606.ENSP00000315397,MRPS31,MRPS18B,0.994
9606.ENSP00000315397,MRPS31,AURKAIP1,0.994
9606.ENSP00000315397,MRPS31,MRPS16,0.993
9606.ENSP00000315397,MRPS31,MRPS6,0.993
9606.ENSP00000315397,MRPS31,MRPS28,0.992
9606.ENSP00000315397,MRPS31,MRPS18C,0.99
9606.ENSP00000315397,MRPS31,MRPS12,0.984
9606.ENSP00000315397,MRPS31,CHCHD1,0.984
9606.ENSP00000315397,MRPS31,MRPS17,0.983
9606.ENSP00000315397,MRPS31,MRPL39,0.979
9606.ENSP00000315397,MRPS31,MRPS30,0.978
9606.ENSP00000315397,MRPS31,ERAL1,0.962
9606.ENSP00000315397,MRPS31,MTIF3,0.956
9606.ENSP00000315397,MRPS31,MRPS18A,0.955
9606.ENSP00000315397,MRPS31,MRPL42,0.939
9606.ENSP00000315397,MRPS31,MRPL1,0.934
9606.ENSP00000315397,MRPS31,MRPL45,0.93
9606.ENSP00000315397,MRPS31,hCG_1984214,0.923
9606.ENSP00000315397,MRPS31,MTIF2,0.921
9606.ENSP00000315397,MRPS31,TUFM,0.917
9606.ENSP00000315397,MRPS31,MRPL53,0.915
9606.ENSP00000315397,MRPS31,MRPL21,0.914
9606.ENSP00000315397,MRPS31,MRPL46,0.911
9606.ENSP00000315397,MRPS31,MRPL40,0.908
9606.ENSP00000315397,MRPS31,MRPL52,0.905
9606.ENSP00000315397,MRPS31,MRPL58,0.904
9606.ENSP00000315397,MRPS31,MRPL30,0.902
9606.ENSP00000315397,MRPS31,MRPL44,0.9
9606.ENSP00000315997,LILRB1,HLA-F,0.999
9606.ENSP00000315997,LILRB1,HLA-A,0.999
9606.ENSP00000315997,LILRB1,HLA-G,0.999
9606.ENSP00000315997,LILRB1,B2M,0.999
9606.ENSP00000315997,LILRB1,HLA-C,0.997
9606.ENSP00000315997,LILRB1,HLA-E,0.997
9606.ENSP00000315997,LILRB1,RPL5,0.995
9606.ENSP00000315997,LILRB1,PTPN6,0.99
9606.ENSP00000315997,LILRB1,HLA-B,0.989
9606.ENSP00000315997,LILRB1,CD300C,0.945
9606.ENSP00000315997,LILRB1,SYK,0.945
9606.ENSP00000315997,LILRB1,IGLL5,0.914
9606.ENSP00000315997,LILRB1,KLRC1,0.901
9606.ENSP00000316737,LCE1D,LCE1E,0.997
9606.ENSP00000316737,LCE1D,LCE1A,0.989
9606.ENSP00000316737,LCE1D,LCE1F,0.976
9606.ENSP00000316737,LCE1D,LCE2D,0.95
9606.ENSP00000316737,LCE1D,LCE1B,0.945
9606.ENSP00000316737,LCE1D,LCE1C,0.928
9606.ENSP00000316737,LCE1D,LCE2C,0.92
9606.ENSP00000316737,LCE1D,LCE2B,0.916
9606.ENSP00000317272,MET,HGF,0.999
9606.ENSP00000317272,MET,CBL,0.999
9606.ENSP00000317272,MET,GRB2,0.999
9606.ENSP00000317272,MET,PLXNB1,0.996
9606.ENSP00000317272,MET,EGFR,0.996
9606.ENSP00000317272,MET,CD44,0.995
9606.ENSP00000317272,MET,SRC,0.993
9606.ENSP00000317272,MET,SHC1,0.992
9606.ENSP00000317272,MET,GAB1,0.99
9606.ENSP00000317272,MET,ERBB3,0.987
9606.ENSP00000317272,MET,DCN,0.986
9606.ENSP00000317272,MET,CTNNB1,0.985
9606.ENSP00000317272,MET,STAT3,0.981
9606.ENSP00000317272,MET,KRAS,0.979
9606.ENSP00000317272,MET,CTNND1,0.977
9606.ENSP00000317272,MET,LRIG1,0.976
9606.ENSP00000317272,MET,NRAS,0.966
9606.ENSP00000317272,MET,PLCG1,0.964
9606.ENSP00000317272,MET,HRAS,0.961
9606.ENSP00000317272,MET,PIK3CA,0.961
9606.ENSP00000317272,MET,CDH1,0.959
9606.ENSP00000317272,MET,PLXNB2,0.957
9606.ENSP00000317272,MET,PLXNB3,0.956
9606.ENSP00000317272,MET,PTPN1,0.954
9606.ENSP00000317272,MET,EGF,0.945
9606.ENSP00000317272,MET,PTPRJ,0.936
9606.ENSP00000317272,MET,PTK2,0.935
9606.ENSP00000317272,MET,S100A8,0.927
9606.ENSP00000317272,MET,PTPN11,0.927
9606.ENSP00000317272,MET,SHC2,0.925
9606.ENSP00000317272,MET,PIK3CB,0.925
9606.ENSP00000317272,MET,PIK3CD,0.922
9606.ENSP00000317272,MET,SHC3,0.922
9606.ENSP00000317272,MET,IL32,0.921
9606.ENSP00000317272,MET,LOC102723407,0.92
9606.ENSP00000317272,MET,SHC4,0.92
9606.ENSP00000317272,MET,JAK2,0.92
9606.ENSP00000317272,MET,SH3KBP1,0.919
9606.ENSP00000317272,MET,JAK1,0.917
9606.ENSP00000317272,MET,PLCG2,0.916
9606.ENSP00000317272,MET,CRK,0.91
9606.ENSP00000317272,MET,IGF1,0.908
9606.ENSP00000317272,MET,IGKV1-33,0.906
9606.ENSP00000317272,MET,IGKV1D-33,0.906
9606.ENSP00000317272,MET,FGF2,0.905
9606.ENSP00000317272,MET,SEMA4D,0.903
9606.ENSP00000317272,MET,FGF7,0.902
9606.ENSP00000317272,MET,CXCL12,0.902
9606.ENSP00000320043,LYPLA1,GPCPD1,0.951
9606.ENSP00000320043,LYPLA1,PLB1,0.936
9606.ENSP00000320043,LYPLA1,LPCAT3,0.935
9606.ENSP00000320043,LYPLA1,PLA2G15,0.932
9606.ENSP00000320043,LYPLA1,PNPLA6,0.928
9606.ENSP00000320043,LYPLA1,LCAT,0.923
9606.ENSP00000320043,LYPLA1,MBOAT2,0.913
9606.ENSP00000320043,LYPLA1,PNPLA7,0.91
9606.ENSP00000320043,LYPLA1,LPCAT4,0.909
9606.ENSP00000320043,LYPLA1,MBOAT1,0.901
9606.ENSP00000320567,MRPS33,MRPS31,0.999
9606.ENSP00000320567,MRPS33,MRPS18C,0.998
9606.ENSP00000320567,MRPS33,MRPS18B,0.998
9606.ENSP00000320567,MRPS33,MRPS5,0.998
9606.ENSP00000320567,MRPS33,MRPS15,0.997
9606.ENSP00000320567,MRPS33,MRPS14,0.997
9606.ENSP00000320567,MRPS33,MRPS21,0.997
9606.ENSP00000320567,MRPS33,MRPS2,0.997
9606.ENSP00000320567,MRPS33,MRPS11,0.997
9606.ENSP00000320567,MRPS33,MRPS24,0.997
9606.ENSP00000320567,MRPS33,MRPS27,0.996
9606.ENSP00000320567,MRPS33,MRPS18A,0.996
9606.ENSP00000320567,MRPS33,MRPS10,0.995
9606.ENSP00000320567,MRPS33,MRPS7,0.995
9606.ENSP00000320567,MRPS33,MRPS6,0.995
9606.ENSP00000320567,MRPS33,MRPS17,0.994
9606.ENSP00000320567,MRPS33,MRPS23,0.994
9606.ENSP00000320567,MRPS33,MRPL42,0.993
9606.ENSP00000320567,MRPS33,MRPS16,0.993
9606.ENSP00000320567,MRPS33,MRPS22,0.993
9606.ENSP00000320567,MRPS33,MRPS34,0.992
9606.ENSP00000320567,MRPS33,MRPS35,0.992
9606.ENSP00000320567,MRPS33,MRPS12,0.992
9606.ENSP00000320567,MRPS33,MRPS26,0.991
9606.ENSP00000320567,MRPS33,MRPS9,0.991
9606.ENSP00000320567,MRPS33,MRPS25,0.991
9606.ENSP00000320567,MRPS33,AURKAIP1,0.99
9606.ENSP00000320567,MRPS33,CHCHD1,0.989
9606.ENSP00000320567,MRPS33,PTCD3,0.987
9606.ENSP00000320567,MRPS33,MRPS28,0.986
9606.ENSP00000320567,MRPS33,DAP3,0.981
9606.ENSP00000320567,MRPS33,MRPS30,0.977
9606.ENSP00000320567,MRPS33,ERAL1,0.959
9606.ENSP00000320567,MRPS33,MRPL47,0.956
9606.ENSP00000320567,MRPS33,hCG_1984214,0.95
9606.ENSP00000320567,MRPS33,MRPL23,0.948
9606.ENSP00000320567,MRPS33,MRPL54,0.948
9606.ENSP00000320567,MRPS33,MRPL20,0.943
9606.ENSP00000320567,MRPS33,MRPL13,0.941
9606.ENSP00000320567,MRPS33,MRPL48,0.938
9606.ENSP00000320567,MRPS33,MRPL40,0.936
9606.ENSP00000320567,MRPS33,MRPL24,0.932
9606.ENSP00000320567,MRPS33,MRPL51,0.93
9606.ENSP00000320567,MRPS33,NDUFB2,0.929
9606.ENSP00000320567,MRPS33,MCAT,0.923
9606.ENSP00000320567,MRPS33,MRPL45,0.922
9606.ENSP00000320567,MRPS33,MRPL50,0.922
9606.ENSP00000320567,MRPS33,MRPL52,0.921
9606.ENSP00000320567,MRPS33,MRPL33,0.92
9606.ENSP00000320567,MRPS33,MRPL53,0.919
9606.ENSP00000320567,MRPS33,MTIF2,0.918
9606.ENSP00000320567,MRPS33,MRPL55,0.915
9606.ENSP00000320567,MRPS33,MTIF3,0.915
9606.ENSP00000320567,MRPS33,TUFM,0.913
9606.ENSP00000320567,MRPS33,MRPL21,0.913
9606.ENSP00000320567,MRPS33,MRPL41,0.904
9606.ENSP00000320567,MRPS33,MRPL57,0.904
9606.ENSP00000320567,MRPS33,MRPL49,0.902
9606.ENSP00000320886,MLXIPL,MLXIP,0.992
9606.ENSP00000320886,MLXIPL,MLX,0.991
9606.ENSP00000320886,MLXIPL,PPARGC1B,0.944
9606.ENSP00000320886,MLXIPL,TBL2,0.935
9606.ENSP00000320886,MLXIPL,MXD4,0.931
9606.ENSP00000320886,MLXIPL,OGT,0.926
9606.ENSP00000320886,MLXIPL,YWHAB,0.916
9606.ENSP00000320886,MLXIPL,ACLY,0.911
9606.ENSP00000320886,MLXIPL,SREBF1,0.9
9606.ENSP00000320886,MLXIPL,LIPE,0.9
9606.ENSP00000321537,LLGL1,PRKCZ,0.995
9606.ENSP00000321537,LLGL1,LLGL2,0.993
9606.ENSP00000321537,LLGL1,PRKCI,0.993
9606.ENSP00000321537,LLGL1,DLG4,0.983
9606.ENSP00000321537,LLGL1,DLG1,0.975
9606.ENSP00000321537,LLGL1,SCRIB,0.964
9606.ENSP00000321537,LLGL1,PARD6B,0.949
9606.ENSP00000321537,LLGL1,DLG3,0.939
9606.ENSP00000321537,LLGL1,UBE3A,0.905
9606.ENSP00000322408,KDM5D,DDX3Y,0.999
9606.ENSP00000322408,KDM5D,EIF1AY,0.999
9606.ENSP00000322408,KDM5D,RPS4Y1,0.999
9606.ENSP00000322408,KDM5D,USP9Y,0.999
9606.ENSP00000322408,KDM5D,UTY,0.999
9606.ENSP00000322408,KDM5D,ZFY,0.971
9606.ENSP00000322408,KDM5D,PRKY,0.948
9606.ENSP00000322408,KDM5D,TMSB4Y,0.946
9606.ENSP00000322408,KDM5D,RPS4Y2,0.916
9606.ENSP00000323587,ITLN1,LTF,0.972
9606.ENSP00000324532,LAMA3,LAMC2,0.998
9606.ENSP00000324532,LAMA3,LAMB3,0.998
9606.ENSP00000324532,LAMA3,COL17A1,0.972
9606.ENSP00000324532,LAMA3,ITGB4,0.951
9606.ENSP00000324532,LAMA3,LAMB1,0.95
9606.ENSP00000324532,LAMA3,CD44,0.938
9606.ENSP00000324532,LAMA3,LAMC1,0.931
9606.ENSP00000324532,LAMA3,ITGA6,0.93
9606.ENSP00000324532,LAMA3,ITGA3,0.919
9606.ENSP00000324532,LAMA3,LAMB2,0.911
9606.ENSP00000325240,LASP1,LPP,0.95
9606.ENSP00000325240,LASP1,ZYX,0.929
9606.ENSP00000325313,MAP1S,RASSF1,0.989
9606.ENSP00000325313,MAP1S,LRPPRC,0.977
9606.ENSP00000325313,MAP1S,SQSTM1,0.974
9606.ENSP00000325313,MAP1S,MAP1LC3B,0.943
9606.ENSP00000325313,MAP1S,MAP1LC3A,0.934
9606.ENSP00000325313,MAP1S,ATG12,0.923
9606.ENSP00000325313,MAP1S,BECN1,0.91
9606.ENSP00000325448,KARS1,IARS1,0.999
9606.ENSP00000325448,KARS1,EPRS1,0.999
9606.ENSP00000325448,KARS1,AIMP2,0.999
9606.ENSP00000325448,KARS1,RARS1,0.999
9606.ENSP00000325448,KARS1,QARS1,0.999
9606.ENSP00000325448,KARS1,LARS1,0.999
9606.ENSP00000325448,KARS1,MARS1,0.999
9606.ENSP00000325448,KARS1,RARS2,0.998
9606.ENSP00000325448,KARS1,EEF1E1,0.997
9606.ENSP00000325448,KARS1,AIMP1,0.997
9606.ENSP00000325448,KARS1,LARS2,0.996
9606.ENSP00000325448,KARS1,DARS1,0.996
9606.ENSP00000325448,KARS1,IARS2,0.995
9606.ENSP00000325448,KARS1,AARS1,0.992
9606.ENSP00000325448,KARS1,MARS2,0.99
9606.ENSP00000325448,KARS1,YARS1,0.988
9606.ENSP00000325448,KARS1,VARS1,0.978
9606.ENSP00000325448,KARS1,RPSA,0.977
9606.ENSP00000325448,KARS1,PARS2,0.954
9606.ENSP00000325448,KARS1,TARS3,0.951
9606.ENSP00000325448,KARS1,MRPL58,0.947
9606.ENSP00000325448,KARS1,NARS1,0.931
9606.ENSP00000325448,KARS1,EARS2,0.928
9606.ENSP00000325448,KARS1,ATP5F1C,0.926
9606.ENSP00000325448,KARS1,ADAT1,0.922
9606.ENSP00000325448,KARS1,ATP5F1A,0.921
9606.ENSP00000325448,KARS1,GARS1,0.915
9606.ENSP00000325448,KARS1,VARS2,0.915
9606.ENSP00000325612,MED16,MED12,0.999
9606.ENSP00000325612,MED16,MED23,0.999
9606.ENSP00000325612,MED16,MED21,0.999
9606.ENSP00000325612,MED16,MED1,0.999
9606.ENSP00000325612,MED16,MED14,0.999
9606.ENSP00000325612,MED16,MED24,0.999
9606.ENSP00000325612,MED16,MED15,0.999
9606.ENSP00000325612,MED16,MED10,0.999
9606.ENSP00000325612,MED16,MED22,0.999
9606.ENSP00000325612,MED16,MED27,0.999
9606.ENSP00000325612,MED16,MED18,0.999
9606.ENSP00000325612,MED16,MED17,0.999
9606.ENSP00000325612,MED16,MED29,0.999
9606.ENSP00000325612,MED16,MED28,0.999
9606.ENSP00000325612,MED16,MED19,0.998
9606.ENSP00000325612,MED16,MED8,0.998
9606.ENSP00000325612,MED16,MED4,0.998
9606.ENSP00000325612,MED16,MED6,0.998
9606.ENSP00000325612,MED16,MED11,0.998
9606.ENSP00000325612,MED16,MED7,0.998
9606.ENSP00000325612,MED16,MED30,0.997
9606.ENSP00000325612,MED16,MED25,0.997
9606.ENSP00000325612,MED16,MED9,0.997
9606.ENSP00000325612,MED16,MED20,0.997
9606.ENSP00000325612,MED16,CDK8,0.997
9606.ENSP00000325612,MED16,MED26,0.997
9606.ENSP00000325612,MED16,MED31,0.996
9606.ENSP00000325612,MED16,MED13,0.995
9606.ENSP00000325612,MED16,STN1,0.994
9606.ENSP00000325612,MED16,QKI,0.994
9606.ENSP00000325612,MED16,ZC3H13,0.994
9606.ENSP00000325612,MED16,CCNC,0.982
9606.ENSP00000325612,MED16,CDK19,0.978
9606.ENSP00000325612,MED16,MED13L,0.951
9606.ENSP00000325612,MED16,THRAP3,0.948
9606.ENSP00000325612,MED16,PPARGC1B,0.9
9606.ENSP00000325863,MRE11,ATM,0.999
9606.ENSP00000325863,MRE11,BRCA1,0.999
9606.ENSP00000325863,MRE11,BARD1,0.999
9606.ENSP00000325863,MRE11,RAD50,0.999
9606.ENSP00000325863,MRE11,NBN,0.999
9606.ENSP00000325863,MRE11,BRIP1,0.998
9606.ENSP00000325863,MRE11,RBBP8,0.997
9606.ENSP00000325863,MRE11,XRCC6,0.987
9606.ENSP00000325863,MRE11,EXO1,0.985
9606.ENSP00000325863,MRE11,FEN1,0.984
9606.ENSP00000325863,MRE11,RAD51,0.984
9606.ENSP00000325863,MRE11,ENSP00000491596,0.984
9606.ENSP00000325863,MRE11,XRCC5,0.979
9606.ENSP00000325863,MRE11,BLM,0.969
9606.ENSP00000325863,MRE11,ATR,0.968
9606.ENSP00000325863,MRE11,BRCA2,0.967
9606.ENSP00000325863,MRE11,MDC1,0.956
9606.ENSP00000325863,MRE11,H2AX,0.954
9606.ENSP00000325863,MRE11,RPA1,0.953
9606.ENSP00000325863,MRE11,TERF2,0.949
9606.ENSP00000325863,MRE11,RAD51D,0.946
9606.ENSP00000325863,MRE11,WRN,0.945
9606.ENSP00000325863,MRE11,TP53BP1,0.938
9606.ENSP00000325863,MRE11,RAD51C,0.933
9606.ENSP00000325863,MRE11,TERF2IP,0.929
9606.ENSP00000325863,MRE11,XRCC2,0.912
9606.ENSP00000325863,MRE11,RAD51B,0.908
9606.ENSP00000325863,MRE11,TP53,0.905
9606.ENSP00000325863,MRE11,XRCC1,0.902
9606.ENSP00000325863,MRE11,CHEK2,0.9
9606.ENSP00000326128,LARP4B,PABPC1,0.984
9606.ENSP00000326128,LARP4B,ABCF1,0.911
9606.ENSP00000326128,LARP4B,RPL31,0.91
9606.ENSP00000326128,LARP4B,DHX9,0.91
9606.ENSP00000326128,LARP4B,RPL8,0.91
9606.ENSP00000326128,LARP4B,RPL32,0.909
9606.ENSP00000326128,LARP4B,RPL11,0.905
9606.ENSP00000326128,LARP4B,RPS29,0.904
9606.ENSP00000326128,LARP4B,RPS21,0.903
9606.ENSP00000326128,LARP4B,RPS28,0.903
9606.ENSP00000326128,LARP4B,RPL38,0.902
9606.ENSP00000326128,LARP4B,RPL36,0.902
9606.ENSP00000326128,LARP4B,RPL24,0.902
9606.ENSP00000326128,LARP4B,RPL10A,0.902
9606.ENSP00000326128,LARP4B,RPS26,0.901
9606.ENSP00000326128,LARP4B,RPL18A,0.901
9606.ENSP00000326128,LARP4B,RPS23,0.901
9606.ENSP00000326128,LARP4B,RPL19,0.901
9606.ENSP00000326128,LARP4B,RPL6,0.901
9606.ENSP00000326128,LARP4B,RPL30,0.901
9606.ENSP00000326128,LARP4B,RPL41,0.9
9606.ENSP00000326128,LARP4B,RPL36A,0.9
9606.ENSP00000326128,LARP4B,RPL39,0.9
9606.ENSP00000326128,LARP4B,RPL18,0.9
9606.ENSP00000327048,MAF,FOS,0.998
9606.ENSP00000327048,MAF,NFE2L2,0.998
9606.ENSP00000327048,MAF,JUN,0.993
9606.ENSP00000327048,MAF,BACH2,0.993
9606.ENSP00000327048,MAF,NFE2,0.986
9606.ENSP00000327048,MAF,NFE2L1,0.97
9606.ENSP00000327048,MAF,NEIL1,0.946
9606.ENSP00000327048,MAF,NFE2L3,0.905
9606.ENSP00000327048,MAF,PAX6,0.9
9606.ENSP00000328364,MAFA,PDX1,0.949
9606.ENSP00000328364,MAFA,INS,0.936
9606.ENSP00000328511,KCNA4,DLG4,0.997
9606.ENSP00000328511,KCNA4,KCNAB2,0.991
9606.ENSP00000328511,KCNA4,KCNA1,0.987
9606.ENSP00000328511,KCNA4,KCNAB1,0.986
9606.ENSP00000328511,KCNA4,KCNA2,0.983
9606.ENSP00000328511,KCNA4,KCNAB3,0.962
9606.ENSP00000328511,KCNA4,DLG1,0.929
9606.ENSP00000328511,KCNA4,DLG2,0.923
9606.ENSP00000328511,KCNA4,SIGMAR1,0.917
9606.ENSP00000328511,KCNA4,KCNIP2,0.914
9606.ENSP00000328511,KCNA4,FAU,0.911
9606.ENSP00000329471,KDELR1,COPB1,0.961
9606.ENSP00000329471,KDELR1,KDELR2,0.915
9606.ENSP00000329471,KDELR1,KDELR3,0.906
9606.ENSP00000329471,KDELR1,SURF4,0.904
9606.ENSP00000330393,LEPR,LEP,0.999
9606.ENSP00000330393,LEPR,JAK2,0.999
9606.ENSP00000330393,LEPR,SOCS3,0.994
9606.ENSP00000330393,LEPR,STAT3,0.921
9606.ENSP00000330393,LEPR,POMC,0.917
9606.ENSP00000330393,LEPR,PTPN11,0.91
9606.ENSP00000330393,LEPR,IL6,0.902
9606.ENSP00000330587,MT1H,MT1E,0.999
9606.ENSP00000330587,MT1H,MT1G,0.999
9606.ENSP00000330587,MT1H,MT1F,0.992
9606.ENSP00000331242,KREMEN1,DKK1,0.999
9606.ENSP00000331242,KREMEN1,LRP6,0.997
9606.ENSP00000331242,KREMEN1,LRP5,0.995
9606.ENSP00000331242,KREMEN1,DKK2,0.992
9606.ENSP00000331242,KREMEN1,DKK4,0.975
9606.ENSP00000331614,IKZF1,CRBN,0.999
9606.ENSP00000331614,IKZF1,HDAC1,0.987
9606.ENSP00000331614,IKZF1,SIN3A,0.971
9606.ENSP00000331614,IKZF1,CHD4,0.969
9606.ENSP00000331614,IKZF1,PAX5,0.954
9606.ENSP00000331614,IKZF1,DDB1,0.945
9606.ENSP00000331614,IKZF1,RUNX1,0.941
9606.ENSP00000331614,IKZF1,GATA1,0.939
9606.ENSP00000331614,IKZF1,EBF1,0.931
9606.ENSP00000331614,IKZF1,HDAC2,0.928
9606.ENSP00000331614,IKZF1,CTBP1,0.927
9606.ENSP00000331614,IKZF1,IKZF3,0.918
9606.ENSP00000331614,IKZF1,RUNX3,0.903
9606.ENSP00000332646,MFSD10,SERINC5,0.968
9606.ENSP00000333262,INPP5J,INPP5A,0.991
9606.ENSP00000333262,INPP5J,INPP1,0.958
9606.ENSP00000333262,INPP5J,ITPK1,0.942
9606.ENSP00000333262,INPP5J,ITPKB,0.937
9606.ENSP00000333262,INPP5J,IPMK,0.932
9606.ENSP00000333262,INPP5J,ITPKA,0.927
9606.ENSP00000333262,INPP5J,ITPKC,0.919
9606.ENSP00000333262,INPP5J,MINPP1,0.919
9606.ENSP00000333262,INPP5J,INPP5K,0.907
9606.ENSP00000333837,MRPL12,MRPL20,0.999
9606.ENSP00000333837,MRPL12,RPS3,0.999
9606.ENSP00000333837,MRPL12,RPS11,0.999
9606.ENSP00000333837,MRPL12,MRPL19,0.999
9606.ENSP00000333837,MRPL12,MRPL58,0.999
9606.ENSP00000333837,MRPL12,MRPL27,0.999
9606.ENSP00000333837,MRPL12,MRPL9,0.999
9606.ENSP00000333837,MRPL12,MRPL36,0.999
9606.ENSP00000333837,MRPL12,MRPL33,0.999
9606.ENSP00000333837,MRPL12,RPL23A,0.999
9606.ENSP00000333837,MRPL12,MRPL21,0.999
9606.ENSP00000333837,MRPL12,MRPS9,0.999
9606.ENSP00000333837,MRPL12,MRPS6,0.999
9606.ENSP00000333837,MRPL12,MRPL17,0.999
9606.ENSP00000333837,MRPL12,RPS15,0.999
9606.ENSP00000333837,MRPL12,RPL11,0.999
9606.ENSP00000333837,MRPL12,TUFM,0.999
9606.ENSP00000333837,MRPL12,MRPL32,0.999
9606.ENSP00000333837,MRPL12,RPL35,0.999
9606.ENSP00000333837,MRPL12,MRPS16,0.999
9606.ENSP00000333837,MRPL12,RPL23,0.999
9606.ENSP00000333837,MRPL12,RPS18,0.999
9606.ENSP00000333837,MRPL12,RPL5,0.999
9606.ENSP00000333837,MRPL12,MRPS12,0.998
9606.ENSP00000333837,MRPL12,MRPL13,0.998
9606.ENSP00000333837,MRPL12,MRPL4,0.998
9606.ENSP00000333837,MRPL12,MRPL1,0.997
9606.ENSP00000333837,MRPL12,MRPS5,0.997
9606.ENSP00000333837,MRPL12,MRPL22,0.997
9606.ENSP00000333837,MRPL12,MRPS10,0.997
9606.ENSP00000333837,MRPL12,MRPS7,0.997
9606.ENSP00000333837,MRPL12,MRPL3,0.997
9606.ENSP00000333837,MRPL12,MRPL24,0.996
9606.ENSP00000333837,MRPL12,MRPS15,0.996
9606.ENSP00000333837,MRPL12,MRPL11,0.996
9606.ENSP00000333837,MRPL12,MRPS14,0.995
9606.ENSP00000333837,MRPL12,MRPS11,0.995
9606.ENSP00000333837,MRPL12,MRPL2,0.995
9606.ENSP00000333837,MRPL12,MRPS2,0.994
9606.ENSP00000333837,MRPL12,MRPL47,0.994
9606.ENSP00000333837,MRPL12,MRPL49,0.993
9606.ENSP00000333837,MRPL12,GFM1,0.992
9606.ENSP00000333837,MRPL12,MRPL16,0.991
9606.ENSP00000333837,MRPL12,DAP3,0.989
9606.ENSP00000333837,MRPL12,MRPL15,0.988
9606.ENSP00000333837,MRPL12,RPS2,0.987
9606.ENSP00000333837,MRPL12,MRPL10,0.986
9606.ENSP00000333837,MRPL12,MRTO4,0.986
9606.ENSP00000333837,MRPL12,RPS23,0.983
9606.ENSP00000333837,MRPL12,RPS9,0.983
9606.ENSP00000333837,MRPL12,RPLP0,0.983
9606.ENSP00000333837,MRPL12,RPS20,0.983
9606.ENSP00000333837,MRPL12,IMP3,0.983
9606.ENSP00000333837,MRPL12,RPL9,0.983
9606.ENSP00000333837,MRPL12,MRPL41,0.982
9606.ENSP00000333837,MRPL12,MRPL43,0.982
9606.ENSP00000333837,MRPL12,MED1,0.982
9606.ENSP00000333837,MRPL12,MRPL44,0.979
9606.ENSP00000333837,MRPL12,MRPL45,0.979
9606.ENSP00000333837,MRPL12,MRPL23,0.975
9606.ENSP00000333837,MRPL12,RPL26L1,0.975
9606.ENSP00000333837,MRPL12,RPL17,0.975
9606.ENSP00000333837,MRPL12,RPL3,0.973
9606.ENSP00000333837,MRPL12,MRPS18B,0.973
9606.ENSP00000333837,MRPL12,RPS5,0.973
9606.ENSP00000333837,MRPL12,RPL8,0.973
9606.ENSP00000333837,MRPL12,RPS16,0.973
9606.ENSP00000333837,MRPL12,RPS14,0.972
9606.ENSP00000333837,MRPL12,MTIF2,0.972
9606.ENSP00000333837,MRPL12,RPS29,0.972
9606.ENSP00000333837,MRPL12,RSAD1,0.972
9606.ENSP00000333837,MRPL12,RPL4,0.972
9606.ENSP00000333837,MRPL12,RPL26,0.972
9606.ENSP00000333837,MRPL12,MRPS30,0.972
9606.ENSP00000333837,MRPL12,RPL17-C18orf32,0.971
9606.ENSP00000333837,MRPL12,MRPL40,0.971
9606.ENSP00000333837,MRPL12,RPL3L,0.971
9606.ENSP00000333837,MRPL12,CUL7,0.971
9606.ENSP00000333837,MRPL12,CD74,0.971
9606.ENSP00000333837,MRPL12,CCDC105,0.971
9606.ENSP00000333837,MRPL12,RPL13A,0.97
9606.ENSP00000333837,MRPL12,FLT3LG,0.969
9606.ENSP00000333837,MRPL12,PDCD11,0.968
9606.ENSP00000333837,MRPL12,RPS13,0.967
9606.ENSP00000333837,MRPL12,MRNIP,0.966
9606.ENSP00000333837,MRPL12,TSFM,0.966
9606.ENSP00000333837,MRPL12,MRPL39,0.965
9606.ENSP00000333837,MRPL12,MRRF,0.964
9606.ENSP00000333837,MRPL12,MRPS34,0.964
9606.ENSP00000333837,MRPL12,MRPL46,0.963
9606.ENSP00000333837,MRPL12,POLRMT,0.962
9606.ENSP00000333837,MRPL12,MRPS27,0.962
9606.ENSP00000333837,MRPL12,NDUFAB1,0.961
9606.ENSP00000333837,MRPL12,MRPS26,0.96
9606.ENSP00000333837,MRPL12,GFM2,0.958
9606.ENSP00000333837,MRPL12,ATP5F1D,0.958
9606.ENSP00000333837,MRPL12,GADD45GIP1,0.958
9606.ENSP00000333837,MRPL12,MRPL37,0.958
9606.ENSP00000333837,MRPL12,MRPL42,0.956
9606.ENSP00000333837,MRPL12,MRPL30,0.955
9606.ENSP00000333837,MRPL12,RPL10A,0.955
9606.ENSP00000333837,MRPL12,EFTUD2,0.953
9606.ENSP00000333837,MRPL12,MRPL28,0.953
9606.ENSP00000333837,MRPL12,FANCE,0.953
9606.ENSP00000333837,MRPL12,MRPL50,0.952
9606.ENSP00000333837,MRPL12,MRPL35,0.952
9606.ENSP00000333837,MRPL12,MRPL53,0.952
9606.ENSP00000333837,MRPL12,MRPS22,0.949
9606.ENSP00000333837,MRPL12,MRPL55,0.949
9606.ENSP00000333837,MRPL12,EEF2,0.946
9606.ENSP00000333837,MRPL12,MRPS23,0.944
9606.ENSP00000333837,MRPL12,EFL1,0.943
9606.ENSP00000333837,MRPL12,MRPL38,0.942
9606.ENSP00000333837,MRPL12,MRPL52,0.942
9606.ENSP00000333837,MRPL12,RPL7,0.942
9606.ENSP00000333837,MRPL12,NPSR1,0.941
9606.ENSP00000333837,MRPL12,MRPL48,0.941
9606.ENSP00000333837,MRPL12,RPL7L1,0.941
9606.ENSP00000333837,MRPL12,TEX48,0.94
9606.ENSP00000333837,MRPL12,MRPS18A,0.939
9606.ENSP00000333837,MRPL12,POLR1C,0.939
9606.ENSP00000333837,MRPL12,POLR2C,0.938
9606.ENSP00000333837,MRPL12,MRPL34,0.936
9606.ENSP00000333837,MRPL12,RPL12,0.935
9606.ENSP00000333837,MRPL12,CHCHD1,0.935
9606.ENSP00000333837,MRPL12,MRPL54,0.934
9606.ENSP00000333837,MRPL12,MRPL51,0.933
9606.ENSP00000333837,MRPL12,MRPL14,0.932
9606.ENSP00000333837,MRPL12,MRPL57,0.932
9606.ENSP00000333837,MRPL12,MRPS21,0.926
9606.ENSP00000333837,MRPL12,MALSU1,0.926
9606.ENSP00000333837,MRPL12,MRPS17,0.921
9606.ENSP00000333837,MRPL12,MRPS35,0.918
9606.ENSP00000333837,MRPL12,HSPBP1,0.918
9606.ENSP00000333837,MRPL12,HMGN2,0.918
9606.ENSP00000333837,MRPL12,POLR2B,0.918
9606.ENSP00000333837,MRPL12,POLR3B,0.914
9606.ENSP00000333837,MRPL12,POLR1B,0.914
9606.ENSP00000333837,MRPL12,OXA1L,0.911
9606.ENSP00000333837,MRPL12,RPL10,0.911
9606.ENSP00000333837,MRPL12,PPP1R26,0.91
9606.ENSP00000333837,MRPL12,RPSA,0.91
9606.ENSP00000333837,MRPL12,SIL1,0.91
9606.ENSP00000333837,MRPL12,HMGN4,0.909
9606.ENSP00000333837,MRPL12,MTERF4,0.909
9606.ENSP00000333837,MRPL12,RPL10L,0.908
9606.ENSP00000333837,MRPL12,HMGN1,0.908
9606.ENSP00000333837,MRPL12,MRPL18,0.904
9606.ENSP00000333837,MRPL12,SMKR1,0.903
9606.ENSP00000333837,MRPL12,MRPS25,0.903
9606.ENSP00000333837,MRPL12,PTCD3,0.903
9606.ENSP00000333837,MRPL12,CXorf66,0.903
9606.ENSP00000333837,MRPL12,MRPS28,0.902
9606.ENSP00000335463,KNL1,NSL1,0.999
9606.ENSP00000335463,KNL1,BUB1,0.999
9606.ENSP00000335463,KNL1,BUB1B,0.999
9606.ENSP00000335463,KNL1,ZWINT,0.999
9606.ENSP00000335463,KNL1,MIS12,0.998
9606.ENSP00000335463,KNL1,DSN1,0.996
9606.ENSP00000335463,KNL1,BUB3,0.996
9606.ENSP00000335463,KNL1,NDC80,0.995
9606.ENSP00000335463,KNL1,NUF2,0.992
9606.ENSP00000335463,KNL1,SPC24,0.992
9606.ENSP00000335463,KNL1,PMF1,0.98
9606.ENSP00000335463,KNL1,SPC25,0.958
9606.ENSP00000335463,KNL1,CDC20,0.95
9606.ENSP00000335463,KNL1,PPP1CC,0.935
9606.ENSP00000335463,KNL1,CENPO,0.92
9606.ENSP00000335463,KNL1,AURKB,0.916
9606.ENSP00000335463,KNL1,CDCA2,0.914
9606.ENSP00000335463,KNL1,CENPA,0.903
9606.ENSP00000335463,KNL1,CENPH,0.9
9606.ENSP00000335463,KNL1,CENPE,0.9
9606.ENSP00000336721,LARP1,PABPC1,0.922
9606.ENSP00000336740,LIMK1,CFL1,0.999
9606.ENSP00000336740,LIMK1,CFL2,0.998
9606.ENSP00000336740,LIMK1,BMPR2,0.989
9606.ENSP00000336740,LIMK1,PAK4,0.968
9606.ENSP00000336740,LIMK1,PAK1,0.967
9606.ENSP00000336740,LIMK1,SSH1,0.962
9606.ENSP00000336740,LIMK1,LIMK2,0.962
9606.ENSP00000336740,LIMK1,PAK2,0.944
9606.ENSP00000336740,LIMK1,PAK6,0.942
9606.ENSP00000336740,LIMK1,ROCK1,0.94
9606.ENSP00000336740,LIMK1,ROCK2,0.937
9606.ENSP00000336740,LIMK1,SSH3,0.932
9606.ENSP00000336740,LIMK1,PAK5,0.919
9606.ENSP00000336740,LIMK1,RHOA,0.919
9606.ENSP00000336740,LIMK1,SSH2,0.915
9606.ENSP00000336740,LIMK1,PAK3,0.914
9606.ENSP00000336740,LIMK1,BMPR1B,0.906
9606.ENSP00000336817,LUZP2,GAS2,0.911
9606.ENSP00000337088,MEN1,KMT2A,0.999
9606.ENSP00000337088,MEN1,JUND,0.998
9606.ENSP00000337088,MEN1,PSIP1,0.997
9606.ENSP00000337088,MEN1,RBBP5,0.992
9606.ENSP00000337088,MEN1,WDR5,0.988
9606.ENSP00000337088,MEN1,ASH2L,0.987
9606.ENSP00000337088,MEN1,SMAD3,0.983
9606.ENSP00000337088,MEN1,CTNNB1,0.978
9606.ENSP00000337088,MEN1,KMT2B,0.968
9606.ENSP00000337088,MEN1,KMT2D,0.963
9606.ENSP00000337088,MEN1,DPY30,0.925
9606.ENSP00000337088,MEN1,ESR1,0.923
9606.ENSP00000337088,MEN1,FANCD2,0.913
9606.ENSP00000337088,MEN1,CDC73,0.912
9606.ENSP00000337088,MEN1,HCFC1,0.902
9606.ENSP00000338010,IL21R,IL21,0.999
9606.ENSP00000338010,IL21R,IL2RG,0.996
9606.ENSP00000338010,IL21R,JAK1,0.982
9606.ENSP00000338010,IL21R,STAT3,0.981
9606.ENSP00000338010,IL21R,IL4,0.978
9606.ENSP00000338010,IL21R,IL7,0.955
9606.ENSP00000338010,IL21R,JAK3,0.945
9606.ENSP00000338010,IL21R,IL15,0.941
9606.ENSP00000338010,IL21R,IL2,0.939
9606.ENSP00000338010,IL21R,IL6,0.929
9606.ENSP00000338010,IL21R,IL9,0.924
9606.ENSP00000338010,IL21R,IGHV3-43D,0.902
9606.ENSP00000338207,LMO1,LDB1,0.996
9606.ENSP00000338207,LMO1,TAL1,0.964
9606.ENSP00000338207,LMO1,LDB2,0.955
9606.ENSP00000339881,MIOS,WDR59,0.999
9606.ENSP00000339881,MIOS,NPRL3,0.999
9606.ENSP00000339881,MIOS,SEC13,0.999
9606.ENSP00000339881,MIOS,WDR24,0.999
9606.ENSP00000339881,MIOS,NPRL2,0.999
9606.ENSP00000339881,MIOS,SEH1L,0.999
9606.ENSP00000339881,MIOS,DEPDC5,0.999
9606.ENSP00000339881,MIOS,KPTN,0.998
9606.ENSP00000339881,MIOS,RRAGA,0.998
9606.ENSP00000339881,MIOS,RRAGC,0.998
9606.ENSP00000339881,MIOS,LAMP1,0.994
9606.ENSP00000339881,MIOS,CASTOR1,0.992
9606.ENSP00000339881,MIOS,SESN2,0.99
9606.ENSP00000340546,KRTAP4-5,KRTAP4-2,0.928
9606.ENSP00000340546,KRTAP4-5,KRTAP4-4,0.904
9606.ENSP00000340874,MEF2C,NKX2-5,0.988
9606.ENSP00000340874,MEF2C,HDAC4,0.984
9606.ENSP00000340874,MEF2C,GATA4,0.969
9606.ENSP00000340874,MEF2C,MYOG,0.964
9606.ENSP00000340874,MEF2C,MYOD1,0.956
9606.ENSP00000340874,MEF2C,MAPK7,0.956
9606.ENSP00000340874,MEF2C,PPARGC1A,0.943
9606.ENSP00000340874,MEF2C,MEF2A,0.94
9606.ENSP00000340874,MEF2C,CTNNB1,0.939
9606.ENSP00000340874,MEF2C,HDAC5,0.924
9606.ENSP00000340874,MEF2C,TBX5,0.914
9606.ENSP00000340874,MEF2C,PTK2,0.914
9606.ENSP00000341082,MRPL20,MRPS15,0.999
9606.ENSP00000341082,MRPL20,MRPL47,0.999
9606.ENSP00000341082,MRPL20,MRPL19,0.999
9606.ENSP00000341082,MRPL20,MRPL27,0.999
9606.ENSP00000341082,MRPL20,MRPL9,0.999
9606.ENSP00000341082,MRPL20,RPS11,0.999
9606.ENSP00000341082,MRPL20,RPS3,0.999
9606.ENSP00000341082,MRPL20,MRPL22,0.999
9606.ENSP00000341082,MRPL20,MRPL3,0.999
9606.ENSP00000341082,MRPL20,RPS18,0.999
9606.ENSP00000341082,MRPL20,RPL5,0.999
9606.ENSP00000341082,MRPL20,MRPS16,0.999
9606.ENSP00000341082,MRPL20,RPL23,0.999
9606.ENSP00000341082,MRPL20,MRPL13,0.999
9606.ENSP00000341082,MRPL20,MRPL4,0.999
9606.ENSP00000341082,MRPL20,MRPL32,0.999
9606.ENSP00000341082,MRPL20,RPL11,0.999
9606.ENSP00000341082,MRPL20,TUFM,0.999
9606.ENSP00000341082,MRPL20,MRPS6,0.999
9606.ENSP00000341082,MRPL20,RPS15,0.999
9606.ENSP00000341082,MRPL20,MRPL17,0.999
9606.ENSP00000341082,MRPL20,RPL23A,0.999
9606.ENSP00000341082,MRPL20,MRPS9,0.999
9606.ENSP00000341082,MRPL20,MRPL21,0.999
9606.ENSP00000341082,MRPL20,MRPL12,0.999
9606.ENSP00000341082,MRPL20,MRPL33,0.999
9606.ENSP00000341082,MRPL20,MRPL36,0.999
9606.ENSP00000341082,MRPL20,MRPL43,0.998
9606.ENSP00000341082,MRPL20,MRPL23,0.998
9606.ENSP00000341082,MRPL20,MRPS5,0.998
9606.ENSP00000341082,MRPL20,MRRF,0.998
9606.ENSP00000341082,MRPL20,RPL35,0.998
9606.ENSP00000341082,MRPL20,MRPL11,0.998
9606.ENSP00000341082,MRPL20,MRPS14,0.997
9606.ENSP00000341082,MRPL20,MRPL16,0.997
9606.ENSP00000341082,MRPL20,MRPL1,0.997
9606.ENSP00000341082,MRPL20,MRPS11,0.997
9606.ENSP00000341082,MRPL20,MRPL2,0.997
9606.ENSP00000341082,MRPL20,MRPS12,0.997
9606.ENSP00000341082,MRPL20,MRPS10,0.996
9606.ENSP00000341082,MRPL20,MRPS7,0.995
9606.ENSP00000341082,MRPL20,MRPL46,0.995
9606.ENSP00000341082,MRPL20,MRPL24,0.995
9606.ENSP00000341082,MRPL20,DAP3,0.995
9606.ENSP00000341082,MRPL20,MRPL58,0.994
9606.ENSP00000341082,MRPL20,MRPL41,0.994
9606.ENSP00000341082,MRPL20,MALSU1,0.994
9606.ENSP00000341082,MRPL20,MRPS18C,0.993
9606.ENSP00000341082,MRPL20,MRPS2,0.992
9606.ENSP00000341082,MRPL20,MRPL51,0.99
9606.ENSP00000341082,MRPL20,MRPS18A,0.988
9606.ENSP00000341082,MRPL20,MRPL49,0.986
9606.ENSP00000341082,MRPL20,GFM1,0.985
9606.ENSP00000341082,MRPL20,NDUFAB1,0.985
9606.ENSP00000341082,MRPL20,MRPL34,0.984
9606.ENSP00000341082,MRPL20,MRPL42,0.983
9606.ENSP00000341082,MRPL20,IMP3,0.983
9606.ENSP00000341082,MRPL20,MRPL52,0.982
9606.ENSP00000341082,MRPL20,RPLP0,0.982
9606.ENSP00000341082,MRPL20,RPS9,0.982
9606.ENSP00000341082,MRPL20,MRTO4,0.982
9606.ENSP00000341082,MRPL20,MRPL39,0.982
9606.ENSP00000341082,MRPL20,RPS23,0.981
9606.ENSP00000341082,MRPL20,MRPS30,0.981
9606.ENSP00000341082,MRPL20,RPL9,0.981
9606.ENSP00000341082,MRPL20,MRPL44,0.981
9606.ENSP00000341082,MRPL20,RPS20,0.981
9606.ENSP00000341082,MRPL20,RPS2,0.98
9606.ENSP00000341082,MRPL20,MED1,0.98
9606.ENSP00000341082,MRPL20,MRPL35,0.979
9606.ENSP00000341082,MRPL20,MRPL50,0.979
9606.ENSP00000341082,MRPL20,GTPBP6,0.978
9606.ENSP00000341082,MRPL20,CUL7,0.976
9606.ENSP00000341082,MRPL20,MTIF2,0.974
9606.ENSP00000341082,MRPL20,RPL13A,0.973
9606.ENSP00000341082,MRPL20,RPL8,0.973
9606.ENSP00000341082,MRPL20,RPL10A,0.973
9606.ENSP00000341082,MRPL20,GADD45GIP1,0.972
9606.ENSP00000341082,MRPL20,RPL17,0.972
9606.ENSP00000341082,MRPL20,RPL3,0.971
9606.ENSP00000341082,MRPL20,RPS13,0.971
9606.ENSP00000341082,MRPL20,FLT3LG,0.97
9606.ENSP00000341082,MRPL20,MRNIP,0.97
9606.ENSP00000341082,MRPL20,RPS16,0.97
9606.ENSP00000341082,MRPL20,MRPL18,0.97
9606.ENSP00000341082,MRPL20,FANCE,0.969
9606.ENSP00000341082,MRPL20,RPL3L,0.969
9606.ENSP00000341082,MRPL20,MRPL15,0.969
9606.ENSP00000341082,MRPL20,PDCD11,0.969
9606.ENSP00000341082,MRPL20,MRPL30,0.968
9606.ENSP00000341082,MRPL20,RPL4,0.968
9606.ENSP00000341082,MRPL20,RPL17-C18orf32,0.967
9606.ENSP00000341082,MRPL20,RPS14,0.965
9606.ENSP00000341082,MRPL20,RPS5,0.964
9606.ENSP00000341082,MRPL20,MRPS35,0.961
9606.ENSP00000341082,MRPL20,MRPL10,0.961
9606.ENSP00000341082,MRPL20,RPS29,0.96
9606.ENSP00000341082,MRPL20,RPL26,0.96
9606.ENSP00000341082,MRPL20,RPL26L1,0.96
9606.ENSP00000341082,MRPL20,CD74,0.959
9606.ENSP00000341082,MRPL20,HDDC3,0.958
9606.ENSP00000341082,MRPL20,CCDC105,0.958
9606.ENSP00000341082,MRPL20,RSAD1,0.956
9606.ENSP00000341082,MRPL20,MRPL28,0.952
9606.ENSP00000341082,MRPL20,PPP1R26,0.952
9606.ENSP00000341082,MRPL20,PDF,0.951
9606.ENSP00000341082,MRPL20,TSFM,0.949
9606.ENSP00000341082,MRPL20,MRPL48,0.947
9606.ENSP00000341082,MRPL20,GFM2,0.947
9606.ENSP00000341082,MRPL20,CHCHD1,0.945
9606.ENSP00000341082,MRPL20,C12orf65,0.943
9606.ENSP00000341082,MRPL20,MRPS33,0.943
9606.ENSP00000341082,MRPL20,RPL7,0.941
9606.ENSP00000341082,MRPL20,RPL7L1,0.94
9606.ENSP00000341082,MRPL20,MTG2,0.94
9606.ENSP00000341082,MRPL20,NPSR1,0.936
9606.ENSP00000341082,MRPL20,TEX48,0.936
9606.ENSP00000341082,MRPL20,MRPS17,0.935
9606.ENSP00000341082,MRPL20,MRPL38,0.935
9606.ENSP00000341082,MRPL20,MRPL54,0.935
9606.ENSP00000341082,MRPL20,GTPBP10,0.935
9606.ENSP00000341082,MRPL20,POLR2C,0.935
9606.ENSP00000341082,MRPL20,EFTUD2,0.933
9606.ENSP00000341082,MRPL20,MRPL37,0.932
9606.ENSP00000341082,MRPL20,MRPL14,0.932
9606.ENSP00000341082,MRPL20,MRPS23,0.932
9606.ENSP00000341082,MRPL20,POLR1C,0.932
9606.ENSP00000341082,MRPL20,SRP54,0.931
9606.ENSP00000341082,MRPL20,MRPS34,0.925
9606.ENSP00000341082,MRPL20,EEF2,0.923
9606.ENSP00000341082,MRPL20,EFL1,0.922
9606.ENSP00000341082,MRPL20,hCG_1984214,0.918
9606.ENSP00000341082,MRPL20,LOC107987373,0.915
9606.ENSP00000341082,MRPL20,RPSA,0.91
9606.ENSP00000341082,MRPL20,HMGN4,0.909
9606.ENSP00000341082,MRPL20,HMGN2,0.908
9606.ENSP00000341082,MRPL20,SMKR1,0.908
9606.ENSP00000341082,MRPL20,CXorf66,0.908
9606.ENSP00000341082,MRPL20,MRPS21,0.905
9606.ENSP00000341082,MRPL20,RPL12,0.905
9606.ENSP00000341082,MRPL20,GUF1,0.904
9606.ENSP00000341082,MRPL20,HMGN1,0.903
9606.ENSP00000341082,MRPL20,OTUD3,0.902
9606.ENSP00000341082,MRPL20,MRPS18B,0.901
9606.ENSP00000341280,JARID2,AEBP2,0.999
9606.ENSP00000341280,JARID2,SUZ12,0.999
9606.ENSP00000341280,JARID2,EED,0.999
9606.ENSP00000341280,JARID2,RBBP4,0.999
9606.ENSP00000341280,JARID2,EZH2,0.999
9606.ENSP00000341280,JARID2,MTF2,0.998
9606.ENSP00000341280,JARID2,EZH1,0.998
9606.ENSP00000341280,JARID2,RBBP7,0.995
9606.ENSP00000341280,JARID2,PHF19,0.995
9606.ENSP00000341280,JARID2,PHF1,0.982
9606.ENSP00000341280,JARID2,H3C13,0.942
9606.ENSP00000341280,JARID2,H3C12,0.938
9606.ENSP00000341280,JARID2,H3-3B,0.938
9606.ENSP00000341280,JARID2,H2AC18,0.923
9606.ENSP00000341280,JARID2,EPOP,0.914
9606.ENSP00000341280,JARID2,H2AC20,0.91
9606.ENSP00000343658,MAP4K4,STRN,0.915
9606.ENSP00000344544,IKZF3,CRBN,0.999
9606.ENSP00000344544,IKZF3,ZPBP2,0.938
9606.ENSP00000344544,IKZF3,IKZF1,0.918
9606.ENSP00000345055,KCNQ5,KCNQ3,0.998
9606.ENSP00000345055,KCNQ5,KCNQ2,0.996
9606.ENSP00000345055,KCNQ5,KCNQ4,0.975
9606.ENSP00000345055,KCNQ5,KCNQ1,0.972
9606.ENSP00000345055,KCNQ5,KCNJ12,0.936
9606.ENSP00000345055,KCNQ5,KCNJ14,0.93
9606.ENSP00000345055,KCNQ5,KCNJ2,0.929
9606.ENSP00000345055,KCNQ5,KCNJ4,0.925
9606.ENSP00000345055,KCNQ5,KCNJ18,0.915
9606.ENSP00000345055,KCNQ5,NCALD,0.912
9606.ENSP00000345055,KCNQ5,FAU,0.911
9606.ENSP00000345055,KCNQ5,AP2A2,0.905
9606.ENSP00000345055,KCNQ5,CLTC,0.904
9606.ENSP00000345055,KCNQ5,AP2B1,0.903
9606.ENSP00000345055,KCNQ5,AP2M1,0.903
9606.ENSP00000345055,KCNQ5,AP2S1,0.902
9606.ENSP00000345055,KCNQ5,AP1S1,0.901
9606.ENSP00000345055,KCNQ5,AFTPH,0.9
9606.ENSP00000345055,KCNQ5,AP2A1,0.9
9606.ENSP00000345055,KCNQ5,CLTA,0.9
9606.ENSP00000345083,MAP2K3,MAPK14,0.999
9606.ENSP00000345083,MAP2K3,MAP2K6,0.989
9606.ENSP00000345083,MAP2K3,MAP3K5,0.988
9606.ENSP00000345083,MAP2K3,TAOK2,0.987
9606.ENSP00000345083,MAP2K3,MAP3K4,0.987
9606.ENSP00000345083,MAP2K3,MAPK3,0.98
9606.ENSP00000345083,MAP2K3,TAB1,0.978
9606.ENSP00000345083,MAP2K3,MAPK1,0.977
9606.ENSP00000345083,MAP2K3,MAPK11,0.976
9606.ENSP00000345083,MAP2K3,CCM2,0.975
9606.ENSP00000345083,MAP2K3,MAP3K3,0.97
9606.ENSP00000345083,MAP2K3,MAPK12,0.969
9606.ENSP00000345083,MAP2K3,MAPK13,0.969
9606.ENSP00000345083,MAP2K3,PKN1,0.965
9606.ENSP00000345083,MAP2K3,MAPK8,0.963
9606.ENSP00000345083,MAP2K3,MAP3K2,0.947
9606.ENSP00000345083,MAP2K3,TAB2,0.944
9606.ENSP00000345083,MAP2K3,MAP3K20,0.941
9606.ENSP00000345083,MAP2K3,MAPK9,0.94
9606.ENSP00000345083,MAP2K3,MAP3K7,0.938
9606.ENSP00000345083,MAP2K3,TAB3,0.936
9606.ENSP00000345083,MAP2K3,MAP3K6,0.931
9606.ENSP00000345083,MAP2K3,TAOK1,0.929
9606.ENSP00000345083,MAP2K3,MAPK8IP2,0.928
9606.ENSP00000345083,MAP2K3,MAP3K1,0.926
9606.ENSP00000345083,MAP2K3,TRADD,0.924
9606.ENSP00000345083,MAP2K3,PPM1A,0.922
9606.ENSP00000345083,MAP2K3,RAC2,0.922
9606.ENSP00000345083,MAP2K3,TRAF2,0.92
9606.ENSP00000345083,MAP2K3,RIPK1,0.919
9606.ENSP00000345083,MAP2K3,TRAF5,0.918
9606.ENSP00000345083,MAP2K3,RAP1B,0.913
9606.ENSP00000345083,MAP2K3,MAP2K4,0.913
9606.ENSP00000345083,MAP2K3,RAP1A,0.91
9606.ENSP00000345083,MAP2K3,TAOK3,0.908
9606.ENSP00000345083,MAP2K3,RAC3,0.901
9606.ENSP00000345270,MGAT3,MGAT2,0.97
9606.ENSP00000345270,MGAT3,FUT8,0.97
9606.ENSP00000345270,MGAT3,MGAT4B,0.969
9606.ENSP00000345270,MGAT3,MGAT4A,0.968
9606.ENSP00000345270,MGAT3,MGAT5,0.951
9606.ENSP00000345270,MGAT3,MGAT4D,0.9
9606.ENSP00000345985,LRFN2,DLG4,0.959
9606.ENSP00000345985,LRFN2,DLG3,0.944
9606.ENSP00000345985,LRFN2,DLG1,0.935
9606.ENSP00000346151,MAGI2,PTEN,0.998
9606.ENSP00000346151,MAGI2,RAPGEF2,0.989
9606.ENSP00000346151,MAGI2,CTNNB1,0.986
9606.ENSP00000346151,MAGI2,MAGI3,0.945
9606.ENSP00000346151,MAGI2,MAGI1,0.922
9606.ENSP00000346151,MAGI2,CACNG2,0.915
9606.ENSP00000346151,MAGI2,DDN,0.904
9606.ENSP00000346151,MAGI2,RAPGEF6,0.904
9606.ENSP00000346453,IPO4,H3C12,0.995
9606.ENSP00000346453,IPO4,RAN,0.985
9606.ENSP00000346453,IPO4,H3C3,0.983
9606.ENSP00000346453,IPO4,H3C1,0.981
9606.ENSP00000346453,IPO4,H4C6,0.977
9606.ENSP00000346453,IPO4,H3C6,0.971
9606.ENSP00000346453,IPO4,ASF1B,0.966
9606.ENSP00000346453,IPO4,ASF1A,0.966
9606.ENSP00000346453,IPO4,H3-3B,0.961
9606.ENSP00000346453,IPO4,H3-4,0.956
9606.ENSP00000346453,IPO4,H4C3,0.952
9606.ENSP00000346453,IPO4,H4C13,0.951
9606.ENSP00000346453,IPO4,H4C2,0.95
9606.ENSP00000346453,IPO4,H4C12,0.95
9606.ENSP00000346453,IPO4,H4C9,0.949
9606.ENSP00000346453,IPO4,H3C14,0.949
9606.ENSP00000346453,IPO4,H4C11,0.942
9606.ENSP00000346453,IPO4,H4C8,0.942
9606.ENSP00000346453,IPO4,H4C5,0.942
9606.ENSP00000346453,IPO4,H4-16,0.942
9606.ENSP00000346453,IPO4,H4C15,0.942
9606.ENSP00000346453,IPO4,H4C4,0.942
9606.ENSP00000346453,IPO4,H4C14,0.942
9606.ENSP00000346453,IPO4,H4C1,0.942
9606.ENSP00000346453,IPO4,H3-2,0.941
9606.ENSP00000346453,IPO4,H3C13,0.941
9606.ENSP00000346453,IPO4,H3-5,0.941
9606.ENSP00000346453,IPO4,H3C8,0.941
9606.ENSP00000346453,IPO4,H3C10,0.94
9606.ENSP00000346453,IPO4,H3C2,0.937
9606.ENSP00000346453,IPO4,H3C11,0.937
9606.ENSP00000346453,IPO4,H3C7,0.936
9606.ENSP00000346453,IPO4,H3C4,0.93
9606.ENSP00000346453,IPO4,H3-3A,0.929
9606.ENSP00000346453,IPO4,H3C15,0.929
9606.ENSP00000347005,LUC7L2,SNRPD2,0.985
9606.ENSP00000347005,LUC7L2,SNRNP70,0.984
9606.ENSP00000347005,LUC7L2,SNRPC,0.958
9606.ENSP00000347005,LUC7L2,SNRPD1,0.952
9606.ENSP00000347005,LUC7L2,SNRPE,0.949
9606.ENSP00000347005,LUC7L2,U2AF2,0.944
9606.ENSP00000347005,LUC7L2,LUC7L,0.935
9606.ENSP00000347005,LUC7L2,SCNM1,0.926
9606.ENSP00000347005,LUC7L2,SNRPD3,0.913
9606.ENSP00000347005,LUC7L2,SNRPF,0.91
9606.ENSP00000347005,LUC7L2,PRPF40B,0.908
9606.ENSP00000347005,LUC7L2,SNRPG,0.906
9606.ENSP00000347005,LUC7L2,SNRPN,0.904
9606.ENSP00000347409,KEL,XK,0.99
9606.ENSP00000347409,KEL,EDN3,0.951
9606.ENSP00000347896,MBD6,ASXL2,0.939
9606.ENSP00000348020,MLH3,MSH6,0.999
9606.ENSP00000348020,MLH3,MLH1,0.999
9606.ENSP00000348020,MLH3,MSH3,0.999
9606.ENSP00000348020,MLH3,MSH2,0.999
9606.ENSP00000348020,MLH3,EXO1,0.995
9606.ENSP00000348020,MLH3,MSH4,0.995
9606.ENSP00000348020,MLH3,PMS2,0.991
9606.ENSP00000348020,MLH3,PMS1,0.99
9606.ENSP00000348020,MLH3,MSH5,0.986
9606.ENSP00000348020,MLH3,POLD1,0.912
9606.ENSP00000348959,MAN1A2,MGAT1,0.95
9606.ENSP00000348959,MAN1A2,MAN1B1,0.944
9606.ENSP00000348959,MAN1A2,MAN2A1,0.936
9606.ENSP00000348959,MAN1A2,MAN1A1,0.923
9606.ENSP00000348959,MAN1A2,MAN1C1,0.906
9606.ENSP00000349085,MAGEA1,GAGE1,0.966
9606.ENSP00000349085,MAGEA1,GAGE12F,0.958
9606.ENSP00000349085,MAGEA1,GAGE2A,0.942
9606.ENSP00000349085,MAGEA1,CTAG1B,0.91
9606.ENSP00000349437,IGF2R,IGF2,0.999
9606.ENSP00000349437,IGF2R,GGA3,0.996
9606.ENSP00000349437,IGF2R,IGF1,0.995
9606.ENSP00000349437,IGF2R,GGA1,0.994
9606.ENSP00000349437,IGF2R,M6PR,0.991
9606.ENSP00000349437,IGF2R,INS,0.989
9606.ENSP00000349437,IGF2R,PLIN3,0.986
9606.ENSP00000349437,IGF2R,GGA2,0.985
9606.ENSP00000349437,IGF2R,DPP4,0.945
9606.ENSP00000349437,IGF2R,SNX5,0.914
9606.ENSP00000349437,IGF2R,SLC22A3,0.906
9606.ENSP00000349640,MCRS1,KANSL3,0.999
9606.ENSP00000349640,MCRS1,KANSL2,0.999
9606.ENSP00000349640,MCRS1,PHF20,0.998
9606.ENSP00000349640,MCRS1,KANSL1,0.996
9606.ENSP00000349640,MCRS1,WDR5,0.993
9606.ENSP00000349640,MCRS1,OGT,0.99
9606.ENSP00000349640,MCRS1,INO80,0.989
9606.ENSP00000349640,MCRS1,INO80E,0.986
9606.ENSP00000349640,MCRS1,KAT8,0.986
9606.ENSP00000349640,MCRS1,HCFC1,0.985
9606.ENSP00000349640,MCRS1,INO80C,0.984
9606.ENSP00000349640,MCRS1,NFRKB,0.979
9606.ENSP00000349640,MCRS1,UCHL5,0.979
9606.ENSP00000349640,MCRS1,RUVBL2,0.977
9606.ENSP00000349640,MCRS1,ACTR8,0.975
9606.ENSP00000349640,MCRS1,TFPT,0.974
9606.ENSP00000349640,MCRS1,ACTR5,0.974
9606.ENSP00000349640,MCRS1,RUVBL1,0.973
9606.ENSP00000349640,MCRS1,YY1,0.966
9606.ENSP00000349640,MCRS1,INO80B,0.962
9606.ENSP00000349640,MCRS1,ACTL6A,0.956
9606.ENSP00000349640,MCRS1,KAT5,0.942
9606.ENSP00000349640,MCRS1,RBBP5,0.94
9606.ENSP00000349640,MCRS1,INO80D,0.938
9606.ENSP00000349640,MCRS1,TAF6,0.923
9606.ENSP00000349640,MCRS1,CHD4,0.92
9606.ENSP00000349640,MCRS1,LAS1L,0.92
9606.ENSP00000349640,MCRS1,KMT2A,0.92
9606.ENSP00000349640,MCRS1,BRD8,0.915
9606.ENSP00000349640,MCRS1,PRPF31,0.911
9606.ENSP00000349640,MCRS1,TRRAP,0.908
9606.ENSP00000349640,MCRS1,CHD8,0.907
9606.ENSP00000349640,MCRS1,E2F6,0.903
9606.ENSP00000349640,MCRS1,C17orf49,0.902
9606.ENSP00000349640,MCRS1,EP400,0.902
9606.ENSP00000349640,MCRS1,SENP3,0.902
9606.ENSP00000349640,MCRS1,PELP1,0.901
9606.ENSP00000349640,MCRS1,TEX10,0.9
9606.ENSP00000349640,MCRS1,ING3,0.9
9606.ENSP00000349640,MCRS1,TAF1,0.9
9606.ENSP00000349640,MCRS1,MAX,0.9
9606.ENSP00000349640,MCRS1,RNF2,0.9
9606.ENSP00000349640,MCRS1,ANP32E,0.9
9606.ENSP00000349640,MCRS1,TAF7,0.9
9606.ENSP00000349640,MCRS1,MGA,0.9
9606.ENSP00000349640,MCRS1,TAF4,0.9
9606.ENSP00000349640,MCRS1,TAF9,0.9
9606.ENSP00000350195,MAP3K6,MAP2K3,0.931
9606.ENSP00000350195,MAP3K6,MAP2K6,0.92
9606.ENSP00000350833,MPPED2,DCDC1,0.905
9606.ENSP00000351490,MAX,MYC,0.999
9606.ENSP00000351490,MAX,MXD1,0.999
9606.ENSP00000351490,MAX,MXI1,0.998
9606.ENSP00000351490,MAX,MYCN,0.996
9606.ENSP00000351490,MAX,MGA,0.995
9606.ENSP00000351490,MAX,E2F6,0.984
9606.ENSP00000351490,MAX,MAPK14,0.976
9606.ENSP00000351490,MAX,RNF2,0.965
9606.ENSP00000351490,MAX,MYCL,0.962
9606.ENSP00000351490,MAX,RUVBL2,0.95
9606.ENSP00000351490,MAX,ZBTB17,0.947
9606.ENSP00000351490,MAX,WDR5,0.945
9606.ENSP00000351490,MAX,MNT,0.943
9606.ENSP00000351490,MAX,RUVBL1,0.935
9606.ENSP00000351490,MAX,TAF9,0.931
9606.ENSP00000351490,MAX,L3MBTL2,0.924
9606.ENSP00000351490,MAX,PCGF6,0.923
9606.ENSP00000351490,MAX,TAF1,0.913
9606.ENSP00000351490,MAX,HCFC1,0.912
9606.ENSP00000351490,MAX,RBBP5,0.907
9606.ENSP00000351490,MAX,TAF6,0.907
9606.ENSP00000351490,MAX,MXD3,0.906
9606.ENSP00000351490,MAX,KMT2A,0.905
9606.ENSP00000351490,MAX,TFDP1,0.903
9606.ENSP00000351490,MAX,CHD8,0.903
9606.ENSP00000351490,MAX,TAF4,0.903
9606.ENSP00000351490,MAX,SENP3,0.903
9606.ENSP00000351490,MAX,TAF7,0.903
9606.ENSP00000351490,MAX,PELP1,0.903
9606.ENSP00000351490,MAX,C17orf49,0.902
9606.ENSP00000351490,MAX,MAPK13,0.902
9606.ENSP00000351490,MAX,MAPK11,0.902
9606.ENSP00000351490,MAX,MAPK12,0.902
9606.ENSP00000351490,MAX,LAS1L,0.902
9606.ENSP00000351490,MAX,KAT8,0.901
9606.ENSP00000351490,MAX,TEX10,0.9
9606.ENSP00000351490,MAX,INO80C,0.9
9606.ENSP00000351490,MAX,PRPF31,0.9
9606.ENSP00000351490,MAX,KANSL1,0.9
9606.ENSP00000351490,MAX,PHF20,0.9
9606.ENSP00000351490,MAX,MCRS1,0.9
9606.ENSP00000351908,MAP3K5,TRAF2,0.999
9606.ENSP00000351908,MAP3K5,DAXX,0.999
9606.ENSP00000351908,MAP3K5,ERN1,0.999
9606.ENSP00000351908,MAP3K5,TXN,0.999
9606.ENSP00000351908,MAP3K5,MAP2K4,0.998
9606.ENSP00000351908,MAP3K5,DAB2IP,0.995
9606.ENSP00000351908,MAP3K5,MAP2K6,0.993
9606.ENSP00000351908,MAP3K5,PARK7,0.991
9606.ENSP00000351908,MAP3K5,MAP2K3,0.988
9606.ENSP00000351908,MAP3K5,ARRB2,0.987
9606.ENSP00000351908,MAP3K5,AKT1,0.985
9606.ENSP00000351908,MAP3K5,MAPK8,0.978
9606.ENSP00000351908,MAP3K5,PPP5C,0.97
9606.ENSP00000351908,MAP3K5,CDKN1A,0.97
9606.ENSP00000351908,MAP3K5,TXN2,0.97
9606.ENSP00000351908,MAP3K5,TRAF6,0.966
9606.ENSP00000351908,MAP3K5,MAP2K7,0.964
9606.ENSP00000351908,MAP3K5,YWHAZ,0.955
9606.ENSP00000351908,MAP3K5,AKT2,0.944
9606.ENSP00000351908,MAP3K5,MAPK14,0.936
9606.ENSP00000351908,MAP3K5,MAPK9,0.932
9606.ENSP00000351908,MAP3K5,CDC42,0.932
9606.ENSP00000351908,MAP3K5,MAPK11,0.928
9606.ENSP00000351908,MAP3K5,MAPK13,0.926
9606.ENSP00000351908,MAP3K5,MAPK12,0.925
9606.ENSP00000351908,MAP3K5,RB1CC1,0.912
9606.ENSP00000351908,MAP3K5,ARRB1,0.912
9606.ENSP00000351908,MAP3K5,AKT3,0.911
9606.ENSP00000351908,MAP3K5,PRKACB,0.91
9606.ENSP00000351908,MAP3K5,PRKACA,0.909
9606.ENSP00000351908,MAP3K5,PRKACG,0.908
9606.ENSP00000353098,MCMBP,MCM3,0.998
9606.ENSP00000353098,MCMBP,MCM4,0.997
9606.ENSP00000353098,MCMBP,MCM7,0.996
9606.ENSP00000353098,MCMBP,MCM5,0.995
9606.ENSP00000353098,MCMBP,MCM6,0.988
9606.ENSP00000353098,MCMBP,MCM2,0.932
9606.ENSP00000353408,MSN,RDX,0.999
9606.ENSP00000353408,MSN,SLC9A3R1,0.999
9606.ENSP00000353408,MSN,EZR,0.999
9606.ENSP00000353408,MSN,SLC9A1,0.997
9606.ENSP00000353408,MSN,CD44,0.996
9606.ENSP00000353408,MSN,ICAM1,0.991
9606.ENSP00000353408,MSN,CD46,0.985
9606.ENSP00000353408,MSN,VCAM1,0.982
9606.ENSP00000353408,MSN,ACTB,0.975
9606.ENSP00000353408,MSN,SPN,0.97
9606.ENSP00000353408,MSN,ACTG1,0.959
9606.ENSP00000353408,MSN,LRRK2,0.952
9606.ENSP00000353408,MSN,VCL,0.951
9606.ENSP00000353408,MSN,MYH9,0.941
9606.ENSP00000353408,MSN,SDC2,0.912
9606.ENSP00000353408,MSN,SLC9A3R2,0.908
9606.ENSP00000353408,MSN,PRKCE,0.907
9606.ENSP00000353408,MSN,ICAM2,0.901
9606.ENSP00000354558,MTOR,RRAGA,0.999
9606.ENSP00000354558,MTOR,RPTOR,0.999
9606.ENSP00000354558,MTOR,AKT1S1,0.999
9606.ENSP00000354558,MTOR,TELO2,0.999
9606.ENSP00000354558,MTOR,MAPKAP1,0.999
9606.ENSP00000354558,MTOR,FKBP1A,0.999
9606.ENSP00000354558,MTOR,RRAGC,0.999
9606.ENSP00000354558,MTOR,RPS6KB1,0.999
9606.ENSP00000354558,MTOR,AKT1,0.999
9606.ENSP00000354558,MTOR,RHEB,0.999
9606.ENSP00000354558,MTOR,RRAGB,0.999
9606.ENSP00000354558,MTOR,TTI1,0.999
9606.ENSP00000354558,MTOR,RICTOR,0.999
9606.ENSP00000354558,MTOR,DEPTOR,0.999
9606.ENSP00000354558,MTOR,MLST8,0.999
9606.ENSP00000354558,MTOR,EIF4EBP1,0.999
9606.ENSP00000354558,MTOR,ULK1,0.999
9606.ENSP00000354558,MTOR,PRR5,0.999
9606.ENSP00000354558,MTOR,HSP90AA1,0.998
9606.ENSP00000354558,MTOR,HSP90AB1,0.998
9606.ENSP00000354558,MTOR,LAMP1,0.997
9606.ENSP00000354558,MTOR,UBC,0.996
9606.ENSP00000354558,MTOR,RPS6KB2,0.995
9606.ENSP00000354558,MTOR,TUBB,0.995
9606.ENSP00000354558,MTOR,DDB1,0.995
9606.ENSP00000354558,MTOR,PSMD14,0.994
9606.ENSP00000354558,MTOR,PSMC6,0.994
9606.ENSP00000354558,MTOR,PRR5L,0.994
9606.ENSP00000354558,MTOR,TUBA1B,0.994
9606.ENSP00000354558,MTOR,TUBB4A,0.994
9606.ENSP00000354558,MTOR,UBAP2L,0.994
9606.ENSP00000354558,MTOR,PSMC5,0.994
9606.ENSP00000354558,MTOR,IRS1,0.992
9606.ENSP00000354558,MTOR,SGK1,0.992
9606.ENSP00000354558,MTOR,RRAGD,0.991
9606.ENSP00000354558,MTOR,TSC2,0.99
9606.ENSP00000354558,MTOR,ULK2,0.986
9606.ENSP00000354558,MTOR,TFEB,0.983
9606.ENSP00000354558,MTOR,RB1CC1,0.982
9606.ENSP00000354558,MTOR,ATG101,0.977
9606.ENSP00000354558,MTOR,TSC1,0.974
9606.ENSP00000354558,MTOR,PRKAA2,0.973
9606.ENSP00000354558,MTOR,CHUK,0.973
9606.ENSP00000354558,MTOR,LAMTOR2,0.972
9606.ENSP00000354558,MTOR,PRKAA1,0.972
9606.ENSP00000354558,MTOR,PRKCA,0.969
9606.ENSP00000354558,MTOR,AKT2,0.967
9606.ENSP00000354558,MTOR,PRKAB1,0.967
9606.ENSP00000354558,MTOR,IRS2,0.966
9606.ENSP00000354558,MTOR,EIF4EBP2,0.966
9606.ENSP00000354558,MTOR,PPARG,0.964
9606.ENSP00000354558,MTOR,PRKAG1,0.964
9606.ENSP00000354558,MTOR,LAMTOR1,0.963
9606.ENSP00000354558,MTOR,PIK3CA,0.963
9606.ENSP00000354558,MTOR,EIF4E,0.962
9606.ENSP00000354558,MTOR,FKBP5,0.961
9606.ENSP00000354558,MTOR,FKBP4,0.961
9606.ENSP00000354558,MTOR,RPS6,0.961
9606.ENSP00000354558,MTOR,K7ERJ3_HUMAN,0.96
9606.ENSP00000354558,MTOR,AKT3,0.96
9606.ENSP00000354558,MTOR,RHOA,0.958
9606.ENSP00000354558,MTOR,PIK3R1,0.956
9606.ENSP00000354558,MTOR,LAMTOR4,0.953
9606.ENSP00000354558,MTOR,IGBP1,0.953
9606.ENSP00000354558,MTOR,SQSTM1,0.953
9606.ENSP00000354558,MTOR,FKBP8,0.952
9606.ENSP00000354558,MTOR,LAMTOR5,0.952
9606.ENSP00000354558,MTOR,FKBP3,0.951
9606.ENSP00000354558,MTOR,CLIP1,0.946
9606.ENSP00000354558,MTOR,PIK3R2,0.944
9606.ENSP00000354558,MTOR,LPIN1,0.944
9606.ENSP00000354558,MTOR,PIK3CB,0.943
9606.ENSP00000354558,MTOR,PTEN,0.942
9606.ENSP00000354558,MTOR,PIK3CD,0.942
9606.ENSP00000354558,MTOR,PIK3R3,0.937
9606.ENSP00000354558,MTOR,SIRT1,0.937
9606.ENSP00000354558,MTOR,PRKCB,0.937
9606.ENSP00000354558,MTOR,PRKAB2,0.935
9606.ENSP00000354558,MTOR,LAMTOR3,0.93
9606.ENSP00000354558,MTOR,STAT3,0.926
9606.ENSP00000354558,MTOR,PRKAG3,0.924
9606.ENSP00000354558,MTOR,PRKAG2,0.922
9606.ENSP00000354558,MTOR,PRKCG,0.921
9606.ENSP00000354558,MTOR,FBXW7,0.921
9606.ENSP00000354558,MTOR,IRS4,0.918
9606.ENSP00000354558,MTOR,ATG13,0.917
9606.ENSP00000354558,MTOR,LPIN2,0.915
9606.ENSP00000354558,MTOR,LPIN3,0.91
9606.ENSP00000354558,MTOR,GPHN,0.903
9606.ENSP00000354573,MACF1,GOLGA4,0.936
9606.ENSP00000354573,MACF1,MAPRE1,0.902
9606.ENSP00000354573,MACF1,CAMSAP3,0.901
9606.ENSP00000354580,MRPL21,RPS15,0.999
9606.ENSP00000354580,MRPL21,MRPL17,0.999
9606.ENSP00000354580,MRPL21,MRPS6,0.999
9606.ENSP00000354580,MRPL21,MRPS9,0.999
9606.ENSP00000354580,MRPL21,RPL23A,0.999
9606.ENSP00000354580,MRPL21,MRPL12,0.999
9606.ENSP00000354580,MRPL21,MRPL33,0.999
9606.ENSP00000354580,MRPL21,MRPL36,0.999
9606.ENSP00000354580,MRPL21,MRPL3,0.999
9606.ENSP00000354580,MRPL21,RPL5,0.999
9606.ENSP00000354580,MRPL21,RPS18,0.999
9606.ENSP00000354580,MRPL21,RPL23,0.999
9606.ENSP00000354580,MRPL21,MRPS16,0.999
9606.ENSP00000354580,MRPL21,MRPL13,0.999
9606.ENSP00000354580,MRPL21,MRPL4,0.999
9606.ENSP00000354580,MRPL21,MRPL32,0.999
9606.ENSP00000354580,MRPL21,RPL11,0.999
9606.ENSP00000354580,MRPL21,TUFM,0.999
9606.ENSP00000354580,MRPL21,MRPL11,0.999
9606.ENSP00000354580,MRPL21,MRPL24,0.999
9606.ENSP00000354580,MRPL21,RPS3,0.999
9606.ENSP00000354580,MRPL21,MRPL22,0.999
9606.ENSP00000354580,MRPL21,MRPL20,0.999
9606.ENSP00000354580,MRPL21,MRPL47,0.999
9606.ENSP00000354580,MRPL21,MRPS15,0.999
9606.ENSP00000354580,MRPL21,MRPL27,0.999
9606.ENSP00000354580,MRPL21,MRPL19,0.999
9606.ENSP00000354580,MRPL21,MRPL58,0.999
9606.ENSP00000354580,MRPL21,MRPL9,0.999
9606.ENSP00000354580,MRPL21,NDUFAB1,0.998
9606.ENSP00000354580,MRPL21,MRPL16,0.998
9606.ENSP00000354580,MRPL21,MRPS5,0.998
9606.ENSP00000354580,MRPL21,MRPL46,0.998
9606.ENSP00000354580,MRPL21,MRPL43,0.998
9606.ENSP00000354580,MRPL21,MRPS10,0.998
9606.ENSP00000354580,MRPL21,RPS11,0.998
9606.ENSP00000354580,MRPL21,RPL35,0.997
9606.ENSP00000354580,MRPL21,MRPL2,0.997
9606.ENSP00000354580,MRPL21,MRPS11,0.997
9606.ENSP00000354580,MRPL21,MRPS12,0.997
9606.ENSP00000354580,MRPL21,MRPL1,0.997
9606.ENSP00000354580,MRPL21,MRPS14,0.997
9606.ENSP00000354580,MRPL21,MRRF,0.996
9606.ENSP00000354580,MRPL21,MRPL23,0.996
9606.ENSP00000354580,MRPL21,MALSU1,0.995
9606.ENSP00000354580,MRPL21,MRPS7,0.995
9606.ENSP00000354580,MRPL21,MRPS18A,0.994
9606.ENSP00000354580,MRPL21,DAP3,0.994
9606.ENSP00000354580,MRPL21,MRPS2,0.99
9606.ENSP00000354580,MRPL21,GFM1,0.99
9606.ENSP00000354580,MRPL21,MRPL41,0.989
9606.ENSP00000354580,MRPL21,PDCD11,0.987
9606.ENSP00000354580,MRPL21,RPS9,0.984
9606.ENSP00000354580,MRPL21,MRTO4,0.983
9606.ENSP00000354580,MRPL21,RPLP0,0.983
9606.ENSP00000354580,MRPL21,RPS2,0.982
9606.ENSP00000354580,MRPL21,RPS20,0.982
9606.ENSP00000354580,MRPL21,RPL9,0.982
9606.ENSP00000354580,MRPL21,IMP3,0.982
9606.ENSP00000354580,MRPL21,MED1,0.981
9606.ENSP00000354580,MRPL21,GTPBP6,0.981
9606.ENSP00000354580,MRPL21,RPS23,0.981
9606.ENSP00000354580,MRPL21,MTG1,0.98
9606.ENSP00000354580,MRPL21,MRPL44,0.979
9606.ENSP00000354580,MRPL21,RPL26L1,0.978
9606.ENSP00000354580,MRPL21,CUL7,0.977
9606.ENSP00000354580,MRPL21,RPL13A,0.976
9606.ENSP00000354580,MRPL21,MRPL51,0.975
9606.ENSP00000354580,MRPL21,RPS5,0.975
9606.ENSP00000354580,MRPL21,MRPL49,0.975
9606.ENSP00000354580,MRPL21,MRM3,0.975
9606.ENSP00000354580,MRPL21,RPL10A,0.974
9606.ENSP00000354580,MRPL21,MRPL40,0.974
9606.ENSP00000354580,MRPL21,MRPL50,0.973
9606.ENSP00000354580,MRPL21,MRPL39,0.972
9606.ENSP00000354580,MRPL21,RPL8,0.972
9606.ENSP00000354580,MRPL21,RPL26,0.971
9606.ENSP00000354580,MRPL21,RPL4,0.971
9606.ENSP00000354580,MRPL21,RPS14,0.971
9606.ENSP00000354580,MRPL21,FANCE,0.971
9606.ENSP00000354580,MRPL21,FLT3LG,0.971
9606.ENSP00000354580,MRPL21,RPL17,0.97
9606.ENSP00000354580,MRPL21,RPS16,0.97
9606.ENSP00000354580,MRPL21,MRPL15,0.97
9606.ENSP00000354580,MRPL21,RPS29,0.97
9606.ENSP00000354580,MRPL21,MRPL42,0.97
9606.ENSP00000354580,MRPL21,RPL3,0.97
9606.ENSP00000354580,MRPL21,CCDC105,0.969
9606.ENSP00000354580,MRPL21,CD74,0.969
9606.ENSP00000354580,MRPL21,GADD45GIP1,0.969
9606.ENSP00000354580,MRPL21,RPL3L,0.969
9606.ENSP00000354580,MRPL21,MRPL52,0.969
9606.ENSP00000354580,MRPL21,RPL17-C18orf32,0.968
9606.ENSP00000354580,MRPL21,MRPS30,0.967
9606.ENSP00000354580,MRPL21,MRPS18C,0.967
9606.ENSP00000354580,MRPL21,MRPS35,0.966
9606.ENSP00000354580,MRPL21,MRPL34,0.966
9606.ENSP00000354580,MRPL21,RPS13,0.965
9606.ENSP00000354580,MRPL21,MRPL10,0.964
9606.ENSP00000354580,MRPL21,RSAD1,0.963
9606.ENSP00000354580,MRPL21,MRPL38,0.963
9606.ENSP00000354580,MRPL21,TSFM,0.961
9606.ENSP00000354580,MRPL21,MRNIP,0.961
9606.ENSP00000354580,MRPL21,SRP54,0.96
9606.ENSP00000354580,MRPL21,PDF,0.959
9606.ENSP00000354580,MRPL21,PALB2,0.958
9606.ENSP00000354580,MRPL21,MRPL55,0.954
9606.ENSP00000354580,MRPL21,CHCHD1,0.95
9606.ENSP00000354580,MRPL21,RPL7L1,0.949
9606.ENSP00000354580,MRPL21,HDDC3,0.946
9606.ENSP00000354580,MRPL21,MTIF2,0.944
9606.ENSP00000354580,MRPL21,EFTUD2,0.942
9606.ENSP00000354580,MRPL21,PPP1R26,0.941
9606.ENSP00000354580,MRPL21,EFL1,0.94
9606.ENSP00000354580,MRPL21,ACSF2,0.939
9606.ENSP00000354580,MRPL21,RPL7,0.939
9606.ENSP00000354580,MRPL21,EEF2,0.939
9606.ENSP00000354580,MRPL21,TEX48,0.937
9606.ENSP00000354580,MRPL21,GTPBP8,0.937
9606.ENSP00000354580,MRPL21,NPSR1,0.937
9606.ENSP00000354580,MRPL21,EIF5A,0.936
9606.ENSP00000354580,MRPL21,MRPL53,0.935
9606.ENSP00000354580,MRPL21,EIF5A2,0.934
9606.ENSP00000354580,MRPL21,MRPL54,0.934
9606.ENSP00000354580,MRPL21,MRPL37,0.934
9606.ENSP00000354580,MRPL21,MRPL30,0.934
9606.ENSP00000354580,MRPL21,AURKAIP1,0.934
9606.ENSP00000354580,MRPL21,EIF5AL1,0.934
9606.ENSP00000354580,MRPL21,POLR2C,0.933
9606.ENSP00000354580,MRPL21,MRPL18,0.933
9606.ENSP00000354580,MRPL21,MRPL14,0.931
9606.ENSP00000354580,MRPL21,GTPBP3,0.931
9606.ENSP00000354580,MRPL21,MRPS34,0.93
9606.ENSP00000354580,MRPL21,POLR1C,0.929
9606.ENSP00000354580,MRPL21,C12orf65,0.929
9606.ENSP00000354580,MRPL21,MTG2,0.926
9606.ENSP00000354580,MRPL21,GTPBP10,0.924
9606.ENSP00000354580,MRPL21,MRPS23,0.918
9606.ENSP00000354580,MRPL21,RPL12,0.917
9606.ENSP00000354580,MRPL21,MRPS24,0.916
9606.ENSP00000354580,MRPL21,MRPS31,0.914
9606.ENSP00000354580,MRPL21,MRPS33,0.913
9606.ENSP00000354580,MRPL21,MRPS25,0.912
9606.ENSP00000354580,MRPL21,GFM2,0.91
9606.ENSP00000354580,MRPL21,MRPS22,0.906
9606.ENSP00000354580,MRPL21,RPSA,0.906
9606.ENSP00000354580,MRPL21,HSPBP1,0.906
9606.ENSP00000354580,MRPL21,HMGN4,0.905
9606.ENSP00000354580,MRPL21,HMGN1,0.905
9606.ENSP00000354580,MRPL21,HMGN2,0.905
9606.ENSP00000354580,MRPL21,LOC107987373,0.905
9606.ENSP00000354580,MRPL21,CXorf66,0.904
9606.ENSP00000354580,MRPL21,SSBP1,0.904
9606.ENSP00000354580,MRPL21,SMKR1,0.904
9606.ENSP00000354580,MRPL21,SIL1,0.902
9606.ENSP00000354580,MRPL21,RPL10,0.902
9606.ENSP00000354580,MRPL21,RPL10L,0.901
9606.ENSP00000354660,MAGEC2,TRIM28,0.992
9606.ENSP00000354878,KIF21A,KANK1,0.995
9606.ENSP00000354878,KIF21A,KANK2,0.961
9606.ENSP00000354878,KIF21A,PHOX2A,0.96
9606.ENSP00000354878,KIF21A,TUBB3,0.943
9606.ENSP00000355517,KMO,KYNU,0.999
9606.ENSP00000355517,KMO,AFMID,0.985
9606.ENSP00000355517,KMO,KYAT1,0.984
9606.ENSP00000355517,KMO,AADAT,0.983
9606.ENSP00000355517,KMO,KYAT3,0.98
9606.ENSP00000355517,KMO,HAAO,0.964
9606.ENSP00000355517,KMO,TDO2,0.9
9606.ENSP00000355568,IRF2BP2,IRF2,0.983
9606.ENSP00000355568,IRF2BP2,IRF2BP1,0.95
9606.ENSP00000355568,IRF2BP2,VGLL4,0.939
9606.ENSP00000355580,KCNK1,KCNK2,0.975
9606.ENSP00000355580,KCNK1,KRT76,0.975
9606.ENSP00000355961,INTS7,INTS8,0.999
9606.ENSP00000355961,INTS7,INTS5,0.999
9606.ENSP00000355961,INTS7,INTS1,0.999
9606.ENSP00000355961,INTS7,INTS6,0.999
9606.ENSP00000355961,INTS7,INTS3,0.999
9606.ENSP00000355961,INTS7,INTS2,0.998
9606.ENSP00000355961,INTS7,INTS11,0.998
9606.ENSP00000355961,INTS7,INTS4,0.996
9606.ENSP00000355961,INTS7,INTS9,0.995
9606.ENSP00000355961,INTS7,INTS10,0.988
9606.ENSP00000355961,INTS7,INTS13,0.979
9606.ENSP00000355961,INTS7,INTS12,0.975
9606.ENSP00000355961,INTS7,C7orf26,0.938
9606.ENSP00000355961,INTS7,SUPT5H,0.925
9606.ENSP00000355961,INTS7,POLR2A,0.923
9606.ENSP00000355961,INTS7,INTS14,0.911
9606.ENSP00000356001,MRPL18,MRPL38,0.993
9606.ENSP00000356001,MRPL18,MRPL58,0.988
9606.ENSP00000356001,MRPL18,MRPL4,0.988
9606.ENSP00000356001,MRPL18,MRPS30,0.982
9606.ENSP00000356001,MRPL18,MRPL44,0.978
9606.ENSP00000356001,MRPL18,MRPL27,0.977
9606.ENSP00000356001,MRPL18,MRPL47,0.977
9606.ENSP00000356001,MRPL18,MRPL17,0.976
9606.ENSP00000356001,MRPL18,MRPL39,0.976
9606.ENSP00000356001,MRPL18,MRPL19,0.974
9606.ENSP00000356001,MRPL18,MRPL20,0.97
9606.ENSP00000356001,MRPL18,MRPL3,0.97
9606.ENSP00000356001,MRPL18,MRPL13,0.969
9606.ENSP00000356001,MRPL18,MRPL15,0.967
9606.ENSP00000356001,MRPL18,MRPL9,0.964
9606.ENSP00000356001,MRPL18,MRPL45,0.962
9606.ENSP00000356001,MRPL18,MRPL32,0.961
9606.ENSP00000356001,MRPL18,GADD45GIP1,0.961
9606.ENSP00000356001,MRPL18,MRPL43,0.958
9606.ENSP00000356001,MRPL18,MRPL40,0.957
9606.ENSP00000356001,MRPL18,MRPL41,0.955
9606.ENSP00000356001,MRPL18,MRPL50,0.954
9606.ENSP00000356001,MRPL18,MRPL24,0.951
9606.ENSP00000356001,MRPL18,NDUFAB1,0.948
9606.ENSP00000356001,MRPL18,MRPL49,0.948
9606.ENSP00000356001,MRPL18,MRPL37,0.947
9606.ENSP00000356001,MRPL18,MRPL10,0.944
9606.ENSP00000356001,MRPL18,MRPS18A,0.944
9606.ENSP00000356001,MRPL18,MRPL28,0.941
9606.ENSP00000356001,MRPL18,MRPS25,0.941
9606.ENSP00000356001,MRPL18,MRPL42,0.939
9606.ENSP00000356001,MRPL18,MRPS10,0.938
9606.ENSP00000356001,MRPL18,MRPL2,0.938
9606.ENSP00000356001,MRPL18,MRPL21,0.933
9606.ENSP00000356001,MRPL18,MRPL55,0.933
9606.ENSP00000356001,MRPL18,MRPL14,0.931
9606.ENSP00000356001,MRPL18,MRPL23,0.928
9606.ENSP00000356001,MRPL18,MRPL33,0.928
9606.ENSP00000356001,MRPL18,TUFM,0.926
9606.ENSP00000356001,MRPL18,MRPL35,0.925
9606.ENSP00000356001,MRPL18,MRPL48,0.923
9606.ENSP00000356001,MRPL18,MRPL46,0.921
9606.ENSP00000356001,MRPL18,MRPL16,0.92
9606.ENSP00000356001,MRPL18,MRPL22,0.916
9606.ENSP00000356001,MRPL18,MRPL51,0.912
9606.ENSP00000356001,MRPL18,MRPL30,0.911
9606.ENSP00000356001,MRPL18,MRPL1,0.908
9606.ENSP00000356001,MRPL18,MTIF2,0.908
9606.ENSP00000356001,MRPL18,MRPL11,0.906
9606.ENSP00000356001,MRPL18,MRPS35,0.904
9606.ENSP00000356001,MRPL18,MRPL12,0.904
9606.ENSP00000356001,MRPL18,MRPL54,0.904
9606.ENSP00000356001,MRPL18,MRPL52,0.903
9606.ENSP00000356001,MRPL18,MRPL34,0.903
9606.ENSP00000356001,MRPL18,MRPL57,0.902
9606.ENSP00000356001,MRPL18,MRPS7,0.901
9606.ENSP00000356001,MRPL18,MRPL53,0.901
9606.ENSP00000356150,MDM4,MDM2,0.999
9606.ENSP00000356150,MDM4,TP53,0.999
9606.ENSP00000356150,MDM4,SFN,0.977
9606.ENSP00000356150,MDM4,USP7,0.973
9606.ENSP00000356150,MDM4,CSNK1A1,0.971
9606.ENSP00000356150,MDM4,RPS27A,0.97
9606.ENSP00000356150,MDM4,UBC,0.967
9606.ENSP00000356150,MDM4,CDKN2A,0.963
9606.ENSP00000356150,MDM4,UBB,0.959
9606.ENSP00000356150,MDM4,ATM,0.954
9606.ENSP00000356150,MDM4,UBE2D2,0.953
9606.ENSP00000356150,MDM4,UBA52,0.952
9606.ENSP00000356150,MDM4,TP73,0.922
9606.ENSP00000356150,MDM4,CHEK2,0.92
9606.ENSP00000356150,MDM4,IGHV3-43D,0.901
9606.ENSP00000357047,MED23,MED16,0.999
9606.ENSP00000357047,MED23,MED18,0.999
9606.ENSP00000357047,MED23,MED28,0.999
9606.ENSP00000357047,MED23,MED12,0.999
9606.ENSP00000357047,MED23,MED25,0.999
9606.ENSP00000357047,MED23,MED4,0.999
9606.ENSP00000357047,MED23,MED1,0.999
9606.ENSP00000357047,MED23,MED24,0.999
9606.ENSP00000357047,MED23,MED14,0.999
9606.ENSP00000357047,MED23,MED15,0.999
9606.ENSP00000357047,MED23,MED10,0.998
9606.ENSP00000357047,MED23,MED22,0.998
9606.ENSP00000357047,MED23,MED17,0.998
9606.ENSP00000357047,MED23,MED26,0.998
9606.ENSP00000357047,MED23,MED30,0.998
9606.ENSP00000357047,MED23,MED19,0.998
9606.ENSP00000357047,MED23,MED21,0.998
9606.ENSP00000357047,MED23,MED6,0.998
9606.ENSP00000357047,MED23,MED27,0.997
9606.ENSP00000357047,MED23,MED31,0.997
9606.ENSP00000357047,MED23,MED29,0.997
9606.ENSP00000357047,MED23,MED7,0.997
9606.ENSP00000357047,MED23,MED20,0.996
9606.ENSP00000357047,MED23,CDK8,0.996
9606.ENSP00000357047,MED23,MED9,0.996
9606.ENSP00000357047,MED23,MED8,0.996
9606.ENSP00000357047,MED23,MED13,0.996
9606.ENSP00000357047,MED23,MED11,0.996
9606.ENSP00000357047,MED23,ZC3H13,0.995
9606.ENSP00000357047,MED23,STN1,0.994
9606.ENSP00000357047,MED23,TRIP4,0.994
9606.ENSP00000357047,MED23,QKI,0.994
9606.ENSP00000357047,MED23,CCNC,0.986
9606.ENSP00000357047,MED23,CDK19,0.982
9606.ENSP00000357047,MED23,MED13L,0.978
9606.ENSP00000357047,MED23,POLR2A,0.951
9606.ENSP00000357047,MED23,GTF2A1,0.938
9606.ENSP00000357047,MED23,GTF2B,0.936
9606.ENSP00000357047,MED23,ERCC3,0.931
9606.ENSP00000357047,MED23,TBP,0.927
9606.ENSP00000357047,MED23,ELF3,0.923
9606.ENSP00000357047,MED23,MED12L,0.918
9606.ENSP00000357047,MED23,GTF2E1,0.907
9606.ENSP00000357067,KCNJ9,KCNJ6,0.994
9606.ENSP00000357067,KCNJ9,KCNJ3,0.99
9606.ENSP00000357067,KCNJ9,GABBR2,0.946
9606.ENSP00000357067,KCNJ9,GABBR1,0.94
9606.ENSP00000357067,KCNJ9,GNAI2,0.92
9606.ENSP00000357067,KCNJ9,GNAI3,0.919
9606.ENSP00000357067,KCNJ9,GNAI1,0.918
9606.ENSP00000357067,KCNJ9,KCNJ5,0.917
9606.ENSP00000357067,KCNJ9,PRKACB,0.913
9606.ENSP00000357067,KCNJ9,PRKACA,0.909
9606.ENSP00000357067,KCNJ9,PRKACG,0.909
9606.ENSP00000357067,KCNJ9,GNB5,0.908
9606.ENSP00000357283,LMNA,EMD,0.999
9606.ENSP00000357283,LMNA,SUN2,0.999
9606.ENSP00000357283,LMNA,SUN1,0.997
9606.ENSP00000357283,LMNA,SYNE1,0.996
9606.ENSP00000357283,LMNA,LMNB1,0.996
9606.ENSP00000357283,LMNA,BANF1,0.996
9606.ENSP00000357283,LMNA,SYNE2,0.994
9606.ENSP00000357283,LMNA,LMNB2,0.992
9606.ENSP00000357283,LMNA,TMPO,0.989
9606.ENSP00000357283,LMNA,ZMPSTE24,0.961
9606.ENSP00000357283,LMNA,CASP6,0.94
9606.ENSP00000357283,LMNA,GZMB,0.94
9606.ENSP00000357283,LMNA,LEMD3,0.936
9606.ENSP00000357283,LMNA,SREBF1,0.935
9606.ENSP00000357283,LMNA,MAPRE1,0.906
9606.ENSP00000357643,MKI67,NIFK,0.996
9606.ENSP00000357643,MKI67,TOP2A,0.993
9606.ENSP00000357643,MKI67,CENPF,0.979
9606.ENSP00000357643,MKI67,PPP1CC,0.964
9606.ENSP00000357643,MKI67,BUB1,0.963
9606.ENSP00000357643,MKI67,ASPM,0.962
9606.ENSP00000357643,MKI67,TPX2,0.954
9606.ENSP00000357643,MKI67,HJURP,0.946
9606.ENSP00000357643,MKI67,RRM2,0.945
9606.ENSP00000357643,MKI67,NUSAP1,0.943
9606.ENSP00000357643,MKI67,BIRC5,0.939
9606.ENSP00000357643,MKI67,CDK1,0.939
9606.ENSP00000357643,MKI67,KIF15,0.935
9606.ENSP00000357643,MKI67,CDC20,0.934
9606.ENSP00000357643,MKI67,BUB1B,0.932
9606.ENSP00000357643,MKI67,KIF11,0.931
9606.ENSP00000357643,MKI67,CCNA2,0.93
9606.ENSP00000357643,MKI67,KIF20A,0.925
9606.ENSP00000357643,MKI67,CDCA8,0.923
9606.ENSP00000357643,MKI67,CENPE,0.921
9606.ENSP00000357643,MKI67,UBE2C,0.916
9606.ENSP00000357643,MKI67,MELK,0.911
9606.ENSP00000357643,MKI67,FOXM1,0.91
9606.ENSP00000357643,MKI67,NCAPG,0.908
9606.ENSP00000357643,MKI67,CEP55,0.904
9606.ENSP00000357643,MKI67,DLGAP5,0.902
9606.ENSP00000357766,LCE4A,LCE5A,0.989
9606.ENSP00000357766,LCE4A,LCE1A,0.964
9606.ENSP00000357766,LCE4A,LCE2B,0.929
9606.ENSP00000358022,MCL1,BCL2L11,0.999
9606.ENSP00000358022,MCL1,BAX,0.999
9606.ENSP00000358022,MCL1,PMAIP1,0.999
9606.ENSP00000358022,MCL1,BBC3,0.998
9606.ENSP00000358022,MCL1,BAK1,0.998
9606.ENSP00000358022,MCL1,BECN1,0.998
9606.ENSP00000358022,MCL1,HUWE1,0.996
9606.ENSP00000358022,MCL1,BID,0.996
9606.ENSP00000358022,MCL1,BCL2L1,0.989
9606.ENSP00000358022,MCL1,BCL2L2,0.988
9606.ENSP00000358022,MCL1,ATG12,0.988
9606.ENSP00000358022,MCL1,BOK,0.985
9606.ENSP00000358022,MCL1,HRK,0.985
9606.ENSP00000358022,MCL1,BIK,0.984
9606.ENSP00000358022,MCL1,VDAC1,0.971
9606.ENSP00000358022,MCL1,BMF,0.97
9606.ENSP00000358022,MCL1,TNKS2,0.961
9606.ENSP00000358022,MCL1,USP9X,0.958
9606.ENSP00000358022,MCL1,RTL10,0.957
9606.ENSP00000358022,MCL1,FBXW7,0.945
9606.ENSP00000358022,MCL1,GZMB,0.931
9606.ENSP00000358022,MCL1,TP53,0.918
9606.ENSP00000358022,MCL1,CASP3,0.911
9606.ENSP00000358335,MAP3K7,TNFRSF1A,0.999
9606.ENSP00000358335,MAP3K7,IKBKG,0.999
9606.ENSP00000358335,MAP3K7,MYD88,0.999
9606.ENSP00000358335,MAP3K7,TAB3,0.999
9606.ENSP00000358335,MAP3K7,TAB2,0.999
9606.ENSP00000358335,MAP3K7,TRAF6,0.999
9606.ENSP00000358335,MAP3K7,TNF,0.999
9606.ENSP00000358335,MAP3K7,TAB1,0.999
9606.ENSP00000358335,MAP3K7,MAP2K4,0.998
9606.ENSP00000358335,MAP3K7,RIPK1,0.996
9606.ENSP00000358335,MAP3K7,IKBKB,0.996
9606.ENSP00000358335,MAP3K7,MAP2K6,0.996
9606.ENSP00000358335,MAP3K7,CHUK,0.994
9606.ENSP00000358335,MAP3K7,UBE2N,0.993
9606.ENSP00000358335,MAP3K7,TLR3,0.992
9606.ENSP00000358335,MAP3K7,TRAF2,0.988
9606.ENSP00000358335,MAP3K7,MAP2K7,0.987
9606.ENSP00000358335,MAP3K7,IRAK1,0.987
9606.ENSP00000358335,MAP3K7,TRAF3,0.978
9606.ENSP00000358335,MAP3K7,NLK,0.977
9606.ENSP00000358335,MAP3K7,TRADD,0.976
9606.ENSP00000358335,MAP3K7,TRAF5,0.974
9606.ENSP00000358335,MAP3K7,TLR4,0.972
9606.ENSP00000358335,MAP3K7,BCL10,0.972
9606.ENSP00000358335,MAP3K7,MAPK8,0.971
9606.ENSP00000358335,MAP3K7,BIRC2,0.969
9606.ENSP00000358335,MAP3K7,PRKAA1,0.966
9606.ENSP00000358335,MAP3K7,GSK3B,0.961
9606.ENSP00000358335,MAP3K7,MAP3K14,0.959
9606.ENSP00000358335,MAP3K7,PRKCQ,0.955
9606.ENSP00000358335,MAP3K7,MAPK9,0.953
9606.ENSP00000358335,MAP3K7,XIAP,0.951
9606.ENSP00000358335,MAP3K7,MAVS,0.948
9606.ENSP00000358335,MAP3K7,PPM1B,0.946
9606.ENSP00000358335,MAP3K7,BIRC3,0.942
9606.ENSP00000358335,MAP3K7,PRKAB1,0.94
9606.ENSP00000358335,MAP3K7,MAPK14,0.939
9606.ENSP00000358335,MAP3K7,MAP2K3,0.938
9606.ENSP00000358335,MAP3K7,MAP2K1,0.928
9606.ENSP00000358335,MAP3K7,IRAK4,0.928
9606.ENSP00000358335,MAP3K7,MAPK1,0.926
9606.ENSP00000358335,MAP3K7,MAPK3,0.924
9606.ENSP00000358335,MAP3K7,MAPK11,0.923
9606.ENSP00000358335,MAP3K7,MAPK12,0.923
9606.ENSP00000358335,MAP3K7,MAPK13,0.922
9606.ENSP00000358335,MAP3K7,CARD11,0.922
9606.ENSP00000358335,MAP3K7,MAP2K2,0.922
9606.ENSP00000358335,MAP3K7,PRKAG3,0.919
9606.ENSP00000358335,MAP3K7,PRKAG1,0.918
9606.ENSP00000358335,MAP3K7,PRKAB2,0.917
9606.ENSP00000358335,MAP3K7,PRKAG2,0.916
9606.ENSP00000358335,MAP3K7,PRKAA2,0.911
9606.ENSP00000358488,MTCP1,AKT1,0.97
9606.ENSP00000358488,MTCP1,AKT2,0.919
9606.ENSP00000358488,MTCP1,TCL1B,0.912
9606.ENSP00000358488,MTCP1,TCL1A,0.911
9606.ENSP00000358488,MTCP1,AKT3,0.9
9606.ENSP00000359392,KHDC3L,NLRP5,0.993
9606.ENSP00000359392,KHDC3L,TLE6,0.993
9606.ENSP00000359392,KHDC3L,OOEP,0.987
9606.ENSP00000359392,KHDC3L,KHDC1,0.981
9606.ENSP00000359392,KHDC3L,NLRP7,0.919
9606.ENSP00000359643,LPAR3,LPAR6,0.993
9606.ENSP00000359643,LPAR3,LPAR4,0.987
9606.ENSP00000359643,LPAR3,LPAR5,0.987
9606.ENSP00000359643,LPAR3,GNAQ,0.978
9606.ENSP00000359643,LPAR3,GNAS,0.952
9606.ENSP00000359643,LPAR3,LPAR2,0.949
9606.ENSP00000359643,LPAR3,LPAR1,0.938
9606.ENSP00000359643,LPAR3,F2R,0.915
9606.ENSP00000359643,LPAR3,AGT,0.91
9606.ENSP00000359643,LPAR3,CHRM1,0.908
9606.ENSP00000359643,LPAR3,F2,0.901
9606.ENSP00000359643,LPAR3,CHRM2,0.9
9606.ENSP00000359691,LGSN,GLUL,0.94
9606.ENSP00000359859,MTG2,MALSU1,0.987
9606.ENSP00000359859,MTG2,MTG1,0.976
9606.ENSP00000359859,MTG2,MRM2,0.963
9606.ENSP00000359859,MTG2,MTERF4,0.946
9606.ENSP00000359859,MTG2,NSUN4,0.943
9606.ENSP00000359859,MTG2,MRPL20,0.94
9606.ENSP00000359859,MTG2,MRPL27,0.935
9606.ENSP00000359859,MTG2,MRPL21,0.926
9606.ENSP00000359859,MTG2,MRPL17,0.92
9606.ENSP00000359859,MTG2,MRPL32,0.915
9606.ENSP00000359859,MTG2,MRPL19,0.913
9606.ENSP00000359859,MTG2,MRPL58,0.909
9606.ENSP00000359859,MTG2,MRPL9,0.905
9606.ENSP00000359859,MTG2,MRPL3,0.903
9606.ENSP00000359859,MTG2,MRPL11,0.903
9606.ENSP00000360266,JUN,MAPK9,0.999
9606.ENSP00000360266,JUN,FOS,0.999
9606.ENSP00000360266,JUN,MAPK8,0.999
9606.ENSP00000360266,JUN,FOSB,0.999
9606.ENSP00000360266,JUN,FOSL2,0.999
9606.ENSP00000360266,JUN,JUND,0.999
9606.ENSP00000360266,JUN,FOSL1,0.999
9606.ENSP00000360266,JUN,JUNB,0.999
9606.ENSP00000360266,JUN,ESR1,0.999
9606.ENSP00000360266,JUN,EP300,0.999
9606.ENSP00000360266,JUN,ATF2,0.999
9606.ENSP00000360266,JUN,ATF3,0.999
9606.ENSP00000360266,JUN,IRF3,0.998
9606.ENSP00000360266,JUN,MAPK1,0.998
9606.ENSP00000360266,JUN,NFATC2,0.998
9606.ENSP00000360266,JUN,COPS5,0.998
9606.ENSP00000360266,JUN,CREB1,0.998
9606.ENSP00000360266,JUN,BATF,0.997
9606.ENSP00000360266,JUN,TP53,0.997
9606.ENSP00000360266,JUN,FBXW7,0.997
9606.ENSP00000360266,JUN,SMAD3,0.997
9606.ENSP00000360266,JUN,SP1,0.996
9606.ENSP00000360266,JUN,STAT3,0.995
9606.ENSP00000360266,JUN,CREBBP,0.994
9606.ENSP00000360266,JUN,NFKB1,0.994
9606.ENSP00000360266,JUN,MAF,0.993
9606.ENSP00000360266,JUN,SPI1,0.993
9606.ENSP00000360266,JUN,MAPK14,0.992
9606.ENSP00000360266,JUN,MAPK8IP1,0.992
9606.ENSP00000360266,JUN,MAFB,0.991
9606.ENSP00000360266,JUN,AKT1,0.991
9606.ENSP00000360266,JUN,EGR1,0.99
9606.ENSP00000360266,JUN,IRF7,0.989
9606.ENSP00000360266,JUN,TNF,0.989
9606.ENSP00000360266,JUN,SMAD4,0.989
9606.ENSP00000360266,JUN,IL6,0.989
9606.ENSP00000360266,JUN,MAPK3,0.987
9606.ENSP00000360266,JUN,CXCL8,0.987
9606.ENSP00000360266,JUN,IL1B,0.987
9606.ENSP00000360266,JUN,RELA,0.986
9606.ENSP00000360266,JUN,CCL2,0.98
9606.ENSP00000360266,JUN,PPARA,0.979
9606.ENSP00000360266,JUN,BATF3,0.979
9606.ENSP00000360266,JUN,GDNF,0.975
9606.ENSP00000360266,JUN,ATF7,0.974
9606.ENSP00000360266,JUN,SRC,0.974
9606.ENSP00000360266,JUN,MAPK11,0.971
9606.ENSP00000360266,JUN,CREB5,0.971
9606.ENSP00000360266,JUN,MAPK12,0.971
9606.ENSP00000360266,JUN,MYC,0.97
9606.ENSP00000360266,JUN,JDP2,0.969
9606.ENSP00000360266,JUN,MAPK13,0.968
9606.ENSP00000360266,JUN,RUNX2,0.968
9606.ENSP00000360266,JUN,AKT2,0.967
9606.ENSP00000360266,JUN,ESR2,0.967
9606.ENSP00000360266,JUN,HDAC1,0.967
9606.ENSP00000360266,JUN,NCOA1,0.965
9606.ENSP00000360266,JUN,HMGA1,0.964
9606.ENSP00000360266,JUN,PRKACA,0.963
9606.ENSP00000360266,JUN,PRKACG,0.963
9606.ENSP00000360266,JUN,NFATC1,0.963
9606.ENSP00000360266,JUN,PRKACB,0.963
9606.ENSP00000360266,JUN,NR3C1,0.961
9606.ENSP00000360266,JUN,HIF1A,0.961
9606.ENSP00000360266,JUN,RPS6KB1,0.959
9606.ENSP00000360266,JUN,CCL5,0.953
9606.ENSP00000360266,JUN,CXCL2,0.953
9606.ENSP00000360266,JUN,CXCL1,0.952
9606.ENSP00000360266,JUN,IL18,0.952
9606.ENSP00000360266,JUN,CARM1,0.95
9606.ENSP00000360266,JUN,RPS6KB2,0.946
9606.ENSP00000360266,JUN,IL1A,0.944
9606.ENSP00000360266,JUN,AKT3,0.941
9606.ENSP00000360266,JUN,NCOA3,0.938
9606.ENSP00000360266,JUN,SFN,0.934
9606.ENSP00000360266,JUN,CXCL3,0.932
9606.ENSP00000360266,JUN,ATF4,0.928
9606.ENSP00000360266,JUN,BCL2,0.927
9606.ENSP00000360266,JUN,SIRT1,0.927
9606.ENSP00000360266,JUN,GSTP1,0.927
9606.ENSP00000360266,JUN,CEBPB,0.927
9606.ENSP00000360266,JUN,CDK5,0.926
9606.ENSP00000360266,JUN,SMAD2,0.925
9606.ENSP00000360266,JUN,CAMP,0.923
9606.ENSP00000360266,JUN,MITF,0.923
9606.ENSP00000360266,JUN,MAP2K4,0.921
9606.ENSP00000360266,JUN,NFE2L2,0.92
9606.ENSP00000360266,JUN,CCND1,0.919
9606.ENSP00000360266,JUN,IRF1,0.919
9606.ENSP00000360266,JUN,MAP2K7,0.915
9606.ENSP00000360266,JUN,BUB1B,0.914
9606.ENSP00000360266,JUN,MED1,0.911
9606.ENSP00000360266,JUN,DUSP1,0.911
9606.ENSP00000360266,JUN,STAT1,0.91
9606.ENSP00000360266,JUN,YAP1,0.909
9606.ENSP00000360266,JUN,TJP2,0.909
9606.ENSP00000360266,JUN,NFKBIA,0.908
9606.ENSP00000360266,JUN,GSK3B,0.908
9606.ENSP00000360266,JUN,ITCH,0.9
9606.ENSP00000360730,IL13RA1,IL4R,0.999
9606.ENSP00000360730,IL13RA1,IL13,0.999
9606.ENSP00000360730,IL13RA1,IL4,0.999
9606.ENSP00000360730,IL13RA1,TYK2,0.998
9606.ENSP00000360730,IL13RA1,JAK2,0.992
9606.ENSP00000360730,IL13RA1,JAK1,0.973
9606.ENSP00000360730,IL13RA1,IL13RA2,0.972
9606.ENSP00000360730,IL13RA1,STAT6,0.953
9606.ENSP00000361202,IRS4,GRB2,0.996
9606.ENSP00000361202,IRS4,PIK3R1,0.989
9606.ENSP00000361202,IRS4,PIK3R2,0.986
9606.ENSP00000361202,IRS4,INSR,0.983
9606.ENSP00000361202,IRS4,IRS2,0.983
9606.ENSP00000361202,IRS4,PIK3R3,0.975
9606.ENSP00000361202,IRS4,IRS1,0.973
9606.ENSP00000361202,IRS4,PIK3CA,0.972
9606.ENSP00000361202,IRS4,SOCS4,0.969
9606.ENSP00000361202,IRS4,IGF1R,0.968
9606.ENSP00000361202,IRS4,PIK3CB,0.965
9606.ENSP00000361202,IRS4,INS,0.955
9606.ENSP00000361202,IRS4,PIK3CG,0.944
9606.ENSP00000361202,IRS4,PTPN1,0.925
9606.ENSP00000361202,IRS4,SOCS2,0.924
9606.ENSP00000361202,IRS4,JAK2,0.921
9606.ENSP00000361202,IRS4,PIK3CD,0.919
9606.ENSP00000361202,IRS4,MTOR,0.918
9606.ENSP00000361202,IRS4,PIK3R5,0.918
9606.ENSP00000361202,IRS4,PRKCZ,0.917
9606.ENSP00000361202,IRS4,SOCS3,0.917
9606.ENSP00000361202,IRS4,SOCS1,0.913
9606.ENSP00000361202,IRS4,PTPRF,0.913
9606.ENSP00000361202,IRS4,KL,0.912
9606.ENSP00000361202,IRS4,IKBKB,0.911
9606.ENSP00000361202,IRS4,PRKCD,0.909
9606.ENSP00000361202,IRS4,PRKCE,0.907
9606.ENSP00000361202,IRS4,EIF2AK2,0.906
9606.ENSP00000361202,IRS4,MAPK8,0.906
9606.ENSP00000361202,IRS4,CHUK,0.906
9606.ENSP00000361202,IRS4,MAPK9,0.905
9606.ENSP00000361202,IRS4,IKBKG,0.903
9606.ENSP00000361202,IRS4,GPR83,0.9
9606.ENSP00000361202,IRS4,PIK3R6,0.9
9606.ENSP00000361548,MPL,THPO,0.999
9606.ENSP00000361548,MPL,JAK2,0.982
9606.ENSP00000361548,MPL,EPO,0.941
9606.ENSP00000361548,MPL,IL3,0.91
9606.ENSP00000362410,MAFB,JUN,0.991
9606.ENSP00000362410,MAFB,FOS,0.983
9606.ENSP00000363193,MED12,MED21,0.999
9606.ENSP00000363193,MED12,CDK19,0.999
9606.ENSP00000363193,MED12,MED13,0.999
9606.ENSP00000363193,MED12,MED13L,0.999
9606.ENSP00000363193,MED12,MED6,0.999
9606.ENSP00000363193,MED12,MED11,0.999
9606.ENSP00000363193,MED12,MED1,0.999
9606.ENSP00000363193,MED12,MED14,0.999
9606.ENSP00000363193,MED12,MED24,0.999
9606.ENSP00000363193,MED12,MED15,0.999
9606.ENSP00000363193,MED12,MED30,0.999
9606.ENSP00000363193,MED12,MED25,0.999
9606.ENSP00000363193,MED12,MED4,0.999
9606.ENSP00000363193,MED12,MED8,0.999
9606.ENSP00000363193,MED12,MED23,0.999
9606.ENSP00000363193,MED12,MED20,0.999
9606.ENSP00000363193,MED12,CCNC,0.999
9606.ENSP00000363193,MED12,MED22,0.999
9606.ENSP00000363193,MED12,MED27,0.999
9606.ENSP00000363193,MED12,MED31,0.999
9606.ENSP00000363193,MED12,CDK8,0.999
9606.ENSP00000363193,MED12,MED16,0.999
9606.ENSP00000363193,MED12,MED17,0.999
9606.ENSP00000363193,MED12,MED18,0.999
9606.ENSP00000363193,MED12,MED29,0.999
9606.ENSP00000363193,MED12,MED28,0.999
9606.ENSP00000363193,MED12,MED10,0.999
9606.ENSP00000363193,MED12,CDK9,0.998
9606.ENSP00000363193,MED12,MED19,0.995
9606.ENSP00000363193,MED12,RCOR1,0.995
9606.ENSP00000363193,MED12,POLR2E,0.994
9606.ENSP00000363193,MED12,QKI,0.994
9606.ENSP00000363193,MED12,ZC3H13,0.994
9606.ENSP00000363193,MED12,MED26,0.994
9606.ENSP00000363193,MED12,STN1,0.994
9606.ENSP00000363193,MED12,TRIP4,0.994
9606.ENSP00000363193,MED12,MED7,0.991
9606.ENSP00000363193,MED12,MED9,0.982
9606.ENSP00000363193,MED12,EHMT2,0.925
9606.ENSP00000363193,MED12,THRAP3,0.924
9606.ENSP00000363193,MED12,PPARGC1B,0.9
9606.ENSP00000363318,IL2RG,IL15RA,0.999
9606.ENSP00000363318,IL2RG,IL2RB,0.999
9606.ENSP00000363318,IL2RG,IL15,0.999
9606.ENSP00000363318,IL2RG,IL4,0.999
9606.ENSP00000363318,IL2RG,IL7,0.999
9606.ENSP00000363318,IL2RG,IL4R,0.999
9606.ENSP00000363318,IL2RG,IL2,0.999
9606.ENSP00000363318,IL2RG,IL2RA,0.999
9606.ENSP00000363318,IL2RG,IL7R,0.999
9606.ENSP00000363318,IL2RG,JAK3,0.999
9606.ENSP00000363318,IL2RG,JAK1,0.999
9606.ENSP00000363318,IL2RG,IL9,0.998
9606.ENSP00000363318,IL2RG,IL21R,0.996
9606.ENSP00000363318,IL2RG,STAT5A,0.977
9606.ENSP00000363318,IL2RG,STAT5B,0.976
9606.ENSP00000363318,IL2RG,IL21,0.969
9606.ENSP00000363318,IL2RG,STAT6,0.969
9606.ENSP00000363318,IL2RG,JAK2,0.958
9606.ENSP00000363318,IL2RG,IL9R,0.954
9606.ENSP00000363318,IL2RG,STAT3,0.947
9606.ENSP00000363318,IL2RG,IL13,0.932
9606.ENSP00000363318,IL2RG,RHOA,0.911
9606.ENSP00000363318,IL2RG,IFNG,0.91
9606.ENSP00000363435,ITPR3,VDAC1,0.997
9606.ENSP00000363435,ITPR3,HSPA9,0.996
9606.ENSP00000363435,ITPR3,ANK2,0.995
9606.ENSP00000363435,ITPR3,BCL2,0.993
9606.ENSP00000363435,ITPR3,TRPC1,0.992
9606.ENSP00000363435,ITPR3,BECN1,0.987
9606.ENSP00000363435,ITPR3,MRVI1,0.986
9606.ENSP00000363435,ITPR3,CALM3,0.985
9606.ENSP00000363435,ITPR3,ANK1,0.984
9606.ENSP00000363435,ITPR3,CALML3,0.982
9606.ENSP00000363435,ITPR3,CALML5,0.981
9606.ENSP00000363435,ITPR3,CALML6,0.979
9606.ENSP00000363435,ITPR3,ANK3,0.979
9606.ENSP00000363435,ITPR3,CYCS,0.979
9606.ENSP00000363435,ITPR3,CALML4,0.979
9606.ENSP00000363435,ITPR3,PLCG1,0.973
9606.ENSP00000363435,ITPR3,PRKACA,0.972
9606.ENSP00000363435,ITPR3,PRKACG,0.968
9606.ENSP00000363435,ITPR3,PRKACB,0.968
9606.ENSP00000363435,ITPR3,AKT1,0.967
9606.ENSP00000363435,ITPR3,PLCB3,0.967
9606.ENSP00000363435,ITPR3,PLCB2,0.966
9606.ENSP00000363435,ITPR3,ITPR1,0.965
9606.ENSP00000363435,ITPR3,PSEN2,0.956
9606.ENSP00000363435,ITPR3,ITPR2,0.953
9606.ENSP00000363435,ITPR3,STIM1,0.952
9606.ENSP00000363435,ITPR3,PLCG2,0.949
9606.ENSP00000363435,ITPR3,PLCB1,0.946
9606.ENSP00000363435,ITPR3,TOMM70,0.946
9606.ENSP00000363435,ITPR3,PLCZ1,0.943
9606.ENSP00000363435,ITPR3,ATXN3,0.942
9606.ENSP00000363435,ITPR3,BCL2L1,0.942
9606.ENSP00000363435,ITPR3,ATXN3L,0.941
9606.ENSP00000363435,ITPR3,PSEN1,0.941
9606.ENSP00000363435,ITPR3,PLCB4,0.939
9606.ENSP00000363435,ITPR3,PLCD1,0.935
9606.ENSP00000363435,ITPR3,PRKCA,0.934
9606.ENSP00000363435,ITPR3,SIGMAR1,0.934
9606.ENSP00000363435,ITPR3,PLCD3,0.925
9606.ENSP00000363435,ITPR3,PRKCB,0.923
9606.ENSP00000363435,ITPR3,NOS1,0.922
9606.ENSP00000363435,ITPR3,PLCD4,0.921
9606.ENSP00000363435,ITPR3,PLCE1,0.921
9606.ENSP00000363435,ITPR3,PRKCG,0.918
9606.ENSP00000363435,ITPR3,TRPC3,0.917
9606.ENSP00000363435,ITPR3,ATXN2,0.913
9606.ENSP00000363435,ITPR3,ATP2A2,0.908
9606.ENSP00000363435,ITPR3,ATXN2L,0.908
9606.ENSP00000363435,ITPR3,PPIF,0.904
9606.ENSP00000363553,LPAR1,GNAQ,0.997
9606.ENSP00000363553,LPAR1,GNAI1,0.997
9606.ENSP00000363553,LPAR1,GNA12,0.995
9606.ENSP00000363553,LPAR1,LPAR4,0.994
9606.ENSP00000363553,LPAR1,LPAR6,0.992
9606.ENSP00000363553,LPAR1,LPAR5,0.987
9606.ENSP00000363553,LPAR1,ADGRE5,0.973
9606.ENSP00000363553,LPAR1,ADGRE2,0.969
9606.ENSP00000363553,LPAR1,GNA13,0.962
9606.ENSP00000363553,LPAR1,LPAR2,0.953
9606.ENSP00000363553,LPAR1,F2R,0.945
9606.ENSP00000363553,LPAR1,GNG2,0.944
9606.ENSP00000363553,LPAR1,GNAS,0.94
9606.ENSP00000363553,LPAR1,LPAR3,0.938
9606.ENSP00000363553,LPAR1,GNB1,0.937
9606.ENSP00000363553,LPAR1,GNAI2,0.928
9606.ENSP00000363553,LPAR1,GNAI3,0.92
9606.ENSP00000363553,LPAR1,AGT,0.92
9606.ENSP00000363553,LPAR1,ENPP2,0.917
9606.ENSP00000363553,LPAR1,CHRM1,0.916
9606.ENSP00000363553,LPAR1,CHRM2,0.91
9606.ENSP00000363553,LPAR1,F2,0.905
9606.ENSP00000363804,KLF4,SOX2,0.998
9606.ENSP00000363804,KLF4,NANOG,0.994
9606.ENSP00000363804,KLF4,POU5F1,0.994
9606.ENSP00000363804,KLF4,CTNNB1,0.991
9606.ENSP00000363804,KLF4,LIN28A,0.971
9606.ENSP00000363804,KLF4,HDAC2,0.949
9606.ENSP00000363804,KLF4,EP300,0.945
9606.ENSP00000363804,KLF4,MYC,0.945
9606.ENSP00000363804,KLF4,TP53,0.925
9606.ENSP00000363985,MTMR8,MTMR9,0.988
9606.ENSP00000363985,MTMR8,FIG4,0.919
9606.ENSP00000363985,MTMR8,PIKFYVE,0.917
9606.ENSP00000363985,MTMR8,INPP4A,0.905
9606.ENSP00000363985,MTMR8,INPP5F,0.904
9606.ENSP00000363985,MTMR8,CDIPT,0.904
9606.ENSP00000363985,MTMR8,INPP4B,0.903
9606.ENSP00000363985,MTMR8,PIP4P2,0.9
9606.ENSP00000363985,MTMR8,PIP4P1,0.9
9606.ENSP00000364550,KDM5C,EHMT2,0.99
9606.ENSP00000364550,KDM5C,HDAC1,0.969
9606.ENSP00000364550,KDM5C,H3C13,0.924
9606.ENSP00000364550,KDM5C,KDM6A,0.923
9606.ENSP00000364847,MAGED1,PJA1,0.997
9606.ENSP00000364847,MAGED1,UBXN1,0.994
9606.ENSP00000364847,MAGED1,FAF2,0.994
9606.ENSP00000364847,MAGED1,NGFR,0.984
9606.ENSP00000364847,MAGED1,UNC5A,0.969
9606.ENSP00000364847,MAGED1,AATF,0.938
9606.ENSP00000364847,MAGED1,XIAP,0.919
9606.ENSP00000364855,MSH5,MSH4,0.999
9606.ENSP00000364855,MSH5,MLH3,0.986
9606.ENSP00000364855,MSH5,MLH1,0.971
9606.ENSP00000364855,MSH5,HFM1,0.956
9606.ENSP00000364855,MSH5,PMS2,0.949
9606.ENSP00000364855,MSH5,HJURP,0.932
9606.ENSP00000364855,MSH5,PMS1,0.915
9606.ENSP00000364855,MSH5,RAD51,0.915
9606.ENSP00000364929,ING1,HDAC1,0.997
9606.ENSP00000364929,ING1,SIN3A,0.995
9606.ENSP00000364929,ING1,SUDS3,0.99
9606.ENSP00000364929,ING1,RBBP4,0.987
9606.ENSP00000364929,ING1,SAP30,0.986
9606.ENSP00000364929,ING1,HDAC2,0.985
9606.ENSP00000364929,ING1,H3-5,0.982
9606.ENSP00000364929,ING1,H3C13,0.982
9606.ENSP00000364929,ING1,H3-2,0.982
9606.ENSP00000364929,ING1,ARID4A,0.981
9606.ENSP00000364929,ING1,H3C12,0.981
9606.ENSP00000364929,ING1,H3-3B,0.981
9606.ENSP00000364929,ING1,H3-4,0.981
9606.ENSP00000364929,ING1,BRMS1,0.976
9606.ENSP00000364929,ING1,BRMS1L,0.975
9606.ENSP00000364929,ING1,ARID4B,0.975
9606.ENSP00000364929,ING1,RBBP7,0.972
9606.ENSP00000364929,ING1,H3C14,0.954
9606.ENSP00000364929,ING1,SINHCAF,0.952
9606.ENSP00000364929,ING1,SIN3B,0.926
9606.ENSP00000364929,ING1,H3C4,0.915
9606.ENSP00000364929,ING1,H3C1,0.915
9606.ENSP00000364929,ING1,H3C8,0.915
9606.ENSP00000364929,ING1,PCLAF,0.915
9606.ENSP00000364929,ING1,H3C2,0.914
9606.ENSP00000364929,ING1,H3C10,0.914
9606.ENSP00000364929,ING1,H3C11,0.914
9606.ENSP00000364929,ING1,H3C15,0.914
9606.ENSP00000364929,ING1,H3C7,0.914
9606.ENSP00000364929,ING1,H3-3A,0.914
9606.ENSP00000364929,ING1,TP53,0.914
9606.ENSP00000364929,ING1,H3C6,0.914
9606.ENSP00000364929,ING1,H3C3,0.914
9606.ENSP00000364929,ING1,SAP30L,0.91
9606.ENSP00000365016,IRS2,INSR,0.999
9606.ENSP00000365016,IRS2,GRB2,0.999
9606.ENSP00000365016,IRS2,PIK3R1,0.998
9606.ENSP00000365016,IRS2,INS,0.998
9606.ENSP00000365016,IRS2,IGF1R,0.998
9606.ENSP00000365016,IRS2,IRS1,0.997
9606.ENSP00000365016,IRS2,SOCS1,0.985
9606.ENSP00000365016,IRS2,PIK3CA,0.984
9606.ENSP00000365016,IRS2,IGF1,0.984
9606.ENSP00000365016,IRS2,SOCS3,0.983
9606.ENSP00000365016,IRS2,IRS4,0.983
9606.ENSP00000365016,IRS2,PIK3R2,0.981
9606.ENSP00000365016,IRS2,JAK2,0.979
9606.ENSP00000365016,IRS2,PIK3R3,0.972
9606.ENSP00000365016,IRS2,MTOR,0.966
9606.ENSP00000365016,IRS2,IRS4-2,0.96
9606.ENSP00000365016,IRS2,PTPN1,0.959
9606.ENSP00000365016,IRS2,SOCS4,0.956
9606.ENSP00000365016,IRS2,PRKCE,0.956
9606.ENSP00000365016,IRS2,PIK3CB,0.947
9606.ENSP00000365016,IRS2,PRKCZ,0.943
9606.ENSP00000365016,IRS2,IKBKB,0.941
9606.ENSP00000365016,IRS2,PIK3CG,0.938
9606.ENSP00000365016,IRS2,MAPK8,0.936
9606.ENSP00000365016,IRS2,PIK3CD,0.932
9606.ENSP00000365016,IRS2,SOCS2,0.928
9606.ENSP00000365016,IRS2,KL,0.926
9606.ENSP00000365016,IRS2,EIF2AK2,0.922
9606.ENSP00000365016,IRS2,MAPK9,0.922
9606.ENSP00000365016,IRS2,EPOR,0.919
9606.ENSP00000365016,IRS2,CHUK,0.919
9606.ENSP00000365016,IRS2,PRKCD,0.919
9606.ENSP00000365016,IRS2,PIK3R5,0.917
9606.ENSP00000365016,IRS2,PTPRF,0.915
9606.ENSP00000365016,IRS2,IKBKG,0.905
9606.ENSP00000365016,IRS2,PIK3R6,0.903
9606.ENSP00000365016,IRS2,GPR83,0.9
9606.ENSP00000365588,MDC1,ATM,0.999
9606.ENSP00000365588,MDC1,H2AX,0.999
9606.ENSP00000365588,MDC1,BRCA1,0.999
9606.ENSP00000365588,MDC1,RNF8,0.999
9606.ENSP00000365588,MDC1,TP53BP1,0.999
9606.ENSP00000365588,MDC1,RNF168,0.997
9606.ENSP00000365588,MDC1,UIMC1,0.997
9606.ENSP00000365588,MDC1,TOPBP1,0.995
9606.ENSP00000365588,MDC1,NBN,0.994
9606.ENSP00000365588,MDC1,CHEK2,0.99
9606.ENSP00000365588,MDC1,SMC3,0.974
9606.ENSP00000365588,MDC1,RAD51,0.965
9606.ENSP00000365588,MDC1,RBBP8,0.958
9606.ENSP00000365588,MDC1,MRE11,0.956
9606.ENSP00000365588,MDC1,BARD1,0.954
9606.ENSP00000365588,MDC1,PRKDC,0.952
9606.ENSP00000365588,MDC1,RAD50,0.947
9606.ENSP00000365588,MDC1,XRCC6,0.945
9606.ENSP00000365588,MDC1,CHEK1,0.94
9606.ENSP00000365588,MDC1,FANCD2,0.936
9606.ENSP00000365588,MDC1,SMC6,0.934
9606.ENSP00000365588,MDC1,UBE2N,0.931
9606.ENSP00000365588,MDC1,RNF4,0.928
9606.ENSP00000365588,MDC1,ABRAXAS1,0.923
9606.ENSP00000365588,MDC1,RAD9A,0.922
9606.ENSP00000365588,MDC1,SMC1A,0.92
9606.ENSP00000365588,MDC1,H4C6,0.913
9606.ENSP00000365588,MDC1,KAT5,0.91
9606.ENSP00000365770,MTHFR,MTR,0.999
9606.ENSP00000365770,MTHFR,SHMT1,0.998
9606.ENSP00000365770,MTHFR,SHMT2,0.996
9606.ENSP00000365770,MTHFR,MTHFD1,0.996
9606.ENSP00000365770,MTHFR,CTH,0.994
9606.ENSP00000365770,MTHFR,MTHFD2,0.993
9606.ENSP00000365770,MTHFR,TYMS,0.991
9606.ENSP00000365770,MTHFR,MTHFD2L,0.991
9606.ENSP00000365770,MTHFR,AMT,0.982
9606.ENSP00000365770,MTHFR,MTRR,0.981
9606.ENSP00000365770,MTHFR,BHMT,0.978
9606.ENSP00000365770,MTHFR,CBSL,0.961
9606.ENSP00000365770,MTHFR,CBS,0.956
9606.ENSP00000365770,MTHFR,BHMT2,0.952
9606.ENSP00000365770,MTHFR,MAT1A,0.936
9606.ENSP00000365770,MTHFR,F2,0.935
9606.ENSP00000365770,MTHFR,GLDC,0.93
9606.ENSP00000365770,MTHFR,MAT2A,0.916
9606.ENSP00000365861,MBNL2,CNBP,0.972
9606.ENSP00000365861,MBNL2,CELF1,0.923
9606.ENSP00000365861,MBNL2,QKI,0.914
9606.ENSP00000365861,MBNL2,CLCN1,0.9
9606.ENSP00000366047,KLK6,APP,0.967
9606.ENSP00000366091,MOG,MBP,0.955
9606.ENSP00000366091,MOG,MAG,0.935
9606.ENSP00000366091,MOG,PLP1,0.903
9606.ENSP00000366271,KDM2B,SKP1,0.999
9606.ENSP00000366271,KDM2B,RNF2,0.999
9606.ENSP00000366271,KDM2B,RYBP,0.999
9606.ENSP00000366271,KDM2B,PCGF1,0.999
9606.ENSP00000366271,KDM2B,RING1,0.996
9606.ENSP00000366271,KDM2B,YAF2,0.992
9606.ENSP00000366271,KDM2B,BCORL1,0.988
9606.ENSP00000366271,KDM2B,BCOR,0.986
9606.ENSP00000366915,KLF5,CEBPB,0.967
9606.ENSP00000366915,KLF5,CEBPD,0.95
9606.ENSP00000366915,KLF5,CEBPA,0.941
9606.ENSP00000366915,KLF5,FBXW7,0.94
9606.ENSP00000366915,KLF5,RARA,0.938
9606.ENSP00000366915,KLF5,EP300,0.931
9606.ENSP00000366915,KLF5,WWP1,0.914
9606.ENSP00000366915,KLF5,PPARG,0.901
9606.ENSP00000367203,KDM6A,RBBP5,0.999
9606.ENSP00000367203,KDM6A,KMT2C,0.999
9606.ENSP00000367203,KDM6A,WDR5,0.999
9606.ENSP00000367203,KDM6A,PAXIP1,0.999
9606.ENSP00000367203,KDM6A,NCOA6,0.999
9606.ENSP00000367203,KDM6A,KMT2D,0.999
9606.ENSP00000367203,KDM6A,ASH2L,0.998
9606.ENSP00000367203,KDM6A,PAGR1,0.997
9606.ENSP00000367203,KDM6A,DPY30,0.993
9606.ENSP00000367203,KDM6A,EZH2,0.965
9606.ENSP00000367203,KDM6A,H3-3B,0.962
9606.ENSP00000367203,KDM6A,H3C12,0.959
9606.ENSP00000367203,KDM6A,H3C13,0.956
9606.ENSP00000367203,KDM6A,H3-4,0.938
9606.ENSP00000367203,KDM6A,SETD1A,0.927
9606.ENSP00000367203,KDM6A,KDM5C,0.923
9606.ENSP00000367203,KDM6A,H3-2,0.916
9606.ENSP00000367203,KDM6A,H3-5,0.916
9606.ENSP00000367203,KDM6A,ATP5F1A,0.913
9606.ENSP00000367203,KDM6A,ATP5F1D,0.912
9606.ENSP00000367203,KDM6A,SUZ12,0.912
9606.ENSP00000367203,KDM6A,MT-ATP6,0.912
9606.ENSP00000367203,KDM6A,EP300,0.902
9606.ENSP00000367498,LRRC47,FARSA,0.969
9606.ENSP00000367498,LRRC47,RIOK1,0.954
9606.ENSP00000367498,LRRC47,FARS2,0.937
9606.ENSP00000367498,LRRC47,FDXACB1,0.936
9606.ENSP00000367498,LRRC47,RPS13,0.932
9606.ENSP00000367498,LRRC47,EIF1AD,0.926
9606.ENSP00000367498,LRRC47,RPS3,0.918
9606.ENSP00000367498,LRRC47,RPS15,0.917
9606.ENSP00000367498,LRRC47,RPS11,0.916
9606.ENSP00000367498,LRRC47,YARS1,0.916
9606.ENSP00000367498,LRRC47,EPRS1,0.915
9606.ENSP00000367668,MMEL1,IDE,0.948
9606.ENSP00000368771,MUC3A,MUC20,0.926
9606.ENSP00000368771,MUC3A,MUC16,0.923
9606.ENSP00000368771,MUC3A,MUC15,0.922
9606.ENSP00000368771,MUC3A,MUC13,0.92
9606.ENSP00000368771,MUC3A,MUC5B,0.909
9606.ENSP00000368771,MUC3A,MUC2,0.908
9606.ENSP00000368771,MUC3A,MUC7,0.906
9606.ENSP00000368793,MTRF1,HEMK1,0.94
9606.ENSP00000368881,KIN,METTL22,0.986
9606.ENSP00000368881,KIN,RBMX2,0.919
9606.ENSP00000368881,KIN,SF3B3,0.91
9606.ENSP00000368881,KIN,SF3A3,0.908
9606.ENSP00000368881,KIN,SF3B1,0.904
9606.ENSP00000368982,KATNB1,KATNA1,0.999
9606.ENSP00000368982,KATNB1,KATNAL1,0.979
9606.ENSP00000368982,KATNB1,KATNBL1,0.964
9606.ENSP00000369042,IPO7,KPNB1,0.946
9606.ENSP00000369042,IPO7,TNPO1,0.945
9606.ENSP00000369042,IPO7,FAU,0.931
9606.ENSP00000369042,IPO7,RAN,0.91
9606.ENSP00000369042,IPO7,IPO9,0.907
9606.ENSP00000369695,MLLT3,AFF1,0.999
9606.ENSP00000369695,MLLT3,ELL2,0.999
9606.ENSP00000369695,MLLT3,ELL,0.999
9606.ENSP00000369695,MLLT3,AFF4,0.999
9606.ENSP00000369695,MLLT3,MLLT1,0.999
9606.ENSP00000369695,MLLT3,DOT1L,0.998
9606.ENSP00000369695,MLLT3,CCNT1,0.997
9606.ENSP00000369695,MLLT3,ELL3,0.997
9606.ENSP00000369695,MLLT3,MLLT10,0.996
9606.ENSP00000369695,MLLT3,CDK9,0.996
9606.ENSP00000369695,MLLT3,H3-3B,0.995
9606.ENSP00000369695,MLLT3,BCOR,0.994
9606.ENSP00000369695,MLLT3,EAF1,0.991
9606.ENSP00000369695,MLLT3,H3-2,0.991
9606.ENSP00000369695,MLLT3,H3-4,0.991
9606.ENSP00000369695,MLLT3,H3C13,0.991
9606.ENSP00000369695,MLLT3,H3C12,0.991
9606.ENSP00000369695,MLLT3,H3-5,0.991
9606.ENSP00000369695,MLLT3,KMT2A,0.982
9606.ENSP00000369695,MLLT3,MLLT6,0.98
9606.ENSP00000369695,MLLT3,CCNT2,0.98
9606.ENSP00000369695,MLLT3,CBX8,0.969
9606.ENSP00000369695,MLLT3,AFF3,0.964
9606.ENSP00000369695,MLLT3,H4C6,0.956
9606.ENSP00000369695,MLLT3,H3C1,0.954
9606.ENSP00000369695,MLLT3,CDC73,0.946
9606.ENSP00000369695,MLLT3,SUPT5H,0.93
9606.ENSP00000369695,MLLT3,RTF1,0.929
9606.ENSP00000369695,MLLT3,PAF1,0.928
9606.ENSP00000369695,MLLT3,SUPT4H1,0.927
9606.ENSP00000369695,MLLT3,LEO1,0.924
9606.ENSP00000369695,MLLT3,TCEA2,0.923
9606.ENSP00000369695,MLLT3,CTR9,0.921
9606.ENSP00000369695,MLLT3,EAF2,0.92
9606.ENSP00000369695,MLLT3,NELFE,0.919
9606.ENSP00000369695,MLLT3,H3C6,0.918
9606.ENSP00000369695,MLLT3,H3C3,0.917
9606.ENSP00000369695,MLLT3,H3C7,0.915
9606.ENSP00000369695,MLLT3,H3C11,0.915
9606.ENSP00000369695,MLLT3,H3C8,0.915
9606.ENSP00000369695,MLLT3,H3C4,0.915
9606.ENSP00000369695,MLLT3,H3C10,0.915
9606.ENSP00000369695,MLLT3,ERCC6,0.913
9606.ENSP00000369695,MLLT3,H3-3A,0.913
9606.ENSP00000369695,MLLT3,H3C14,0.913
9606.ENSP00000369695,MLLT3,H3C15,0.913
9606.ENSP00000369695,MLLT3,H3C2,0.913
9606.ENSP00000369695,MLLT3,WDR61,0.912
9606.ENSP00000369695,MLLT3,ICE2,0.911
9606.ENSP00000369695,MLLT3,H4-16,0.911
9606.ENSP00000369695,MLLT3,H4C2,0.911
9606.ENSP00000369695,MLLT3,H4C9,0.911
9606.ENSP00000369695,MLLT3,H4C11,0.911
9606.ENSP00000369695,MLLT3,H4C8,0.911
9606.ENSP00000369695,MLLT3,H4C5,0.911
9606.ENSP00000369695,MLLT3,H4C1,0.911
9606.ENSP00000369695,MLLT3,H4C13,0.911
9606.ENSP00000369695,MLLT3,H4C12,0.911
9606.ENSP00000369695,MLLT3,H4C4,0.911
9606.ENSP00000369695,MLLT3,H4C15,0.911
9606.ENSP00000369695,MLLT3,H4C3,0.911
9606.ENSP00000369695,MLLT3,H4C14,0.911
9606.ENSP00000369695,MLLT3,ELOA,0.907
9606.ENSP00000369695,MLLT3,ICE1,0.907
9606.ENSP00000369695,MLLT3,NELFB,0.906
9606.ENSP00000369695,MLLT3,ZC3H8,0.905
9606.ENSP00000369695,MLLT3,ELOB,0.902
9606.ENSP00000369695,MLLT3,ELOC,0.901
9606.ENSP00000369695,MLLT3,ELP4,0.9
9606.ENSP00000369695,MLLT3,NELFA,0.9
9606.ENSP00000369695,MLLT3,PEX2,0.9
9606.ENSP00000369695,MLLT3,NELFCD,0.9
9606.ENSP00000370343,IRF4,SPI1,0.998
9606.ENSP00000370343,IRF4,BATF,0.995
9606.ENSP00000370343,IRF4,MYD88,0.983
9606.ENSP00000370343,IRF4,STAT6,0.975
9606.ENSP00000370343,IRF4,STAT3,0.973
9606.ENSP00000370343,IRF4,PAX5,0.95
9606.ENSP00000370343,IRF4,BCL6,0.942
9606.ENSP00000370343,IRF4,PRDM1,0.938
9606.ENSP00000370343,IRF4,SPIB,0.933
9606.ENSP00000370343,IRF4,TRAF6,0.903
9606.ENSP00000370698,IL6ST,IL6R,0.999
9606.ENSP00000370698,IL6ST,IL6,0.999
9606.ENSP00000370698,IL6ST,LIF,0.999
9606.ENSP00000370698,IL6ST,IL27RA,0.999
9606.ENSP00000370698,IL6ST,JAK1,0.998
9606.ENSP00000370698,IL6ST,OSM,0.998
9606.ENSP00000370698,IL6ST,IL11,0.997
9606.ENSP00000370698,IL6ST,LIFR,0.997
9606.ENSP00000370698,IL6ST,CNTF,0.996
9606.ENSP00000370698,IL6ST,IL27,0.996
9606.ENSP00000370698,IL6ST,JAK2,0.993
9606.ENSP00000370698,IL6ST,STAT3,0.992
9606.ENSP00000370698,IL6ST,SOCS3,0.992
9606.ENSP00000370698,IL6ST,CNTFR,0.986
9606.ENSP00000370698,IL6ST,PTPN11,0.981
9606.ENSP00000370698,IL6ST,CTF1,0.98
9606.ENSP00000370698,IL6ST,OSMR,0.975
9606.ENSP00000370698,IL6ST,EBI3,0.963
9606.ENSP00000370698,IL6ST,CLCF1,0.959
9606.ENSP00000370698,IL6ST,GRB2,0.956
9606.ENSP00000370698,IL6ST,TYK2,0.952
9606.ENSP00000370698,IL6ST,PIK3CA,0.948
9606.ENSP00000370698,IL6ST,PIK3R1,0.944
9606.ENSP00000370698,IL6ST,STAT1,0.927
9606.ENSP00000370698,IL6ST,JAK3,0.923
9606.ENSP00000370698,IL6ST,IL11RA,0.918
9606.ENSP00000370698,IL6ST,PIK3CB,0.906
9606.ENSP00000370698,IL6ST,PIK3R2,0.905
9606.ENSP00000370698,IL6ST,PIK3R3,0.901
9606.ENSP00000370698,IL6ST,PIK3CD,0.901
9606.ENSP00000370710,KDM4C,HIF1A,0.953
9606.ENSP00000370710,KDM4C,KDM1A,0.924
9606.ENSP00000371067,JAK2,STAT1,0.999
9606.ENSP00000371067,JAK2,LEPR,0.999
9606.ENSP00000371067,JAK2,STAT5A,0.999
9606.ENSP00000371067,JAK2,SOCS3,0.999
9606.ENSP00000371067,JAK2,EPOR,0.999
9606.ENSP00000371067,JAK2,IFNGR2,0.999
9606.ENSP00000371067,JAK2,STAT3,0.999
9606.ENSP00000371067,JAK2,IFNGR1,0.999
9606.ENSP00000371067,JAK2,STAT5B,0.999
9606.ENSP00000371067,JAK2,GHR,0.999
9606.ENSP00000371067,JAK2,JAK1,0.999
9606.ENSP00000371067,JAK2,SOCS1,0.999
9606.ENSP00000371067,JAK2,IL12RB2,0.998
9606.ENSP00000371067,JAK2,IL12RB1,0.998
9606.ENSP00000371067,JAK2,PTPN11,0.998
9606.ENSP00000371067,JAK2,IFNG,0.998
9606.ENSP00000371067,JAK2,TYK2,0.997
9606.ENSP00000371067,JAK2,IRS1,0.996
9606.ENSP00000371067,JAK2,IL6,0.995
9606.ENSP00000371067,JAK2,PRLR,0.995
9606.ENSP00000371067,JAK2,IL23R,0.995
9606.ENSP00000371067,JAK2,SHC1,0.993
9606.ENSP00000371067,JAK2,IL6ST,0.993
9606.ENSP00000371067,JAK2,IL13RA1,0.992
9606.ENSP00000371067,JAK2,CSF2RB,0.992
9606.ENSP00000371067,JAK2,SH2B1,0.992
9606.ENSP00000371067,JAK2,STAT6,0.991
9606.ENSP00000371067,JAK2,STAT2,0.991
9606.ENSP00000371067,JAK2,EPO,0.99
9606.ENSP00000371067,JAK2,SH2B3,0.988
9606.ENSP00000371067,JAK2,CSF3,0.988
9606.ENSP00000371067,JAK2,GRB2,0.987
9606.ENSP00000371067,JAK2,PIK3R1,0.987
9606.ENSP00000371067,JAK2,EGFR,0.986
9606.ENSP00000371067,JAK2,PTPN6,0.984
9606.ENSP00000371067,JAK2,STAM2,0.983
9606.ENSP00000371067,JAK2,CSF3R,0.983
9606.ENSP00000371067,JAK2,MPL,0.982
9606.ENSP00000371067,JAK2,IGF1R,0.981
9606.ENSP00000371067,JAK2,CRLF2,0.981
9606.ENSP00000371067,JAK2,PTPN1,0.98
9606.ENSP00000371067,JAK2,PIK3CA,0.98
9606.ENSP00000371067,JAK2,LIFR,0.98
9606.ENSP00000371067,JAK2,IRS2,0.979
9606.ENSP00000371067,JAK2,IL3,0.978
9606.ENSP00000371067,JAK2,IL4R,0.977
9606.ENSP00000371067,JAK2,STAT4,0.977
9606.ENSP00000371067,JAK2,JAK3,0.975
9606.ENSP00000371067,JAK2,CISH,0.974
9606.ENSP00000371067,JAK2,STAM,0.974
9606.ENSP00000371067,JAK2,SOCS2,0.974
9606.ENSP00000371067,JAK2,IFNAR2,0.968
9606.ENSP00000371067,JAK2,PLCG1,0.967
9606.ENSP00000371067,JAK2,LEP,0.966
9606.ENSP00000371067,JAK2,ERBB2,0.966
9606.ENSP00000371067,JAK2,IFNAR1,0.965
9606.ENSP00000371067,JAK2,IL6R,0.963
9606.ENSP00000371067,JAK2,PTK2,0.962
9606.ENSP00000371067,JAK2,IL2RG,0.958
9606.ENSP00000371067,JAK2,PTPN2,0.957
9606.ENSP00000371067,JAK2,CSF2,0.956
9606.ENSP00000371067,JAK2,ERBB3,0.955
9606.ENSP00000371067,JAK2,PDGFRB,0.954
9606.ENSP00000371067,JAK2,SOCS4,0.954
9606.ENSP00000371067,JAK2,IL27RA,0.953
9606.ENSP00000371067,JAK2,SOCS5,0.952
9606.ENSP00000371067,JAK2,PRL,0.951
9606.ENSP00000371067,JAK2,SOCS7,0.946
9606.ENSP00000371067,JAK2,PIK3R3,0.939
9606.ENSP00000371067,JAK2,PIK3CD,0.938
9606.ENSP00000371067,JAK2,IL2RB,0.937
9606.ENSP00000371067,JAK2,SOCS6,0.937
9606.ENSP00000371067,JAK2,ALK,0.936
9606.ENSP00000371067,JAK2,PIK3CB,0.935
9606.ENSP00000371067,JAK2,IL23A,0.934
9606.ENSP00000371067,JAK2,LYN,0.931
9606.ENSP00000371067,JAK2,EML4,0.929
9606.ENSP00000371067,JAK2,PDGFRA,0.929
9606.ENSP00000371067,JAK2,PLCG2,0.928
9606.ENSP00000371067,JAK2,KDR,0.926
9606.ENSP00000371067,JAK2,OSMR,0.923
9606.ENSP00000371067,JAK2,PIK3R2,0.923
9606.ENSP00000371067,JAK2,IRS4,0.921
9606.ENSP00000371067,JAK2,FGFR3,0.921
9606.ENSP00000371067,JAK2,FGFR2,0.921
9606.ENSP00000371067,JAK2,MET,0.92
9606.ENSP00000371067,JAK2,AGER,0.92
9606.ENSP00000371067,JAK2,THPO,0.919
9606.ENSP00000371067,JAK2,OSM,0.919
9606.ENSP00000371067,JAK2,SRC,0.917
9606.ENSP00000371067,JAK2,TET2,0.917
9606.ENSP00000371067,JAK2,AXL,0.915
9606.ENSP00000371067,JAK2,SHC3,0.913
9606.ENSP00000371067,JAK2,IL17D,0.913
9606.ENSP00000371067,JAK2,PRMT5,0.91
9606.ENSP00000371067,JAK2,SHC2,0.91
9606.ENSP00000371067,JAK2,SHC4,0.905
9606.ENSP00000371067,JAK2,CHRNA4,0.903
9606.ENSP00000371067,JAK2,CHRNA3,0.902
9606.ENSP00000371067,JAK2,CHRNB2,0.9
9606.ENSP00000371067,JAK2,CHRNB4,0.9
9606.ENSP00000371067,JAK2,CHRNA6,0.9
9606.ENSP00000371067,JAK2,IL7R,0.9
9606.ENSP00000372035,LATS2,YAP1,0.999
9606.ENSP00000372035,LATS2,SAV1,0.998
9606.ENSP00000372035,LATS2,MOB1A,0.997
9606.ENSP00000372035,LATS2,MOB1B,0.996
9606.ENSP00000372035,LATS2,NF2,0.996
9606.ENSP00000372035,LATS2,LATS1,0.989
9606.ENSP00000372035,LATS2,WWTR1,0.989
9606.ENSP00000372035,LATS2,AJUBA,0.983
9606.ENSP00000372035,LATS2,STK3,0.973
9606.ENSP00000372035,LATS2,WWC1,0.97
9606.ENSP00000372035,LATS2,LIMD1,0.966
9606.ENSP00000372035,LATS2,MDM2,0.966
9606.ENSP00000372035,LATS2,WTIP,0.966
9606.ENSP00000372035,LATS2,STK4,0.965
9606.ENSP00000372035,LATS2,SIAH2,0.956
9606.ENSP00000372035,LATS2,AMOT,0.948
9606.ENSP00000372035,LATS2,AMOTL2,0.934
9606.ENSP00000373474,METTL14,RBM15,0.999
9606.ENSP00000373474,METTL14,WTAP,0.999
9606.ENSP00000373474,METTL14,CBLL1,0.999
9606.ENSP00000373474,METTL14,VIRMA,0.999
9606.ENSP00000373474,METTL14,ZC3H13,0.999
9606.ENSP00000373474,METTL14,METTL3,0.999
9606.ENSP00000373474,METTL14,RBM15B,0.999
9606.ENSP00000373474,METTL14,METTL16,0.996
9606.ENSP00000373474,METTL14,METTL4,0.992
9606.ENSP00000373474,METTL14,DGCR8,0.989
9606.ENSP00000373474,METTL14,SMAD2,0.981
9606.ENSP00000373474,METTL14,YTHDF1,0.963
9606.ENSP00000373474,METTL14,YTHDF2,0.958
9606.ENSP00000373474,METTL14,ALKBH5,0.956
9606.ENSP00000373474,METTL14,YTHDC1,0.953
9606.ENSP00000373474,METTL14,FTO,0.939
9606.ENSP00000373474,METTL14,YTHDF3,0.936
9606.ENSP00000373474,METTL14,YTHDC2,0.931
9606.ENSP00000373474,METTL14,ZCCHC4,0.917
9606.ENSP00000373474,METTL14,EEF1AKNMT,0.909
9606.ENSP00000373648,KCNQ3,KCNQ2,0.999
9606.ENSP00000373648,KCNQ3,KCNQ5,0.998
9606.ENSP00000373648,KCNQ3,CALM3,0.984
9606.ENSP00000373648,KCNQ3,KCNQ4,0.956
9606.ENSP00000373648,KCNQ3,CALM2,0.943
9606.ENSP00000373648,KCNQ3,KCNJ4,0.943
9606.ENSP00000373648,KCNQ3,ANK3,0.942
9606.ENSP00000373648,KCNQ3,KCNQ1,0.934
9606.ENSP00000373648,KCNQ3,KCNJ12,0.934
9606.ENSP00000373648,KCNQ3,KCNJ2,0.933
9606.ENSP00000373648,KCNQ3,KCNJ18,0.923
9606.ENSP00000373648,KCNQ3,KCNJ14,0.919
9606.ENSP00000373648,KCNQ3,FAU,0.911
9606.ENSP00000375151,KRTAP4-3,KRTAP9-8,0.998
9606.ENSP00000375151,KRTAP4-3,KRTAP3-1,0.9
9606.ENSP00000375608,KIR3DL1,KIR3DL3,0.999
9606.ENSP00000375608,KIR3DL1,HLA-A,0.999
9606.ENSP00000375608,KIR3DL1,HLA-B,0.999
9606.ENSP00000375608,KIR3DL1,KIR2DL3,0.998
9606.ENSP00000375608,KIR3DL1,HLA-C,0.996
9606.ENSP00000375608,KIR3DL1,KIR2DL1,0.993
9606.ENSP00000375608,KIR3DL1,KIR3DL2,0.987
9606.ENSP00000375608,KIR3DL1,KLRD1,0.986
9606.ENSP00000375608,KIR3DL1,B2M,0.983
9606.ENSP00000375608,KIR3DL1,KLRC1,0.981
9606.ENSP00000375608,KIR3DL1,KLRC2,0.978
9606.ENSP00000375608,KIR3DL1,HLA-F,0.964
9606.ENSP00000375608,KIR3DL1,HLA-G,0.963
9606.ENSP00000375608,KIR3DL1,PTPN11,0.955
9606.ENSP00000375608,KIR3DL1,KLRC4,0.939
9606.ENSP00000375608,KIR3DL1,KLRC3-2,0.938
9606.ENSP00000375608,KIR3DL1,PTPN6,0.935
9606.ENSP00000375608,KIR3DL1,HLA-E,0.928
9606.ENSP00000375629,LILRB2,HLA-G,0.999
9606.ENSP00000375629,LILRB2,HLA-F,0.994
9606.ENSP00000375629,LILRB2,B2M,0.994
9606.ENSP00000375629,LILRB2,HLA-B,0.992
9606.ENSP00000375629,LILRB2,HLA-A,0.992
9606.ENSP00000375629,LILRB2,ANGPTL2,0.982
9606.ENSP00000375629,LILRB2,PTPN6,0.972
9606.ENSP00000375629,LILRB2,HLA-C,0.953
9606.ENSP00000375629,LILRB2,SYK,0.935
9606.ENSP00000375629,LILRB2,CD300C,0.9
9606.ENSP00000375986,MAP3K4,GADD45A,0.999
9606.ENSP00000375986,MAP3K4,GADD45B,0.999
9606.ENSP00000375986,MAP3K4,GADD45G,0.997
9606.ENSP00000375986,MAP3K4,MAP2K3,0.987
9606.ENSP00000375986,MAP3K4,MAP2K6,0.986
9606.ENSP00000375986,MAP3K4,CDC42,0.956
9606.ENSP00000376333,LLGL2,PRKCI,0.996
9606.ENSP00000376333,LLGL2,PRKCZ,0.994
9606.ENSP00000376333,LLGL2,LLGL1,0.993
9606.ENSP00000376333,LLGL2,DLG4,0.982
9606.ENSP00000376333,LLGL2,PARD6B,0.971
9606.ENSP00000376333,LLGL2,SCRIB,0.959
9606.ENSP00000376333,LLGL2,PARD6A,0.95
9606.ENSP00000376333,LLGL2,PARD6G,0.935
9606.ENSP00000376333,LLGL2,DLG1,0.916
9606.ENSP00000376333,LLGL2,UBE3A,0.901
9606.ENSP00000376568,MLF1,YWHAE,0.984
9606.ENSP00000376568,MLF1,CENPU,0.94
9606.ENSP00000376637,IGF1,IGFBP5,0.999
9606.ENSP00000376637,IGF1,INSR,0.999
9606.ENSP00000376637,IGF1,IGFBP3,0.999
9606.ENSP00000376637,IGF1,IGF1R,0.999
9606.ENSP00000376637,IGF1,INS,0.999
9606.ENSP00000376637,IGF1,IGFBP4,0.999
9606.ENSP00000376637,IGF1,IGFBP2,0.999
9606.ENSP00000376637,IGF1,IGFBP6,0.999
9606.ENSP00000376637,IGF1,IGFALS,0.999
9606.ENSP00000376637,IGF1,IGFBP1,0.999
9606.ENSP00000376637,IGF1,IRS1,0.998
9606.ENSP00000376637,IGF1,IGF2,0.998
9606.ENSP00000376637,IGF1,IGF2R,0.995
9606.ENSP00000376637,IGF1,EGF,0.995
9606.ENSP00000376637,IGF1,IGFBP7,0.995
9606.ENSP00000376637,IGF1,ERBB2,0.992
9606.ENSP00000376637,IGF1,EGFR,0.991
9606.ENSP00000376637,IGF1,HSPB3,0.991
9606.ENSP00000376637,IGF1,NTRK1,0.99
9606.ENSP00000376637,IGF1,VTN,0.989
9606.ENSP00000376637,IGF1,DCN,0.989
9606.ENSP00000376637,IGF1,FCGR1A,0.987
9606.ENSP00000376637,IGF1,IRS2,0.984
9606.ENSP00000376637,IGF1,TGFA,0.98
9606.ENSP00000376637,IGF1,GRB10,0.977
9606.ENSP00000376637,IGF1,TGFB1,0.976
9606.ENSP00000376637,IGF1,ESR1,0.964
9606.ENSP00000376637,IGF1,ITGB3,0.961
9606.ENSP00000376637,IGF1,GHR,0.956
9606.ENSP00000376637,IGF1,PDGFC,0.956
9606.ENSP00000376637,IGF1,PDGFA,0.949
9606.ENSP00000376637,IGF1,PDGFB,0.949
9606.ENSP00000376637,IGF1,GHRL,0.948
9606.ENSP00000376637,IGF1,AKT1,0.935
9606.ENSP00000376637,IGF1,PDGFD,0.931
9606.ENSP00000376637,IGF1,PDGFRB,0.926
9606.ENSP00000376637,IGF1,TRPV2,0.922
9606.ENSP00000376637,IGF1,GHRH,0.916
9606.ENSP00000376637,IGF1,KDR,0.914
9606.ENSP00000376637,IGF1,IL6,0.913
9606.ENSP00000376637,IGF1,PTH,0.911
9606.ENSP00000376637,IGF1,GH1,0.91
9606.ENSP00000376637,IGF1,FOXO1,0.91
9606.ENSP00000376637,IGF1,MET,0.908
9606.ENSP00000376637,IGF1,LEP,0.907
9606.ENSP00000376637,IGF1,FN1,0.907
9606.ENSP00000377218,IRF2,IRF2BP2,0.983
9606.ENSP00000377218,IRF2,IRF1,0.982
9606.ENSP00000377218,IRF2,IRF2BP1,0.958
9606.ENSP00000377218,IRF2,IRF2BPL,0.927
9606.ENSP00000377245,KEAP1,CUL3,0.999
9606.ENSP00000377245,KEAP1,RBX1,0.999
9606.ENSP00000377245,KEAP1,SQSTM1,0.999
9606.ENSP00000377245,KEAP1,NFE2L2,0.999
9606.ENSP00000377245,KEAP1,NEIL2,0.999
9606.ENSP00000377245,KEAP1,PGAM5,0.998
9606.ENSP00000377245,KEAP1,IKBKB,0.997
9606.ENSP00000377245,KEAP1,PALB2,0.996
9606.ENSP00000377245,KEAP1,PTMA,0.993
9606.ENSP00000377245,KEAP1,DPP3,0.992
9606.ENSP00000377245,KEAP1,AMER1,0.978
9606.ENSP00000377245,KEAP1,KLHL3,0.964
9606.ENSP00000377245,KEAP1,RELA,0.956
9606.ENSP00000377245,KEAP1,FBXL17,0.955
9606.ENSP00000377245,KEAP1,NQO1,0.953
9606.ENSP00000377245,KEAP1,HSP90AA1,0.949
9606.ENSP00000377245,KEAP1,NFE2L1,0.937
9606.ENSP00000377245,KEAP1,ENC1,0.936
9606.ENSP00000377245,KEAP1,HMOX1,0.934
9606.ENSP00000377245,KEAP1,KLHL12,0.934
9606.ENSP00000377245,KEAP1,HSP90AB1,0.933
9606.ENSP00000377245,KEAP1,GCLM,0.932
9606.ENSP00000377245,KEAP1,MAP1LC3B,0.93
9606.ENSP00000377245,KEAP1,SPOP,0.924
9606.ENSP00000377245,KEAP1,KLHL9,0.922
9606.ENSP00000377245,KEAP1,SESN2,0.921
9606.ENSP00000377245,KEAP1,BCL2,0.92
9606.ENSP00000377245,KEAP1,KLHL13,0.919
9606.ENSP00000377245,KEAP1,RHOBTB2,0.919
9606.ENSP00000377245,KEAP1,CUL1,0.918
9606.ENSP00000377245,KEAP1,GAN,0.918
9606.ENSP00000377245,KEAP1,RHOBTB1,0.916
9606.ENSP00000377245,KEAP1,KBTBD8,0.916
9606.ENSP00000377245,KEAP1,KLHL41,0.915
9606.ENSP00000377245,KEAP1,PARK7,0.915
9606.ENSP00000377245,KEAP1,KLHL7,0.915
9606.ENSP00000377245,KEAP1,KLHL21,0.914
9606.ENSP00000377245,KEAP1,KLHL22,0.914
9606.ENSP00000377245,KEAP1,KLHL42,0.913
9606.ENSP00000377245,KEAP1,KLHL25,0.911
9606.ENSP00000377245,KEAP1,SPOPL,0.911
9606.ENSP00000377245,KEAP1,KCTD17,0.91
9606.ENSP00000377245,KEAP1,KLHL20,0.909
9606.ENSP00000377245,KEAP1,LZTR1,0.909
9606.ENSP00000377245,KEAP1,KLHL8,0.909
9606.ENSP00000377245,KEAP1,GCLC,0.905
9606.ENSP00000377245,KEAP1,TNFAIP1,0.903
9606.ENSP00000377245,KEAP1,KBTBD6,0.902
9606.ENSP00000377245,KEAP1,KLHL2,0.901
9606.ENSP00000377245,KEAP1,KCTD13,0.901
9606.ENSP00000377245,KEAP1,KBTBD7,0.901
9606.ENSP00000377245,KEAP1,ZSWIM8,0.9
9606.ENSP00000377617,MTHFD2,GART,0.999
9606.ENSP00000377617,MTHFD2,SHMT1,0.997
9606.ENSP00000377617,MTHFD2,SHMT2,0.997
9606.ENSP00000377617,MTHFD2,TYMS,0.994
9606.ENSP00000377617,MTHFD2,MTHFR,0.993
9606.ENSP00000377617,MTHFD2,ATIC,0.992
9606.ENSP00000377617,MTHFD2,FTCD,0.99
9606.ENSP00000377617,MTHFD2,AMT,0.99
9606.ENSP00000377617,MTHFD2,MTHFD1L,0.99
9606.ENSP00000377617,MTHFD2,MTHFD2L,0.985
9606.ENSP00000377617,MTHFD2,MTFMT,0.983
9606.ENSP00000377617,MTHFD2,MTHFS,0.98
9606.ENSP00000377617,MTHFD2,MTHFD1,0.979
9606.ENSP00000377617,MTHFD2,ALDH1L2,0.975
9606.ENSP00000377617,MTHFD2,GLDC,0.972
9606.ENSP00000377617,MTHFD2,ALDH1L1,0.955
9606.ENSP00000377617,MTHFD2,FPGS,0.925
9606.ENSP00000377617,MTHFD2,ST20-MTHFS,0.914
9606.ENSP00000378725,KTN1,EEF1D,0.969
9606.ENSP00000378725,KTN1,RHOA,0.922
9606.ENSP00000378725,KTN1,RHOG,0.909
9606.ENSP00000379111,IL4R,IL13RA2,0.999
9606.ENSP00000379111,IL4R,STAT6,0.999
9606.ENSP00000379111,IL4R,JAK1,0.999
9606.ENSP00000379111,IL4R,IL2RG,0.999
9606.ENSP00000379111,IL4R,IL4,0.999
9606.ENSP00000379111,IL4R,IL13RA1,0.999
9606.ENSP00000379111,IL4R,IL13,0.999
9606.ENSP00000379111,IL4R,JAK3,0.988
9606.ENSP00000379111,IL4R,JAK2,0.977
9606.ENSP00000379111,IL4R,SOCS5,0.97
9606.ENSP00000379111,IL4R,IL10,0.965
9606.ENSP00000379111,IL4R,IFNG,0.962
9606.ENSP00000379111,IL4R,IL7,0.943
9606.ENSP00000379111,IL4R,IL6,0.937
9606.ENSP00000379111,IL4R,IL5,0.933
9606.ENSP00000379111,IL4R,IL2,0.932
9606.ENSP00000379111,IL4R,IL9,0.924
9606.ENSP00000379111,IL4R,IGHV3-43D,0.907
9606.ENSP00000379111,IL4R,TYK2,0.902
9606.ENSP00000379111,IL4R,IGKV2D-28,0.9
9606.ENSP00000379366,MOB1B,LATS1,0.999
9606.ENSP00000379366,MOB1B,LATS2,0.996
9606.ENSP00000379366,MOB1B,MOB1A,0.982
9606.ENSP00000379366,MOB1B,STK3,0.972
9606.ENSP00000379366,MOB1B,STK38L,0.941
9606.ENSP00000379366,MOB1B,SAV1,0.939
9606.ENSP00000379366,MOB1B,STK4,0.92
9606.ENSP00000379366,MOB1B,STK38,0.919
9606.ENSP00000380227,ITGA4,ITGB7,0.999
9606.ENSP00000380227,ITGA4,VCAM1,0.999
9606.ENSP00000380227,ITGA4,ITGB1,0.999
9606.ENSP00000380227,ITGA4,MADCAM1,0.999
9606.ENSP00000380227,ITGA4,FN1,0.999
9606.ENSP00000380227,ITGA4,PXN,0.996
9606.ENSP00000380227,ITGA4,ITGB2,0.994
9606.ENSP00000380227,ITGA4,ITGB3,0.989
9606.ENSP00000380227,ITGA4,ICAM1,0.986
9606.ENSP00000380227,ITGA4,TSPAN8,0.985
9606.ENSP00000380227,ITGA4,SPP1,0.973
9606.ENSP00000380227,ITGA4,ITGA5,0.97
9606.ENSP00000380227,ITGA4,JAM2,0.968
9606.ENSP00000380227,ITGA4,ITGB5,0.967
9606.ENSP00000380227,ITGA4,ITGAL,0.963
9606.ENSP00000380227,ITGA4,ITGB6,0.963
9606.ENSP00000380227,ITGA4,ITGB8,0.963
9606.ENSP00000380227,ITGA4,ITGAV,0.96
9606.ENSP00000380227,ITGA4,SRC,0.954
9606.ENSP00000380227,ITGA4,ITGA2,0.951
9606.ENSP00000380227,ITGA4,ITGA1,0.948
9606.ENSP00000380227,ITGA4,ITGA3,0.948
9606.ENSP00000380227,ITGA4,PTK2,0.945
9606.ENSP00000380227,ITGA4,CD44,0.933
9606.ENSP00000380227,ITGA4,RASSF5,0.918
9606.ENSP00000380227,ITGA4,RAP1B,0.917
9606.ENSP00000380227,ITGA4,PTK2B,0.917
9606.ENSP00000380227,ITGA4,ITGA11,0.916
9606.ENSP00000380227,ITGA4,ITGA10,0.916
9606.ENSP00000380227,ITGA4,RAP1A,0.913
9606.ENSP00000380227,ITGA4,SKAP2,0.901
9606.ENSP00000380697,IRF7,MYD88,0.999
9606.ENSP00000380697,IRF7,IRF3,0.999
9606.ENSP00000380697,IRF7,TRAF6,0.999
9606.ENSP00000380697,IRF7,IRAK1,0.998
9606.ENSP00000380697,IRF7,IRAK4,0.996
9606.ENSP00000380697,IRF7,IKBKE,0.994
9606.ENSP00000380697,IRF7,TRAF3,0.993
9606.ENSP00000380697,IRF7,CHUK,0.993
9606.ENSP00000380697,IRF7,TBK1,0.992
9606.ENSP00000380697,IRF7,DDX58,0.99
9606.ENSP00000380697,IRF7,JUN,0.989
9606.ENSP00000380697,IRF7,TICAM1,0.981
9606.ENSP00000380697,IRF7,EP300,0.979
9606.ENSP00000380697,IRF7,IFNB1,0.978
9606.ENSP00000380697,IRF7,ZBP1,0.977
9606.ENSP00000380697,IRF7,CREBBP,0.976
9606.ENSP00000380697,IRF7,STAT2,0.975
9606.ENSP00000380697,IRF7,IFIH1,0.974
9606.ENSP00000380697,IRF7,ISG15,0.973
9606.ENSP00000380697,IRF7,TLR9,0.969
9606.ENSP00000380697,IRF7,STAT1,0.969
9606.ENSP00000380697,IRF7,IFNA1,0.967
9606.ENSP00000380697,IRF7,IFIT1,0.96
9606.ENSP00000380697,IRF7,TLR7,0.96
9606.ENSP00000380697,IRF7,OAS1,0.959
9606.ENSP00000380697,IRF7,IFNA2,0.959
9606.ENSP00000380697,IRF7,MAVS,0.958
9606.ENSP00000380697,IRF7,OAS2,0.954
9606.ENSP00000380697,IRF7,IKBKG,0.953
9606.ENSP00000380697,IRF7,TLR3,0.95
9606.ENSP00000380697,IRF7,MX1,0.945
9606.ENSP00000380697,IRF7,USP18,0.936
9606.ENSP00000380697,IRF7,IFNA4,0.933
9606.ENSP00000380697,IRF7,IFNA17,0.927
9606.ENSP00000380697,IRF7,SPP1,0.925
9606.ENSP00000380697,IRF7,IFI44,0.919
9606.ENSP00000380697,IRF7,RSAD2,0.915
9606.ENSP00000380697,IRF7,IFI6,0.914
9606.ENSP00000380697,IRF7,IFI35,0.913
9606.ENSP00000380697,IRF7,OASL,0.913
9606.ENSP00000380697,IRF7,DHX58,0.909
9606.ENSP00000380697,IRF7,OAS3,0.908
9606.ENSP00000380697,IRF7,XAF1,0.906
9606.ENSP00000380697,IRF7,IRF9,0.9
9606.ENSP00000380888,MED13,MED12,0.999
9606.ENSP00000380888,MED13,MED1,0.999
9606.ENSP00000380888,MED13,MED14,0.999
9606.ENSP00000380888,MED13,CDK19,0.999
9606.ENSP00000380888,MED13,CDK8,0.999
9606.ENSP00000380888,MED13,MED18,0.999
9606.ENSP00000380888,MED13,MED28,0.999
9606.ENSP00000380888,MED13,CCNC,0.999
9606.ENSP00000380888,MED13,MED19,0.997
9606.ENSP00000380888,MED13,MED23,0.996
9606.ENSP00000380888,MED13,MED12L,0.996
9606.ENSP00000380888,MED13,MED17,0.996
9606.ENSP00000380888,MED13,MED29,0.996
9606.ENSP00000380888,MED13,MED16,0.995
9606.ENSP00000380888,MED13,MED4,0.994
9606.ENSP00000380888,MED13,TRIP4,0.994
9606.ENSP00000380888,MED13,MED10,0.994
9606.ENSP00000380888,MED13,STN1,0.994
9606.ENSP00000380888,MED13,QKI,0.994
9606.ENSP00000380888,MED13,ZC3H13,0.994
9606.ENSP00000380888,MED13,MED26,0.994
9606.ENSP00000380888,MED13,MED6,0.992
9606.ENSP00000380888,MED13,MED30,0.991
9606.ENSP00000380888,MED13,MED15,0.991
9606.ENSP00000380888,MED13,MED21,0.991
9606.ENSP00000380888,MED13,MED27,0.989
9606.ENSP00000380888,MED13,MED22,0.989
9606.ENSP00000380888,MED13,MED8,0.988
9606.ENSP00000380888,MED13,MED24,0.987
9606.ENSP00000380888,MED13,MED7,0.987
9606.ENSP00000380888,MED13,MED11,0.984
9606.ENSP00000380888,MED13,MED9,0.983
9606.ENSP00000380888,MED13,MED20,0.981
9606.ENSP00000380888,MED13,MED13L,0.973
9606.ENSP00000380888,MED13,MED31,0.973
9606.ENSP00000380888,MED13,PPARGC1B,0.918
9606.ENSP00000380888,MED13,MED25,0.916
9606.ENSP00000380888,MED13,THRAP3,0.909
9606.ENSP00000381008,MUC16,MSLN,0.995
9606.ENSP00000381008,MUC16,MUC4,0.969
9606.ENSP00000381008,MUC16,MUC1,0.951
9606.ENSP00000381008,MUC16,LGALS3,0.947
9606.ENSP00000381008,MUC16,MUC17,0.927
9606.ENSP00000381008,MUC16,MUC12,0.923
9606.ENSP00000381008,MUC16,MUC3A,0.923
9606.ENSP00000381008,MUC16,MUC5AC,0.918
9606.ENSP00000381008,MUC16,MUC13,0.911
9606.ENSP00000381008,MUC16,MUC15,0.905
9606.ENSP00000381070,MAP2K7,MAPK8IP1,0.999
9606.ENSP00000381070,MAP2K7,MAPK8IP2,0.997
9606.ENSP00000381070,MAP2K7,MAPK8,0.996
9606.ENSP00000381070,MAP2K7,MAPK8IP3,0.994
9606.ENSP00000381070,MAP2K7,MAP3K7,0.987
9606.ENSP00000381070,MAP2K7,MAP3K11,0.985
9606.ENSP00000381070,MAP2K7,MAP3K1,0.981
9606.ENSP00000381070,MAP2K7,MAP3K13,0.979
9606.ENSP00000381070,MAP2K7,GADD45B,0.979
9606.ENSP00000381070,MAP2K7,MAPK9,0.976
9606.ENSP00000381070,MAP2K7,MAP3K5,0.964
9606.ENSP00000381070,MAP2K7,TAB2,0.958
9606.ENSP00000381070,MAP2K7,MAP2K4,0.956
9606.ENSP00000381070,MAP2K7,MAP3K20,0.953
9606.ENSP00000381070,MAP2K7,TAB3,0.95
9606.ENSP00000381070,MAP2K7,MAP3K10,0.949
9606.ENSP00000381070,MAP2K7,DUSP19,0.948
9606.ENSP00000381070,MAP2K7,MAPK14,0.947
9606.ENSP00000381070,MAP2K7,MAP3K12,0.946
9606.ENSP00000381070,MAP2K7,TAB1,0.943
9606.ENSP00000381070,MAP2K7,MAPK12,0.934
9606.ENSP00000381070,MAP2K7,MAPK11,0.927
9606.ENSP00000381070,MAP2K7,MAPK13,0.924
9606.ENSP00000381070,MAP2K7,TRAF2,0.924
9606.ENSP00000381070,MAP2K7,RAC2,0.92
9606.ENSP00000381070,MAP2K7,RIPK1,0.92
9606.ENSP00000381070,MAP2K7,TRAF5,0.919
9606.ENSP00000381070,MAP2K7,TRADD,0.918
9606.ENSP00000381070,MAP2K7,PPM1A,0.916
9606.ENSP00000381070,MAP2K7,JUN,0.915
9606.ENSP00000381070,MAP2K7,RAC3,0.911
9606.ENSP00000381070,MAP2K7,MAP3K8,0.911
9606.ENSP00000381070,MAP2K7,PRKCA,0.906
9606.ENSP00000381216,KHSRP,DROSHA,0.985
9606.ENSP00000381216,KHSRP,DICER1,0.979
9606.ENSP00000381216,KHSRP,PARN,0.972
9606.ENSP00000381216,KHSRP,HNRNPA1,0.964
9606.ENSP00000381216,KHSRP,HNRNPF,0.959
9606.ENSP00000381216,KHSRP,HNRNPH1,0.949
9606.ENSP00000381216,KHSRP,YWHAZ,0.946
9606.ENSP00000381216,KHSRP,HNRNPD,0.929
9606.ENSP00000381216,KHSRP,ELAVL1,0.912
9606.ENSP00000381581,LCP1,ACTA1,0.971
9606.ENSP00000382204,JMJD1C,KDM4B,0.952
9606.ENSP00000382204,JMJD1C,REEP3,0.901
9606.ENSP00000382423,MAP3K1,MAP2K4,0.995
9606.ENSP00000382423,MAP3K1,MAPK8,0.993
9606.ENSP00000382423,MAP3K1,MAP2K1,0.989
9606.ENSP00000382423,MAP3K1,TRAF2,0.984
9606.ENSP00000382423,MAP3K1,IKBKB,0.982
9606.ENSP00000382423,MAP3K1,MAP2K7,0.981
9606.ENSP00000382423,MAP3K1,IKBKG,0.975
9606.ENSP00000382423,MAP3K1,TRAF6,0.973
9606.ENSP00000382423,MAP3K1,MAP2K2,0.971
9606.ENSP00000382423,MAP3K1,CHUK,0.971
9606.ENSP00000382423,MAP3K1,CDC42,0.967
9606.ENSP00000382423,MAP3K1,MAPK8IP3,0.964
9606.ENSP00000382423,MAP3K1,MAPK9,0.956
9606.ENSP00000382423,MAP3K1,KRAS,0.953
9606.ENSP00000382423,MAP3K1,NRAS,0.949
9606.ENSP00000382423,MAP3K1,HRAS,0.945
9606.ENSP00000382423,MAP3K1,AXIN1,0.938
9606.ENSP00000382423,MAP3K1,RRAS2,0.938
9606.ENSP00000382423,MAP3K1,CASP3,0.934
9606.ENSP00000382423,MAP3K1,MRAS,0.934
9606.ENSP00000382423,MAP3K1,RAC2,0.929
9606.ENSP00000382423,MAP3K1,RRAS,0.929
9606.ENSP00000382423,MAP3K1,MAP2K3,0.926
9606.ENSP00000382423,MAP3K1,MAP2K6,0.924
9606.ENSP00000382423,MAP3K1,MAP4K3,0.922
9606.ENSP00000382423,MAP3K1,RAC3,0.919
9606.ENSP00000382423,MAP3K1,CRKL,0.91
9606.ENSP00000382423,MAP3K1,CRK,0.91
9606.ENSP00000382423,MAP3K1,BCAR1,0.909
9606.ENSP00000382423,MAP3K1,ECSIT,0.901
9606.ENSP00000382688,KDM5A,CLOCK,0.983
9606.ENSP00000382688,KDM5A,ARNTL,0.982
9606.ENSP00000382688,KDM5A,MORF4L1,0.972
9606.ENSP00000382688,KDM5A,GATAD1,0.959
9606.ENSP00000382688,KDM5A,RB1,0.947
9606.ENSP00000382688,KDM5A,PHF12,0.932
9606.ENSP00000382688,KDM5A,HDAC1,0.925
9606.ENSP00000382688,KDM5A,SIN3B,0.923
9606.ENSP00000382688,KDM5A,NUP98,0.906
9606.ENSP00000382688,KDM5A,EMSY,0.904
9606.ENSP00000382770,KCNU1,KCNMB4,0.984
9606.ENSP00000382770,KCNU1,KCNN1,0.958
9606.ENSP00000382770,KCNU1,KCNN4,0.954
9606.ENSP00000382770,KCNU1,KCNMB1,0.954
9606.ENSP00000382770,KCNU1,KCNN2,0.948
9606.ENSP00000382770,KCNU1,KCNN3,0.942
9606.ENSP00000382770,KCNU1,PRKACG,0.929
9606.ENSP00000382770,KCNU1,PRKACA,0.929
9606.ENSP00000382770,KCNU1,PRKACB,0.928
9606.ENSP00000382770,KCNU1,KCNMB3,0.925
9606.ENSP00000382770,KCNU1,KCNMB2,0.921
9606.ENSP00000382770,KCNU1,PRKG2,0.917
9606.ENSP00000382770,KCNU1,LRRC52,0.914
9606.ENSP00000382770,KCNU1,PRKG1,0.912
9606.ENSP00000382770,KCNU1,KCNMA1,0.911
9606.ENSP00000383042,KDM1A,HDAC1,0.999
9606.ENSP00000383042,KDM1A,PHF21A,0.999
9606.ENSP00000383042,KDM1A,HDAC2,0.999
9606.ENSP00000383042,KDM1A,HMG20B,0.999
9606.ENSP00000383042,KDM1A,RCOR1,0.999
9606.ENSP00000383042,KDM1A,DNMT1,0.998
9606.ENSP00000383042,KDM1A,CTBP1,0.998
9606.ENSP00000383042,KDM1A,SNAI1,0.998
9606.ENSP00000383042,KDM1A,EZH2,0.997
9606.ENSP00000383042,KDM1A,RCOR3,0.996
9606.ENSP00000383042,KDM1A,AR,0.996
9606.ENSP00000383042,KDM1A,EHMT2,0.995
9606.ENSP00000383042,KDM1A,REST,0.995
9606.ENSP00000383042,KDM1A,CHD4,0.99
9606.ENSP00000383042,KDM1A,RBBP4,0.988
9606.ENSP00000383042,KDM1A,KDM5B,0.988
9606.ENSP00000383042,KDM1A,ZNF217,0.986
9606.ENSP00000383042,KDM1A,GFI1,0.986
9606.ENSP00000383042,KDM1A,ZNF516,0.984
9606.ENSP00000383042,KDM1A,GFI1B,0.982
9606.ENSP00000383042,KDM1A,RBBP7,0.979
9606.ENSP00000383042,KDM1A,NR2E1,0.977
9606.ENSP00000383042,KDM1A,RCOR2,0.976
9606.ENSP00000383042,KDM1A,SNAI2,0.974
9606.ENSP00000383042,KDM1A,CBX3,0.974
9606.ENSP00000383042,KDM1A,H3C12,0.971
9606.ENSP00000383042,KDM1A,ZMYM2,0.969
9606.ENSP00000383042,KDM1A,KDM4A,0.966
9606.ENSP00000383042,KDM1A,H3C13,0.964
9606.ENSP00000383042,KDM1A,INSM1,0.964
9606.ENSP00000383042,KDM1A,ESR1,0.962
9606.ENSP00000383042,KDM1A,H3-3B,0.959
9606.ENSP00000383042,KDM1A,SIN3A,0.948
9606.ENSP00000383042,KDM1A,MTA2,0.947
9606.ENSP00000383042,KDM1A,TP53,0.941
9606.ENSP00000383042,KDM1A,CHD3,0.941
9606.ENSP00000383042,KDM1A,H3-4,0.937
9606.ENSP00000383042,KDM1A,SETD1A,0.936
9606.ENSP00000383042,KDM1A,USP7,0.936
9606.ENSP00000383042,KDM1A,MSH6,0.932
9606.ENSP00000383042,KDM1A,ATM,0.929
9606.ENSP00000383042,KDM1A,PRDM16,0.926
9606.ENSP00000383042,KDM1A,MSH2,0.925
9606.ENSP00000383042,KDM1A,MTA3,0.925
9606.ENSP00000383042,KDM1A,KDM4C,0.924
9606.ENSP00000383042,KDM1A,XRCC6,0.923
9606.ENSP00000383042,KDM1A,MYC,0.922
9606.ENSP00000383042,KDM1A,XRCC5,0.921
9606.ENSP00000383042,KDM1A,PRKDC,0.919
9606.ENSP00000383042,KDM1A,MTA1,0.918
9606.ENSP00000383042,KDM1A,H3-5,0.917
9606.ENSP00000383042,KDM1A,GSE1,0.917
9606.ENSP00000383042,KDM1A,H3-2,0.916
9606.ENSP00000383042,KDM1A,SIRT1,0.915
9606.ENSP00000383042,KDM1A,RAD23B,0.91
9606.ENSP00000383042,KDM1A,CETN2,0.91
9606.ENSP00000383042,KDM1A,KPNA4,0.91
9606.ENSP00000383042,KDM1A,XRCC4,0.91
9606.ENSP00000383042,KDM1A,LIG4,0.909
9606.ENSP00000383042,KDM1A,ZMYM3,0.908
9606.ENSP00000383042,KDM1A,ERCC4,0.907
9606.ENSP00000383042,KDM1A,ERCC1,0.907
9606.ENSP00000383042,KDM1A,POLD1,0.906
9606.ENSP00000383042,KDM1A,ATP23,0.905
9606.ENSP00000383042,KDM1A,DCLRE1C,0.903
9606.ENSP00000383042,KDM1A,XPC,0.902
9606.ENSP00000383042,KDM1A,HMG20A,0.9
9606.ENSP00000383042,KDM1A,HDAC3,0.9
9606.ENSP00000383042,KDM1A,NHEJ1,0.9
9606.ENSP00000383042,KDM1A,SWSAP1,0.9
9606.ENSP00000383042,KDM1A,PAXX,0.9
9606.ENSP00000383042,KDM1A,ERCC8,0.9
9606.ENSP00000383042,KDM1A,KDM3A,0.9
9606.ENSP00000383042,KDM1A,ERCC5,0.9
9606.ENSP00000383042,KDM1A,ZSWIM7,0.9
9606.ENSP00000383234,MAPK4,MAPKAPK5,0.953
9606.ENSP00000383840,MMACHC,MMADHC,0.991
9606.ENSP00000383840,MMACHC,LMBRD1,0.972
9606.ENSP00000383840,MMACHC,MTR,0.962
9606.ENSP00000383840,MMACHC,MMAB,0.948
9606.ENSP00000383840,MMACHC,MMAA,0.947
9606.ENSP00000383840,MMACHC,MMUT,0.91
9606.ENSP00000384126,LRRC32,TGFB1,0.995
9606.ENSP00000384629,KMT5A,H4C6,0.999
9606.ENSP00000384629,KMT5A,H3C12,0.978
9606.ENSP00000384629,KMT5A,H3C13,0.973
9606.ENSP00000384629,KMT5A,H2BC12,0.947
9606.ENSP00000384629,KMT5A,H2BC11,0.946
9606.ENSP00000384629,KMT5A,L3MBTL1,0.946
9606.ENSP00000384629,KMT5A,H2AC6,0.944
9606.ENSP00000384629,KMT5A,H2AC8,0.944
9606.ENSP00000384629,KMT5A,H3C1,0.932
9606.ENSP00000384629,KMT5A,H4C9,0.931
9606.ENSP00000384629,KMT5A,H4C7,0.928
9606.ENSP00000384629,KMT5A,H2AC13,0.928
9606.ENSP00000384629,KMT5A,CENPA,0.927
9606.ENSP00000384629,KMT5A,H3C6,0.921
9606.ENSP00000384629,KMT5A,H3C3,0.92
9606.ENSP00000384629,KMT5A,H3C4,0.917
9606.ENSP00000384629,KMT5A,H3C10,0.917
9606.ENSP00000384629,KMT5A,H3C8,0.917
9606.ENSP00000384629,KMT5A,TP53,0.916
9606.ENSP00000384629,KMT5A,H3C2,0.916
9606.ENSP00000384629,KMT5A,H3C14,0.916
9606.ENSP00000384629,KMT5A,H3C7,0.916
9606.ENSP00000384629,KMT5A,H3C15,0.916
9606.ENSP00000384629,KMT5A,H3C11,0.916
9606.ENSP00000384629,KMT5A,H4C11,0.915
9606.ENSP00000384629,KMT5A,H4C8,0.915
9606.ENSP00000384629,KMT5A,H4C5,0.915
9606.ENSP00000384629,KMT5A,H4-16,0.915
9606.ENSP00000384629,KMT5A,H4C2,0.915
9606.ENSP00000384629,KMT5A,H4C4,0.915
9606.ENSP00000384629,KMT5A,H4C3,0.915
9606.ENSP00000384629,KMT5A,H4C15,0.915
9606.ENSP00000384629,KMT5A,H4C14,0.915
9606.ENSP00000384629,KMT5A,H4C1,0.915
9606.ENSP00000384629,KMT5A,H4C12,0.915
9606.ENSP00000384629,KMT5A,H4C13,0.915
9606.ENSP00000384629,KMT5A,H2AC4,0.911
9606.ENSP00000384629,KMT5A,H2AC15,0.911
9606.ENSP00000384629,KMT5A,H2AC16,0.911
9606.ENSP00000384629,KMT5A,H2AC11,0.911
9606.ENSP00000384629,KMT5A,H2AC17,0.911
9606.ENSP00000387228,LRRTM4,GPC4,0.955
9606.ENSP00000387393,KANSL1,PHF20,0.999
9606.ENSP00000387393,KANSL1,WDR5,0.999
9606.ENSP00000387393,KANSL1,KANSL2,0.999
9606.ENSP00000387393,KANSL1,MCRS1,0.996
9606.ENSP00000387393,KANSL1,KAT8,0.996
9606.ENSP00000387393,KANSL1,KANSL3,0.995
9606.ENSP00000387393,KANSL1,HCFC1,0.96
9606.ENSP00000387393,KANSL1,RBBP5,0.959
9606.ENSP00000387393,KANSL1,KMT2A,0.953
9606.ENSP00000387393,KANSL1,CHD8,0.926
9606.ENSP00000387393,KANSL1,OGT,0.917
9606.ENSP00000387393,KANSL1,PELP1,0.911
9606.ENSP00000387393,KANSL1,MGA,0.91
9606.ENSP00000387393,KANSL1,TAF4,0.909
9606.ENSP00000387393,KANSL1,RUVBL1,0.906
9606.ENSP00000387393,KANSL1,TAF1,0.906
9606.ENSP00000387393,KANSL1,STH,0.904
9606.ENSP00000387393,KANSL1,PHF20L1,0.902
9606.ENSP00000387393,KANSL1,PRPF31,0.901
9606.ENSP00000387393,KANSL1,TAF6,0.9
9606.ENSP00000387393,KANSL1,TAF9,0.9
9606.ENSP00000387393,KANSL1,RUVBL2,0.9
9606.ENSP00000387393,KANSL1,TAF7,0.9
9606.ENSP00000387393,KANSL1,INO80C,0.9
9606.ENSP00000387393,KANSL1,LAS1L,0.9
9606.ENSP00000387393,KANSL1,RNF2,0.9
9606.ENSP00000387393,KANSL1,TEX10,0.9
9606.ENSP00000387393,KANSL1,SENP3,0.9
9606.ENSP00000387393,KANSL1,E2F6,0.9
9606.ENSP00000387393,KANSL1,MAX,0.9
9606.ENSP00000387393,KANSL1,C17orf49,0.9
9606.ENSP00000389715,KSR2,MAP2K1,0.997
9606.ENSP00000389715,KSR2,KSR1,0.93
9606.ENSP00000389715,KSR2,BRAP,0.906
9606.ENSP00000391227,MGAT5B,MGAT4B,0.992
9606.ENSP00000391227,MGAT5B,MGAT4A,0.99
9606.ENSP00000391227,MGAT5B,POMGNT1,0.983
9606.ENSP00000391227,MGAT5B,MGAT4C,0.95
9606.ENSP00000391227,MGAT5B,B4GALT2,0.942
9606.ENSP00000391227,MGAT5B,B4GALT3,0.941
9606.ENSP00000391227,MGAT5B,B4GALT1,0.94
9606.ENSP00000391227,MGAT5B,MGAT4D,0.911
9606.ENSP00000391227,MGAT5B,MGAT5,0.91
9606.ENSP00000391803,MITF,TFE3,0.996
9606.ENSP00000391803,MITF,TYR,0.981
9606.ENSP00000391803,MITF,TFEB,0.976
9606.ENSP00000391803,MITF,SPI1,0.968
9606.ENSP00000391803,MITF,DCT,0.956
9606.ENSP00000391803,MITF,MAPK3,0.94
9606.ENSP00000391803,MITF,SOX10,0.94
9606.ENSP00000391803,MITF,TYRP1,0.936
9606.ENSP00000391803,MITF,MAPK1,0.932
9606.ENSP00000391803,MITF,JUN,0.923
9606.ENSP00000391803,MITF,FOS,0.92
9606.ENSP00000391803,MITF,PAX6,0.911
9606.ENSP00000391826,IGF2,IGFBP1,0.999
9606.ENSP00000391826,IGF2,IGFBP6,0.999
9606.ENSP00000391826,IGF2,IGFBP2,0.999
9606.ENSP00000391826,IGF2,IGF2R,0.999
9606.ENSP00000391826,IGF2,IGF1R,0.999
9606.ENSP00000391826,IGF2,IGFBP3,0.999
9606.ENSP00000391826,IGF2,IGF1,0.998
9606.ENSP00000391826,IGF2,IGFBP5,0.998
9606.ENSP00000391826,IGF2,IGF2BP2,0.994
9606.ENSP00000391826,IGF2,GPC3,0.993
9606.ENSP00000391826,IGF2,IGFBP4,0.993
9606.ENSP00000391826,IGF2,IGF2BP1,0.992
9606.ENSP00000391826,IGF2,INSR,0.991
9606.ENSP00000391826,IGF2,IGFBP7,0.99
9606.ENSP00000391826,IGF2,IGF2BP3,0.989
9606.ENSP00000391826,IGF2,HSPB3,0.984
9606.ENSP00000391826,IGF2,INS,0.981
9606.ENSP00000391826,IGF2,IDE,0.95
9606.ENSP00000391826,IGF2,FCGR1A,0.943
9606.ENSP00000391826,IGF2,CTCF,0.935
9606.ENSP00000391826,IGF2,IRS1,0.928
9606.ENSP00000391826,IGF2,NTRK1,0.925
9606.ENSP00000391826,IGF2,DLK1,0.916
9606.ENSP00000391826,IGF2,VTN,0.916
9606.ENSP00000391826,IGF2,CDKN1C,0.907
9606.ENSP00000398368,LIFR,LIF,0.999
9606.ENSP00000398368,LIFR,OSM,0.999
9606.ENSP00000398368,LIFR,CNTFR,0.999
9606.ENSP00000398368,LIFR,CNTF,0.999
9606.ENSP00000398368,LIFR,CTF1,0.998
9606.ENSP00000398368,LIFR,IL6ST,0.997
9606.ENSP00000398368,LIFR,CLCF1,0.982
9606.ENSP00000398368,LIFR,JAK2,0.98
9606.ENSP00000398368,LIFR,JAK1,0.978
9606.ENSP00000398368,LIFR,IL6,0.956
9606.ENSP00000398368,LIFR,JAK3,0.943
9606.ENSP00000398368,LIFR,STAT3,0.94
9606.ENSP00000398368,LIFR,IL11,0.939
9606.ENSP00000398368,LIFR,TYK2,0.923
9606.ENSP00000398368,LIFR,GRB2,0.916
9606.ENSP00000398368,LIFR,PIK3CA,0.915
9606.ENSP00000398368,LIFR,OSMR,0.913
9606.ENSP00000398368,LIFR,PIK3R1,0.911
9606.ENSP00000398368,LIFR,PIK3CD,0.911
9606.ENSP00000398368,LIFR,PIK3R3,0.908
9606.ENSP00000398368,LIFR,PIK3CB,0.903
9606.ENSP00000398368,LIFR,PIK3R2,0.9
9606.ENSP00000398655,ITK,LCP2,0.999
9606.ENSP00000398655,ITK,VAV1,0.998
9606.ENSP00000398655,ITK,PLCG1,0.997
9606.ENSP00000398655,ITK,GRAP2,0.979
9606.ENSP00000398655,ITK,GRB2,0.976
9606.ENSP00000398655,ITK,CD28,0.973
9606.ENSP00000398655,ITK,CD247,0.95
9606.ENSP00000398655,ITK,PIK3R1,0.949
9606.ENSP00000398655,ITK,LAT,0.948
9606.ENSP00000398655,ITK,PIK3CD,0.948
9606.ENSP00000398655,ITK,HCK,0.946
9606.ENSP00000398655,ITK,CD3D,0.945
9606.ENSP00000398655,ITK,TXK,0.94
9606.ENSP00000398655,ITK,SRC,0.939
9606.ENSP00000398655,ITK,PIK3CG,0.938
9606.ENSP00000398655,ITK,CD3E,0.935
9606.ENSP00000398655,ITK,VAV2,0.932
9606.ENSP00000398655,ITK,NCK1,0.932
9606.ENSP00000398655,ITK,VAV3,0.931
9606.ENSP00000398655,ITK,PIK3CA,0.924
9606.ENSP00000398655,ITK,PIK3R5,0.919
9606.ENSP00000398655,ITK,PIK3CB,0.919
9606.ENSP00000398655,ITK,FGR,0.918
9606.ENSP00000398655,ITK,LCK,0.917
9606.ENSP00000398655,ITK,LYN,0.916
9606.ENSP00000398655,ITK,PIK3R3,0.914
9606.ENSP00000398655,ITK,PIK3R2,0.911
9606.ENSP00000398655,ITK,CD2,0.909
9606.ENSP00000398655,ITK,CD3G,0.908
9606.ENSP00000398655,ITK,TEC,0.904
9606.ENSP00000398655,ITK,ZAP70,0.902
9606.ENSP00000398655,ITK,PIK3R6,0.9
9606.ENSP00000398837,KMT2B,WDR5,0.998
9606.ENSP00000398837,KMT2B,RBBP5,0.978
9606.ENSP00000398837,KMT2B,KMT2C,0.977
9606.ENSP00000398837,KMT2B,ASH2L,0.977
9606.ENSP00000398837,KMT2B,KMT2A,0.973
9606.ENSP00000398837,KMT2B,MEN1,0.968
9606.ENSP00000398837,KMT2B,SETD1B,0.95
9606.ENSP00000398837,KMT2B,KMT2D,0.949
9606.ENSP00000398837,KMT2B,DPY30,0.912
9606.ENSP00000398837,KMT2B,HCFC2,0.907
9606.ENSP00000399797,MOV10,AGO2,0.997
9606.ENSP00000399797,MOV10,DICER1,0.991
9606.ENSP00000399797,MOV10,TNRC6B,0.988
9606.ENSP00000399797,MOV10,AGO1,0.988
9606.ENSP00000399797,MOV10,UPF1,0.912
9606.ENSP00000400365,LAMA2,DAG1,0.999
9606.ENSP00000400365,LAMA2,LAMC1,0.981
9606.ENSP00000400365,LAMA2,DMD,0.978
9606.ENSP00000400365,LAMA2,LAMB2,0.977
9606.ENSP00000400365,LAMA2,LAMB1,0.965
9606.ENSP00000400365,LAMA2,CD44,0.945
9606.ENSP00000400365,LAMA2,LAMC3,0.939
9606.ENSP00000400365,LAMA2,LAMA1,0.921
9606.ENSP00000400365,LAMA2,FKRP,0.917
9606.ENSP00000400365,LAMA2,SGCA,0.91
9606.ENSP00000400365,LAMA2,NID1,0.908
9606.ENSP00000400365,LAMA2,ITGA7,0.906
9606.ENSP00000401878,KBTBD8,CUL3,0.997
9606.ENSP00000401878,KBTBD8,KBTBD7,0.949
9606.ENSP00000401878,KBTBD8,KLHL25,0.937
9606.ENSP00000401878,KBTBD8,GAN,0.931
9606.ENSP00000401878,KBTBD8,KLHL12,0.928
9606.ENSP00000401878,KBTBD8,KLHL9,0.927
9606.ENSP00000401878,KBTBD8,ENC1,0.927
9606.ENSP00000401878,KBTBD8,KLHL3,0.921
9606.ENSP00000401878,KBTBD8,RBX1,0.921
9606.ENSP00000401878,KBTBD8,KLHL13,0.921
9606.ENSP00000401878,KBTBD8,KBTBD6,0.92
9606.ENSP00000401878,KBTBD8,KLHL20,0.919
9606.ENSP00000401878,KBTBD8,KEAP1,0.916
9606.ENSP00000401878,KBTBD8,KLHL7,0.915
9606.ENSP00000401878,KBTBD8,KLHL22,0.915
9606.ENSP00000401878,KBTBD8,SPOPL,0.914
9606.ENSP00000401878,KBTBD8,KLHL41,0.914
9606.ENSP00000401878,KBTBD8,SPOP,0.913
9606.ENSP00000401878,KBTBD8,LZTR1,0.912
9606.ENSP00000401878,KBTBD8,KCTD17,0.906
9606.ENSP00000401878,KBTBD8,KLHL8,0.906
9606.ENSP00000401878,KBTBD8,KLHL21,0.906
9606.ENSP00000401878,KBTBD8,KLHL42,0.903
9606.ENSP00000401878,KBTBD8,KCTD13,0.901
9606.ENSP00000401878,KBTBD8,ZSWIM8,0.9
9606.ENSP00000401878,KBTBD8,TNFAIP1,0.9
9606.ENSP00000402154,MEF2B,CABIN1,0.996
9606.ENSP00000402154,MEF2B,MEF2A,0.987
9606.ENSP00000402154,MEF2B,HDAC9,0.98
9606.ENSP00000402154,MEF2B,MEF2D,0.979
9606.ENSP00000402154,MEF2B,NKX2-5,0.948
9606.ENSP00000402154,MEF2B,NFATC1,0.92
9606.ENSP00000402154,MEF2B,NFATC3,0.918
9606.ENSP00000402154,MEF2B,NFATC4,0.916
9606.ENSP00000402154,MEF2B,NFATC2,0.915
9606.ENSP00000402301,LAPTM4B,EGFR,0.927
9606.ENSP00000402301,LAPTM4B,LAPTM4A,0.919
9606.ENSP00000402301,LAPTM4B,LAPTM5,0.917
9606.ENSP00000404220,CCDC155,SUN1,0.999
9606.ENSP00000404220,CCDC155,SUN2,0.998
9606.ENSP00000404220,CCDC155,SYNE4,0.919
9606.ENSP00000404220,CCDC155,DKKL1,0.917
9606.ENSP00000405338,INPP5D,FCGR2B,0.996
9606.ENSP00000405338,INPP5D,SHC1,0.99
9606.ENSP00000405338,INPP5D,LYN,0.98
9606.ENSP00000405338,INPP5D,GRB2,0.977
9606.ENSP00000405338,INPP5D,PIK3R1,0.965
9606.ENSP00000405338,INPP5D,PTEN,0.953
9606.ENSP00000405338,INPP5D,PIK3CD,0.945
9606.ENSP00000405338,INPP5D,PECAM1,0.945
9606.ENSP00000405338,INPP5D,INPP4A,0.943
9606.ENSP00000405338,INPP5D,PIK3CG,0.938
9606.ENSP00000405338,INPP5D,INPP4B,0.937
9606.ENSP00000405338,INPP5D,PIK3CB,0.929
9606.ENSP00000405338,INPP5D,PIK3CA,0.927
9606.ENSP00000405338,INPP5D,INPPL1,0.926
9606.ENSP00000405338,INPP5D,PIK3R2,0.92
9606.ENSP00000405338,INPP5D,PIK3C2B,0.914
9606.ENSP00000405338,INPP5D,PIK3C2G,0.914
9606.ENSP00000405338,INPP5D,PIK3C2A,0.913
9606.ENSP00000405338,INPP5D,PTPN6,0.913
9606.ENSP00000405338,INPP5D,PIK3R3,0.912
9606.ENSP00000405338,INPP5D,SRC,0.903
9606.ENSP00000405338,INPP5D,TYROBP,0.901
9606.ENSP00000408205,LPAR4,LPAR1,0.994
9606.ENSP00000408205,LPAR4,LPAR2,0.988
9606.ENSP00000408205,LPAR4,LPAR3,0.987
9606.ENSP00000408205,LPAR4,GNA12,0.974
9606.ENSP00000408205,LPAR4,GNAQ,0.965
9606.ENSP00000408205,LPAR4,GNA13,0.961
9606.ENSP00000408205,LPAR4,GNAS,0.924
9606.ENSP00000408205,LPAR4,LPAR5,0.92
9606.ENSP00000408205,LPAR4,AGT,0.907
9606.ENSP00000408205,LPAR4,LPAR6,0.906
9606.ENSP00000408205,LPAR4,F2R,0.905
9606.ENSP00000408205,LPAR4,CHRM1,0.904
9606.ENSP00000408205,LPAR4,CHRM2,0.902
9606.ENSP00000408205,LPAR4,F2,0.901
9606.ENSP00000410242,IGF2BP2,HMGA2,0.996
9606.ENSP00000410242,IGF2BP2,IGF2,0.994
9606.ENSP00000410242,IGF2BP2,FTO,0.914
9606.ENSP00000410242,IGF2BP2,HHEX,0.908
9606.ENSP00000410402,MAP2K4,MAPK9,0.999
9606.ENSP00000410402,MAP2K4,MAPK8,0.999
9606.ENSP00000410402,MAP2K4,MAP3K7,0.998
9606.ENSP00000410402,MAP2K4,ARRB2,0.998
9606.ENSP00000410402,MAP2K4,MAP3K5,0.998
9606.ENSP00000410402,MAP2K4,MAP3K1,0.995
9606.ENSP00000410402,MAP2K4,MAPK14,0.987
9606.ENSP00000410402,MAP2K4,MAPK8IP3,0.984
9606.ENSP00000410402,MAP2K4,FLNB,0.97
9606.ENSP00000410402,MAP2K4,FLNC,0.968
9606.ENSP00000410402,MAP2K4,AKT1,0.965
9606.ENSP00000410402,MAP2K4,FLNA,0.964
9606.ENSP00000410402,MAP2K4,ARRB1,0.958
9606.ENSP00000410402,MAP2K4,MAP2K7,0.956
9606.ENSP00000410402,MAP2K4,PPM1A,0.946
9606.ENSP00000410402,MAP2K4,TAB1,0.94
9606.ENSP00000410402,MAP2K4,TAB2,0.938
9606.ENSP00000410402,MAP2K4,MAP3K8,0.936
9606.ENSP00000410402,MAP2K4,CRK,0.935
9606.ENSP00000410402,MAP2K4,MAP2K6,0.935
9606.ENSP00000410402,MAP2K4,MAPK11,0.93
9606.ENSP00000410402,MAP2K4,MAPK12,0.929
9606.ENSP00000410402,MAP2K4,MAPK13,0.928
9606.ENSP00000410402,MAP2K4,TAB3,0.928
9606.ENSP00000410402,MAP2K4,CRKL,0.923
9606.ENSP00000410402,MAP2K4,JUN,0.921
9606.ENSP00000410402,MAP2K4,AKT3,0.92
9606.ENSP00000410402,MAP2K4,AKT2,0.918
9606.ENSP00000410402,MAP2K4,RAC2,0.914
9606.ENSP00000410402,MAP2K4,MAP2K3,0.913
9606.ENSP00000410402,MAP2K4,PRKCA,0.909
9606.ENSP00000410402,MAP2K4,RAC3,0.902
9606.ENSP00000410481,LTB,LTA,0.999
9606.ENSP00000410481,LTB,LTBR,0.999
9606.ENSP00000411152,ITPKB,IPMK,0.954
9606.ENSP00000411152,ITPKB,INPP5A,0.946
9606.ENSP00000411152,ITPKB,INPP5J,0.937
9606.ENSP00000411152,ITPKB,ITPKA,0.936
9606.ENSP00000411152,ITPKB,MINPP1,0.928
9606.ENSP00000411152,ITPKB,ITPK1,0.927
9606.ENSP00000411152,ITPKB,INPP5K,0.925
9606.ENSP00000411152,ITPKB,ITPKC,0.916
9606.ENSP00000411152,ITPKB,CALM1,0.906
9606.ENSP00000411397,MARK3,KSR1,0.976
9606.ENSP00000411397,MARK3,CDC25C,0.945
9606.ENSP00000411397,MARK3,YWHAZ,0.928
9606.ENSP00000411397,MARK3,YWHAB,0.926
9606.ENSP00000412130,MRVI1,PRKG1,0.996
9606.ENSP00000412130,MRVI1,ITPR1,0.995
9606.ENSP00000412130,MRVI1,ITPR3,0.986
9606.ENSP00000412130,MRVI1,PRKG2,0.943
9606.ENSP00000412130,MRVI1,ITPR2,0.928
9606.ENSP00000412237,IL10,IL10RA,0.999
9606.ENSP00000412237,IL10,IL10RB,0.999
9606.ENSP00000412237,IL10,IL6,0.997
9606.ENSP00000412237,IL10,IFNG,0.995
9606.ENSP00000412237,IL10,TNF,0.992
9606.ENSP00000412237,IL10,IL1B,0.991
9606.ENSP00000412237,IL10,IL7,0.988
9606.ENSP00000412237,IL10,IL4,0.986
9606.ENSP00000412237,IL10,IL5,0.982
9606.ENSP00000412237,IL10,IL17A,0.98
9606.ENSP00000412237,IL10,JAK1,0.976
9606.ENSP00000412237,IL10,CD4,0.976
9606.ENSP00000412237,IL10,IL2RA,0.972
9606.ENSP00000412237,IL10,CCL3,0.972
9606.ENSP00000412237,IL10,IL1A,0.971
9606.ENSP00000412237,IL10,CXCL8,0.97
9606.ENSP00000412237,IL10,IL23R,0.97
9606.ENSP00000412237,IL10,TNFRSF1A,0.968
9606.ENSP00000412237,IL10,STAT3,0.968
9606.ENSP00000412237,IL10,CD86,0.966
9606.ENSP00000412237,IL10,IL4R,0.965
9606.ENSP00000412237,IL10,IL2,0.964
9606.ENSP00000412237,IL10,CCL2,0.963
9606.ENSP00000412237,IL10,CD80,0.962
9606.ENSP00000412237,IL10,CXCL10,0.962
9606.ENSP00000412237,IL10,CSF2,0.959
9606.ENSP00000412237,IL10,IL9,0.959
9606.ENSP00000412237,IL10,CD8A,0.958
9606.ENSP00000412237,IL10,TYK2,0.958
9606.ENSP00000412237,IL10,TLR2,0.956
9606.ENSP00000412237,IL10,CD163,0.955
9606.ENSP00000412237,IL10,IL18,0.955
9606.ENSP00000412237,IL10,FOXP3,0.955
9606.ENSP00000412237,IL10,TIMP1,0.954
9606.ENSP00000412237,IL10,IL13,0.952
9606.ENSP00000412237,IL10,CCL5,0.945
9606.ENSP00000412237,IL10,IL22,0.944
9606.ENSP00000412237,IL10,TLR4,0.943
9606.ENSP00000412237,IL10,STAT4,0.941
9606.ENSP00000412237,IL10,CCL4,0.936
9606.ENSP00000412237,IL10,TGFB1,0.932
9606.ENSP00000412237,IL10,IL12RB2,0.93
9606.ENSP00000412237,IL10,IFNLR1,0.928
9606.ENSP00000412237,IL10,IL2RB,0.928
9606.ENSP00000412237,IL10,CSF3,0.927
9606.ENSP00000412237,IL10,IL1RN,0.923
9606.ENSP00000412237,IL10,IL6R,0.923
9606.ENSP00000412237,IL10,CD28,0.922
9606.ENSP00000412237,IL10,CTLA4,0.922
9606.ENSP00000412237,IL10,IL12RB1,0.922
9606.ENSP00000412237,IL10,IFNGR1,0.92
9606.ENSP00000412237,IL10,CXCL1,0.919
9606.ENSP00000412237,IL10,IL7R,0.919
9606.ENSP00000412237,IL10,IL1R1,0.917
9606.ENSP00000412237,IL10,IL15,0.914
9606.ENSP00000412237,IL10,CCL22,0.912
9606.ENSP00000412237,IL10,IFNAR1,0.908
9606.ENSP00000412237,IL10,STAT6,0.907
9606.ENSP00000412237,IL10,IL22RA1,0.907
9606.ENSP00000412237,IL10,CD40,0.901
9606.ENSP00000414287,MST1,MST1R,0.999
9606.ENSP00000414517,MAMLD1,MTM1,0.912
9606.ENSP00000415433,INTS12,INTS1,0.999
9606.ENSP00000415433,INTS12,INTS5,0.999
9606.ENSP00000415433,INTS12,INTS3,0.999
9606.ENSP00000415433,INTS12,INTS6,0.999
9606.ENSP00000415433,INTS12,INTS11,0.995
9606.ENSP00000415433,INTS12,INTS9,0.976
9606.ENSP00000415433,INTS12,INTS7,0.975
9606.ENSP00000415433,INTS12,INTS10,0.972
9606.ENSP00000415433,INTS12,INTS4,0.964
9606.ENSP00000415433,INTS12,INTS8,0.953
9606.ENSP00000415433,INTS12,INTS14,0.951
9606.ENSP00000415433,INTS12,INTS2,0.931
9606.ENSP00000415433,INTS12,INTS13,0.929
9606.ENSP00000417235,MED12L,CCNC,0.999
9606.ENSP00000417235,MED12L,MED13L,0.998
9606.ENSP00000417235,MED12L,CDK19,0.996
9606.ENSP00000417235,MED12L,MED13,0.996
9606.ENSP00000417235,MED12L,CDK8,0.995
9606.ENSP00000417235,MED12L,MED19,0.976
9606.ENSP00000417235,MED12L,MED1,0.966
9606.ENSP00000417235,MED12L,MED18,0.952
9606.ENSP00000417235,MED12L,MED7,0.948
9606.ENSP00000417235,MED12L,MED29,0.94
9606.ENSP00000417235,MED12L,MED9,0.921
9606.ENSP00000417235,MED12L,MED23,0.918
9606.ENSP00000417235,MED12L,MED4,0.915
9606.ENSP00000417235,MED12L,MED21,0.908
9606.ENSP00000417235,MED12L,MED28,0.907
9606.ENSP00000417235,MED12L,MED10,0.902
9606.ENSP00000417498,MUC4,ERBB2,0.996
9606.ENSP00000417498,MUC4,MUC1,0.99
9606.ENSP00000417498,MUC4,MUC20,0.974
9606.ENSP00000417498,MUC4,MUC2,0.972
9606.ENSP00000417498,MUC4,MUC16,0.969
9606.ENSP00000417498,MUC4,MUC13,0.965
9606.ENSP00000417498,MUC4,MUC15,0.92
9606.ENSP00000417498,MUC4,ERBB3,0.914
9606.ENSP00000417498,MUC4,MUC6,0.911
9606.ENSP00000417498,MUC4,MUC7,0.902
9606.ENSP00000418037,IRF5,TRAF6,0.999
9606.ENSP00000418037,IRF5,MYD88,0.995
9606.ENSP00000418037,IRF5,CCL4,0.934
9606.ENSP00000418037,IRF5,CCL4L2,0.907
9606.ENSP00000418525,MME,ACE2,0.964
9606.ENSP00000418525,MME,DPP4,0.962
9606.ENSP00000418525,MME,AGT,0.957
9606.ENSP00000418525,MME,CD19,0.954
9606.ENSP00000418525,MME,PRCP,0.952
9606.ENSP00000418525,MME,IDE,0.941
9606.ENSP00000418525,MME,XPNPEP2,0.936
9606.ENSP00000418525,MME,BCL6,0.926
9606.ENSP00000418525,MME,MEP1B,0.925
9606.ENSP00000418525,MME,CD5,0.925
9606.ENSP00000418525,MME,MEP1A,0.917
9606.ENSP00000418525,MME,RDX,0.911
9606.ENSP00000419370,MALSU1,MRPL19,0.997
9606.ENSP00000419370,MALSU1,MTG1,0.997
9606.ENSP00000419370,MALSU1,MRM3,0.997
9606.ENSP00000419370,MALSU1,MRPL32,0.996
9606.ENSP00000419370,MALSU1,MRPL47,0.996
9606.ENSP00000419370,MALSU1,MRPL43,0.995
9606.ENSP00000419370,MALSU1,MRPL21,0.995
9606.ENSP00000419370,MALSU1,MRPL20,0.994
9606.ENSP00000419370,MALSU1,MRPL17,0.993
9606.ENSP00000419370,MALSU1,MRPL11,0.992
9606.ENSP00000419370,MALSU1,MRPL3,0.992
9606.ENSP00000419370,MALSU1,MRPL24,0.992
9606.ENSP00000419370,MALSU1,MRPL13,0.991
9606.ENSP00000419370,MALSU1,MRPL27,0.991
9606.ENSP00000419370,MALSU1,NDUFAB1,0.991
9606.ENSP00000419370,MALSU1,MTG2,0.987
9606.ENSP00000419370,MALSU1,MRPL4,0.986
9606.ENSP00000419370,MALSU1,GTPBP10,0.986
9606.ENSP00000419370,MALSU1,MRPL14,0.981
9606.ENSP00000419370,MALSU1,RPL23,0.977
9606.ENSP00000419370,MALSU1,MRPL22,0.974
9606.ENSP00000419370,MALSU1,DDX28,0.972
9606.ENSP00000419370,MALSU1,MRPL58,0.97
9606.ENSP00000419370,MALSU1,MRPL9,0.97
9606.ENSP00000419370,MALSU1,NSUN4,0.968
9606.ENSP00000419370,MALSU1,MTERF4,0.964
9606.ENSP00000419370,MALSU1,MRPL39,0.964
9606.ENSP00000419370,MALSU1,MRPS30,0.958
9606.ENSP00000419370,MALSU1,GTPBP8,0.955
9606.ENSP00000419370,MALSU1,MRPL2,0.954
9606.ENSP00000419370,MALSU1,GTPBP6,0.952
9606.ENSP00000419370,MALSU1,MRPL37,0.95
9606.ENSP00000419370,MALSU1,MRM2,0.948
9606.ENSP00000419370,MALSU1,MRPL28,0.946
9606.ENSP00000419370,MALSU1,MRPL16,0.944
9606.ENSP00000419370,MALSU1,MIEF1-2,0.94
9606.ENSP00000419370,MALSU1,RPL35,0.939
9606.ENSP00000419370,MALSU1,MRPL36,0.937
9606.ENSP00000419370,MALSU1,MRPL10,0.933
9606.ENSP00000419370,MALSU1,RPL23A,0.932
9606.ENSP00000419370,MALSU1,MRPL33,0.93
9606.ENSP00000419370,MALSU1,MRPL41,0.929
9606.ENSP00000419370,MALSU1,MRPL50,0.928
9606.ENSP00000419370,MALSU1,MRPL35,0.927
9606.ENSP00000419370,MALSU1,MRPL12,0.926
9606.ENSP00000419370,MALSU1,MRPL44,0.916
9606.ENSP00000419370,MALSU1,MTRES1,0.913
9606.ENSP00000419370,MALSU1,MRPL15,0.909
9606.ENSP00000419370,MALSU1,RPUSD4,0.902
9606.ENSP00000419952,KCNAB1,KCNA1,0.995
9606.ENSP00000419952,KCNAB1,KCNA5,0.986
9606.ENSP00000419952,KCNAB1,KCNA4,0.986
9606.ENSP00000419952,KCNAB1,KCNA2,0.98
9606.ENSP00000419952,KCNAB1,KCNA3,0.945
9606.ENSP00000419952,KCNAB1,KCNC1,0.907
9606.ENSP00000419952,KCNAB1,KCNA6,0.904
9606.ENSP00000420714,MRPS14,MRPS10,0.999
9606.ENSP00000420714,MRPS14,MRPS18C,0.999
9606.ENSP00000420714,MRPS14,MRPS7,0.999
9606.ENSP00000420714,MRPS14,MRPS15,0.999
9606.ENSP00000420714,MRPS14,MRPS5,0.999
9606.ENSP00000420714,MRPS14,MRPS35,0.999
9606.ENSP00000420714,MRPS14,MRPS2,0.999
9606.ENSP00000420714,MRPS14,MRPS11,0.999
9606.ENSP00000420714,MRPS14,MRPS12,0.999
9606.ENSP00000420714,MRPS14,MRPS16,0.999
9606.ENSP00000420714,MRPS14,MRPL36,0.999
9606.ENSP00000420714,MRPS14,MRPL17,0.999
9606.ENSP00000420714,MRPS14,MRPS6,0.999
9606.ENSP00000420714,MRPS14,MRPS25,0.999
9606.ENSP00000420714,MRPS14,MRPS9,0.999
9606.ENSP00000420714,MRPS14,MRPL27,0.998
9606.ENSP00000420714,MRPS14,MRPL19,0.998
9606.ENSP00000420714,MRPS14,DAP3,0.998
9606.ENSP00000420714,MRPS14,MRPL22,0.998
9606.ENSP00000420714,MRPS14,MRPS27,0.998
9606.ENSP00000420714,MRPS14,MRPL13,0.998
9606.ENSP00000420714,MRPS14,MRPS18A,0.998
9606.ENSP00000420714,MRPS14,MRPL33,0.998
9606.ENSP00000420714,MRPS14,MRPS31,0.998
9606.ENSP00000420714,MRPS14,MRPS34,0.997
9606.ENSP00000420714,MRPS14,MRPL20,0.997
9606.ENSP00000420714,MRPS14,MRPL16,0.997
9606.ENSP00000420714,MRPS14,FAU,0.997
9606.ENSP00000420714,MRPS14,MRPS17,0.997
9606.ENSP00000420714,MRPS14,MRPL32,0.997
9606.ENSP00000420714,MRPS14,MRPL4,0.997
9606.ENSP00000420714,MRPS14,MRPL11,0.997
9606.ENSP00000420714,MRPS14,MRPL3,0.997
9606.ENSP00000420714,MRPS14,MRPS24,0.997
9606.ENSP00000420714,MRPS14,MRPL21,0.997
9606.ENSP00000420714,MRPS14,MRPS33,0.997
9606.ENSP00000420714,MRPS14,MRPL9,0.996
9606.ENSP00000420714,MRPS14,MRPL34,0.996
9606.ENSP00000420714,MRPS14,MRPL46,0.996
9606.ENSP00000420714,MRPS14,MRPS18B,0.996
9606.ENSP00000420714,MRPS14,MRPL2,0.996
9606.ENSP00000420714,MRPS14,TUFM,0.996
9606.ENSP00000420714,MRPS14,MRPL44,0.996
9606.ENSP00000420714,MRPS14,MRPS23,0.996
9606.ENSP00000420714,MRPS14,MRPL23,0.995
9606.ENSP00000420714,MRPS14,MRPL41,0.995
9606.ENSP00000420714,MRPS14,MRPL12,0.995
9606.ENSP00000420714,MRPS14,MRPL24,0.994
9606.ENSP00000420714,MRPS14,MRPL40,0.994
9606.ENSP00000420714,MRPS14,RPL23,0.994
9606.ENSP00000420714,MRPS14,MRPS22,0.994
9606.ENSP00000420714,MRPS14,MRPL47,0.993
9606.ENSP00000420714,MRPS14,MRPL43,0.993
9606.ENSP00000420714,MRPS14,MRPS21,0.993
9606.ENSP00000420714,MRPS14,MRPL15,0.993
9606.ENSP00000420714,MRPS14,RPS18,0.993
9606.ENSP00000420714,MRPS14,MRPL42,0.991
9606.ENSP00000420714,MRPS14,MRPL49,0.991
9606.ENSP00000420714,MRPS14,MRPS26,0.989
9606.ENSP00000420714,MRPS14,CHCHD1,0.988
9606.ENSP00000420714,MRPS14,MRPS28,0.988
9606.ENSP00000420714,MRPS14,MRPL30,0.987
9606.ENSP00000420714,MRPS14,RPS9,0.985
9606.ENSP00000420714,MRPS14,PTCD3,0.985
9606.ENSP00000420714,MRPS14,AURKAIP1,0.983
9606.ENSP00000420714,MRPS14,MTIF2,0.982
9606.ENSP00000420714,MRPS14,MRPL58,0.981
9606.ENSP00000420714,MRPS14,MRPL1,0.981
9606.ENSP00000420714,MRPS14,ERAL1,0.979
9606.ENSP00000420714,MRPS14,MRPL10,0.976
9606.ENSP00000420714,MRPS14,RPL35,0.975
9606.ENSP00000420714,MRPS14,RPL23A,0.974
9606.ENSP00000420714,MRPS14,MRRF,0.973
9606.ENSP00000420714,MRPS14,RPL11,0.973
9606.ENSP00000420714,MRPS14,MRPS30,0.972
9606.ENSP00000420714,MRPS14,RPS11,0.971
9606.ENSP00000420714,MRPS14,RPS3,0.971
9606.ENSP00000420714,MRPS14,RPL5,0.971
9606.ENSP00000420714,MRPS14,RPS15,0.971
9606.ENSP00000420714,MRPS14,RPL19,0.966
9606.ENSP00000420714,MRPS14,RPL31,0.964
9606.ENSP00000420714,MRPS14,RPL18,0.964
9606.ENSP00000420714,MRPS14,hCG_1984214,0.962
9606.ENSP00000420714,MRPS14,RPL34,0.962
9606.ENSP00000420714,MRPS14,GFM1,0.961
9606.ENSP00000420714,MRPS14,RPS3A,0.961
9606.ENSP00000420714,MRPS14,RPS28,0.961
9606.ENSP00000420714,MRPS14,RPS17,0.961
9606.ENSP00000420714,MRPS14,MRPL38,0.96
9606.ENSP00000420714,MRPS14,CUL7,0.96
9606.ENSP00000420714,MRPS14,RPL15,0.96
9606.ENSP00000420714,MRPS14,RPL24,0.96
9606.ENSP00000420714,MRPS14,MRPL35,0.957
9606.ENSP00000420714,MRPS14,MRPL51,0.957
9606.ENSP00000420714,MRPS14,RPL29,0.956
9606.ENSP00000420714,MRPS14,RPS20,0.955
9606.ENSP00000420714,MRPS14,RPS24,0.954
9606.ENSP00000420714,MRPS14,RPS8,0.954
9606.ENSP00000420714,MRPS14,RPL35A,0.953
9606.ENSP00000420714,MRPS14,RPL38,0.952
9606.ENSP00000420714,MRPS14,RPL37A,0.952
9606.ENSP00000420714,MRPS14,RPL21,0.95
9606.ENSP00000420714,MRPS14,RPS19,0.95
9606.ENSP00000420714,MRPS14,RPS26,0.949
9606.ENSP00000420714,MRPS14,RPLP1,0.949
9606.ENSP00000420714,MRPS14,RPL30,0.949
9606.ENSP00000420714,MRPS14,UBA52,0.948
9606.ENSP00000420714,MRPS14,PPP1R26,0.947
9606.ENSP00000420714,MRPS14,RPS25,0.946
9606.ENSP00000420714,MRPS14,RPL13,0.945
9606.ENSP00000420714,MRPS14,HIBCH,0.945
9606.ENSP00000420714,MRPS14,MRPL55,0.944
9606.ENSP00000420714,MRPS14,RPL36,0.943
9606.ENSP00000420714,MRPS14,RPS6,0.943
9606.ENSP00000420714,MRPS14,METTL17,0.94
9606.ENSP00000420714,MRPS14,RPS5,0.94
9606.ENSP00000420714,MRPS14,RPS21,0.934
9606.ENSP00000420714,MRPS14,CCDC105,0.934
9606.ENSP00000420714,MRPS14,MRPL50,0.933
9606.ENSP00000420714,MRPS14,MRPL48,0.928
9606.ENSP00000420714,MRPS14,RPS7,0.925
9606.ENSP00000420714,MRPS14,MRPL39,0.924
9606.ENSP00000420714,MRPS14,RPL28,0.923
9606.ENSP00000420714,MRPS14,RPS2,0.923
9606.ENSP00000420714,MRPS14,MTIF3,0.913
9606.ENSP00000420714,MRPS14,MRPL54,0.912
9606.ENSP00000420714,MRPS14,TFB1M,0.903
9606.ENSP00000421180,MAML3,RBPJ,0.999
9606.ENSP00000421180,MAML3,NOTCH1,0.999
9606.ENSP00000421180,MAML3,NOTCH3,0.986
9606.ENSP00000421180,MAML3,NOTCH4,0.981
9606.ENSP00000421180,MAML3,NOTCH2,0.966
9606.ENSP00000421180,MAML3,RBPJL,0.946
9606.ENSP00000421180,MAML3,MAML1,0.938
9606.ENSP00000421180,MAML3,MAML2,0.937
9606.ENSP00000421180,MAML3,EP300,0.934
9606.ENSP00000422626,LARP7,HEXIM1,0.999
9606.ENSP00000422626,LARP7,MEPCE,0.999
9606.ENSP00000422626,LARP7,HEXIM2,0.998
9606.ENSP00000422626,LARP7,CDK9,0.997
9606.ENSP00000422626,LARP7,CCNT1,0.996
9606.ENSP00000422626,LARP7,CCNT2,0.957
9606.ENSP00000422626,LARP7,SART3,0.95
9606.ENSP00000422793,INPP4B,PTEN,0.967
9606.ENSP00000422793,INPP4B,INPPL1,0.959
9606.ENSP00000422793,INPP4B,PIK3R2,0.957
9606.ENSP00000422793,INPP4B,PIK3R1,0.949
9606.ENSP00000422793,INPP4B,INPP5B,0.942
9606.ENSP00000422793,INPP4B,OCRL,0.939
9606.ENSP00000422793,INPP4B,PIK3C2G,0.939
9606.ENSP00000422793,INPP4B,INPP5E,0.937
9606.ENSP00000422793,INPP4B,INPP5D,0.937
9606.ENSP00000422793,INPP4B,PIK3C2B,0.935
9606.ENSP00000422793,INPP4B,SYNJ2,0.934
9606.ENSP00000422793,INPP4B,PIK3C2A,0.932
9606.ENSP00000422793,INPP4B,MTMR6,0.931
9606.ENSP00000422793,INPP4B,SYNJ1,0.93
9606.ENSP00000422793,INPP4B,MTM1,0.928
9606.ENSP00000422793,INPP4B,PIK3C3,0.927
9606.ENSP00000422793,INPP4B,MTMR2,0.926
9606.ENSP00000422793,INPP4B,PIK3R3,0.925
9606.ENSP00000422793,INPP4B,PIKFYVE,0.925
9606.ENSP00000422793,INPP4B,FIG4,0.921
9606.ENSP00000422793,INPP4B,INPP5A,0.921
9606.ENSP00000422793,INPP4B,MTMR1,0.919
9606.ENSP00000422793,INPP4B,INPP1,0.915
9606.ENSP00000422793,INPP4B,MTMR3,0.914
9606.ENSP00000422793,INPP4B,IMPAD1,0.912
9606.ENSP00000422793,INPP4B,MTMR7,0.912
9606.ENSP00000422793,INPP4B,INPP4A,0.911
9606.ENSP00000422793,INPP4B,IMPA2,0.91
9606.ENSP00000422793,INPP4B,MTMR4,0.907
9606.ENSP00000422793,INPP4B,MTMR14,0.905
9606.ENSP00000422793,INPP4B,MTMR8,0.903
9606.ENSP00000422793,INPP4B,IMPA1,0.903
9606.ENSP00000422793,INPP4B,ISYNA1,0.902
9606.ENSP00000422793,INPP4B,ITPK1,0.9
9606.ENSP00000423399,MRPL36,MRPL20,0.999
9606.ENSP00000423399,MRPL36,MRPS5,0.999
9606.ENSP00000423399,MRPL36,MRPL22,0.999
9606.ENSP00000423399,MRPL36,RPS3,0.999
9606.ENSP00000423399,MRPL36,RPS11,0.999
9606.ENSP00000423399,MRPL36,MRPL27,0.999
9606.ENSP00000423399,MRPL36,MRPL19,0.999
9606.ENSP00000423399,MRPL36,MRPS10,0.999
9606.ENSP00000423399,MRPL36,MRPS14,0.999
9606.ENSP00000423399,MRPL36,MRPL33,0.999
9606.ENSP00000423399,MRPL36,MRPL21,0.999
9606.ENSP00000423399,MRPL36,RPL23A,0.999
9606.ENSP00000423399,MRPL36,MRPL12,0.999
9606.ENSP00000423399,MRPL36,MRPL17,0.999
9606.ENSP00000423399,MRPL36,RPS15,0.999
9606.ENSP00000423399,MRPL36,MRPS6,0.999
9606.ENSP00000423399,MRPL36,MRPS12,0.999
9606.ENSP00000423399,MRPL36,TUFM,0.999
9606.ENSP00000423399,MRPL36,RPL11,0.999
9606.ENSP00000423399,MRPL36,MRPL4,0.999
9606.ENSP00000423399,MRPL36,MRPL13,0.999
9606.ENSP00000423399,MRPL36,MRPS11,0.999
9606.ENSP00000423399,MRPL36,MRPL32,0.999
9606.ENSP00000423399,MRPL36,RPL35,0.999
9606.ENSP00000423399,MRPL36,RPL23,0.999
9606.ENSP00000423399,MRPL36,MRPS16,0.999
9606.ENSP00000423399,MRPL36,RPL5,0.999
9606.ENSP00000423399,MRPL36,RPS18,0.999
9606.ENSP00000423399,MRPL36,MRPL40,0.998
9606.ENSP00000423399,MRPL36,MRPL16,0.998
9606.ENSP00000423399,MRPL36,MRPL9,0.998
9606.ENSP00000423399,MRPL36,MRPS7,0.998
9606.ENSP00000423399,MRPL36,MRPS15,0.998
9606.ENSP00000423399,MRPL36,MRPL11,0.998
9606.ENSP00000423399,MRPL36,MRPL2,0.998
9606.ENSP00000423399,MRPL36,MRPL3,0.998
9606.ENSP00000423399,MRPL36,MRPL1,0.997
9606.ENSP00000423399,MRPL36,MRPL41,0.997
9606.ENSP00000423399,MRPL36,MRPL24,0.997
9606.ENSP00000423399,MRPL36,MRPS9,0.997
9606.ENSP00000423399,MRPL36,MRPL43,0.996
9606.ENSP00000423399,MRPL36,MRPL46,0.996
9606.ENSP00000423399,MRPL36,MRPL49,0.996
9606.ENSP00000423399,MRPL36,MRPL15,0.995
9606.ENSP00000423399,MRPL36,MRPL34,0.995
9606.ENSP00000423399,MRPL36,MRPL47,0.995
9606.ENSP00000423399,MRPL36,MRPS35,0.994
9606.ENSP00000423399,MRPL36,RPS9,0.993
9606.ENSP00000423399,MRPL36,MRPS2,0.993
9606.ENSP00000423399,MRPL36,MRPL23,0.993
9606.ENSP00000423399,MRPL36,MRRF,0.992
9606.ENSP00000423399,MRPL36,DAP3,0.992
9606.ENSP00000423399,MRPL36,MRPL44,0.991
9606.ENSP00000423399,MRPL36,MRPL58,0.99
9606.ENSP00000423399,MRPL36,MRPS18A,0.989
9606.ENSP00000423399,MRPL36,GFM1,0.987
9606.ENSP00000423399,MRPL36,MRPS25,0.986
9606.ENSP00000423399,MRPL36,MRPL30,0.985
9606.ENSP00000423399,MRPL36,RPS20,0.984
9606.ENSP00000423399,MRPL36,IMP3,0.984
9606.ENSP00000423399,MRPL36,MRPL10,0.983
9606.ENSP00000423399,MRPL36,RPS23,0.983
9606.ENSP00000423399,MRPL36,RPS2,0.983
9606.ENSP00000423399,MRPL36,RPL9,0.983
9606.ENSP00000423399,MRPL36,MED1,0.982
9606.ENSP00000423399,MRPL36,MRTO4,0.982
9606.ENSP00000423399,MRPL36,RPLP0,0.981
9606.ENSP00000423399,MRPL36,RPL26L1,0.981
9606.ENSP00000423399,MRPL36,CUL7,0.98
9606.ENSP00000423399,MRPL36,MRPS18C,0.98
9606.ENSP00000423399,MRPL36,MRPL14,0.977
9606.ENSP00000423399,MRPL36,RPS14,0.974
9606.ENSP00000423399,MRPL36,RPL8,0.974
9606.ENSP00000423399,MRPL36,RPS16,0.974
9606.ENSP00000423399,MRPL36,MRPL38,0.973
9606.ENSP00000423399,MRPL36,RPS5,0.973
9606.ENSP00000423399,MRPL36,RPS29,0.972
9606.ENSP00000423399,MRPL36,RPL4,0.972
9606.ENSP00000423399,MRPL36,RPL26,0.972
9606.ENSP00000423399,MRPL36,MRPL54,0.972
9606.ENSP00000423399,MRPL36,RPL13A,0.971
9606.ENSP00000423399,MRPL36,PDCD11,0.971
9606.ENSP00000423399,MRPL36,RPL3L,0.971
9606.ENSP00000423399,MRPL36,RPL3,0.971
9606.ENSP00000423399,MRPL36,RSAD1,0.971
9606.ENSP00000423399,MRPL36,CD74,0.971
9606.ENSP00000423399,MRPL36,RPL17,0.971
9606.ENSP00000423399,MRPL36,RPL10A,0.971
9606.ENSP00000423399,MRPL36,GTPBP6,0.971
9606.ENSP00000423399,MRPL36,CCDC105,0.971
9606.ENSP00000423399,MRPL36,FLT3LG,0.97
9606.ENSP00000423399,MRPL36,FANCE,0.97
9606.ENSP00000423399,MRPL36,NDUFAB1,0.97
9606.ENSP00000423399,MRPL36,RPL17-C18orf32,0.968
9606.ENSP00000423399,MRPL36,GADD45GIP1,0.961
9606.ENSP00000423399,MRPL36,PPP1R26,0.959
9606.ENSP00000423399,MRPL36,HDDC3,0.952
9606.ENSP00000423399,MRPL36,HIBCH,0.951
9606.ENSP00000423399,MRPL36,RPL7L1,0.946
9606.ENSP00000423399,MRPL36,RPL7,0.945
9606.ENSP00000423399,MRPL36,NPSR1,0.944
9606.ENSP00000423399,MRPL36,TEX48,0.944
9606.ENSP00000423399,MRPL36,MRPS34,0.94
9606.ENSP00000423399,MRPL36,RPS13,0.938
9606.ENSP00000423399,MRPL36,MALSU1,0.937
9606.ENSP00000423399,MRPL36,MTIF2,0.937
9606.ENSP00000423399,MRPL36,EFTUD2,0.936
9606.ENSP00000423399,MRPL36,EEF2,0.936
9606.ENSP00000423399,MRPL36,EFL1,0.935
9606.ENSP00000423399,MRPL36,MRNIP,0.935
9606.ENSP00000423399,MRPL36,MRPL51,0.934
9606.ENSP00000423399,MRPL36,MRPS21,0.931
9606.ENSP00000423399,MRPL36,MRPL55,0.931
9606.ENSP00000423399,MRPL36,POLR1C,0.928
9606.ENSP00000423399,MRPL36,POLR2C,0.926
9606.ENSP00000423399,MRPL36,MRPS22,0.926
9606.ENSP00000423399,MRPL36,SEC61A2,0.925
9606.ENSP00000423399,MRPL36,SEC61A1,0.925
9606.ENSP00000423399,MRPL36,GFM2,0.92
9606.ENSP00000423399,MRPL36,MRPL42,0.915
9606.ENSP00000423399,MRPL36,SRP54,0.912
9606.ENSP00000423399,MRPL36,RPL12,0.911
9606.ENSP00000423399,MRPL36,HMGN1,0.909
9606.ENSP00000423399,MRPL36,HMGN4,0.908
9606.ENSP00000423399,MRPL36,RPL10L,0.907
9606.ENSP00000423399,MRPL36,HSPBP1,0.907
9606.ENSP00000423399,MRPL36,HMGN2,0.907
9606.ENSP00000423399,MRPL36,RPSA,0.907
9606.ENSP00000423399,MRPL36,RPL10,0.907
9606.ENSP00000423399,MRPL36,SIL1,0.907
9606.ENSP00000423399,MRPL36,ENSP00000387111,0.906
9606.ENSP00000423399,MRPL36,MRPL39,0.902
9606.ENSP00000428281,LEPROTL1,TMEM50A,0.92
9606.ENSP00000428924,LYN,CD79A,0.999
9606.ENSP00000428924,LYN,SYK,0.999
9606.ENSP00000428924,LYN,BLNK,0.999
9606.ENSP00000428924,LYN,CD19,0.999
9606.ENSP00000428924,LYN,GP6,0.997
9606.ENSP00000428924,LYN,BTK,0.997
9606.ENSP00000428924,LYN,CD79B,0.997
9606.ENSP00000428924,LYN,FYN,0.996
9606.ENSP00000428924,LYN,VAV1,0.993
9606.ENSP00000428924,LYN,SHC1,0.991
9606.ENSP00000428924,LYN,PTK2B,0.99
9606.ENSP00000428924,LYN,SRC,0.989
9606.ENSP00000428924,LYN,FCER1G,0.988
9606.ENSP00000428924,LYN,CBL,0.987
9606.ENSP00000428924,LYN,CD36,0.987
9606.ENSP00000428924,LYN,HCK,0.986
9606.ENSP00000428924,LYN,PIK3CG,0.982
9606.ENSP00000428924,LYN,PTPRC,0.981
9606.ENSP00000428924,LYN,INPP5D,0.98
9606.ENSP00000428924,LYN,GAB2,0.977
9606.ENSP00000428924,LYN,SCARB1,0.975
9606.ENSP00000428924,LYN,SCARB2,0.973
9606.ENSP00000428924,LYN,PTK2,0.97
9606.ENSP00000428924,LYN,CD22,0.97
9606.ENSP00000428924,LYN,LCP2,0.967
9606.ENSP00000428924,LYN,DAPP1,0.964
9606.ENSP00000428924,LYN,PIK3R1,0.964
9606.ENSP00000428924,LYN,FCGR2A,0.962
9606.ENSP00000428924,LYN,PLCG2,0.961
9606.ENSP00000428924,LYN,PAG1,0.961
9606.ENSP00000428924,LYN,HCLS1,0.959
9606.ENSP00000428924,LYN,MS4A2,0.958
9606.ENSP00000428924,LYN,FCGR3A,0.958
9606.ENSP00000428924,LYN,PIK3CB,0.957
9606.ENSP00000428924,LYN,PIK3CD,0.956
9606.ENSP00000428924,LYN,PTPN6,0.953
9606.ENSP00000428924,LYN,CSK,0.948
9606.ENSP00000428924,LYN,LOC102723407,0.947
9606.ENSP00000428924,LYN,PRKCB,0.947
9606.ENSP00000428924,LYN,GP1BA,0.946
9606.ENSP00000428924,LYN,GP1BB,0.942
9606.ENSP00000428924,LYN,FCGR1A,0.939
9606.ENSP00000428924,LYN,STAT3,0.938
9606.ENSP00000428924,LYN,FCGR2B,0.938
9606.ENSP00000428924,LYN,FCGR3B,0.937
9606.ENSP00000428924,LYN,PIK3CA,0.935
9606.ENSP00000428924,LYN,JAK2,0.931
9606.ENSP00000428924,LYN,PIK3R2,0.93
9606.ENSP00000428924,LYN,KIT,0.928
9606.ENSP00000428924,LYN,DOCK2,0.927
9606.ENSP00000428924,LYN,PIK3R3,0.921
9606.ENSP00000428924,LYN,NEDD4,0.92
9606.ENSP00000428924,LYN,PIK3R5,0.92
9606.ENSP00000428924,LYN,GP9,0.919
9606.ENSP00000428924,LYN,GNAI2,0.919
9606.ENSP00000428924,LYN,CSF3R,0.916
9606.ENSP00000428924,LYN,SHC3,0.916
9606.ENSP00000428924,LYN,ITK,0.916
9606.ENSP00000428924,LYN,PRKCA,0.914
9606.ENSP00000428924,LYN,GNAI3,0.913
9606.ENSP00000428924,LYN,SHC2,0.912
9606.ENSP00000428924,LYN,GNAI1,0.909
9606.ENSP00000428924,LYN,ELMO1,0.908
9606.ENSP00000428924,LYN,GP5,0.907
9606.ENSP00000428924,LYN,SHC4,0.907
9606.ENSP00000428924,LYN,PIK3R6,0.907
9606.ENSP00000428924,LYN,GRIA1,0.907
9606.ENSP00000428924,LYN,LCK,0.905
9606.ENSP00000428924,LYN,EPOR,0.904
9606.ENSP00000428924,LYN,GRIA2,0.904
9606.ENSP00000428924,LYN,PRKCG,0.903
9606.ENSP00000428924,LYN,GRIA3,0.902
9606.ENSP00000430684,IKBKB,NFKB1,0.999
9606.ENSP00000430684,IKBKB,TRAF6,0.999
9606.ENSP00000430684,IKBKB,TNF,0.999
9606.ENSP00000430684,IKBKB,CHUK,0.999
9606.ENSP00000430684,IKBKB,RELA,0.999
9606.ENSP00000430684,IKBKB,IKBKG,0.999
9606.ENSP00000430684,IKBKB,TNFRSF1A,0.999
9606.ENSP00000430684,IKBKB,NFKBIA,0.999
9606.ENSP00000430684,IKBKB,KEAP1,0.997
9606.ENSP00000430684,IKBKB,NFKBIB,0.997
9606.ENSP00000430684,IKBKB,BCL10,0.996
9606.ENSP00000430684,IKBKB,MAVS,0.996
9606.ENSP00000430684,IKBKB,MAP3K7,0.996
9606.ENSP00000430684,IKBKB,TRAF2,0.994
9606.ENSP00000430684,IKBKB,TAB1,0.994
9606.ENSP00000430684,IKBKB,ERC1,0.994
9606.ENSP00000430684,IKBKB,TAB2,0.992
9606.ENSP00000430684,IKBKB,MAP3K14,0.991
9606.ENSP00000430684,IKBKB,AKT1,0.99
9606.ENSP00000430684,IKBKB,NLRC5,0.989
9606.ENSP00000430684,IKBKB,FOXO3,0.989
9606.ENSP00000430684,IKBKB,RIPK1,0.987
9606.ENSP00000430684,IKBKB,TAB3,0.986
9606.ENSP00000430684,IKBKB,MALT1,0.985
9606.ENSP00000430684,IKBKB,TSC1,0.982
9606.ENSP00000430684,IKBKB,MAP3K1,0.982
9606.ENSP00000430684,IKBKB,PRKCQ,0.981
9606.ENSP00000430684,IKBKB,IRS1,0.981
9606.ENSP00000430684,IKBKB,NFKBIE,0.978
9606.ENSP00000430684,IKBKB,HSP90AB1,0.976
9606.ENSP00000430684,IKBKB,HSP90AA1,0.975
9606.ENSP00000430684,IKBKB,EIF2AK2,0.966
9606.ENSP00000430684,IKBKB,CDC37,0.965
9606.ENSP00000430684,IKBKB,TRADD,0.962
9606.ENSP00000430684,IKBKB,TRAF5,0.959
9606.ENSP00000430684,IKBKB,MAP3K3,0.959
9606.ENSP00000430684,IKBKB,REL,0.956
9606.ENSP00000430684,IKBKB,NFKB2,0.955
9606.ENSP00000430684,IKBKB,MYD88,0.955
9606.ENSP00000430684,IKBKB,MAP3K8,0.954
9606.ENSP00000430684,IKBKB,PTEN,0.952
9606.ENSP00000430684,IKBKB,TSC2,0.95
9606.ENSP00000430684,IKBKB,BTRC,0.95
9606.ENSP00000430684,IKBKB,CARD9,0.949
9606.ENSP00000430684,IKBKB,FOXO1,0.944
9606.ENSP00000430684,IKBKB,IKBIP,0.943
9606.ENSP00000430684,IKBKB,TBK1,0.943
9606.ENSP00000430684,IKBKB,RIPK2,0.942
9606.ENSP00000430684,IKBKB,MUC1,0.941
9606.ENSP00000430684,IKBKB,IRS2,0.941
9606.ENSP00000430684,IKBKB,IRAK4,0.935
9606.ENSP00000430684,IKBKB,TP53,0.933
9606.ENSP00000430684,IKBKB,FOXO4,0.929
9606.ENSP00000430684,IKBKB,AKT2,0.925
9606.ENSP00000430684,IKBKB,PDPK1,0.924
9606.ENSP00000430684,IKBKB,BTK,0.92
9606.ENSP00000430684,IKBKB,EIF2AK3,0.918
9606.ENSP00000430684,IKBKB,SRC,0.918
9606.ENSP00000430684,IKBKB,AKT3,0.917
9606.ENSP00000430684,IKBKB,MYOM2,0.917
9606.ENSP00000430684,IKBKB,TBC1D7,0.913
9606.ENSP00000430684,IKBKB,IRS4,0.911
9606.ENSP00000430684,IKBKB,EIF2AK1,0.909
9606.ENSP00000430684,IKBKB,EIF2AK4,0.906
9606.ENSP00000430684,IKBKB,IRAK1,0.903
9606.ENSP00000430684,IKBKB,TLR4,0.903
9606.ENSP00000430684,IKBKB,GPR83,0.9
9606.ENSP00000430846,KCNB2,FAU,0.911
9606.ENSP00000430846,KCNB2,KCNAB3,0.908
9606.ENSP00000431254,IGLL5,LOC102723407,0.999
9606.ENSP00000431254,IGLL5,IGHV3-15,0.997
9606.ENSP00000431254,IGLL5,CD79A,0.984
9606.ENSP00000431254,IGLL5,IGHD,0.973
9606.ENSP00000431254,IGLL5,IGHV3-43D,0.972
9606.ENSP00000431254,IGLL5,CD79B,0.971
9606.ENSP00000431254,IGLL5,MAPT,0.968
9606.ENSP00000431254,IGLL5,LAIR1,0.968
9606.ENSP00000431254,IGLL5,NT5E,0.967
9606.ENSP00000431254,IGLL5,HAMP,0.967
9606.ENSP00000431254,IGLL5,F9,0.967
9606.ENSP00000431254,IGLL5,IGHV3-72,0.958
9606.ENSP00000431254,IGLL5,IGHV3-16,0.954
9606.ENSP00000431254,IGLL5,CD5,0.946
9606.ENSP00000431254,IGLL5,PLAT,0.946
9606.ENSP00000431254,IGLL5,IGHV1-3,0.945
9606.ENSP00000431254,IGLL5,TNFSF13B,0.936
9606.ENSP00000431254,IGLL5,B2M,0.934
9606.ENSP00000431254,IGLL5,SIRPA,0.933
9606.ENSP00000431254,IGLL5,HLA-A,0.93
9606.ENSP00000431254,IGLL5,FCGR2B,0.928
9606.ENSP00000431254,IGLL5,JCHAIN,0.923
9606.ENSP00000431254,IGLL5,IL2,0.921
9606.ENSP00000431254,IGLL5,IL6,0.919
9606.ENSP00000431254,IGLL5,FCGRT,0.919
9606.ENSP00000431254,IGLL5,EGFR,0.916
9606.ENSP00000431254,IGLL5,FAS,0.915
9606.ENSP00000431254,IGLL5,LILRB1,0.914
9606.ENSP00000431254,IGLL5,HPN,0.914
9606.ENSP00000431254,IGLL5,PROC,0.914
9606.ENSP00000431254,IGLL5,APOL1,0.913
9606.ENSP00000431254,IGLL5,IL17A,0.911
9606.ENSP00000431254,IGLL5,PCSK9,0.91
9606.ENSP00000431254,IGLL5,IL13,0.908
9606.ENSP00000431254,IGLL5,IL6R,0.908
9606.ENSP00000431254,IGLL5,CSF2,0.908
9606.ENSP00000431254,IGLL5,TLR3,0.908
9606.ENSP00000431254,IGLL5,IL15,0.907
9606.ENSP00000431254,IGLL5,LCAT,0.907
9606.ENSP00000431254,IGLL5,CLC,0.907
9606.ENSP00000431254,IGLL5,HAVCR2,0.906
9606.ENSP00000431254,IGLL5,BMPR1A,0.904
9606.ENSP00000431254,IGLL5,FGFR4,0.904
9606.ENSP00000431254,IGLL5,TNFRSF9,0.902
9606.ENSP00000431254,IGLL5,ERBB3,0.902
9606.ENSP00000431254,IGLL5,IL9,0.901
9606.ENSP00000431254,IGLL5,TNFRSF10B,0.901
9606.ENSP00000431254,IGLL5,TSHR,0.901
9606.ENSP00000431254,IGLL5,FGF19,0.9
9606.ENSP00000431254,IGLL5,MSTN,0.9
9606.ENSP00000431254,IGLL5,IGHV3OR16-9,0.9
9606.ENSP00000432511,JAK3,IL2,0.999
9606.ENSP00000432511,JAK3,IL2RG,0.999
9606.ENSP00000432511,JAK3,JAK1,0.999
9606.ENSP00000432511,JAK3,STAT5A,0.998
9606.ENSP00000432511,JAK3,IL4,0.998
9606.ENSP00000432511,JAK3,STAT3,0.998
9606.ENSP00000432511,JAK3,IL7,0.997
9606.ENSP00000432511,JAK3,STAT5B,0.997
9606.ENSP00000432511,JAK3,IL9,0.996
9606.ENSP00000432511,JAK3,IL15,0.996
9606.ENSP00000432511,JAK3,IL2RA,0.996
9606.ENSP00000432511,JAK3,STAT1,0.992
9606.ENSP00000432511,JAK3,STAM2,0.99
9606.ENSP00000432511,JAK3,STAT6,0.99
9606.ENSP00000432511,JAK3,IL4R,0.988
9606.ENSP00000432511,JAK3,IL7R,0.988
9606.ENSP00000432511,JAK3,STAM,0.986
9606.ENSP00000432511,JAK3,STAT2,0.982
9606.ENSP00000432511,JAK3,IL2RB,0.98
9606.ENSP00000432511,JAK3,JAK2,0.975
9606.ENSP00000432511,JAK3,STAT4,0.973
9606.ENSP00000432511,JAK3,PTPN2,0.971
9606.ENSP00000432511,JAK3,PIK3CA,0.967
9606.ENSP00000432511,JAK3,SOCS1,0.966
9606.ENSP00000432511,JAK3,PTPN11,0.962
9606.ENSP00000432511,JAK3,EGFR,0.956
9606.ENSP00000432511,JAK3,ERBB2,0.951
9606.ENSP00000432511,JAK3,ALK,0.95
9606.ENSP00000432511,JAK3,CSF3R,0.948
9606.ENSP00000432511,JAK3,IL21R,0.945
9606.ENSP00000432511,JAK3,LIFR,0.943
9606.ENSP00000432511,JAK3,PTK2B,0.942
9606.ENSP00000432511,JAK3,IL21,0.942
9606.ENSP00000432511,JAK3,SOCS3,0.939
9606.ENSP00000432511,JAK3,PTPN6,0.938
9606.ENSP00000432511,JAK3,PIK3CD,0.937
9606.ENSP00000432511,JAK3,IFNGR1,0.937
9606.ENSP00000432511,JAK3,IFNAR2,0.935
9606.ENSP00000432511,JAK3,EPOR,0.933
9606.ENSP00000432511,JAK3,IFNAR1,0.933
9606.ENSP00000432511,JAK3,PIK3R1,0.932
9606.ENSP00000432511,JAK3,EML4,0.929
9606.ENSP00000432511,JAK3,PIK3R2,0.925
9606.ENSP00000432511,JAK3,PIK3CB,0.923
9606.ENSP00000432511,JAK3,IL6ST,0.923
9606.ENSP00000432511,JAK3,CXCR4,0.914
9606.ENSP00000432511,JAK3,IL6,0.914
9606.ENSP00000432511,JAK3,PIK3R3,0.913
9606.ENSP00000432511,JAK3,TYK2,0.906
9606.ENSP00000432786,KDM2A,SKP1,0.979
9606.ENSP00000433277,MS4A1,CD19,0.976
9606.ENSP00000433277,MS4A1,MS4A3,0.96
9606.ENSP00000433277,MS4A1,CD79A,0.935
9606.ENSP00000433277,MS4A1,CD22,0.928
9606.ENSP00000433277,MS4A1,IGKV2D-29,0.922
9606.ENSP00000433277,MS4A1,IGHV3-43D,0.905
9606.ENSP00000433295,KCNJ5,KCNJ3,0.997
9606.ENSP00000433295,KCNJ5,PRKACA,0.932
9606.ENSP00000433295,KCNJ5,PRKACB,0.929
9606.ENSP00000433295,KCNJ5,PRKACG,0.925
9606.ENSP00000433295,KCNJ5,KCNJ6,0.924
9606.ENSP00000433295,KCNJ5,KCNJ9,0.917
9606.ENSP00000433295,KCNJ5,GABBR2,0.911
9606.ENSP00000433295,KCNJ5,GABBR1,0.91
9606.ENSP00000433295,KCNJ5,GNAI2,0.907
9606.ENSP00000433295,KCNJ5,GNAI1,0.904
9606.ENSP00000433295,KCNJ5,GNAI3,0.902
9606.ENSP00000434466,INTS4,INTS11,0.999
9606.ENSP00000434466,INTS4,INTS6,0.999
9606.ENSP00000434466,INTS4,INTS3,0.999
9606.ENSP00000434466,INTS4,INTS9,0.999
9606.ENSP00000434466,INTS4,INTS5,0.999
9606.ENSP00000434466,INTS4,INTS1,0.999
9606.ENSP00000434466,INTS4,INTS7,0.996
9606.ENSP00000434466,INTS4,INTS2,0.996
9606.ENSP00000434466,INTS4,INTS8,0.994
9606.ENSP00000434466,INTS4,INTS10,0.986
9606.ENSP00000434466,INTS4,INTS13,0.977
9606.ENSP00000434466,INTS4,INTS12,0.964
9606.ENSP00000434466,INTS4,INTS14,0.953
9606.ENSP00000434466,INTS4,SUPT5H,0.945
9606.ENSP00000434466,INTS4,PPP2R1A,0.933
9606.ENSP00000434466,INTS4,KIAA0513,0.919
9606.ENSP00000434466,INTS4,PPP2CA,0.918
9606.ENSP00000434466,INTS4,POLR2A,0.913
9606.ENSP00000434552,MAML2,RBPJ,0.999
9606.ENSP00000434552,MAML2,NOTCH1,0.999
9606.ENSP00000434552,MAML2,NOTCH3,0.978
9606.ENSP00000434552,MAML2,NOTCH4,0.971
9606.ENSP00000434552,MAML2,NOTCH2,0.968
9606.ENSP00000434552,MAML2,RBPJL,0.959
9606.ENSP00000434552,MAML2,EP300,0.95
9606.ENSP00000434552,MAML2,MAML1,0.95
9606.ENSP00000434552,MAML2,MAML3,0.937
9606.ENSP00000436786,KMT2A,WDR5,0.999
9606.ENSP00000436786,KMT2A,RBBP5,0.999
9606.ENSP00000436786,KMT2A,ASH2L,0.999
9606.ENSP00000436786,KMT2A,MEN1,0.999
9606.ENSP00000436786,KMT2A,KMT2D,0.997
9606.ENSP00000436786,KMT2A,DPY30,0.995
9606.ENSP00000436786,KMT2A,CREBBP,0.995
9606.ENSP00000436786,KMT2A,HCFC1,0.991
9606.ENSP00000436786,KMT2A,AFF1,0.99
9606.ENSP00000436786,KMT2A,H3C12,0.989
9606.ENSP00000436786,KMT2A,H3-4,0.989
9606.ENSP00000436786,KMT2A,PSIP1,0.988
9606.ENSP00000436786,KMT2A,H3C1,0.988
9606.ENSP00000436786,KMT2A,PPIE,0.986
9606.ENSP00000436786,KMT2A,H3-3B,0.985
9606.ENSP00000436786,KMT2A,H4C6,0.982
9606.ENSP00000436786,KMT2A,MLLT3,0.982
9606.ENSP00000436786,KMT2A,H3C13,0.98
9606.ENSP00000436786,KMT2A,KMT2B,0.973
9606.ENSP00000436786,KMT2A,KAT8,0.966
9606.ENSP00000436786,KMT2A,H2AC8,0.965
9606.ENSP00000436786,KMT2A,H3-2,0.962
9606.ENSP00000436786,KMT2A,MLLT1,0.962
9606.ENSP00000436786,KMT2A,H3-5,0.962
9606.ENSP00000436786,KMT2A,SENP3,0.96
9606.ENSP00000436786,KMT2A,H2BC11,0.958
9606.ENSP00000436786,KMT2A,H2BC12,0.958
9606.ENSP00000436786,KMT2A,MYB,0.955
9606.ENSP00000436786,KMT2A,H2AC6,0.953
9606.ENSP00000436786,KMT2A,KANSL1,0.953
9606.ENSP00000436786,KMT2A,TAF9,0.952
9606.ENSP00000436786,KMT2A,KMT2C,0.947
9606.ENSP00000436786,KMT2A,PHF20,0.946
9606.ENSP00000436786,KMT2A,TAF6,0.946
9606.ENSP00000436786,KMT2A,TAF1,0.946
9606.ENSP00000436786,KMT2A,CHD8,0.946
9606.ENSP00000436786,KMT2A,RNF2,0.943
9606.ENSP00000436786,KMT2A,H3C14,0.937
9606.ENSP00000436786,KMT2A,SETD1A,0.933
9606.ENSP00000436786,KMT2A,E2F6,0.93
9606.ENSP00000436786,KMT2A,H3-3A,0.926
9606.ENSP00000436786,KMT2A,H3C2,0.925
9606.ENSP00000436786,KMT2A,AFF4,0.924
9606.ENSP00000436786,KMT2A,MCRS1,0.92
9606.ENSP00000436786,KMT2A,H3C3,0.917
9606.ENSP00000436786,KMT2A,H3C6,0.917
9606.ENSP00000436786,KMT2A,CREB1,0.917
9606.ENSP00000436786,KMT2A,H3C8,0.915
9606.ENSP00000436786,KMT2A,H3C15,0.915
9606.ENSP00000436786,KMT2A,H3C11,0.915
9606.ENSP00000436786,KMT2A,H3C7,0.915
9606.ENSP00000436786,KMT2A,H3C10,0.915
9606.ENSP00000436786,KMT2A,H3C4,0.915
9606.ENSP00000436786,KMT2A,RUVBL2,0.913
9606.ENSP00000436786,KMT2A,RUVBL1,0.913
9606.ENSP00000436786,KMT2A,LAS1L,0.912
9606.ENSP00000436786,KMT2A,MGA,0.912
9606.ENSP00000436786,KMT2A,WDR5B,0.911
9606.ENSP00000436786,KMT2A,H2AC13,0.91
9606.ENSP00000436786,KMT2A,H2AC15,0.91
9606.ENSP00000436786,KMT2A,H2AC4,0.91
9606.ENSP00000436786,KMT2A,H2AC17,0.91
9606.ENSP00000436786,KMT2A,H2AC11,0.91
9606.ENSP00000436786,KMT2A,H2AC16,0.91
9606.ENSP00000436786,KMT2A,TAF4,0.909
9606.ENSP00000436786,KMT2A,PELP1,0.908
9606.ENSP00000436786,KMT2A,MAX,0.905
9606.ENSP00000436786,KMT2A,TEX10,0.904
9606.ENSP00000436786,KMT2A,C17orf49,0.904
9606.ENSP00000436786,KMT2A,PRPF31,0.902
9606.ENSP00000436786,KMT2A,SMARCB1,0.901
9606.ENSP00000436786,KMT2A,INO80C,0.9
9606.ENSP00000436786,KMT2A,TAF7,0.9
9606.ENSP00000437550,LATS1,YAP1,0.999
9606.ENSP00000437550,LATS1,MOB1A,0.999
9606.ENSP00000437550,LATS1,MOB1B,0.999
9606.ENSP00000437550,LATS1,SAV1,0.999
9606.ENSP00000437550,LATS1,NF2,0.997
9606.ENSP00000437550,LATS1,WWTR1,0.997
9606.ENSP00000437550,LATS1,LIMD1,0.995
9606.ENSP00000437550,LATS1,STK3,0.99
9606.ENSP00000437550,LATS1,LATS2,0.989
9606.ENSP00000437550,LATS1,AMOT,0.982
9606.ENSP00000437550,LATS1,WWC1,0.982
9606.ENSP00000437550,LATS1,AJUBA,0.974
9606.ENSP00000437550,LATS1,WTIP,0.969
9606.ENSP00000437550,LATS1,STK4,0.948
9606.ENSP00000437550,LATS1,ITCH,0.938
9606.ENSP00000437550,LATS1,NPHP4,0.923
9606.ENSP00000438388,KIF1A,TUBA1A,0.96
9606.ENSP00000438388,KIF1A,TUBB2B,0.939
9606.ENSP00000441929,MUC12,MUC13,0.98
9606.ENSP00000441929,MUC12,MUC2,0.951
9606.ENSP00000441929,MUC12,MUC15,0.95
9606.ENSP00000441929,MUC12,MUC20,0.938
9606.ENSP00000441929,MUC12,MUC1,0.937
9606.ENSP00000441929,MUC12,MUC5B,0.936
9606.ENSP00000441929,MUC12,MUC5AC,0.932
9606.ENSP00000441929,MUC12,MUC17,0.929
9606.ENSP00000441929,MUC12,MUC16,0.923
9606.ENSP00000441929,MUC12,MUC6,0.907
9606.ENSP00000441929,MUC12,MUC7,0.902
9606.ENSP00000442008,KIFC3,CAMSAP3,0.976
9606.ENSP00000442008,KIFC3,PLEKHA7,0.961
9606.ENSP00000442008,KIFC3,KIF11,0.957
9606.ENSP00000442424,IL22,IL22RA2,0.999
9606.ENSP00000442424,IL22,IL22RA1,0.999
9606.ENSP00000442424,IL22,IL10RB,0.999
9606.ENSP00000442424,IL22,IL17A,0.976
9606.ENSP00000442424,IL22,IL17F,0.971
9606.ENSP00000442424,IL22,IL20RA,0.951
9606.ENSP00000442424,IL22,IL23R,0.947
9606.ENSP00000442424,IL22,IL10,0.944
9606.ENSP00000442424,IL22,IFNG,0.939
9606.ENSP00000442424,IL22,IL10RA,0.938
9606.ENSP00000442424,IL22,STAT3,0.926
9606.ENSP00000442424,IL22,IFNLR1,0.915
9606.ENSP00000442424,IL22,CD4,0.913
9606.ENSP00000442424,IL22,IL20RB,0.907
9606.ENSP00000442424,IL22,IFNL2,0.901
9606.ENSP00000445920,MMAB,MMAA,0.989
9606.ENSP00000445920,MMAB,MMADHC,0.976
9606.ENSP00000445920,MMAB,MMUT,0.973
9606.ENSP00000445920,MMAB,LMBRD1,0.955
9606.ENSP00000445920,MMAB,MMACHC,0.948
9606.ENSP00000447378,MGAM,AMY2A,0.998
9606.ENSP00000447378,MGAM,AMY2B,0.998
9606.ENSP00000447378,MGAM,AMY1B,0.998
9606.ENSP00000447378,MGAM,MGAM2,0.985
9606.ENSP00000447378,MGAM,GLA,0.973
9606.ENSP00000447378,MGAM,PYGL,0.97
9606.ENSP00000447378,MGAM,PYGB,0.969
9606.ENSP00000447378,MGAM,PYGM,0.969
9606.ENSP00000447378,MGAM,AGL,0.96
9606.ENSP00000447378,MGAM,GBE1,0.949
9606.ENSP00000447378,MGAM,GAA,0.942
9606.ENSP00000447378,MGAM,HK3,0.927
9606.ENSP00000447378,MGAM,GANC,0.925
9606.ENSP00000447378,MGAM,HK1,0.922
9606.ENSP00000447378,MGAM,HKDC1,0.922
9606.ENSP00000447378,MGAM,HK2,0.922
9606.ENSP00000447378,MGAM,SI,0.909
9606.ENSP00000447488,LIN7A,MPP5,0.999
9606.ENSP00000447488,LIN7A,CASK,0.999
9606.ENSP00000447488,LIN7A,APBA1,0.992
9606.ENSP00000447488,LIN7A,MPP6,0.985
9606.ENSP00000447488,LIN7A,PATJ,0.975
9606.ENSP00000447488,LIN7A,MPP2,0.972
9606.ENSP00000447488,LIN7A,MPP7,0.958
9606.ENSP00000447488,LIN7A,GRIN2B,0.937
9606.ENSP00000447488,LIN7A,KIF17,0.919
9606.ENSP00000449038,MAP3K12,MAP2K7,0.946
9606.ENSP00000449038,MAP3K12,MBIP,0.919
9606.ENSP00000449381,MAPKAPK5,MAPK6,0.997
9606.ENSP00000449381,MAPKAPK5,HSPB1,0.995
9606.ENSP00000449381,MAPKAPK5,MAPK12,0.966
9606.ENSP00000449381,MAPKAPK5,MAPK14,0.956
9606.ENSP00000449381,MAPKAPK5,MAPK4,0.953
9606.ENSP00000449381,MAPKAPK5,MAPK11,0.953
9606.ENSP00000449381,MAPKAPK5,DNAJB1,0.947
9606.ENSP00000449381,MAPKAPK5,MAPK13,0.945
9606.ENSP00000451605,MC1R,POMC,0.999
9606.ENSP00000451605,MC1R,ASIP,0.999
9606.ENSP00000451605,MC1R,TYR,0.96
9606.ENSP00000451605,MC1R,OCA2,0.936
9606.ENSP00000451605,MC1R,TYRP1,0.934
9606.ENSP00000451605,MC1R,GNAS,0.929
9606.ENSP00000451605,MC1R,GNB1,0.909
9606.ENSP00000451605,MC1R,SLC45A2,0.909
9606.ENSP00000452007,ISCA2,IBA57,0.998
9606.ENSP00000452007,ISCA2,ISCA1,0.997
9606.ENSP00000452007,ISCA2,ISCU,0.979
9606.ENSP00000452007,ISCA2,GLRX5,0.971
9606.ENSP00000452007,ISCA2,NFU1,0.947
9606.ENSP00000452007,ISCA2,NFS1,0.922
9606.ENSP00000461930,MRPS21,MRPS15,0.998
9606.ENSP00000461930,MRPS21,MRPS11,0.998
9606.ENSP00000461930,MRPS21,MRPS6,0.998
9606.ENSP00000461930,MRPS21,MRPS18C,0.997
9606.ENSP00000461930,MRPS21,MRPS2,0.997
9606.ENSP00000461930,MRPS21,MRPS27,0.997
9606.ENSP00000461930,MRPS21,MRPS33,0.997
9606.ENSP00000461930,MRPS21,MRPS18B,0.996
9606.ENSP00000461930,MRPS21,MRPS5,0.996
9606.ENSP00000461930,MRPS21,MRPS31,0.996
9606.ENSP00000461930,MRPS21,MRPS9,0.995
9606.ENSP00000461930,MRPS21,MRPS34,0.994
9606.ENSP00000461930,MRPS21,MRPS14,0.993
9606.ENSP00000461930,MRPS21,MRPS10,0.993
9606.ENSP00000461930,MRPS21,CHCHD1,0.993
9606.ENSP00000461930,MRPS21,AURKAIP1,0.993
9606.ENSP00000461930,MRPS21,MRPS16,0.993
9606.ENSP00000461930,MRPS21,MRPS24,0.993
9606.ENSP00000461930,MRPS21,MRPS28,0.993
9606.ENSP00000461930,MRPS21,MRPS7,0.992
9606.ENSP00000461930,MRPS21,MRPS17,0.992
9606.ENSP00000461930,MRPS21,MRPS26,0.992
9606.ENSP00000461930,MRPS21,MRPS12,0.992
9606.ENSP00000461930,MRPS21,MRPS25,0.992
9606.ENSP00000461930,MRPS21,DAP3,0.991
9606.ENSP00000461930,MRPS21,MRPS23,0.991
9606.ENSP00000461930,MRPS21,MRPS22,0.991
9606.ENSP00000461930,MRPS21,MRPS18A,0.987
9606.ENSP00000461930,MRPS21,MRPL42,0.986
9606.ENSP00000461930,MRPS21,PTCD3,0.982
9606.ENSP00000461930,MRPS21,MRPS35,0.98
9606.ENSP00000461930,MRPS21,ERAL1,0.978
9606.ENSP00000461930,MRPS21,MRPS30,0.978
9606.ENSP00000461930,MRPS21,MRPL51,0.954
9606.ENSP00000461930,MRPS21,MRPL2,0.952
9606.ENSP00000461930,MRPS21,MRPL52,0.937
9606.ENSP00000461930,MRPS21,MRPL37,0.935
9606.ENSP00000461930,MRPS21,MRPL36,0.931
9606.ENSP00000461930,MRPS21,MRPL30,0.928
9606.ENSP00000461930,MRPS21,MRPL12,0.926
9606.ENSP00000461930,MRPS21,MRPL41,0.925
9606.ENSP00000461930,MRPS21,MRPL55,0.922
9606.ENSP00000461930,MRPS21,GADD45GIP1,0.922
9606.ENSP00000461930,MRPS21,MRPL10,0.92
9606.ENSP00000461930,MRPS21,hCG_1984214,0.92
9606.ENSP00000461930,MRPS21,MTIF3,0.92
9606.ENSP00000461930,MRPS21,MRPL24,0.919
9606.ENSP00000461930,MRPS21,MRPL11,0.919
9606.ENSP00000461930,MRPS21,RBFA,0.916
9606.ENSP00000461930,MRPS21,MRPL43,0.915
9606.ENSP00000461930,MRPS21,MRPL45,0.915
9606.ENSP00000461930,MRPS21,MRPL57,0.915
9606.ENSP00000461930,MRPS21,TUFM,0.915
9606.ENSP00000461930,MRPS21,MTIF2,0.913
9606.ENSP00000461930,MRPS21,MRPL34,0.911
9606.ENSP00000461930,MRPS21,MRPL19,0.91
9606.ENSP00000461930,MRPS21,MRPL20,0.905
9606.ENSP00000461930,MRPS21,MRPL53,0.904
9606.ENSP00000461930,MRPS21,MRPL58,0.901
9606.ENSP00000461930,MRPS21,MRPS36,0.9
9606.ENSP00000464030,IKBKE,IKBKG,0.999
9606.ENSP00000464030,IKBKE,IRF3,0.999
9606.ENSP00000464030,IKBKE,TBK1,0.999
9606.ENSP00000464030,IKBKE,TANK,0.999
9606.ENSP00000464030,IKBKE,TRAF3,0.999
9606.ENSP00000464030,IKBKE,TRAF6,0.999
9606.ENSP00000464030,IKBKE,MAVS,0.999
9606.ENSP00000464030,IKBKE,TNFRSF1A,0.998
9606.ENSP00000464030,IKBKE,TRAF2,0.998
9606.ENSP00000464030,IKBKE,TNF,0.998
9606.ENSP00000464030,IKBKE,DDX3X,0.996
9606.ENSP00000464030,IKBKE,IRF7,0.994
9606.ENSP00000464030,IKBKE,CYLD,0.994
9606.ENSP00000464030,IKBKE,SIKE1,0.989
9606.ENSP00000464030,IKBKE,STING1,0.988
9606.ENSP00000464030,IKBKE,AZI2,0.986
9606.ENSP00000464030,IKBKE,TLR3,0.979
9606.ENSP00000464030,IKBKE,DDX58,0.978
9606.ENSP00000464030,IKBKE,TBKBP1,0.975
9606.ENSP00000464030,IKBKE,IFIH1,0.97
9606.ENSP00000464030,IKBKE,STAT1,0.964
9606.ENSP00000464030,IKBKE,ZBP1,0.963
9606.ENSP00000464030,IKBKE,CHUK,0.954
9606.ENSP00000464030,IKBKE,LSP1,0.943
9606.ENSP00000464030,IKBKE,IFNB1,0.942
9606.ENSP00000464030,IKBKE,TICAM1,0.912
9606.ENSP00000468785,MBD1,ATF7IP,0.905
9606.ENSP00000470538,KLK7,SPINK5,0.903
9606.ENSP00000477713,LCK,PTPRC,0.999
9606.ENSP00000477713,LCK,LCP2,0.999
9606.ENSP00000477713,LCK,CD8A,0.999
9606.ENSP00000477713,LCK,ZAP70,0.999
9606.ENSP00000477713,LCK,CD4,0.999
9606.ENSP00000477713,LCK,CD28,0.998
9606.ENSP00000477713,LCK,FYN,0.998
9606.ENSP00000477713,LCK,CD247,0.996
9606.ENSP00000477713,LCK,VAV1,0.988
9606.ENSP00000477713,LCK,SYK,0.987
9606.ENSP00000477713,LCK,CD2,0.986
9606.ENSP00000477713,LCK,LAT,0.986
9606.ENSP00000477713,LCK,SQSTM1,0.985
9606.ENSP00000477713,LCK,CBL,0.982
9606.ENSP00000477713,LCK,CD3E,0.98
9606.ENSP00000477713,LCK,GRB2,0.974
9606.ENSP00000477713,LCK,CD3D,0.973
9606.ENSP00000477713,LCK,SH2D2A,0.966
9606.ENSP00000477713,LCK,DLG1,0.964
9606.ENSP00000477713,LCK,STAT3,0.959
9606.ENSP00000477713,LCK,CD48,0.957
9606.ENSP00000477713,LCK,CD5,0.957
9606.ENSP00000477713,LCK,LIME1,0.955
9606.ENSP00000477713,LCK,CBLB,0.94
9606.ENSP00000477713,LCK,PRKCQ,0.94
9606.ENSP00000477713,LCK,PIK3R1,0.939
9606.ENSP00000477713,LCK,PLCG1,0.938
9606.ENSP00000477713,LCK,HAVCR2,0.935
9606.ENSP00000477713,LCK,TYROBP,0.935
9606.ENSP00000477713,LCK,SKAP1,0.935
9606.ENSP00000477713,LCK,TRAF6,0.934
9606.ENSP00000477713,LCK,RHOH,0.932
9606.ENSP00000477713,LCK,CD3G,0.928
9606.ENSP00000477713,LCK,PTPN6,0.926
9606.ENSP00000477713,LCK,GRAP2,0.925
9606.ENSP00000477713,LCK,PTPN22,0.924
9606.ENSP00000477713,LCK,ITK,0.917
9606.ENSP00000477713,LCK,CD44,0.916
9606.ENSP00000477713,LCK,TRAF2,0.914
9606.ENSP00000477713,LCK,IL2,0.913
9606.ENSP00000477713,LCK,CD8B2,0.912
9606.ENSP00000477713,LCK,CSK,0.912
9606.ENSP00000477713,LCK,CTLA4,0.911
9606.ENSP00000477713,LCK,LYN,0.905
9606.ENSP00000478289,LOC102723407,IGLL5,0.999
9606.ENSP00000478289,LOC102723407,IGKV1-33,0.981
9606.ENSP00000478289,LOC102723407,IGLL1,0.98
9606.ENSP00000478289,LOC102723407,IGKV1D-33,0.976
9606.ENSP00000478289,LOC102723407,PIGR,0.969
9606.ENSP00000478289,LOC102723407,VPREB1,0.967
9606.ENSP00000478289,LOC102723407,CD79A,0.965
9606.ENSP00000478289,LOC102723407,HLA-G,0.963
9606.ENSP00000478289,LOC102723407,HLA-A,0.958
9606.ENSP00000478289,LOC102723407,SYK,0.955
9606.ENSP00000478289,LOC102723407,IGHV3-43D,0.955
9606.ENSP00000478289,LOC102723407,HLA-B,0.955
9606.ENSP00000478289,LOC102723407,HLA-F,0.953
9606.ENSP00000478289,LOC102723407,HLA-C,0.952
9606.ENSP00000478289,LOC102723407,HLA-E,0.951
9606.ENSP00000478289,LOC102723407,HLA-DRA,0.95
9606.ENSP00000478289,LOC102723407,CD79B,0.948
9606.ENSP00000478289,LOC102723407,LYN,0.947
9606.ENSP00000478289,LOC102723407,PLCG2,0.945
9606.ENSP00000478289,LOC102723407,EPOR,0.945
9606.ENSP00000478289,LOC102723407,IL2,0.944
9606.ENSP00000478289,LOC102723407,FCGR3A,0.942
9606.ENSP00000478289,LOC102723407,FCGR3B,0.941
9606.ENSP00000478289,LOC102723407,HLA-DRB5,0.937
9606.ENSP00000478289,LOC102723407,FCGR2B,0.934
9606.ENSP00000478289,LOC102723407,HLA-DQA1,0.934
9606.ENSP00000478289,LOC102723407,HLA-DPB1,0.932
9606.ENSP00000478289,LOC102723407,HLA-DQA2,0.93
9606.ENSP00000478289,LOC102723407,CTLA4,0.93
9606.ENSP00000478289,LOC102723407,HLA-DOB,0.929
9606.ENSP00000478289,LOC102723407,BCL2,0.929
9606.ENSP00000478289,LOC102723407,FCGR2A,0.929
9606.ENSP00000478289,LOC102723407,MS4A2,0.928
9606.ENSP00000478289,LOC102723407,C1S,0.924
9606.ENSP00000478289,LOC102723407,PDCD1,0.923
9606.ENSP00000478289,LOC102723407,ACVR2B,0.923
9606.ENSP00000478289,LOC102723407,EGFR,0.922
9606.ENSP00000478289,LOC102723407,MYC,0.922
9606.ENSP00000478289,LOC102723407,FCGR1A,0.922
9606.ENSP00000478289,LOC102723407,TNFRSF9,0.921
9606.ENSP00000478289,LOC102723407,MET,0.92
9606.ENSP00000478289,LOC102723407,C1R,0.92
9606.ENSP00000478289,LOC102723407,HAVCR2,0.92
9606.ENSP00000478289,LOC102723407,FCER1G,0.919
9606.ENSP00000478289,LOC102723407,PLG,0.917
9606.ENSP00000478289,LOC102723407,FCER1A,0.917
9606.ENSP00000478289,LOC102723407,HLA-DPA1,0.916
9606.ENSP00000478289,LOC102723407,FCAR,0.914
9606.ENSP00000478289,LOC102723407,HLA-DMB,0.913
9606.ENSP00000478289,LOC102723407,BCL6,0.913
9606.ENSP00000478289,LOC102723407,TNFRSF10B,0.911
9606.ENSP00000478289,LOC102723407,HLA-DOA,0.911
9606.ENSP00000478289,LOC102723407,PLCG1,0.91
9606.ENSP00000478289,LOC102723407,C1QB,0.909
9606.ENSP00000478289,LOC102723407,CCND1,0.909
9606.ENSP00000478289,LOC102723407,HLA-DMA,0.909
9606.ENSP00000478289,LOC102723407,C1QA,0.908
9606.ENSP00000478289,LOC102723407,C1QC,0.908
9606.ENSP00000478289,LOC102723407,ADRB1,0.907
9606.ENSP00000478289,LOC102723407,NGF,0.907
9606.ENSP00000478289,LOC102723407,TSHR,0.906
9606.ENSP00000478289,LOC102723407,LCAT,0.904
9606.ENSP00000478289,LOC102723407,KCNA3,0.9
9606.ENSP00000479708,MAL2,TPD52,0.948
9606.ENSP00000479708,MAL2,TPD52L2,0.924
9606.ENSP00000479889,IRAK4,TLR4,0.999
9606.ENSP00000479889,IRAK4,MYD88,0.999
9606.ENSP00000479889,IRAK4,IKBKG,0.999
9606.ENSP00000479889,IRAK4,IRAK2,0.999
9606.ENSP00000479889,IRAK4,TRAF6,0.999
9606.ENSP00000479889,IRAK4,IRAK1,0.999
9606.ENSP00000479889,IRAK4,IRF7,0.996
9606.ENSP00000479889,IRAK4,IL1R1,0.996
9606.ENSP00000479889,IRAK4,PELI1,0.995
9606.ENSP00000479889,IRAK4,TIRAP,0.995
9606.ENSP00000479889,IRAK4,TRAF3,0.994
9606.ENSP00000479889,IRAK4,CHUK,0.99
9606.ENSP00000479889,IRAK4,TAB2,0.983
9606.ENSP00000479889,IRAK4,TOLLIP,0.978
9606.ENSP00000479889,IRAK4,IRAK3,0.973
9606.ENSP00000479889,IRAK4,TAB1,0.971
9606.ENSP00000479889,IRAK4,TAB3,0.968
9606.ENSP00000479889,IRAK4,TLR7,0.963
9606.ENSP00000479889,IRAK4,PELI2,0.96
9606.ENSP00000479889,IRAK4,TICAM1,0.957
9606.ENSP00000479889,IRAK4,MAVS,0.943
9606.ENSP00000479889,IRAK4,TLR9,0.942
9606.ENSP00000479889,IRAK4,IL1B,0.938
9606.ENSP00000479889,IRAK4,IL1RAP,0.935
9606.ENSP00000479889,IRAK4,TLR2,0.935
9606.ENSP00000479889,IRAK4,IKBKB,0.935
9606.ENSP00000479889,IRAK4,TRAF2,0.932
9606.ENSP00000479889,IRAK4,MAP3K7,0.928
9606.ENSP00000479889,IRAK4,TLR8,0.921
9606.ENSP00000479889,IRAK4,IL1A,0.92
9606.ENSP00000479889,IRAK4,PPP2CA,0.909
9606.ENSP00000479889,IRAK4,PPP2CB,0.908
9606.ENSP00000479889,IRAK4,PELI3,0.908
9606.ENSP00000479889,IRAK4,PPP2R2A,0.906
9606.ENSP00000479889,IRAK4,TLR3,0.905
9606.ENSP00000479889,IRAK4,PPP2R2B,0.905
9606.ENSP00000479889,IRAK4,NGFR,0.902
9606.ENSP00000479889,IRAK4,PPP2R1B,0.901
9606.ENSP00000479889,IRAK4,PPP2R1A,0.901
9606.ENSP00000479889,IRAK4,PPP2R2D,0.9
9606.ENSP00000479889,IRAK4,PPP2R2C,0.9
9606.ENSP00000479910,MLLT6,MLLT10,0.982
9606.ENSP00000479910,MLLT6,MLLT3,0.98
9606.ENSP00000479910,MLLT6,MLLT1,0.974
9606.ENSP00000479910,MLLT6,DOT1L,0.971
9606.ENSP00000480637,MAGEA6,MAGEA3,0.999
9606.ENSP00000480637,MAGEA6,MAGEA12,0.999
9606.ENSP00000480637,MAGEA6,CSAG1,0.925
9606.ENSP00000481848,KCNN3,KCNMB4,0.982
9606.ENSP00000481848,KCNN3,KCNMA1,0.966
9606.ENSP00000481848,KCNN3,KCNU1,0.942
9606.ENSP00000481848,KCNN3,KCNMB1,0.936
9606.ENSP00000481848,KCNN3,KCNN2,0.931
9606.ENSP00000481848,KCNN3,KCNMB2,0.931
9606.ENSP00000481848,KCNN3,KCNMB3,0.929
9606.ENSP00000481848,KCNN3,KCNN4,0.923
9606.ENSP00000481848,KCNN3,ORAI1,0.918
9606.ENSP00000481848,KCNN3,PRKCA,0.912
9606.ENSP00000481848,KCNN3,PRKCG,0.911
9606.ENSP00000481848,KCNN3,PRKCB,0.91
9606.ENSP00000481848,KCNN3,KCNN1,0.907
9606.ENSP00000482335,MAP7,TUBA1B,0.906
9606.ENSP00000482335,MAP7,TUBB2B,0.903
9606.ENSP00000482657,MAP3K14,CHUK,0.997
9606.ENSP00000482657,MAP3K14,TRAF2,0.995
9606.ENSP00000482657,MAP3K14,IKBKG,0.994
9606.ENSP00000482657,MAP3K14,TRAF3,0.994
9606.ENSP00000482657,MAP3K14,TRAF6,0.993
9606.ENSP00000482657,MAP3K14,IKBKB,0.991
9606.ENSP00000482657,MAP3K14,LTBR,0.968
9606.ENSP00000482657,MAP3K14,NFKB2,0.966
9606.ENSP00000482657,MAP3K14,MAP3K7,0.959
9606.ENSP00000482657,MAP3K14,TRAF5,0.945
9606.ENSP00000482657,MAP3K14,MAP3K8,0.942
9606.ENSP00000482657,MAP3K14,TAB1,0.926
9606.ENSP00000482657,MAP3K14,TAB2,0.922
9606.ENSP00000482657,MAP3K14,PAK1,0.917
9606.ENSP00000482657,MAP3K14,TAB3,0.905
9606.ENSP00000482657,MAP3K14,RELB,0.903
9606.ENSP00000484824,MUC1,EGFR,0.999
9606.ENSP00000484824,MUC1,CTNNB1,0.998
9606.ENSP00000484824,MUC1,LGALS3,0.995
9606.ENSP00000484824,MUC1,SRC,0.994
9606.ENSP00000484824,MUC1,ICAM1,0.993
9606.ENSP00000484824,MUC1,MUC4,0.99
9606.ENSP00000484824,MUC1,MUC5AC,0.987
9606.ENSP00000484824,MUC1,SIGLEC1,0.982
9606.ENSP00000484824,MUC1,ERBB2,0.979
9606.ENSP00000484824,MUC1,MUC6,0.977
9606.ENSP00000484824,MUC1,MUC2,0.972
9606.ENSP00000484824,MUC1,MUC15,0.97
9606.ENSP00000484824,MUC1,MUC5B,0.969
9606.ENSP00000484824,MUC1,SIGLEC9,0.967
9606.ENSP00000484824,MUC1,TP53,0.966
9606.ENSP00000484824,MUC1,CD209,0.965
9606.ENSP00000484824,MUC1,MUC7,0.964
9606.ENSP00000484824,MUC1,MUC20,0.953
9606.ENSP00000484824,MUC1,MUC16,0.951
9606.ENSP00000484824,MUC1,MUC13,0.943
9606.ENSP00000484824,MUC1,IKBKB,0.941
9606.ENSP00000484824,MUC1,MUC12,0.937
9606.ENSP00000484824,MUC1,CEACAM5,0.925
9606.ENSP00000484824,MUC1,GALNT4,0.923
9606.ENSP00000484824,MUC1,GSK3B,0.922
9606.ENSP00000484824,MUC1,GRB2,0.921
9606.ENSP00000484824,MUC1,EPCAM,0.92
9606.ENSP00000491427,INTS6L,INTS6,0.998
9606.ENSP00000491427,INTS6L,INTS3,0.998
9606.ENSP00000491427,INTS6L,INTS5,0.997
9606.ENSP00000491427,INTS6L,INTS1,0.997
9606.ENSP00000491657,LPP,LASP1,0.95
9606.ENSP00000494061,MUC2,MUC6,0.993
9606.ENSP00000494061,MUC2,MUC1,0.972
9606.ENSP00000494061,MUC2,MUC4,0.972
9606.ENSP00000494061,MUC2,MUC7,0.966
9606.ENSP00000494061,MUC2,MUC13,0.961
9606.ENSP00000494061,MUC2,MUC12,0.951
9606.ENSP00000494061,MUC2,MUC17,0.945
9606.ENSP00000494061,MUC2,MUC20,0.93
9606.ENSP00000494061,MUC2,MUC5AC,0.909
9606.ENSP00000494061,MUC2,MUC3A,0.908
9606.ENSP00000494061,MUC2,TFF3,0.901
9606.ENSP00000494352,KDSR,SPTLC1,0.996
9606.ENSP00000494352,KDSR,SPTLC2,0.99
9606.ENSP00000494352,KDSR,SPTLC3,0.989
9606.ENSP00000494352,KDSR,CERS6,0.975
9606.ENSP00000494352,KDSR,CERS2,0.974
9606.ENSP00000494352,KDSR,DEGS1,0.974
9606.ENSP00000494352,KDSR,CERS3,0.969
9606.ENSP00000494352,KDSR,DEGS2,0.967
9606.ENSP00000494352,KDSR,CERS5,0.967
9606.ENSP00000494352,KDSR,CERS4,0.965
9606.ENSP00000494352,KDSR,SPHK2,0.963
9606.ENSP00000494352,KDSR,SPHK1,0.963
9606.ENSP00000494352,KDSR,ASAH1,0.956
9606.ENSP00000494352,KDSR,ASAH2,0.954
9606.ENSP00000494352,KDSR,ACER3,0.945
9606.ENSP00000494352,KDSR,SGPP1,0.942
9606.ENSP00000494352,KDSR,SGPP2,0.93
9606.ENSP00000494352,KDSR,PLPP2,0.929
9606.ENSP00000494352,KDSR,PLPP3,0.917
9606.ENSP00000494373,MTAP,MRI1,0.991
9606.ENSP00000494373,MTAP,SMS,0.986
9606.ENSP00000494373,MTAP,APRT,0.986
9606.ENSP00000494373,MTAP,SRM,0.985
9606.ENSP00000494373,MTAP,CDKN2A,0.931
9606.ENSP00000496779,LZTR1,CUL3,0.998
9606.ENSP00000496779,LZTR1,KLHL22,0.949
9606.ENSP00000496779,LZTR1,KRAS,0.921
9606.ENSP00000496779,LZTR1,KLHL3,0.921
9606.ENSP00000496779,LZTR1,GAN,0.915
9606.ENSP00000496779,LZTR1,ZSWIM8,0.915
9606.ENSP00000496779,LZTR1,KLHL21,0.913
9606.ENSP00000496779,LZTR1,KLHL8,0.912
9606.ENSP00000496779,LZTR1,KBTBD8,0.912
9606.ENSP00000496779,LZTR1,KLHL7,0.911
9606.ENSP00000496779,LZTR1,SPOP,0.909
9606.ENSP00000496779,LZTR1,KEAP1,0.909
9606.ENSP00000496779,LZTR1,KLHL20,0.908
9606.ENSP00000496779,LZTR1,KLHL25,0.906
9606.ENSP00000496779,LZTR1,RBX1,0.906
9606.ENSP00000496779,LZTR1,KLHL12,0.905
9606.ENSP00000496779,LZTR1,KLHL41,0.905
9606.ENSP00000496779,LZTR1,KCTD13,0.904
9606.ENSP00000496779,LZTR1,KBTBD6,0.904
9606.ENSP00000496779,LZTR1,KCTD17,0.904
9606.ENSP00000496779,LZTR1,KBTBD7,0.903
9606.ENSP00000496779,LZTR1,TNFAIP1,0.903
9606.ENSP00000496779,LZTR1,KLHL9,0.902
9606.ENSP00000496779,LZTR1,KLHL42,0.902
9606.ENSP00000496779,LZTR1,SPOPL,0.901
9606.ENSP00000496779,LZTR1,KLHL13,0.9
9606.ENSP00000496779,LZTR1,ENC1,0.9
9606.ENSP00000497069,IGF1R,ESR1,0.999
9606.ENSP00000497069,IGF1R,SHC1,0.999
9606.ENSP00000497069,IGF1R,IGF1,0.999
9606.ENSP00000497069,IGF1R,INS,0.999
9606.ENSP00000497069,IGF1R,IGF2,0.999
9606.ENSP00000497069,IGF1R,IRS1,0.999
9606.ENSP00000497069,IGF1R,IRS2,0.998
9606.ENSP00000497069,IGF1R,EGF,0.997
9606.ENSP00000497069,IGF1R,INSR,0.997
9606.ENSP00000497069,IGF1R,SRC,0.996
9606.ENSP00000497069,IGF1R,GRB10,0.996
9606.ENSP00000497069,IGF1R,PIK3R1,0.994
9606.ENSP00000497069,IGF1R,PTPN1,0.993
9606.ENSP00000497069,IGF1R,ERBB2,0.993
9606.ENSP00000497069,IGF1R,PIK3R3,0.99
9606.ENSP00000497069,IGF1R,EGFR,0.989
9606.ENSP00000497069,IGF1R,GRB2,0.985
9606.ENSP00000497069,IGF1R,CTNNB1,0.985
9606.ENSP00000497069,IGF1R,APPL1,0.982
9606.ENSP00000497069,IGF1R,JAK2,0.981
9606.ENSP00000497069,IGF1R,MDM2,0.981
9606.ENSP00000497069,IGF1R,PIK3CA,0.978
9606.ENSP00000497069,IGF1R,PTK2,0.978
9606.ENSP00000497069,IGF1R,CAV1,0.971
9606.ENSP00000497069,IGF1R,PIK3CB,0.971
9606.ENSP00000497069,IGF1R,KRAS,0.971
9606.ENSP00000497069,IGF1R,IRS4,0.968
9606.ENSP00000497069,IGF1R,PIK3R2,0.964
9606.ENSP00000497069,IGF1R,JAK1,0.964
9606.ENSP00000497069,IGF1R,INSRR,0.96
9606.ENSP00000497069,IGF1R,NRAS,0.96
9606.ENSP00000497069,IGF1R,IGFBP3,0.96
9606.ENSP00000497069,IGF1R,HGF,0.955
9606.ENSP00000497069,IGF1R,TSHR,0.951
9606.ENSP00000497069,IGF1R,PIK3CD,0.95
9606.ENSP00000497069,IGF1R,SHC3,0.949
9606.ENSP00000497069,IGF1R,HRAS,0.949
9606.ENSP00000497069,IGF1R,KL,0.946
9606.ENSP00000497069,IGF1R,SHC4,0.945
9606.ENSP00000497069,IGF1R,INS-IGF2,0.937
9606.ENSP00000497069,IGF1R,GNAI1,0.937
9606.ENSP00000497069,IGF1R,GAB1,0.935
9606.ENSP00000497069,IGF1R,PTPN11,0.935
9606.ENSP00000497069,IGF1R,NEDD4,0.934
9606.ENSP00000497069,IGF1R,ERBB3,0.933
9606.ENSP00000497069,IGF1R,ITGB3,0.932
9606.ENSP00000497069,IGF1R,CRKL,0.931
9606.ENSP00000497069,IGF1R,GNAS,0.927
9606.ENSP00000497069,IGF1R,PRKACB,0.921
9606.ENSP00000497069,IGF1R,STAT3,0.921
9606.ENSP00000497069,IGF1R,PLCG1,0.921
9606.ENSP00000497069,IGF1R,PRKACA,0.921
9606.ENSP00000497069,IGF1R,PRKACG,0.92
9606.ENSP00000497069,IGF1R,GNA12,0.917
9606.ENSP00000497069,IGF1R,GNA13,0.916
9606.ENSP00000497069,IGF1R,GNAI2,0.916
9606.ENSP00000497069,IGF1R,SHC2,0.916
9606.ENSP00000497069,IGF1R,PLCG2,0.91
9606.ENSP00000497069,IGF1R,GNAZ,0.91
9606.ENSP00000497069,IGF1R,GNAI3,0.91
9606.ENSP00000497069,IGF1R,BDNF,0.907
9606.ENSP00000497069,IGF1R,FGF2,0.9
9606.ENSP00000497609,INO80,INO80E,0.999
9606.ENSP00000497609,INO80,RUVBL2,0.999
9606.ENSP00000497609,INO80,ACTR5,0.999
9606.ENSP00000497609,INO80,RUVBL1,0.999
9606.ENSP00000497609,INO80,INO80B,0.999
9606.ENSP00000497609,INO80,NFRKB,0.996
9606.ENSP00000497609,INO80,INO80C,0.993
9606.ENSP00000497609,INO80,ACTR8,0.992
9606.ENSP00000497609,INO80,YY1,0.992
9606.ENSP00000497609,INO80,UCHL5,0.99
9606.ENSP00000497609,INO80,MCRS1,0.989
9606.ENSP00000497609,INO80,ACTL6A,0.986
9606.ENSP00000497609,INO80,TFPT,0.979
9606.ENSP00000497609,INO80,INO80D,0.972
9606.ENSP00000497609,INO80,TRRAP,0.961
9606.ENSP00000497609,INO80,KAT5,0.948
9606.ENSP00000497609,INO80,H4C6,0.938
9606.ENSP00000497609,INO80,EP400,0.934
9606.ENSP00000497609,INO80,H3C12,0.924
9606.ENSP00000497609,INO80,H3C3,0.921
9606.ENSP00000497609,INO80,H3C6,0.921
9606.ENSP00000497609,INO80,ING3,0.916
9606.ENSP00000497609,INO80,H3C11,0.914
9606.ENSP00000497609,INO80,H3C8,0.914
9606.ENSP00000497609,INO80,H3C7,0.914
9606.ENSP00000497609,INO80,H3C10,0.914
9606.ENSP00000497609,INO80,H3C2,0.914
9606.ENSP00000497609,INO80,H3C1,0.914
9606.ENSP00000497609,INO80,H3C4,0.914
9606.ENSP00000497609,INO80,BRD8,0.908
9606.ENSP00000497609,INO80,ANP32E,0.908
9606.ENSP00000497997,MALT1,CARD9,0.999
9606.ENSP00000497997,MALT1,BCL10,0.999
9606.ENSP00000497997,MALT1,TRAF6,0.999
9606.ENSP00000497997,MALT1,CARD11,0.999
9606.ENSP00000497997,MALT1,CARD10,0.999
9606.ENSP00000497997,MALT1,CASP8,0.998
9606.ENSP00000497997,MALT1,IKBKG,0.998
9606.ENSP00000497997,MALT1,IKBKB,0.985
9606.ENSP00000497997,MALT1,CHUK,0.968
9606.ENSP00000497997,MALT1,CARD14,0.929
9606.ENSP00000497997,MALT1,MAPK14,0.924
9606.ENSP00000497997,MALT1,MAPK3,0.924
9606.ENSP00000497997,MALT1,MAPK1,0.922
9606.ENSP00000497997,MALT1,MAPK9,0.922
9606.ENSP00000497997,MALT1,MAPK8,0.921
9606.ENSP00000497997,MALT1,MAPK12,0.917
9606.ENSP00000497997,MALT1,MAPK11,0.915
9606.ENSP00000497997,MALT1,MAPK13,0.915
9606.ENSP00000497997,MALT1,PRKCQ,0.913
9606.ENSP00000497997,MALT1,TAB2,0.904
9606.ENSP00000498083,MKNK1,MAPK1,0.999
9606.ENSP00000498083,MKNK1,EIF4G1,0.99
9606.ENSP00000498083,MKNK1,EIF4E,0.965
9606.ENSP00000498083,MKNK1,MAPK3,0.956
9606.ENSP00000498083,MKNK1,MKNK2,0.945
9606.ENSP00000498083,MKNK1,EIF4A2,0.928
9606.ENSP00000498083,MKNK1,EIF4A1,0.927
9606.ENSP00000498083,MKNK1,MAPK14,0.916
9606.ENSP00000498083,MKNK1,EIF4E2,0.915
9606.ENSP00000498083,MKNK1,EIF4G2,0.912
9606.ENSP00000498083,MKNK1,EIF4E1B,0.912
9606.ENSP00000498083,MKNK1,ATF4,0.911
9606.ENSP00000498251,MTUS2,CTLA4,0.926
9606.ENSP00000498251,MTUS2,CD274,0.909
9606.ENSP00000498251,MTUS2,MAPRE1,0.903
9606.ENSP00000498671,MRTFA,SRF,0.999
9606.ENSP00000498671,MRTFA,ENSP00000428055,0.955
9606.ENSP00000498671,MRTFA,ADHFE1,0.955
9606.ENSP00000498671,MRTFA,RBM15,0.954
9606.ENSP00000498671,MRTFA,ACTA1,0.917
9606.ENSP00000499786,ITCH,RNF11,0.995
9606.ENSP00000499786,ITCH,UBC,0.993
9606.ENSP00000499786,ITCH,NUMB,0.992
9606.ENSP00000499786,ITCH,CFLAR,0.992
9606.ENSP00000499786,ITCH,RPS27A,0.989
9606.ENSP00000499786,ITCH,TXNIP,0.989
9606.ENSP00000499786,ITCH,PCBP2,0.979
9606.ENSP00000499786,ITCH,UBE2L3,0.977
9606.ENSP00000499786,ITCH,UBA52,0.973
9606.ENSP00000499786,ITCH,UBB,0.973
9606.ENSP00000499786,ITCH,MAPK8,0.958
9606.ENSP00000499786,ITCH,TAX1BP1,0.943
9606.ENSP00000499786,ITCH,MAPK9,0.94
9606.ENSP00000499786,ITCH,LATS1,0.938
9606.ENSP00000499786,ITCH,WWP1,0.937
9606.ENSP00000499786,ITCH,UBE2D2,0.927
9606.ENSP00000499786,ITCH,ERBB4,0.924
9606.ENSP00000499786,ITCH,CYLD,0.912
9606.ENSP00000499786,ITCH,TP73,0.905
9606.ENSP00000499786,ITCH,JUN,0.9
9606.ENSP00000499900,JAK1,IFNGR1,0.999
9606.ENSP00000499900,JAK1,IFNAR1,0.999
9606.ENSP00000499900,JAK1,STAT5B,0.999
9606.ENSP00000499900,JAK1,IL10RA,0.999
9606.ENSP00000499900,JAK1,JAK3,0.999
9606.ENSP00000499900,JAK1,SOCS1,0.999
9606.ENSP00000499900,JAK1,IL2RG,0.999
9606.ENSP00000499900,JAK1,IFNAR2,0.999
9606.ENSP00000499900,JAK1,JAK2,0.999
9606.ENSP00000499900,JAK1,STAT1,0.999
9606.ENSP00000499900,JAK1,STAT5A,0.999
9606.ENSP00000499900,JAK1,IL4R,0.999
9606.ENSP00000499900,JAK1,SOCS3,0.999
9606.ENSP00000499900,JAK1,IFNLR1,0.999
9606.ENSP00000499900,JAK1,STAT3,0.999
9606.ENSP00000499900,JAK1,TYK2,0.998
9606.ENSP00000499900,JAK1,IL6ST,0.998
9606.ENSP00000499900,JAK1,IL10RB,0.998
9606.ENSP00000499900,JAK1,IFNGR2,0.998
9606.ENSP00000499900,JAK1,IL2RB,0.998
9606.ENSP00000499900,JAK1,IL4,0.997
9606.ENSP00000499900,JAK1,STAT6,0.996
9606.ENSP00000499900,JAK1,STAT2,0.996
9606.ENSP00000499900,JAK1,IL6,0.996
9606.ENSP00000499900,JAK1,PTPN11,0.994
9606.ENSP00000499900,JAK1,IL7R,0.994
9606.ENSP00000499900,JAK1,IRF9,0.994
9606.ENSP00000499900,JAK1,IFNG,0.993
9606.ENSP00000499900,JAK1,OSMR,0.992
9606.ENSP00000499900,JAK1,IFNA1,0.992
9606.ENSP00000499900,JAK1,IL2,0.989
9606.ENSP00000499900,JAK1,STAT4,0.988
9606.ENSP00000499900,JAK1,IL22RA1,0.986
9606.ENSP00000499900,JAK1,IL6R,0.986
9606.ENSP00000499900,JAK1,IL21R,0.982
9606.ENSP00000499900,JAK1,IL27RA,0.978
9606.ENSP00000499900,JAK1,IL2RA,0.978
9606.ENSP00000499900,JAK1,PTPN6,0.978
9606.ENSP00000499900,JAK1,LIFR,0.978
9606.ENSP00000499900,JAK1,IL10,0.976
9606.ENSP00000499900,JAK1,IL13RA1,0.973
9606.ENSP00000499900,JAK1,EGFR,0.97
9606.ENSP00000499900,JAK1,IL31RA,0.969
9606.ENSP00000499900,JAK1,PIK3CA,0.969
9606.ENSP00000499900,JAK1,IL9,0.968
9606.ENSP00000499900,JAK1,EPOR,0.968
9606.ENSP00000499900,JAK1,IL7,0.965
9606.ENSP00000499900,JAK1,IGF1R,0.964
9606.ENSP00000499900,JAK1,IL12RB1,0.962
9606.ENSP00000499900,JAK1,PTPN2,0.961
9606.ENSP00000499900,JAK1,CSF3R,0.961
9606.ENSP00000499900,JAK1,ERBB2,0.959
9606.ENSP00000499900,JAK1,STAM2,0.958
9606.ENSP00000499900,JAK1,IL15,0.952
9606.ENSP00000499900,JAK1,PIK3R3,0.947
9606.ENSP00000499900,JAK1,ERBB3,0.947
9606.ENSP00000499900,JAK1,KDR,0.947
9606.ENSP00000499900,JAK1,IL20RA,0.946
9606.ENSP00000499900,JAK1,PIK3CD,0.945
9606.ENSP00000499900,JAK1,ALK,0.944
9606.ENSP00000499900,JAK1,IL9R,0.943
9606.ENSP00000499900,JAK1,PIK3R1,0.939
9606.ENSP00000499900,JAK1,IL21,0.938
9606.ENSP00000499900,JAK1,IFNA2,0.937
9606.ENSP00000499900,JAK1,IRS1,0.933
9606.ENSP00000499900,JAK1,PIK3CB,0.933
9606.ENSP00000499900,JAK1,IFNB1,0.932
9606.ENSP00000499900,JAK1,EML4,0.924
9606.ENSP00000499900,JAK1,IL13RA2,0.924
9606.ENSP00000499900,JAK1,PIK3R2,0.921
9606.ENSP00000499900,JAK1,PDGFRB,0.921
9606.ENSP00000499900,JAK1,SOCS5,0.92
9606.ENSP00000499900,JAK1,PDGFRA,0.919
9606.ENSP00000499900,JAK1,CRLF2,0.917
9606.ENSP00000499900,JAK1,MET,0.917
9606.ENSP00000499900,JAK1,APLNR,0.916
9606.ENSP00000499900,JAK1,FGFR3,0.915
9606.ENSP00000499900,JAK1,AXL,0.914
9606.ENSP00000499900,JAK1,IL17D,0.913
9606.ENSP00000499900,JAK1,FGFR2,0.913
9606.ENSP00000499900,JAK1,STAM,0.912
9606.ENSP00000499900,JAK1,IFNL1,0.911
9606.ENSP00000499900,JAK1,OSM,0.907
9606.ENSP00000499900,JAK1,IFNL2,0.903
9606.ENSP00000499900,JAK1,CSF2RB,0.9
9606.ENSP00000501277,LDB1,LHX3,0.999
9606.ENSP00000501277,LDB1,LMO2,0.999
9606.ENSP00000501277,LDB1,TAL1,0.999
9606.ENSP00000501277,LDB1,ISL1,0.998
9606.ENSP00000501277,LDB1,GATA1,0.998
9606.ENSP00000501277,LDB1,TCF3,0.997
9606.ENSP00000501277,LDB1,SSBP2,0.997
9606.ENSP00000501277,LDB1,LMO1,0.996
9606.ENSP00000501277,LDB1,GATA2,0.994
9606.ENSP00000501277,LDB1,CBFA2T3,0.991
9606.ENSP00000501277,LDB1,SSBP3,0.984
9606.ENSP00000501277,LDB1,LHX2,0.984
9606.ENSP00000501277,LDB1,LMO4,0.979
9606.ENSP00000501277,LDB1,LMX1B,0.976
9606.ENSP00000501277,LDB1,LYL1,0.968
9606.ENSP00000501277,LDB1,LHX6,0.966
9606.ENSP00000501277,LDB1,TCF12,0.964
9606.ENSP00000501277,LDB1,LHX9,0.957
9606.ENSP00000501277,LDB1,SSBP4,0.95
9606.ENSP00000501277,LDB1,RUNX1,0.944
9606.ENSP00000501277,LDB1,LHX4,0.944
9606.ENSP00000501277,LDB1,ZFPM1,0.942
9606.ENSP00000501277,LDB1,ISL2,0.937
9606.ENSP00000501277,LDB1,LHX1,0.933
9606.ENSP00000501277,LDB1,GATA3,0.932
9606.ENSP00000501277,LDB1,BCL9L,0.926
9606.ENSP00000501277,LDB1,BCL9,0.92
9606.ENSP00000501277,LDB1,TLE3,0.919
9606.ENSP00000501277,LDB1,CTNNB1,0.918
9606.ENSP00000501277,LDB1,RLIM,0.917
9606.ENSP00000501277,LDB1,TLE4,0.915
9606.ENSP00000501277,LDB1,PYGO2,0.914
9606.ENSP00000501277,LDB1,TLE1,0.914
9606.ENSP00000501277,LDB1,TCF4,0.912
9606.ENSP00000501277,LDB1,BEX2,0.903
9606.ENSP00000501277,LDB1,LMO3,0.902
9606.ENSP00000056233,NFE2L3,MAFK,0.969
9606.ENSP00000056233,NFE2L3,MAFG,0.937
9606.ENSP00000056233,NFE2L3,MAF,0.905
9606.ENSP00000199447,NME8,DNAI1,0.982
9606.ENSP00000199447,NME8,DNAI2,0.981
9606.ENSP00000199447,NME8,DNAH5,0.976
9606.ENSP00000199447,NME8,DNAH11,0.942
9606.ENSP00000199447,NME8,CCDC114,0.94
9606.ENSP00000199447,NME8,RSPH4A,0.917
9606.ENSP00000199447,NME8,RSPH9,0.915
9606.ENSP00000199447,NME8,DNAAF2,0.9
9606.ENSP00000200453,PPP1R15A,EIF2S1,0.999
9606.ENSP00000200453,PPP1R15A,PPP1CA,0.998
9606.ENSP00000200453,PPP1R15A,PPP1CC,0.997
9606.ENSP00000200453,PPP1R15A,PPP1CB,0.996
9606.ENSP00000200453,PPP1R15A,ATF4,0.979
9606.ENSP00000200453,PPP1R15A,MT-CO1,0.975
9606.ENSP00000200453,PPP1R15A,MT-CO3,0.975
9606.ENSP00000200453,PPP1R15A,UQCRFS1,0.975
9606.ENSP00000200453,PPP1R15A,CYC1,0.975
9606.ENSP00000200453,PPP1R15A,MT-CO2,0.975
9606.ENSP00000200453,PPP1R15A,MT-ND4,0.95
9606.ENSP00000200453,PPP1R15A,DDIT3,0.949
9606.ENSP00000200453,PPP1R15A,MT-ND1,0.948
9606.ENSP00000200453,PPP1R15A,SMAD7,0.945
9606.ENSP00000200453,PPP1R15A,NDUFS8,0.915
9606.ENSP00000200453,PPP1R15A,ACTA1,0.904
9606.ENSP00000200453,PPP1R15A,EIF2AK3,0.901
9606.ENSP00000216181,MYH9,MYL6,0.998
9606.ENSP00000216181,MYH9,MYL12B,0.998
9606.ENSP00000216181,MYH9,S100A4,0.997
9606.ENSP00000216181,MYH9,ACTB,0.991
9606.ENSP00000216181,MYH9,MYL9,0.99
9606.ENSP00000216181,MYH9,MYL12A,0.985
9606.ENSP00000216181,MYH9,MYH10,0.985
9606.ENSP00000216181,MYH9,ACTG1,0.978
9606.ENSP00000216181,MYH9,MYL6B,0.974
9606.ENSP00000216181,MYH9,MYL2,0.964
9606.ENSP00000216181,MYH9,CD163,0.955
9606.ENSP00000216181,MYH9,ACTA2,0.953
9606.ENSP00000216181,MYH9,MYL1,0.947
9606.ENSP00000216181,MYH9,ACTG2,0.944
9606.ENSP00000216181,MYH9,MSN,0.941
9606.ENSP00000216181,MYH9,MYH11,0.937
9606.ENSP00000216181,MYH9,MYH14,0.932
9606.ENSP00000216181,MYH9,ACTN4,0.926
9606.ENSP00000216181,MYH9,MYH2,0.915
9606.ENSP00000216181,MYH9,MYH1,0.914
9606.ENSP00000216181,MYH9,MYH8,0.914
9606.ENSP00000216181,MYH9,MYH13,0.914
9606.ENSP00000216181,MYH9,EZR,0.914
9606.ENSP00000216181,MYH9,MYH7,0.913
9606.ENSP00000216181,MYH9,MYH6,0.913
9606.ENSP00000216252,PHF5A,SF3B1,0.999
9606.ENSP00000216252,PHF5A,SF3A3,0.999
9606.ENSP00000216252,PHF5A,SF3B6,0.999
9606.ENSP00000216252,PHF5A,SF3B4,0.999
9606.ENSP00000216252,PHF5A,RBMX2,0.999
9606.ENSP00000216252,PHF5A,SF3B5,0.999
9606.ENSP00000216252,PHF5A,SNRPG,0.999
9606.ENSP00000216252,PHF5A,SF3A2,0.999
9606.ENSP00000216252,PHF5A,SNRPB2,0.999
9606.ENSP00000216252,PHF5A,SART1,0.999
9606.ENSP00000216252,PHF5A,SNRNP200,0.999
9606.ENSP00000216252,PHF5A,SF3B3,0.999
9606.ENSP00000216252,PHF5A,SF3B2,0.999
9606.ENSP00000216252,PHF5A,DHX16,0.998
9606.ENSP00000216252,PHF5A,SNRPA1,0.998
9606.ENSP00000216252,PHF5A,U2AF2,0.998
9606.ENSP00000216252,PHF5A,SF3A1,0.998
9606.ENSP00000216252,PHF5A,SNRPE,0.998
9606.ENSP00000216252,PHF5A,SNRPF,0.998
9606.ENSP00000216252,PHF5A,PRPF31,0.998
9606.ENSP00000216252,PHF5A,LSM8,0.997
9606.ENSP00000216252,PHF5A,SNRPD2,0.997
9606.ENSP00000216252,PHF5A,SNIP1,0.996
9606.ENSP00000216252,PHF5A,BUD13,0.996
9606.ENSP00000216252,PHF5A,SNRPD1,0.995
9606.ENSP00000216252,PHF5A,SNRPB,0.995
9606.ENSP00000216252,PHF5A,SNRPD3,0.995
9606.ENSP00000216252,PHF5A,BUD31,0.995
9606.ENSP00000216252,PHF5A,LSM2,0.994
9606.ENSP00000216252,PHF5A,EFTUD2,0.994
9606.ENSP00000216252,PHF5A,LSM6,0.994
9606.ENSP00000216252,PHF5A,LSM4,0.994
9606.ENSP00000216252,PHF5A,LSM5,0.994
9606.ENSP00000216252,PHF5A,LSM3,0.994
9606.ENSP00000216252,PHF5A,DDX46,0.994
9606.ENSP00000216252,PHF5A,LSM7,0.993
9606.ENSP00000216252,PHF5A,RNF113A,0.993
9606.ENSP00000216252,PHF5A,PRPF8,0.993
9606.ENSP00000216252,PHF5A,CWC22,0.993
9606.ENSP00000216252,PHF5A,CDC5L,0.993
9606.ENSP00000216252,PHF5A,PRPF4,0.993
9606.ENSP00000216252,PHF5A,SNU13,0.992
9606.ENSP00000216252,PHF5A,DDX42,0.992
9606.ENSP00000216252,PHF5A,PRPF3,0.992
9606.ENSP00000216252,PHF5A,SRRM2,0.992
9606.ENSP00000216252,PHF5A,TXNL4A,0.991
9606.ENSP00000216252,PHF5A,CWC27,0.991
9606.ENSP00000216252,PHF5A,ZMAT2,0.991
9606.ENSP00000216252,PHF5A,PRPF6,0.991
9606.ENSP00000216252,PHF5A,MFAP1,0.985
9606.ENSP00000216252,PHF5A,PRPF38A,0.985
9606.ENSP00000216252,PHF5A,SMU1,0.983
9606.ENSP00000216252,PHF5A,IK,0.98
9606.ENSP00000216252,PHF5A,WBP4,0.979
9606.ENSP00000216252,PHF5A,SNRPA,0.976
9606.ENSP00000216252,PHF5A,PRPF19,0.975
9606.ENSP00000216252,PHF5A,RNPC3,0.975
9606.ENSP00000216252,PHF5A,ZRSR2,0.973
9606.ENSP00000216252,PHF5A,PLRG1,0.972
9606.ENSP00000216252,PHF5A,HTATSF1,0.966
9606.ENSP00000216252,PHF5A,CRNKL1,0.965
9606.ENSP00000216252,PHF5A,CDC40,0.961
9606.ENSP00000216252,PHF5A,MAGOHB,0.953
9606.ENSP00000216252,PHF5A,SNRNP35,0.95
9606.ENSP00000216252,PHF5A,SNRPC,0.948
9606.ENSP00000216252,PHF5A,SNW1,0.947
9606.ENSP00000216252,PHF5A,CWC15,0.943
9606.ENSP00000216252,PHF5A,SNRNP70,0.943
9606.ENSP00000216252,PHF5A,ZMAT5,0.94
9606.ENSP00000216252,PHF5A,SRSF1,0.931
9606.ENSP00000216252,PHF5A,SNRNP48,0.928
9606.ENSP00000216252,PHF5A,YBX1,0.924
9606.ENSP00000216252,PHF5A,ARMC7,0.922
9606.ENSP00000216252,PHF5A,SRRM1,0.92
9606.ENSP00000216252,PHF5A,RBM22,0.919
9606.ENSP00000216252,PHF5A,DHX15,0.915
9606.ENSP00000216252,PHF5A,XAB2,0.914
9606.ENSP00000216252,PHF5A,CHERP,0.909
9606.ENSP00000216252,PHF5A,SNRNP25,0.909
9606.ENSP00000216252,PHF5A,DDX23,0.908
9606.ENSP00000216252,PHF5A,CRIPT,0.905
9606.ENSP00000216252,PHF5A,UBL5,0.9
9606.ENSP00000216797,NFKBIA,SKP1,0.999
9606.ENSP00000216797,NFKBIA,IKBKG,0.999
9606.ENSP00000216797,NFKBIA,NFKBIB,0.999
9606.ENSP00000216797,NFKBIA,REL,0.999
9606.ENSP00000216797,NFKBIA,BTRC,0.999
9606.ENSP00000216797,NFKBIA,CHUK,0.999
9606.ENSP00000216797,NFKBIA,IKBKB,0.999
9606.ENSP00000216797,NFKBIA,NFKB1,0.999
9606.ENSP00000216797,NFKBIA,CUL1,0.999
9606.ENSP00000216797,NFKBIA,RELA,0.999
9606.ENSP00000216797,NFKBIA,NFKB2,0.995
9606.ENSP00000216797,NFKBIA,RELB,0.995
9606.ENSP00000216797,NFKBIA,UBE2D2,0.994
9606.ENSP00000216797,NFKBIA,FBXW11,0.989
9606.ENSP00000216797,NFKBIA,NFKBIE,0.987
9606.ENSP00000216797,NFKBIA,RBX1,0.987
9606.ENSP00000216797,NFKBIA,RPS27A,0.986
9606.ENSP00000216797,NFKBIA,ARRB2,0.986
9606.ENSP00000216797,NFKBIA,TNF,0.967
9606.ENSP00000216797,NFKBIA,TRAF6,0.966
9606.ENSP00000216797,NFKBIA,PRKACG,0.965
9606.ENSP00000216797,NFKBIA,PRKACA,0.965
9606.ENSP00000216797,NFKBIA,PRKACB,0.965
9606.ENSP00000216797,NFKBIA,CSNK2B,0.964
9606.ENSP00000216797,NFKBIA,UBE2D1,0.964
9606.ENSP00000216797,NFKBIA,UBC,0.963
9606.ENSP00000216797,NFKBIA,UBB,0.957
9606.ENSP00000216797,NFKBIA,UBA52,0.952
9606.ENSP00000216797,NFKBIA,IL1B,0.945
9606.ENSP00000216797,NFKBIA,ARRB1,0.936
9606.ENSP00000216797,NFKBIA,CSNK2A1,0.929
9606.ENSP00000216797,NFKBIA,CSNK2A2,0.927
9606.ENSP00000216797,NFKBIA,IL6,0.927
9606.ENSP00000216797,NFKBIA,NEDD8,0.926
9606.ENSP00000216797,NFKBIA,USP11,0.922
9606.ENSP00000216797,NFKBIA,IRAK1,0.922
9606.ENSP00000216797,NFKBIA,SFN,0.918
9606.ENSP00000216797,NFKBIA,STAT1,0.917
9606.ENSP00000216797,NFKBIA,TP53,0.915
9606.ENSP00000216797,NFKBIA,TBK1,0.91
9606.ENSP00000216797,NFKBIA,UBE2D4,0.908
9606.ENSP00000216797,NFKBIA,JUN,0.908
9606.ENSP00000216797,NFKBIA,CSNK2A3,0.907
9606.ENSP00000216797,NFKBIA,BCL3,0.904
9606.ENSP00000216797,NFKBIA,MYD88,0.903
9606.ENSP00000216797,NFKBIA,FBXO22,0.901
9606.ENSP00000216832,PNN,RNPS1,0.999
9606.ENSP00000216832,PNN,SAP18,0.997
9606.ENSP00000216832,PNN,SRRM1,0.979
9606.ENSP00000216832,PNN,ACIN1,0.978
9606.ENSP00000216832,PNN,MAGOH,0.97
9606.ENSP00000216832,PNN,EIF4A3,0.959
9606.ENSP00000216832,PNN,PRPF4B,0.951
9606.ENSP00000216832,PNN,PNISR,0.951
9606.ENSP00000216832,PNN,SRSF11,0.942
9606.ENSP00000216832,PNN,PPIG,0.906
9606.ENSP00000216832,PNN,RBM8A,0.905
9606.ENSP00000217026,MYBL2,LIN54,0.999
9606.ENSP00000217026,MYBL2,LIN52,0.999
9606.ENSP00000217026,MYBL2,LIN9,0.999
9606.ENSP00000217026,MYBL2,LIN37,0.999
9606.ENSP00000217026,MYBL2,FOXM1,0.998
9606.ENSP00000217026,MYBL2,RBBP4,0.997
9606.ENSP00000217026,MYBL2,CCNA2,0.991
9606.ENSP00000217026,MYBL2,CCNA1,0.989
9606.ENSP00000217026,MYBL2,CDK2,0.986
9606.ENSP00000217026,MYBL2,E2F4,0.948
9606.ENSP00000217026,MYBL2,ZNF622,0.94
9606.ENSP00000217026,MYBL2,E2F1,0.937
9606.ENSP00000217026,MYBL2,CCNB1,0.931
9606.ENSP00000219066,NTHL1,APEX1,0.994
9606.ENSP00000219066,NTHL1,OGG1,0.987
9606.ENSP00000219066,NTHL1,NEIL1,0.984
9606.ENSP00000219066,NTHL1,NEIL2,0.982
9606.ENSP00000219066,NTHL1,XRCC1,0.978
9606.ENSP00000219066,NTHL1,NEIL3,0.961
9606.ENSP00000219066,NTHL1,MUTYH,0.901
9606.ENSP00000220597,PAG1,CSK,0.999
9606.ENSP00000220597,PAG1,LYN,0.961
9606.ENSP00000220597,PAG1,FYN,0.948
9606.ENSP00000222254,PIK3R2,PIK3R3,0.999
9606.ENSP00000222254,PIK3R2,PIK3R1,0.999
9606.ENSP00000222254,PIK3R2,PIK3CB,0.999
9606.ENSP00000222254,PIK3R2,PIK3CD,0.999
9606.ENSP00000222254,PIK3R2,PIK3CA,0.999
9606.ENSP00000222254,PIK3R2,PIK3CG,0.999
9606.ENSP00000222254,PIK3R2,EGFR,0.993
9606.ENSP00000222254,PIK3R2,IRS1,0.99
9606.ENSP00000222254,PIK3R2,ERBB3,0.99
9606.ENSP00000222254,PIK3R2,IRS4,0.986
9606.ENSP00000222254,PIK3R2,ERBB2,0.985
9606.ENSP00000222254,PIK3R2,PTEN,0.985
9606.ENSP00000222254,PIK3R2,IRS2,0.981
9606.ENSP00000222254,PIK3R2,PIK3R5,0.98
9606.ENSP00000222254,PIK3R2,ERBB4,0.977
9606.ENSP00000222254,PIK3R2,CDC42,0.974
9606.ENSP00000222254,PIK3R2,GAB2,0.973
9606.ENSP00000222254,PIK3R2,AKT1,0.971
9606.ENSP00000222254,PIK3R2,PDGFRB,0.971
9606.ENSP00000222254,PIK3R2,KIT,0.968
9606.ENSP00000222254,PIK3R2,AKT3,0.967
9606.ENSP00000222254,PIK3R2,SYK,0.964
9606.ENSP00000222254,PIK3R2,IGF1R,0.964
9606.ENSP00000222254,PIK3R2,AKT2,0.963
9606.ENSP00000222254,PIK3R2,PTPN11,0.96
9606.ENSP00000222254,PIK3R2,SRC,0.959
9606.ENSP00000222254,PIK3R2,INPP4B,0.957
9606.ENSP00000222254,PIK3R2,FYN,0.955
9606.ENSP00000222254,PIK3R2,CBL,0.954
9606.ENSP00000222254,PIK3R2,INPPL1,0.954
9606.ENSP00000222254,PIK3R2,ZAP70,0.952
9606.ENSP00000222254,PIK3R2,PIK3C2B,0.952
9606.ENSP00000222254,PIK3R2,PIK3C2G,0.948
9606.ENSP00000222254,PIK3R2,FGFR1,0.948
9606.ENSP00000222254,PIK3R2,KRAS,0.946
9606.ENSP00000222254,PIK3R2,INPP4A,0.946
9606.ENSP00000222254,PIK3R2,PIK3R6,0.945
9606.ENSP00000222254,PIK3R2,PDPK1,0.945
9606.ENSP00000222254,PIK3R2,MTOR,0.944
9606.ENSP00000222254,PIK3R2,CD19,0.944
9606.ENSP00000222254,PIK3R2,HCST,0.943
9606.ENSP00000222254,PIK3R2,PIK3C2A,0.939
9606.ENSP00000222254,PIK3R2,PDGFRA,0.938
9606.ENSP00000222254,PIK3R2,CBLB,0.937
9606.ENSP00000222254,PIK3R2,XBP1,0.936
9606.ENSP00000222254,PIK3R2,PTK2,0.934
9606.ENSP00000222254,PIK3R2,CD28,0.933
9606.ENSP00000222254,PIK3R2,PIK3C3,0.933
9606.ENSP00000222254,PIK3R2,NRAS,0.933
9606.ENSP00000222254,PIK3R2,ILK,0.933
9606.ENSP00000222254,PIK3R2,KDR,0.931
9606.ENSP00000222254,PIK3R2,NTRK1,0.93
9606.ENSP00000222254,PIK3R2,LYN,0.93
9606.ENSP00000222254,PIK3R2,HRAS,0.93
9606.ENSP00000222254,PIK3R2,PI4KB,0.929
9606.ENSP00000222254,PIK3R2,PI4K2A,0.928
9606.ENSP00000222254,PIK3R2,PIP5K1C,0.928
9606.ENSP00000222254,PIK3R2,ALK,0.927
9606.ENSP00000222254,PIK3R2,PLCG1,0.926
9606.ENSP00000222254,PIK3R2,GAB1,0.926
9606.ENSP00000222254,PIK3R2,JAK3,0.925
9606.ENSP00000222254,PIK3R2,PIP5K1A,0.925
9606.ENSP00000222254,PIK3R2,PI4KA,0.925
9606.ENSP00000222254,PIK3R2,RAF1,0.925
9606.ENSP00000222254,PIK3R2,BTK,0.925
9606.ENSP00000222254,PIK3R2,PIP4K2C,0.924
9606.ENSP00000222254,PIK3R2,CRK,0.923
9606.ENSP00000222254,PIK3R2,PIP4K2A,0.923
9606.ENSP00000222254,PIK3R2,JAK2,0.923
9606.ENSP00000222254,PIK3R2,PIK3AP1,0.923
9606.ENSP00000222254,PIK3R2,FLT3,0.922
9606.ENSP00000222254,PIK3R2,PI4K2B,0.921
9606.ENSP00000222254,PIK3R2,RAC2,0.921
9606.ENSP00000222254,PIK3R2,JAK1,0.921
9606.ENSP00000222254,PIK3R2,INPP5D,0.92
9606.ENSP00000222254,PIK3R2,RAC3,0.917
9606.ENSP00000222254,PIK3R2,THRA,0.917
9606.ENSP00000222254,PIK3R2,PRKCI,0.916
9606.ENSP00000222254,PIK3R2,PRKCD,0.916
9606.ENSP00000222254,PIK3R2,ICOS,0.915
9606.ENSP00000222254,PIK3R2,ITGB1,0.915
9606.ENSP00000222254,PIK3R2,PIP4K2B,0.915
9606.ENSP00000222254,PIK3R2,RRAS,0.914
9606.ENSP00000222254,PIK3R2,PRKCZ,0.914
9606.ENSP00000222254,PIK3R2,PIKFYVE,0.914
9606.ENSP00000222254,PIK3R2,PIP5K1B,0.913
9606.ENSP00000222254,PIK3R2,VAV2,0.913
9606.ENSP00000222254,PIK3R2,PTPN6,0.912
9606.ENSP00000222254,PIK3R2,TLR4,0.912
9606.ENSP00000222254,PIK3R2,PGR,0.912
9606.ENSP00000222254,PIK3R2,RAP1A,0.912
9606.ENSP00000222254,PIK3R2,ITK,0.911
9606.ENSP00000222254,PIK3R2,THRB,0.911
9606.ENSP00000222254,PIK3R2,PLCG2,0.91
9606.ENSP00000222254,PIK3R2,CDIPT,0.909
9606.ENSP00000222254,PIK3R2,TXK,0.909
9606.ENSP00000222254,PIK3R2,VAV1,0.909
9606.ENSP00000222254,PIK3R2,ITGB2,0.909
9606.ENSP00000222254,PIK3R2,RAP1B,0.908
9606.ENSP00000222254,PIK3R2,EML4,0.908
9606.ENSP00000222254,PIK3R2,DAB1,0.908
9606.ENSP00000222254,PIK3R2,PREX1,0.908
9606.ENSP00000222254,PIK3R2,VAV3,0.907
9606.ENSP00000222254,PIK3R2,ITGA2,0.907
9606.ENSP00000222254,PIK3R2,NGFR,0.906
9606.ENSP00000222254,PIK3R2,IFNGR1,0.905
9606.ENSP00000222254,PIK3R2,IL6ST,0.905
9606.ENSP00000222254,PIK3R2,FCER1G,0.905
9606.ENSP00000222254,PIK3R2,TRAF2,0.905
9606.ENSP00000222254,PIK3R2,MRAS,0.903
9606.ENSP00000222254,PIK3R2,ITGAM,0.903
9606.ENSP00000222254,PIK3R2,OGT,0.902
9606.ENSP00000222254,PIK3R2,GNAI2,0.902
9606.ENSP00000222254,PIK3R2,GNAI1,0.902
9606.ENSP00000222254,PIK3R2,PIP4P2,0.901
9606.ENSP00000222254,PIK3R2,PIP4P1,0.9
9606.ENSP00000222254,PIK3R2,GNAI3,0.9
9606.ENSP00000222254,PIK3R2,INPP5F,0.9
9606.ENSP00000222254,PIK3R2,KISS1R,0.9
9606.ENSP00000222254,PIK3R2,LIFR,0.9
9606.ENSP00000222381,PON1,APOA1,0.998
9606.ENSP00000222381,PON1,CLU,0.996
9606.ENSP00000222381,PON1,APOE,0.977
9606.ENSP00000222381,PON1,CETP,0.968
9606.ENSP00000222381,PON1,APOA2,0.967
9606.ENSP00000222381,PON1,LCAT,0.965
9606.ENSP00000222381,PON1,HPR,0.962
9606.ENSP00000222381,PON1,PON3,0.957
9606.ENSP00000222381,PON1,APOB,0.952
9606.ENSP00000222381,PON1,APOC3,0.933
9606.ENSP00000222381,PON1,APOC1,0.93
9606.ENSP00000222381,PON1,APOA4,0.927
9606.ENSP00000222381,PON1,PLA2G7,0.917
9606.ENSP00000222381,PON1,APOL1,0.912
9606.ENSP00000222381,PON1,APOC4,0.908
9606.ENSP00000222381,PON1,APOM,0.906
9606.ENSP00000222553,NAMPT,SIRT1,0.993
9606.ENSP00000222553,NAMPT,NMNAT1,0.992
9606.ENSP00000222553,NAMPT,NMNAT2,0.976
9606.ENSP00000222553,NAMPT,NMRK1,0.971
9606.ENSP00000222553,NAMPT,SIRT3,0.97
9606.ENSP00000222553,NAMPT,NNMT,0.966
9606.ENSP00000222553,NAMPT,SIRT6,0.964
9606.ENSP00000222553,NAMPT,BST1,0.96
9606.ENSP00000222553,NAMPT,SIRT4,0.959
9606.ENSP00000222553,NAMPT,SIRT2,0.958
9606.ENSP00000222553,NAMPT,NAPRT,0.957
9606.ENSP00000222553,NAMPT,CD38,0.955
9606.ENSP00000222553,NAMPT,SIRT5,0.952
9606.ENSP00000222553,NAMPT,SIRT7,0.948
9606.ENSP00000222553,NAMPT,NMRK2,0.947
9606.ENSP00000222553,NAMPT,PNP,0.934
9606.ENSP00000222553,NAMPT,NT5E,0.926
9606.ENSP00000222553,NAMPT,CYBB,0.923
9606.ENSP00000222553,NAMPT,RETN,0.916
9606.ENSP00000222553,NAMPT,ENPP1,0.914
9606.ENSP00000222553,NAMPT,CLOCK,0.909
9606.ENSP00000222553,NAMPT,NT5C2,0.908
9606.ENSP00000222553,NAMPT,NUDT12,0.908
9606.ENSP00000222553,NAMPT,NT5M,0.905
9606.ENSP00000222553,NAMPT,NT5C1B,0.904
9606.ENSP00000222553,NAMPT,NT5C,0.904
9606.ENSP00000222553,NAMPT,NT5C1B-RDH14,0.904
9606.ENSP00000222553,NAMPT,NT5C1A,0.904
9606.ENSP00000222553,NAMPT,ARNTL,0.901
9606.ENSP00000222553,NAMPT,ENPP3,0.9
9606.ENSP00000222823,NOD1,RIPK2,0.999
9606.ENSP00000222823,NOD1,ATG16L1,0.999
9606.ENSP00000222823,NOD1,NOD2,0.975
9606.ENSP00000222823,NOD1,CASP1,0.974
9606.ENSP00000222823,NOD1,SUGT1,0.973
9606.ENSP00000222823,NOD1,UBC,0.949
9606.ENSP00000222823,NOD1,UBB,0.904
9606.ENSP00000222823,NOD1,ARHGEF2,0.902
9606.ENSP00000222823,NOD1,UBA52,0.901
9606.ENSP00000222823,NOD1,RPS27A,0.9
9606.ENSP00000231509,NR3C1,FKBP5,0.999
9606.ENSP00000231509,NR3C1,HSP90AA1,0.999
9606.ENSP00000231509,NR3C1,NCOA2,0.998
9606.ENSP00000231509,NR3C1,HSP90AB1,0.998
9606.ENSP00000231509,NR3C1,PTGES3,0.997
9606.ENSP00000231509,NR3C1,NCOA1,0.997
9606.ENSP00000231509,NR3C1,FKBP4,0.996
9606.ENSP00000231509,NR3C1,NCOR1,0.995
9606.ENSP00000231509,NR3C1,STIP1,0.993
9606.ENSP00000231509,NR3C1,HSPA4,0.992
9606.ENSP00000231509,NR3C1,PPARGC1A,0.987
9606.ENSP00000231509,NR3C1,HSPA1L,0.985
9606.ENSP00000231509,NR3C1,STAT3,0.981
9606.ENSP00000231509,NR3C1,FOS,0.961
9606.ENSP00000231509,NR3C1,JUN,0.961
9606.ENSP00000231509,NR3C1,CREBBP,0.943
9606.ENSP00000231509,NR3C1,SMAD3,0.942
9606.ENSP00000231509,NR3C1,TP53,0.936
9606.ENSP00000231509,NR3C1,HSPA1B,0.935
9606.ENSP00000231509,NR3C1,NR3C2,0.929
9606.ENSP00000231509,NR3C1,HDAC1,0.929
9606.ENSP00000231509,NR3C1,SMARCA4,0.924
9606.ENSP00000231509,NR3C1,CREB1,0.924
9606.ENSP00000231509,NR3C1,CRY1,0.914
9606.ENSP00000231509,NR3C1,EP300,0.914
9606.ENSP00000231509,NR3C1,NCOR2,0.907
9606.ENSP00000231509,NR3C1,PER2,0.905
9606.ENSP00000231509,NR3C1,NTRK2,0.905
9606.ENSP00000231509,NR3C1,NCOA3,0.903
9606.ENSP00000231509,NR3C1,DAXX,0.903
9606.ENSP00000233627,NDUFS7,NDUFA12,0.999
9606.ENSP00000233627,NDUFS7,MT-ND5,0.999
9606.ENSP00000233627,NDUFS7,NDUFA9,0.999
9606.ENSP00000233627,NDUFS7,NDUFA5,0.999
9606.ENSP00000233627,NDUFS7,NDUFB8,0.999
9606.ENSP00000233627,NDUFS7,NDUFA6,0.999
9606.ENSP00000233627,NDUFS7,NDUFS6,0.999
9606.ENSP00000233627,NDUFS7,NDUFB11,0.999
9606.ENSP00000233627,NDUFS7,NDUFB3,0.999
9606.ENSP00000233627,NDUFS7,NDUFAB1,0.999
9606.ENSP00000233627,NDUFS7,NDUFS1,0.999
9606.ENSP00000233627,NDUFS7,NDUFV2,0.999
9606.ENSP00000233627,NDUFS7,MT-ND3,0.999
9606.ENSP00000233627,NDUFS7,MT-ND4,0.999
9606.ENSP00000233627,NDUFS7,NDUFC2,0.999
9606.ENSP00000233627,NDUFS7,NDUFA13,0.999
9606.ENSP00000233627,NDUFS7,NDUFB5,0.999
9606.ENSP00000233627,NDUFS7,NDUFAF5,0.999
9606.ENSP00000233627,NDUFS7,NDUFA8,0.999
9606.ENSP00000233627,NDUFS7,NDUFS2,0.999
9606.ENSP00000233627,NDUFS7,NDUFS5,0.999
9606.ENSP00000233627,NDUFS7,NDUFA2,0.999
9606.ENSP00000233627,NDUFS7,NDUFB10,0.999
9606.ENSP00000233627,NDUFS7,NDUFV3,0.999
9606.ENSP00000233627,NDUFS7,NDUFB4,0.999
9606.ENSP00000233627,NDUFS7,NDUFB6,0.999
9606.ENSP00000233627,NDUFS7,NDUFAF4,0.999
9606.ENSP00000233627,NDUFS7,NDUFS8,0.999
9606.ENSP00000233627,NDUFS7,NDUFA10,0.999
9606.ENSP00000233627,NDUFS7,NDUFA1,0.999
9606.ENSP00000233627,NDUFS7,NDUFB7,0.999
9606.ENSP00000233627,NDUFS7,NDUFA11,0.999
9606.ENSP00000233627,NDUFS7,NDUFS4,0.999
9606.ENSP00000233627,NDUFS7,NDUFAF3,0.999
9606.ENSP00000233627,NDUFS7,NDUFA7,0.999
9606.ENSP00000233627,NDUFS7,MT-ND2,0.999
9606.ENSP00000233627,NDUFS7,MT-ND1,0.999
9606.ENSP00000233627,NDUFS7,NDUFS3,0.999
9606.ENSP00000233627,NDUFS7,NDUFV1,0.999
9606.ENSP00000233627,NDUFS7,NDUFA3,0.999
9606.ENSP00000233627,NDUFS7,NDUFB9,0.999
9606.ENSP00000233627,NDUFS7,ACAD9,0.998
9606.ENSP00000233627,NDUFS7,MT-ND6,0.998
9606.ENSP00000233627,NDUFS7,CYC1,0.998
9606.ENSP00000233627,NDUFS7,UQCRC1,0.997
9606.ENSP00000233627,NDUFS7,NDUFC1,0.997
9606.ENSP00000233627,NDUFS7,TIMMDC1,0.997
9606.ENSP00000233627,NDUFS7,MT-ND4L,0.997
9606.ENSP00000233627,NDUFS7,NDUFB2,0.996
9606.ENSP00000233627,NDUFS7,NDUFAF1,0.996
9606.ENSP00000233627,NDUFS7,UQCR11,0.996
9606.ENSP00000233627,NDUFS7,NDUFB1,0.996
9606.ENSP00000233627,NDUFS7,UQCRFS1,0.993
9606.ENSP00000233627,NDUFS7,ATP5F1D,0.992
9606.ENSP00000233627,NDUFS7,UQCRQ,0.992
9606.ENSP00000233627,NDUFS7,SDHA,0.988
9606.ENSP00000233627,NDUFS7,UQCR10,0.987
9606.ENSP00000233627,NDUFS7,COX5B,0.987
9606.ENSP00000233627,NDUFS7,NDUFAF2,0.985
9606.ENSP00000233627,NDUFS7,COX5A,0.984
9606.ENSP00000233627,NDUFS7,NDUFA4,0.983
9606.ENSP00000233627,NDUFS7,UQCRC2,0.98
9606.ENSP00000233627,NDUFS7,UQCRB,0.978
9606.ENSP00000233627,NDUFS7,MT-CO1,0.977
9606.ENSP00000233627,NDUFS7,SDHB,0.976
9606.ENSP00000233627,NDUFS7,COX4I1,0.975
9606.ENSP00000233627,NDUFS7,MT-CO3,0.972
9606.ENSP00000233627,NDUFS7,UQCRH,0.964
9606.ENSP00000233627,NDUFS7,PALB2,0.952
9606.ENSP00000233627,NDUFS7,ENSP00000497305,0.952
9606.ENSP00000233627,NDUFS7,MT-CYB,0.947
9606.ENSP00000233627,NDUFS7,FOXRED1,0.945
9606.ENSP00000233627,NDUFS7,COX6A2,0.941
9606.ENSP00000233627,NDUFS7,COX6B1,0.936
9606.ENSP00000233627,NDUFS7,ECSIT,0.922
9606.ENSP00000233627,NDUFS7,COX7C,0.922
9606.ENSP00000233627,NDUFS7,MT-CO2,0.917
9606.ENSP00000233627,NDUFS7,MGLL,0.914
9606.ENSP00000233627,NDUFS7,COX7B,0.905
9606.ENSP00000233627,NDUFS7,E7ENQ6_HUMAN,0.904
9606.ENSP00000233627,NDUFS7,NDUFC2-KCTD14,0.9
9606.ENSP00000234111,ODC1,OAZ1,0.999
9606.ENSP00000234111,ODC1,SRM,0.999
9606.ENSP00000234111,ODC1,OAZ3,0.993
9606.ENSP00000234111,ODC1,ARG2,0.987
9606.ENSP00000234111,ODC1,AGMAT,0.987
9606.ENSP00000234111,ODC1,OAT,0.986
9606.ENSP00000234111,ODC1,SAT1,0.985
9606.ENSP00000234111,ODC1,ARG1,0.984
9606.ENSP00000234111,ODC1,SMS,0.984
9606.ENSP00000234111,ODC1,OAZ2,0.98
9606.ENSP00000234111,ODC1,AOC1,0.964
9606.ENSP00000234111,ODC1,NQO1,0.952
9606.ENSP00000234111,ODC1,SAT2,0.925
9606.ENSP00000234961,OPRD1,GNAI1,0.991
9606.ENSP00000234961,OPRD1,PENK,0.984
9606.ENSP00000234961,OPRD1,PDYN,0.979
9606.ENSP00000234961,OPRD1,OPRM1,0.967
9606.ENSP00000234961,OPRD1,POMC,0.966
9606.ENSP00000234961,OPRD1,KNG1,0.939
9606.ENSP00000234961,OPRD1,GNAI2,0.916
9606.ENSP00000234961,OPRD1,GNAI3,0.911
9606.ENSP00000237596,PKD2,PKD1,0.999
9606.ENSP00000237596,PKD2,TRPC1,0.997
9606.ENSP00000237596,PKD2,PKHD1,0.983
9606.ENSP00000237596,PKD2,TRPV4,0.974
9606.ENSP00000237596,PKD2,ADCY5,0.932
9606.ENSP00000241041,PEX16,PEX19,0.999
9606.ENSP00000241041,PEX16,PEX3,0.995
9606.ENSP00000241041,PEX16,PEX12,0.98
9606.ENSP00000241041,PEX16,PEX13,0.977
9606.ENSP00000241041,PEX16,PEX14,0.971
9606.ENSP00000241041,PEX16,PEX10,0.962
9606.ENSP00000241041,PEX16,PEX2,0.962
9606.ENSP00000241041,PEX16,PEX5,0.96
9606.ENSP00000241041,PEX16,PEX6,0.96
9606.ENSP00000241041,PEX16,PEX26,0.957
9606.ENSP00000241041,PEX16,PEX7,0.954
9606.ENSP00000241041,PEX16,PEX11B,0.949
9606.ENSP00000241041,PEX16,ABCD3,0.937
9606.ENSP00000241041,PEX16,PEX5L,0.9
9606.ENSP00000244007,PLCG1,LAT,0.999
9606.ENSP00000244007,PLCG1,LCP2,0.999
9606.ENSP00000244007,PLCG1,PDGFRB,0.999
9606.ENSP00000244007,PLCG1,GRB2,0.999
9606.ENSP00000244007,PLCG1,FGFR1,0.999
9606.ENSP00000244007,PLCG1,FGFR2,0.998
9606.ENSP00000244007,PLCG1,VAV1,0.998
9606.ENSP00000244007,PLCG1,GRAP2,0.998
9606.ENSP00000244007,PLCG1,SYK,0.998
9606.ENSP00000244007,PLCG1,ITK,0.997
9606.ENSP00000244007,PLCG1,EGFR,0.997
9606.ENSP00000244007,PLCG1,NTRK1,0.994
9606.ENSP00000244007,PLCG1,NTRK2,0.992
9606.ENSP00000244007,PLCG1,PDGFRA,0.988
9606.ENSP00000244007,PLCG1,SH3BP2,0.986
9606.ENSP00000244007,PLCG1,CBL,0.984
9606.ENSP00000244007,PLCG1,ERBB2,0.981
9606.ENSP00000244007,PLCG1,ALK,0.977
9606.ENSP00000244007,PLCG1,KDR,0.974
9606.ENSP00000244007,PLCG1,ITPR3,0.973
9606.ENSP00000244007,PLCG1,PIK3CA,0.973
9606.ENSP00000244007,PLCG1,ITPR1,0.972
9606.ENSP00000244007,PLCG1,PRKCQ,0.971
9606.ENSP00000244007,PLCG1,ERBB4,0.968
9606.ENSP00000244007,PLCG1,PIK3R1,0.967
9606.ENSP00000244007,PLCG1,JAK2,0.967
9606.ENSP00000244007,PLCG1,MET,0.964
9606.ENSP00000244007,PLCG1,PLCG2,0.964
9606.ENSP00000244007,PLCG1,RASGRP1,0.962
9606.ENSP00000244007,PLCG1,ZAP70,0.959
9606.ENSP00000244007,PLCG1,ERBB3,0.959
9606.ENSP00000244007,PLCG1,PRKCA,0.958
9606.ENSP00000244007,PLCG1,NTRK3,0.957
9606.ENSP00000244007,PLCG1,SOS1,0.957
9606.ENSP00000244007,PLCG1,VAV2,0.955
9606.ENSP00000244007,PLCG1,SH2D2A,0.954
9606.ENSP00000244007,PLCG1,FGFR3,0.952
9606.ENSP00000244007,PLCG1,NCK1,0.952
9606.ENSP00000244007,PLCG1,PRKCB,0.952
9606.ENSP00000244007,PLCG1,BTK,0.95
9606.ENSP00000244007,PLCG1,TESPA1,0.95
9606.ENSP00000244007,PLCG1,ICAM1,0.943
9606.ENSP00000244007,PLCG1,PPP3CA,0.943
9606.ENSP00000244007,PLCG1,CALM3,0.942
9606.ENSP00000244007,PLCG1,PECAM1,0.941
9606.ENSP00000244007,PLCG1,CALML5,0.939
9606.ENSP00000244007,PLCG1,CALML3,0.939
9606.ENSP00000244007,PLCG1,CAMK2A,0.939
9606.ENSP00000244007,PLCG1,PTEN,0.938
9606.ENSP00000244007,PLCG1,LCK,0.938
9606.ENSP00000244007,PLCG1,EML4,0.937
9606.ENSP00000244007,PLCG1,CALML6,0.937
9606.ENSP00000244007,PLCG1,AXL,0.937
9606.ENSP00000244007,PLCG1,CALML4,0.937
9606.ENSP00000244007,PLCG1,GNA11,0.936
9606.ENSP00000244007,PLCG1,SRC,0.936
9606.ENSP00000244007,PLCG1,PRKN,0.934
9606.ENSP00000244007,PLCG1,GNAQ,0.933
9606.ENSP00000244007,PLCG1,PLA2G4A,0.932
9606.ENSP00000244007,PLCG1,ITPR2,0.931
9606.ENSP00000244007,PLCG1,KHDRBS1,0.929
9606.ENSP00000244007,PLCG1,VAV3,0.928
9606.ENSP00000244007,PLCG1,PIK3CD,0.927
9606.ENSP00000244007,PLCG1,PIK3R2,0.926
9606.ENSP00000244007,PLCG1,PIK3CB,0.924
9606.ENSP00000244007,PLCG1,PRKCD,0.924
9606.ENSP00000244007,PLCG1,TRPC3,0.923
9606.ENSP00000244007,PLCG1,PIK3R3,0.922
9606.ENSP00000244007,PLCG1,INPP5A,0.922
9606.ENSP00000244007,PLCG1,HCST,0.921
9606.ENSP00000244007,PLCG1,IGF1R,0.921
9606.ENSP00000244007,PLCG1,PRKCG,0.918
9606.ENSP00000244007,PLCG1,IPMK,0.916
9606.ENSP00000244007,PLCG1,NOS3,0.916
9606.ENSP00000244007,PLCG1,TEC,0.914
9606.ENSP00000244007,PLCG1,THEMIS,0.914
9606.ENSP00000244007,PLCG1,PPP3R1,0.912
9606.ENSP00000244007,PLCG1,CAMK2B,0.912
9606.ENSP00000244007,PLCG1,COPS2,0.912
9606.ENSP00000244007,PLCG1,PPP3CB,0.912
9606.ENSP00000244007,PLCG1,COPS3,0.911
9606.ENSP00000244007,PLCG1,IL6R,0.91
9606.ENSP00000244007,PLCG1,LOC102723407,0.91
9606.ENSP00000244007,PLCG1,PIKFYVE,0.91
9606.ENSP00000244007,PLCG1,COPS4,0.909
9606.ENSP00000244007,PLCG1,GPS1,0.908
9606.ENSP00000244007,PLCG1,COPS7B,0.908
9606.ENSP00000244007,PLCG1,INPP1,0.907
9606.ENSP00000244007,PLCG1,PPP3CC,0.906
9606.ENSP00000244007,PLCG1,MTM1,0.906
9606.ENSP00000244007,PLCG1,COPS7A,0.906
9606.ENSP00000244007,PLCG1,CDIPT,0.905
9606.ENSP00000244007,PLCG1,COPS6,0.905
9606.ENSP00000244007,PLCG1,MINPP1,0.905
9606.ENSP00000244007,PLCG1,PLA2G4B,0.904
9606.ENSP00000244007,PLCG1,FYN,0.904
9606.ENSP00000244007,PLCG1,COPS8,0.904
9606.ENSP00000244007,PLCG1,DCC,0.904
9606.ENSP00000244007,PLCG1,PLA2G4D,0.904
9606.ENSP00000244007,PLCG1,INPP5F,0.902
9606.ENSP00000244007,PLCG1,PLA2G4C,0.902
9606.ENSP00000244007,PLCG1,PLA2G4E,0.902
9606.ENSP00000244007,PLCG1,PLA2G4F,0.902
9606.ENSP00000244007,PLCG1,COPS5,0.901
9606.ENSP00000244007,PLCG1,PPP3R2,0.9
9606.ENSP00000244007,PLCG1,JMJD7-PLA2G4B,0.9
9606.ENSP00000244007,PLCG1,COPS9,0.9
9606.ENSP00000246535,PDCD2L,PRMT3,0.915
9606.ENSP00000246802,NOP53,MTREX,0.999
9606.ENSP00000246802,NOP53,FTSJ3,0.997
9606.ENSP00000246802,NOP53,GTPBP4,0.996
9606.ENSP00000246802,NOP53,GNL2,0.996
9606.ENSP00000246802,NOP53,SDAD1,0.995
9606.ENSP00000246802,NOP53,RPF2,0.994
9606.ENSP00000246802,NOP53,RSL1D1,0.993
9606.ENSP00000246802,NOP53,RPL5,0.992
9606.ENSP00000246802,NOP53,NIFK,0.989
9606.ENSP00000246802,NOP53,PES1,0.988
9606.ENSP00000246802,NOP53,RPL11,0.987
9606.ENSP00000246802,NOP53,NLE1,0.985
9606.ENSP00000246802,NOP53,AGL,0.983
9606.ENSP00000246802,NOP53,PA2G4,0.98
9606.ENSP00000246802,NOP53,RSL24D1,0.978
9606.ENSP00000246802,NOP53,RPL23A,0.978
9606.ENSP00000246802,NOP53,RPL30,0.975
9606.ENSP00000246802,NOP53,RPL38,0.974
9606.ENSP00000246802,NOP53,RPL32,0.972
9606.ENSP00000246802,NOP53,RPL29,0.97
9606.ENSP00000246802,NOP53,EBNA1BP2,0.97
9606.ENSP00000246802,NOP53,RPL27A,0.968
9606.ENSP00000246802,NOP53,NSA2,0.954
9606.ENSP00000246802,NOP53,RPL3,0.944
9606.ENSP00000246802,NOP53,RPL18,0.944
9606.ENSP00000246802,NOP53,RPL4,0.944
9606.ENSP00000246802,NOP53,RPL18A,0.94
9606.ENSP00000246802,NOP53,UTP3,0.94
9606.ENSP00000246802,NOP53,PTEN,0.94
9606.ENSP00000246802,NOP53,RPL13,0.94
9606.ENSP00000246802,NOP53,RRS1,0.932
9606.ENSP00000246802,NOP53,RPL7A,0.93
9606.ENSP00000246802,NOP53,RRP15,0.93
9606.ENSP00000246802,NOP53,RBM28,0.924
9606.ENSP00000246802,NOP53,RPL35,0.923
9606.ENSP00000246802,NOP53,PUM3,0.918
9606.ENSP00000246802,NOP53,NIP7,0.914
9606.ENSP00000246802,NOP53,RPL36,0.912
9606.ENSP00000246802,NOP53,RPL8,0.912
9606.ENSP00000246802,NOP53,RPL37A,0.909
9606.ENSP00000246802,NOP53,DKC1,0.906
9606.ENSP00000246802,NOP53,RPL31,0.905
9606.ENSP00000246802,NOP53,RPL19,0.905
9606.ENSP00000246802,NOP53,SURF6,0.904
9606.ENSP00000246802,NOP53,RPL12,0.903
9606.ENSP00000246802,NOP53,RPL14,0.9
9606.ENSP00000246802,NOP53,RPL15,0.9
9606.ENSP00000247026,NSRP1,CDC5L,0.961
9606.ENSP00000250003,MYOD1,TCF3,0.993
9606.ENSP00000250003,MYOD1,EP300,0.991
9606.ENSP00000250003,MYOD1,SMARCD3,0.99
9606.ENSP00000250003,MYOD1,TCF12,0.989
9606.ENSP00000250003,MYOD1,TCF4,0.972
9606.ENSP00000250003,MYOD1,KAT2B,0.972
9606.ENSP00000250003,MYOD1,MEF2A,0.967
9606.ENSP00000250003,MYOD1,TBP,0.96
9606.ENSP00000250003,MYOD1,MRLN,0.958
9606.ENSP00000250003,MYOD1,SMARCA4,0.957
9606.ENSP00000250003,MYOD1,MEF2C,0.956
9606.ENSP00000250003,MYOD1,PAX3,0.95
9606.ENSP00000250003,MYOD1,ID1,0.946
9606.ENSP00000250003,MYOD1,PAX7,0.932
9606.ENSP00000250003,MYOD1,TBPL2,0.931
9606.ENSP00000250003,MYOD1,SMAD3,0.929
9606.ENSP00000250003,MYOD1,MYF6,0.927
9606.ENSP00000250003,MYOD1,HDAC1,0.926
9606.ENSP00000250003,MYOD1,CREBBP,0.923
9606.ENSP00000250003,MYOD1,FBXO32,0.909
9606.ENSP00000250003,MYOD1,TBPL1,0.905
9606.ENSP00000250003,MYOD1,MEF2D,0.903
9606.ENSP00000250416,PARP2,HPF1,0.999
9606.ENSP00000250416,PARP2,POLB,0.995
9606.ENSP00000250416,PARP2,XRCC1,0.994
9606.ENSP00000250416,PARP2,LIG3,0.991
9606.ENSP00000250416,PARP2,PARG,0.98
9606.ENSP00000250416,PARP2,PARP1,0.965
9606.ENSP00000250416,PARP2,H2BC11,0.948
9606.ENSP00000250416,PARP2,H2AC6,0.942
9606.ENSP00000250416,PARP2,XRCC6,0.929
9606.ENSP00000250416,PARP2,CASP3,0.927
9606.ENSP00000250416,PARP2,CASP7,0.917
9606.ENSP00000250416,PARP2,CASP9,0.917
9606.ENSP00000250416,PARP2,GZMB,0.905
9606.ENSP00000250416,PARP2,CHD1L,0.903
9606.ENSP00000250416,PARP2,BUB3,0.903
9606.ENSP00000251127,NALCN,UNC79,0.999
9606.ENSP00000251127,NALCN,UNC80,0.999
9606.ENSP00000251127,NALCN,FAM155A,0.981
9606.ENSP00000251127,NALCN,CALM3,0.94
9606.ENSP00000251127,NALCN,CALM2,0.928
9606.ENSP00000251496,NCAPG,SMC2,0.999
9606.ENSP00000251496,NCAPG,SMC4,0.999
9606.ENSP00000251496,NCAPG,NCAPD2,0.999
9606.ENSP00000251496,NCAPG,NCAPH,0.999
9606.ENSP00000251496,NCAPG,NCAPD3,0.986
9606.ENSP00000251496,NCAPG,CDK1,0.981
9606.ENSP00000251496,NCAPG,BUB1,0.976
9606.ENSP00000251496,NCAPG,KIF11,0.975
9606.ENSP00000251496,NCAPG,TTK,0.973
9606.ENSP00000251496,NCAPG,ASPM,0.972
9606.ENSP00000251496,NCAPG,CCNB2,0.97
9606.ENSP00000251496,NCAPG,TOP2A,0.967
9606.ENSP00000251496,NCAPG,CCNB1,0.962
9606.ENSP00000251496,NCAPG,KIF20A,0.958
9606.ENSP00000251496,NCAPG,BUB1B,0.952
9606.ENSP00000251496,NCAPG,AURKA,0.952
9606.ENSP00000251496,NCAPG,NDC80,0.949
9606.ENSP00000251496,NCAPG,CDC20,0.949
9606.ENSP00000251496,NCAPG,KIF23,0.949
9606.ENSP00000251496,NCAPG,TPX2,0.949
9606.ENSP00000251496,NCAPG,CCNA2,0.949
9606.ENSP00000251496,NCAPG,DLGAP5,0.948
9606.ENSP00000251496,NCAPG,NCAPG2,0.947
9606.ENSP00000251496,NCAPG,MELK,0.936
9606.ENSP00000251496,NCAPG,KIF4A,0.934
9606.ENSP00000251496,NCAPG,KIF2C,0.933
9606.ENSP00000251496,NCAPG,NUSAP1,0.931
9606.ENSP00000251496,NCAPG,NUF2,0.93
9606.ENSP00000251496,NCAPG,RAB38,0.929
9606.ENSP00000251496,NCAPG,KIF14,0.924
9606.ENSP00000251496,NCAPG,CENPF,0.924
9606.ENSP00000251496,NCAPG,PRC1,0.921
9606.ENSP00000251496,NCAPG,PBK,0.92
9606.ENSP00000251496,NCAPG,CENPE,0.92
9606.ENSP00000251496,NCAPG,KIF15,0.919
9606.ENSP00000251496,NCAPG,CDC45,0.918
9606.ENSP00000251496,NCAPG,POU3F3,0.916
9606.ENSP00000251496,NCAPG,AURKB,0.913
9606.ENSP00000251496,NCAPG,RAD51AP1,0.911
9606.ENSP00000251496,NCAPG,HMMR,0.909
9606.ENSP00000251496,NCAPG,MKI67,0.908
9606.ENSP00000255136,PABPC1L,PAIP1,0.987
9606.ENSP00000255262,NMUR2,NMS,0.999
9606.ENSP00000255262,NMUR2,NMU,0.999
9606.ENSP00000255262,NMUR2,GNB1,0.955
9606.ENSP00000255262,NMUR2,NMUR1,0.938
9606.ENSP00000255262,NMUR2,GNG2,0.904
9606.ENSP00000255381,MYH4,MYL1,0.954
9606.ENSP00000255381,MYH4,MYH3,0.927
9606.ENSP00000255381,MYH4,MYLPF,0.915
9606.ENSP00000255381,MYH4,MYL3,0.915
9606.ENSP00000255381,MYH4,MYH8,0.913
9606.ENSP00000255882,PI4KA,TTC7B,0.991
9606.ENSP00000255882,PI4KA,PI4K2A,0.976
9606.ENSP00000255882,PI4KA,PI4K2B,0.976
9606.ENSP00000255882,PI4KA,CDIPT,0.976
9606.ENSP00000255882,PI4KA,PI4KB,0.969
9606.ENSP00000255882,PI4KA,PIP5K1C,0.966
9606.ENSP00000255882,PI4KA,PIP5K1A,0.96
9606.ENSP00000255882,PI4KA,FAM126A,0.959
9606.ENSP00000255882,PI4KA,PIP5K1B,0.958
9606.ENSP00000255882,PI4KA,PIKFYVE,0.956
9606.ENSP00000255882,PI4KA,PIP5KL1,0.937
9606.ENSP00000255882,PI4KA,PIK3C3,0.927
9606.ENSP00000255882,PI4KA,PIK3R2,0.925
9606.ENSP00000255882,PI4KA,PIK3R1,0.924
9606.ENSP00000255882,PI4KA,PIK3R3,0.918
9606.ENSP00000255882,PI4KA,PTEN,0.916
9606.ENSP00000255882,PI4KA,PIK3C2A,0.916
9606.ENSP00000255882,PI4KA,PIK3C2B,0.915
9606.ENSP00000255882,PI4KA,INPP5F,0.912
9606.ENSP00000255882,PI4KA,PIK3C2G,0.911
9606.ENSP00000256646,NOTCH2,JAG1,0.999
9606.ENSP00000256646,NOTCH2,DLL4,0.999
9606.ENSP00000256646,NOTCH2,JAG2,0.999
9606.ENSP00000256646,NOTCH2,DLL1,0.999
9606.ENSP00000256646,NOTCH2,RBPJ,0.998
9606.ENSP00000256646,NOTCH2,DLL3,0.998
9606.ENSP00000256646,NOTCH2,MAML1,0.991
9606.ENSP00000256646,NOTCH2,LFNG,0.979
9606.ENSP00000256646,NOTCH2,NUMB,0.975
9606.ENSP00000256646,NOTCH2,NUMBL,0.975
9606.ENSP00000256646,NOTCH2,MDK,0.972
9606.ENSP00000256646,NOTCH2,MAML2,0.968
9606.ENSP00000256646,NOTCH2,MAML3,0.966
9606.ENSP00000256646,NOTCH2,RBPJL,0.95
9606.ENSP00000256646,NOTCH2,MFNG,0.946
9606.ENSP00000256646,NOTCH2,ADAM17,0.942
9606.ENSP00000256646,NOTCH2,NOTCH1,0.932
9606.ENSP00000256646,NOTCH2,RFNG,0.931
9606.ENSP00000256646,NOTCH2,DVL1,0.93
9606.ENSP00000256646,NOTCH2,DVL2,0.926
9606.ENSP00000256646,NOTCH2,DVL3,0.921
9606.ENSP00000256646,NOTCH2,DTX1,0.918
9606.ENSP00000257118,PHC2,CBX8,0.999
9606.ENSP00000257118,PHC2,BMI1,0.999
9606.ENSP00000257118,PHC2,CBX2,0.999
9606.ENSP00000257118,PHC2,PCGF2,0.998
9606.ENSP00000257118,PHC2,RING1,0.998
9606.ENSP00000257118,PHC2,RNF2,0.997
9606.ENSP00000257118,PHC2,PHC1,0.996
9606.ENSP00000257118,PHC2,CBX7,0.996
9606.ENSP00000257118,PHC2,CBX4,0.994
9606.ENSP00000257118,PHC2,CBX6,0.993
9606.ENSP00000257118,PHC2,COMMD3-BMI1,0.978
9606.ENSP00000257118,PHC2,PCGF1,0.977
9606.ENSP00000257118,PHC2,PCGF5,0.975
9606.ENSP00000257118,PHC2,PCGF6,0.974
9606.ENSP00000257118,PHC2,PHC3,0.973
9606.ENSP00000257118,PHC2,PCGF3,0.968
9606.ENSP00000257118,PHC2,EED,0.961
9606.ENSP00000257118,PHC2,SUZ12,0.957
9606.ENSP00000257118,PHC2,EZH2,0.955
9606.ENSP00000257118,PHC2,SCML2,0.951
9606.ENSP00000257118,PHC2,SCMH1,0.946
9606.ENSP00000257118,PHC2,EZH1,0.931
9606.ENSP00000257118,PHC2,BCOR,0.928
9606.ENSP00000257118,PHC2,HDAC2,0.927
9606.ENSP00000257118,PHC2,AEBP2,0.922
9606.ENSP00000257118,PHC2,RBBP4,0.921
9606.ENSP00000257118,PHC2,RBBP7,0.918
9606.ENSP00000257118,PHC2,UBE2S,0.906
9606.ENSP00000257118,PHC2,BAP1,0.905
9606.ENSP00000257118,PHC2,UBE2C,0.904
9606.ENSP00000257118,PHC2,ANAPC4,0.904
9606.ENSP00000257118,PHC2,ANAPC2,0.903
9606.ENSP00000257118,PHC2,BRCC3,0.903
9606.ENSP00000257118,PHC2,ASXL1,0.902
9606.ENSP00000257118,PHC2,CUL7,0.902
9606.ENSP00000257118,PHC2,UBAP2L,0.902
9606.ENSP00000257118,PHC2,BABAM2,0.902
9606.ENSP00000257118,PHC2,CDC27,0.901
9606.ENSP00000257118,PHC2,BARD1,0.901
9606.ENSP00000257118,PHC2,BRCA1,0.901
9606.ENSP00000257118,PHC2,ANAPC1,0.9
9606.ENSP00000257118,PHC2,ANAPC7,0.9
9606.ENSP00000257118,PHC2,ANAPC10,0.9
9606.ENSP00000257118,PHC2,ANAPC15,0.9
9606.ENSP00000257118,PHC2,ANAPC16,0.9
9606.ENSP00000257118,PHC2,CDC23,0.9
9606.ENSP00000257118,PHC2,CDC26,0.9
9606.ENSP00000257118,PHC2,ANAPC11,0.9
9606.ENSP00000257118,PHC2,ANAPC13,0.9
9606.ENSP00000257118,PHC2,CDC16,0.9
9606.ENSP00000257118,PHC2,ANAPC5,0.9
9606.ENSP00000257290,PDGFRA,PDGFC,0.999
9606.ENSP00000257290,PDGFRA,PDGFA,0.999
9606.ENSP00000257290,PDGFRA,PDGFB,0.999
9606.ENSP00000257290,PDGFRA,PDGFD,0.999
9606.ENSP00000257290,PDGFRA,PTPN11,0.995
9606.ENSP00000257290,PDGFRA,PIK3R1,0.995
9606.ENSP00000257290,PDGFRA,PIK3CA,0.99
9606.ENSP00000257290,PDGFRA,PDGFRB,0.989
9606.ENSP00000257290,PDGFRA,PLCG1,0.988
9606.ENSP00000257290,PDGFRA,EGF,0.987
9606.ENSP00000257290,PDGFRA,EGFR,0.986
9606.ENSP00000257290,PDGFRA,FGF2,0.982
9606.ENSP00000257290,PDGFRA,KITLG,0.981
9606.ENSP00000257290,PDGFRA,FIP1L1,0.981
9606.ENSP00000257290,PDGFRA,KRAS,0.978
9606.ENSP00000257290,PDGFRA,GRB2,0.974
9606.ENSP00000257290,PDGFRA,CRK,0.97
9606.ENSP00000257290,PDGFRA,NRAS,0.967
9606.ENSP00000257290,PDGFRA,STAT3,0.961
9606.ENSP00000257290,PDGFRA,HRAS,0.96
9606.ENSP00000257290,PDGFRA,PIK3CB,0.957
9606.ENSP00000257290,PDGFRA,SRC,0.954
9606.ENSP00000257290,PDGFRA,INS,0.949
9606.ENSP00000257290,PDGFRA,SHC1,0.938
9606.ENSP00000257290,PDGFRA,PIK3R2,0.938
9606.ENSP00000257290,PDGFRA,PIK3R3,0.938
9606.ENSP00000257290,PDGFRA,JAK2,0.929
9606.ENSP00000257290,PDGFRA,SOS1,0.927
9606.ENSP00000257290,PDGFRA,PIK3CD,0.924
9606.ENSP00000257290,PDGFRA,SHC3,0.923
9606.ENSP00000257290,PDGFRA,SOS2,0.92
9606.ENSP00000257290,PDGFRA,PTK2,0.919
9606.ENSP00000257290,PDGFRA,CBL,0.919
9606.ENSP00000257290,PDGFRA,JAK1,0.919
9606.ENSP00000257290,PDGFRA,SHC2,0.916
9606.ENSP00000257290,PDGFRA,STAT1,0.914
9606.ENSP00000257290,PDGFRA,SHC4,0.913
9606.ENSP00000257290,PDGFRA,PLCG2,0.913
9606.ENSP00000257290,PDGFRA,GAB2,0.911
9606.ENSP00000257290,PDGFRA,GAB1,0.911
9606.ENSP00000257290,PDGFRA,FGF5,0.904
9606.ENSP00000257694,PNPLA8,PLA2G2A,0.921
9606.ENSP00000257829,NAT10,WDR46,0.999
9606.ENSP00000257829,NAT10,BYSL,0.999
9606.ENSP00000257829,NAT10,NOP58,0.999
9606.ENSP00000257829,NAT10,HEATR1,0.999
9606.ENSP00000257829,NAT10,UTP4,0.999
9606.ENSP00000257829,NAT10,NOP56,0.999
9606.ENSP00000257829,NAT10,AATF,0.999
9606.ENSP00000257829,NAT10,NOP14,0.999
9606.ENSP00000257829,NAT10,NOL10,0.999
9606.ENSP00000257829,NAT10,NOL6,0.999
9606.ENSP00000257829,NAT10,UTP20,0.999
9606.ENSP00000257829,NAT10,TBL3,0.999
9606.ENSP00000257829,NAT10,WDR36,0.999
9606.ENSP00000257829,NAT10,PDCD11,0.999
9606.ENSP00000257829,NAT10,BMS1,0.999
9606.ENSP00000257829,NAT10,UTP6,0.998
9606.ENSP00000257829,NAT10,IMP4,0.998
9606.ENSP00000257829,NAT10,UTP18,0.998
9606.ENSP00000257829,NAT10,WDR3,0.998
9606.ENSP00000257829,NAT10,WDR43,0.998
9606.ENSP00000257829,NAT10,RRP9,0.998
9606.ENSP00000257829,NAT10,NGDN,0.997
9606.ENSP00000257829,NAT10,KRR1,0.997
9606.ENSP00000257829,NAT10,UTP14A,0.997
9606.ENSP00000257829,NAT10,NOC4L,0.997
9606.ENSP00000257829,NAT10,WDR75,0.997
9606.ENSP00000257829,NAT10,EMG1,0.997
9606.ENSP00000257829,NAT10,RRP7A,0.997
9606.ENSP00000257829,NAT10,PWP2,0.997
9606.ENSP00000257829,NAT10,MPHOSPH10,0.996
9606.ENSP00000257829,NAT10,RCL1,0.996
9606.ENSP00000257829,NAT10,UTP15,0.995
9606.ENSP00000257829,NAT10,UTP3,0.995
9606.ENSP00000257829,NAT10,FBL,0.993
9606.ENSP00000257829,NAT10,DCAF13,0.993
9606.ENSP00000257829,NAT10,DKC1,0.992
9606.ENSP00000257829,NAT10,FCF1,0.992
9606.ENSP00000257829,NAT10,SNU13,0.992
9606.ENSP00000257829,NAT10,ESF1,0.991
9606.ENSP00000257829,NAT10,THUMPD1,0.989
9606.ENSP00000257829,NAT10,UTP11,0.989
9606.ENSP00000257829,NAT10,RPS13,0.988
9606.ENSP00000257829,NAT10,DNTTIP2,0.988
9606.ENSP00000257829,NAT10,RPS23,0.988
9606.ENSP00000257829,NAT10,RSL1D1,0.984
9606.ENSP00000257829,NAT10,RPS8,0.984
9606.ENSP00000257829,NAT10,RRP12,0.984
9606.ENSP00000257829,NAT10,RPS5,0.984
9606.ENSP00000257829,NAT10,IMP3,0.982
9606.ENSP00000257829,NAT10,RPS3A,0.982
9606.ENSP00000257829,NAT10,RPS6,0.981
9606.ENSP00000257829,NAT10,PNO1,0.981
9606.ENSP00000257829,NAT10,TSR1,0.981
9606.ENSP00000257829,NAT10,RPS9,0.981
9606.ENSP00000257829,NAT10,RPS7,0.979
9606.ENSP00000257829,NAT10,NOM1,0.979
9606.ENSP00000257829,NAT10,RPS18,0.976
9606.ENSP00000257829,NAT10,RPS11,0.976
9606.ENSP00000257829,NAT10,LOC102724159,0.976
9606.ENSP00000257829,NAT10,RPS28,0.975
9606.ENSP00000257829,NAT10,NHP2,0.975
9606.ENSP00000257829,NAT10,RPS16,0.974
9606.ENSP00000257829,NAT10,RPS24,0.972
9606.ENSP00000257829,NAT10,RPS14,0.971
9606.ENSP00000257829,NAT10,GNL3L,0.966
9606.ENSP00000257829,NAT10,POLR1A,0.964
9606.ENSP00000257829,NAT10,UTP14C,0.963
9606.ENSP00000257829,NAT10,POLR1B,0.961
9606.ENSP00000257829,NAT10,RPS27,0.958
9606.ENSP00000257829,NAT10,NOC2L,0.955
9606.ENSP00000257829,NAT10,DHX15,0.954
9606.ENSP00000257829,NAT10,MTREX,0.946
9606.ENSP00000257829,NAT10,RPS12,0.94
9606.ENSP00000257829,NAT10,FBLL1,0.939
9606.ENSP00000257829,NAT10,RBM28,0.939
9606.ENSP00000257829,NAT10,CAPRIN1,0.938
9606.ENSP00000257829,NAT10,FTSJ3,0.933
9606.ENSP00000257829,NAT10,RPS15A,0.927
9606.ENSP00000257829,NAT10,DDX18,0.926
9606.ENSP00000257829,NAT10,CEBPZ,0.925
9606.ENSP00000257829,NAT10,BOP1,0.922
9606.ENSP00000257829,NAT10,RPS4X,0.922
9606.ENSP00000257829,NAT10,NOP2,0.92
9606.ENSP00000257829,NAT10,RBM19,0.919
9606.ENSP00000257829,NAT10,SDAD1,0.916
9606.ENSP00000257829,NAT10,MYBBP1A,0.914
9606.ENSP00000257829,NAT10,GRWD1,0.914
9606.ENSP00000257829,NAT10,TERT,0.913
9606.ENSP00000257829,NAT10,DDX52,0.91
9606.ENSP00000257829,NAT10,GAR1,0.909
9606.ENSP00000257829,NAT10,RPS19,0.905
9606.ENSP00000257829,NAT10,DDX56,0.905
9606.ENSP00000257829,NAT10,POLR1E,0.902
9606.ENSP00000257829,NAT10,URB1,0.901
9606.ENSP00000257829,NAT10,RPF2,0.9
9606.ENSP00000258042,NMBR,NMB,0.999
9606.ENSP00000258042,NMBR,GRP,0.998
9606.ENSP00000258042,NMBR,BRS3,0.941
9606.ENSP00000258042,NMBR,GRPR,0.927
9606.ENSP00000259915,POU5F1,CTNNB1,0.999
9606.ENSP00000259915,POU5F1,SOX2,0.999
9606.ENSP00000259915,POU5F1,NANOG,0.999
9606.ENSP00000259915,POU5F1,SALL4,0.998
9606.ENSP00000259915,POU5F1,KLF4,0.994
9606.ENSP00000259915,POU5F1,LIN28A,0.994
9606.ENSP00000259915,POU5F1,WDR5,0.991
9606.ENSP00000259915,POU5F1,SOX17,0.988
9606.ENSP00000259915,POU5F1,PRDM14,0.972
9606.ENSP00000259915,POU5F1,POU5F1B,0.97
9606.ENSP00000259915,POU5F1,PKM,0.969
9606.ENSP00000259915,POU5F1,FOXD3,0.967
9606.ENSP00000259915,POU5F1,SMAD3,0.962
9606.ENSP00000259915,POU5F1,MYC,0.956
9606.ENSP00000259915,POU5F1,CTCF,0.955
9606.ENSP00000259915,POU5F1,EPAS1,0.955
9606.ENSP00000259915,POU5F1,STAT3,0.946
9606.ENSP00000259915,POU5F1,FGF2,0.931
9606.ENSP00000259915,POU5F1,WWP2,0.93
9606.ENSP00000259915,POU5F1,SMAD2,0.928
9606.ENSP00000259915,POU5F1,H3C12,0.923
9606.ENSP00000259915,POU5F1,CDX2,0.923
9606.ENSP00000259915,POU5F1,SOX4,0.922
9606.ENSP00000259915,POU5F1,YY1,0.917
9606.ENSP00000259915,POU5F1,ZSCAN10,0.913
9606.ENSP00000259915,POU5F1,OTX2,0.912
9606.ENSP00000259915,POU5F1,H4C6,0.912
9606.ENSP00000259915,POU5F1,ESRRB,0.905
9606.ENSP00000260402,PLCB2,GNAT3,0.998
9606.ENSP00000260402,PLCB2,GNAQ,0.994
9606.ENSP00000260402,PLCB2,TRPM5,0.979
9606.ENSP00000260402,PLCB2,GNB3,0.979
9606.ENSP00000260402,PLCB2,GNA15,0.976
9606.ENSP00000260402,PLCB2,ITPR3,0.966
9606.ENSP00000260402,PLCB2,GNG13,0.966
9606.ENSP00000260402,PLCB2,GNA14,0.957
9606.ENSP00000260402,PLCB2,ITPR1,0.946
9606.ENSP00000260402,PLCB2,GNA11,0.944
9606.ENSP00000260402,PLCB2,GNB4,0.94
9606.ENSP00000260402,PLCB2,TAS1R3,0.937
9606.ENSP00000260402,PLCB2,ITPR2,0.935
9606.ENSP00000260402,PLCB2,GNAI2,0.934
9606.ENSP00000260402,PLCB2,PRKCB,0.931
9606.ENSP00000260402,PLCB2,PRKCA,0.928
9606.ENSP00000260402,PLCB2,GNAI1,0.926
9606.ENSP00000260402,PLCB2,CASR,0.925
9606.ENSP00000260402,PLCB2,GNAI3,0.925
9606.ENSP00000260402,PLCB2,GNB1,0.921
9606.ENSP00000260402,PLCB2,CAMK2A,0.919
9606.ENSP00000260402,PLCB2,PRKCD,0.918
9606.ENSP00000260402,PLCB2,GNG2,0.916
9606.ENSP00000260402,PLCB2,PRKCG,0.915
9606.ENSP00000260402,PLCB2,CAMK2B,0.915
9606.ENSP00000260402,PLCB2,GPRC6A,0.912
9606.ENSP00000260402,PLCB2,INPP5A,0.911
9606.ENSP00000260402,PLCB2,PTEN,0.911
9606.ENSP00000260402,PLCB2,GNG4,0.908
9606.ENSP00000260402,PLCB2,INPP1,0.904
9606.ENSP00000260402,PLCB2,PRKG1,0.904
9606.ENSP00000260402,PLCB2,MTM1,0.903
9606.ENSP00000260402,PLCB2,INPP5F,0.903
9606.ENSP00000260402,PLCB2,IPMK,0.901
9606.ENSP00000260402,PLCB2,CDIPT,0.901
9606.ENSP00000260402,PLCB2,PRKG2,0.9
9606.ENSP00000260402,PLCB2,PIKFYVE,0.9
9606.ENSP00000260402,PLCB2,RAC3,0.9
9606.ENSP00000260402,PLCB2,MINPP1,0.9
9606.ENSP00000260970,PPIG,CDC40,0.973
9606.ENSP00000260970,PPIG,CYP3A4,0.973
9606.ENSP00000260970,PPIG,SYF2,0.969
9606.ENSP00000260970,PPIG,SLU7,0.964
9606.ENSP00000260970,PPIG,CYP2B6,0.964
9606.ENSP00000260970,PPIG,DHX38,0.963
9606.ENSP00000260970,PPIG,CYP2D6,0.962
9606.ENSP00000260970,PPIG,PPIL1,0.961
9606.ENSP00000260970,PPIG,CYP2C19,0.958
9606.ENSP00000260970,PPIG,CYP2C8,0.957
9606.ENSP00000260970,PPIG,CYP2C9,0.956
9606.ENSP00000260970,PPIG,CYP1A2,0.951
9606.ENSP00000260970,PPIG,CYP2A6,0.949
9606.ENSP00000260970,PPIG,POR,0.944
9606.ENSP00000260970,PPIG,CYP2E1,0.939
9606.ENSP00000260970,PPIG,CYP1A1,0.934
9606.ENSP00000260970,PPIG,SH2D3A,0.93
9606.ENSP00000260970,PPIG,CYP2J2,0.927
9606.ENSP00000260970,PPIG,CYP3A5,0.926
9606.ENSP00000260970,PPIG,SLC35A2,0.923
9606.ENSP00000260970,PPIG,PPWD1,0.912
9606.ENSP00000260970,PPIG,CYP1B1,0.911
9606.ENSP00000260970,PPIG,CDC5L,0.907
9606.ENSP00000260970,PPIG,PNN,0.906
9606.ENSP00000260970,PPIG,SNRNP200,0.903
9606.ENSP00000261183,OSBPL8,RMDN3,0.989
9606.ENSP00000261396,NUP133,NUP37,0.999
9606.ENSP00000261396,NUP133,NUP107,0.999
9606.ENSP00000261396,NUP133,NUP160,0.999
9606.ENSP00000261396,NUP133,SEC13,0.999
9606.ENSP00000261396,NUP133,NUP85,0.999
9606.ENSP00000261396,NUP133,NUP43,0.999
9606.ENSP00000261396,NUP133,NUP98,0.999
9606.ENSP00000261396,NUP133,AHCTF1,0.999
9606.ENSP00000261396,NUP133,NUP214,0.999
9606.ENSP00000261396,NUP133,SEH1L,0.999
9606.ENSP00000261396,NUP133,NUP93,0.998
9606.ENSP00000261396,NUP133,NUP153,0.998
9606.ENSP00000261396,NUP133,NUP155,0.998
9606.ENSP00000261396,NUP133,RANBP2,0.997
9606.ENSP00000261396,NUP133,NUP205,0.997
9606.ENSP00000261396,NUP133,NUP54,0.996
9606.ENSP00000261396,NUP133,NUP62,0.995
9606.ENSP00000261396,NUP133,NUP58,0.993
9606.ENSP00000261396,NUP133,NUP88,0.986
9606.ENSP00000261396,NUP133,NUP35,0.985
9606.ENSP00000261396,NUP133,NUP210,0.979
9606.ENSP00000261396,NUP133,NUP188,0.976
9606.ENSP00000261396,NUP133,AAAS,0.957
9606.ENSP00000261396,NUP133,NUP50,0.956
9606.ENSP00000261396,NUP133,NDC1,0.956
9606.ENSP00000261396,NUP133,GLE1,0.933
9606.ENSP00000261396,NUP133,POM121,0.917
9606.ENSP00000261396,NUP133,TPR,0.91
9606.ENSP00000261402,NUAK1,STK11,0.93
9606.ENSP00000261461,PPP2R5A,PPP2CA,0.999
9606.ENSP00000261461,PPP2R5A,PPP2R1B,0.999
9606.ENSP00000261461,PPP2R5A,PPP2R1A,0.999
9606.ENSP00000261461,PPP2R5A,PPP2R2A,0.993
9606.ENSP00000261461,PPP2R5A,PPP2CB,0.992
9606.ENSP00000261461,PPP2R5A,BUB1B,0.98
9606.ENSP00000261461,PPP2R5A,SGO1,0.975
9606.ENSP00000261461,PPP2R5A,PPP2R2D,0.973
9606.ENSP00000261461,PPP2R5A,PPP2R5C,0.969
9606.ENSP00000261461,PPP2R5A,BCL2,0.964
9606.ENSP00000261461,PPP2R5A,PPP3CB,0.941
9606.ENSP00000261461,PPP2R5A,RYR2,0.94
9606.ENSP00000261461,PPP2R5A,PPP3CA,0.938
9606.ENSP00000261461,PPP2R5A,PPP2R5D,0.935
9606.ENSP00000261461,PPP2R5A,PPP2R3A,0.928
9606.ENSP00000261461,PPP2R5A,PPP2R3B,0.927
9606.ENSP00000261461,PPP2R5A,PPP1R1A,0.918
9606.ENSP00000261461,PPP2R5A,PPP4R2,0.918
9606.ENSP00000261461,PPP2R5A,PPP3R1,0.916
9606.ENSP00000261461,PPP2R5A,PPP2R5E,0.915
9606.ENSP00000261461,PPP2R5A,TNNI3,0.915
9606.ENSP00000261461,PPP2R5A,REC8,0.912
9606.ENSP00000261461,PPP2R5A,CDC20,0.905
9606.ENSP00000261461,PPP2R5A,DRD2,0.903
9606.ENSP00000261584,PALB2,RAD51,0.999
9606.ENSP00000261584,PALB2,BRCA1,0.999
9606.ENSP00000261584,PALB2,RAD51C,0.999
9606.ENSP00000261584,PALB2,BRCA2,0.999
9606.ENSP00000261584,PALB2,BRIP1,0.998
9606.ENSP00000261584,PALB2,MORF4L1,0.998
9606.ENSP00000261584,PALB2,KEAP1,0.996
9606.ENSP00000261584,PALB2,FANCD2,0.991
9606.ENSP00000261584,PALB2,AASDH,0.988
9606.ENSP00000261584,PALB2,FANCI,0.988
9606.ENSP00000261584,PALB2,BARD1,0.987
9606.ENSP00000261584,PALB2,NDUFB5,0.981
9606.ENSP00000261584,PALB2,NDUFA13,0.978
9606.ENSP00000261584,PALB2,NDUFB4,0.973
9606.ENSP00000261584,PALB2,NDUFS4,0.971
9606.ENSP00000261584,PALB2,NDUFA12,0.971
9606.ENSP00000261584,PALB2,NDUFB9,0.97
9606.ENSP00000261584,PALB2,NDUFS3,0.969
9606.ENSP00000261584,PALB2,NDUFA5,0.969
9606.ENSP00000261584,PALB2,NDUFB10,0.968
9606.ENSP00000261584,PALB2,NDUFB11,0.967
9606.ENSP00000261584,PALB2,NDUFS6,0.967
9606.ENSP00000261584,PALB2,NDUFB8,0.965
9606.ENSP00000261584,PALB2,NDUFS8,0.958
9606.ENSP00000261584,PALB2,MCAT,0.958
9606.ENSP00000261584,PALB2,MRPL21,0.958
9606.ENSP00000261584,PALB2,OXSM,0.955
9606.ENSP00000261584,PALB2,RBBP8,0.953
9606.ENSP00000261584,PALB2,NDUFS7,0.952
9606.ENSP00000261584,PALB2,RAD51AP1,0.952
9606.ENSP00000261584,PALB2,NDUFA10,0.949
9606.ENSP00000261584,PALB2,RAD51D,0.949
9606.ENSP00000261584,PALB2,NDUFA7,0.948
9606.ENSP00000261584,PALB2,NDUFA6,0.948
9606.ENSP00000261584,PALB2,PMS2,0.947
9606.ENSP00000261584,PALB2,NDUFB7,0.946
9606.ENSP00000261584,PALB2,NDUFB6,0.946
9606.ENSP00000261584,PALB2,NDUFV2,0.946
9606.ENSP00000261584,PALB2,NDUFA8,0.945
9606.ENSP00000261584,PALB2,ATM,0.945
9606.ENSP00000261584,PALB2,NDUFB3,0.945
9606.ENSP00000261584,PALB2,NDUFS1,0.941
9606.ENSP00000261584,PALB2,FANCM,0.94
9606.ENSP00000261584,PALB2,NDUFS2,0.94
9606.ENSP00000261584,PALB2,NDUFA2,0.938
9606.ENSP00000261584,PALB2,NDUFV1,0.934
9606.ENSP00000261584,PALB2,NDUFC2,0.934
9606.ENSP00000261584,PALB2,NDUFC2-KCTD14,0.934
9606.ENSP00000261584,PALB2,NDUFV3,0.926
9606.ENSP00000261584,PALB2,NDUFA3,0.923
9606.ENSP00000261584,PALB2,MT-ND5,0.923
9606.ENSP00000261584,PALB2,MT-ND3,0.922
9606.ENSP00000261584,PALB2,MT-ND2,0.921
9606.ENSP00000261584,PALB2,UQCRFS1,0.921
9606.ENSP00000261584,PALB2,CHEK2,0.921
9606.ENSP00000261584,PALB2,NDUFA1,0.919
9606.ENSP00000261584,PALB2,SEM1,0.919
9606.ENSP00000261584,PALB2,RNF168,0.918
9606.ENSP00000261584,PALB2,MT-ND4,0.916
9606.ENSP00000261584,PALB2,MT-ND1,0.914
9606.ENSP00000261584,PALB2,MT-ND4L,0.912
9606.ENSP00000261584,PALB2,XRCC3,0.91
9606.ENSP00000261584,PALB2,NDUFS5,0.909
9606.ENSP00000261584,PALB2,FANCC,0.908
9606.ENSP00000261584,PALB2,CYC1,0.906
9606.ENSP00000261584,PALB2,MRPL17,0.903
9606.ENSP00000261584,PALB2,RAD51D-2,0.901
9606.ENSP00000261584,PALB2,FANCA,0.9
9606.ENSP00000261597,NDC80,SPC24,0.999
9606.ENSP00000261597,NDC80,NUF2,0.999
9606.ENSP00000261597,NDC80,SPC25,0.999
9606.ENSP00000261597,NDC80,BUB1,0.998
9606.ENSP00000261597,NDC80,KNL1,0.995
9606.ENSP00000261597,NDC80,CKAP5,0.994
9606.ENSP00000261597,NDC80,TTK,0.992
9606.ENSP00000261597,NDC80,BUB1B,0.992
9606.ENSP00000261597,NDC80,MIS12,0.991
9606.ENSP00000261597,NDC80,ZWINT,0.991
9606.ENSP00000261597,NDC80,DSN1,0.987
9606.ENSP00000261597,NDC80,CENPF,0.987
9606.ENSP00000261597,NDC80,NEK2,0.985
9606.ENSP00000261597,NDC80,CCNB1,0.981
9606.ENSP00000261597,NDC80,CENPE,0.979
9606.ENSP00000261597,NDC80,SKA1,0.979
9606.ENSP00000261597,NDC80,AURKB,0.979
9606.ENSP00000261597,NDC80,KIF11,0.972
9606.ENSP00000261597,NDC80,ASPM,0.969
9606.ENSP00000261597,NDC80,MAD2L1,0.968
9606.ENSP00000261597,NDC80,NSL1,0.965
9606.ENSP00000261597,NDC80,CDC20,0.962
9606.ENSP00000261597,NDC80,CDK1,0.957
9606.ENSP00000261597,NDC80,DLGAP5,0.957
9606.ENSP00000261597,NDC80,PLK1,0.951
9606.ENSP00000261597,NDC80,NCAPG,0.949
9606.ENSP00000261597,NDC80,SKA3,0.943
9606.ENSP00000261597,NDC80,MELK,0.935
9606.ENSP00000261597,NDC80,KIF2C,0.934
9606.ENSP00000261597,NDC80,PBK,0.934
9606.ENSP00000261597,NDC80,AURKA,0.933
9606.ENSP00000261597,NDC80,SGO1,0.932
9606.ENSP00000261597,NDC80,TUBB2B,0.925
9606.ENSP00000261597,NDC80,ESPL1,0.925
9606.ENSP00000261597,NDC80,NUSAP1,0.918
9606.ENSP00000261597,NDC80,CENPA,0.917
9606.ENSP00000261597,NDC80,CEP55,0.914
9606.ENSP00000261597,NDC80,TUBA1A,0.913
9606.ENSP00000261597,NDC80,CDCA8,0.907
9606.ENSP00000261597,NDC80,CENPC,0.903
9606.ENSP00000261597,NDC80,INCENP,0.902
9606.ENSP00000261597,NDC80,KIF15,0.9
9606.ENSP00000261799,PDGFRB,PDGFA,0.999
9606.ENSP00000261799,PDGFRB,PTPN11,0.999
9606.ENSP00000261799,PDGFRB,PDGFB,0.999
9606.ENSP00000261799,PDGFRB,PIK3R1,0.999
9606.ENSP00000261799,PDGFRB,PDGFD,0.999
9606.ENSP00000261799,PDGFRB,PLCG1,0.999
9606.ENSP00000261799,PDGFRB,GRB2,0.999
9606.ENSP00000261799,PDGFRB,SRC,0.999
9606.ENSP00000261799,PDGFRB,PDGFC,0.999
9606.ENSP00000261799,PDGFRB,EGFR,0.998
9606.ENSP00000261799,PDGFRB,PDGFRA,0.989
9606.ENSP00000261799,PDGFRB,EGF,0.989
9606.ENSP00000261799,PDGFRB,RASA1,0.986
9606.ENSP00000261799,PDGFRB,KDR,0.986
9606.ENSP00000261799,PDGFRB,PIK3CA,0.976
9606.ENSP00000261799,PDGFRB,INS,0.975
9606.ENSP00000261799,PDGFRB,PIK3R2,0.971
9606.ENSP00000261799,PDGFRB,HRAS,0.962
9606.ENSP00000261799,PDGFRB,SHC1,0.961
9606.ENSP00000261799,PDGFRB,PIK3CB,0.96
9606.ENSP00000261799,PDGFRB,NRAS,0.959
9606.ENSP00000261799,PDGFRB,KRAS,0.959
9606.ENSP00000261799,PDGFRB,PIK3R3,0.955
9606.ENSP00000261799,PDGFRB,JAK2,0.954
9606.ENSP00000261799,PDGFRB,FGF2,0.953
9606.ENSP00000261799,PDGFRB,KITLG,0.951
9606.ENSP00000261799,PDGFRB,PTEN,0.95
9606.ENSP00000261799,PDGFRB,SOS1,0.933
9606.ENSP00000261799,PDGFRB,PIK3CD,0.932
9606.ENSP00000261799,PDGFRB,IGF1,0.926
9606.ENSP00000261799,PDGFRB,SHC3,0.926
9606.ENSP00000261799,PDGFRB,SOS2,0.925
9606.ENSP00000261799,PDGFRB,PTK2,0.925
9606.ENSP00000261799,PDGFRB,GAB1,0.925
9606.ENSP00000261799,PDGFRB,JAK1,0.921
9606.ENSP00000261799,PDGFRB,GAB2,0.92
9606.ENSP00000261799,PDGFRB,SHC2,0.919
9606.ENSP00000261799,PDGFRB,PLCG2,0.917
9606.ENSP00000261799,PDGFRB,ANGPT1,0.916
9606.ENSP00000261799,PDGFRB,STAT3,0.915
9606.ENSP00000261799,PDGFRB,NCK1,0.915
9606.ENSP00000261799,PDGFRB,SHC4,0.913
9606.ENSP00000261799,PDGFRB,CSF1,0.909
9606.ENSP00000261799,PDGFRB,PGF,0.905
9606.ENSP00000261799,PDGFRB,FGF7,0.904
9606.ENSP00000261799,PDGFRB,FGF10,0.904
9606.ENSP00000262039,PIK3C3,BECN1,0.999
9606.ENSP00000262039,PIK3C3,ULK1,0.999
9606.ENSP00000262039,PIK3C3,RAB5A,0.999
9606.ENSP00000262039,PIK3C3,BECN2,0.999
9606.ENSP00000262039,PIK3C3,UVRAG,0.999
9606.ENSP00000262039,PIK3C3,ATG14,0.999
9606.ENSP00000262039,PIK3C3,NRBF2,0.999
9606.ENSP00000262039,PIK3C3,AMBRA1,0.999
9606.ENSP00000262039,PIK3C3,PIK3R4,0.999
9606.ENSP00000262039,PIK3C3,ULK2,0.997
9606.ENSP00000262039,PIK3C3,RUBCN,0.997
9606.ENSP00000262039,PIK3C3,GABARAP,0.991
9606.ENSP00000262039,PIK3C3,RB1CC1,0.989
9606.ENSP00000262039,PIK3C3,ATG101,0.989
9606.ENSP00000262039,PIK3C3,CDIPT,0.988
9606.ENSP00000262039,PIK3C3,ATG13,0.985
9606.ENSP00000262039,PIK3C3,GABARAPL2,0.984
9606.ENSP00000262039,PIK3C3,GABARAPL1,0.984
9606.ENSP00000262039,PIK3C3,PIKFYVE,0.98
9606.ENSP00000262039,PIK3C3,CALM3,0.978
9606.ENSP00000262039,PIK3C3,MTM1,0.977
9606.ENSP00000262039,PIK3C3,BCL2,0.976
9606.ENSP00000262039,PIK3C3,CALML3,0.976
9606.ENSP00000262039,PIK3C3,CALML5,0.976
9606.ENSP00000262039,PIK3C3,CALML4,0.975
9606.ENSP00000262039,PIK3C3,CALML6,0.975
9606.ENSP00000262039,PIK3C3,ATG5,0.972
9606.ENSP00000262039,PIK3C3,WIPI2,0.971
9606.ENSP00000262039,PIK3C3,ATG12,0.969
9606.ENSP00000262039,PIK3C3,EEA1,0.967
9606.ENSP00000262039,PIK3C3,PIK3R1,0.955
9606.ENSP00000262039,PIK3C3,PTEN,0.953
9606.ENSP00000262039,PIK3C3,FIG4,0.951
9606.ENSP00000262039,PIK3C3,ABL1,0.947
9606.ENSP00000262039,PIK3C3,RAB5C,0.941
9606.ENSP00000262039,PIK3C3,RAB5B,0.939
9606.ENSP00000262039,PIK3C3,INPP4A,0.938
9606.ENSP00000262039,PIK3C3,PI4KB,0.938
9606.ENSP00000262039,PIK3C3,PI4K2A,0.938
9606.ENSP00000262039,PIK3C3,PIK3R2,0.933
9606.ENSP00000262039,PIK3C3,ATG3,0.933
9606.ENSP00000262039,PIK3C3,PIK3R3,0.933
9606.ENSP00000262039,PIK3C3,MTMR2,0.931
9606.ENSP00000262039,PIK3C3,PI4K2B,0.931
9606.ENSP00000262039,PIK3C3,ATG16L1,0.929
9606.ENSP00000262039,PIK3C3,ATG7,0.927
9606.ENSP00000262039,PIK3C3,PI4KA,0.927
9606.ENSP00000262039,PIK3C3,INPP4B,0.927
9606.ENSP00000262039,PIK3C3,VMP1,0.919
9606.ENSP00000262039,PIK3C3,SH3GLB1,0.915
9606.ENSP00000262039,PIK3C3,INPP5F,0.913
9606.ENSP00000262039,PIK3C3,CAMK2A,0.903
9606.ENSP00000262039,PIK3C3,CAMK2B,0.903
9606.ENSP00000262039,PIK3C3,WIPI1,0.902
9606.ENSP00000262043,PHF3,NIPBL,0.976
9606.ENSP00000262113,MYOM2,PLG,0.988
9606.ENSP00000262113,MYOM2,DDX58,0.983
9606.ENSP00000262113,MYOM2,ALB,0.98
9606.ENSP00000262113,MYOM2,TRAF3,0.961
9606.ENSP00000262113,MYOM2,FN1,0.958
9606.ENSP00000262113,MYOM2,TBK1,0.953
9606.ENSP00000262113,MYOM2,CD46,0.948
9606.ENSP00000262113,MYOM2,IKBKB,0.917
9606.ENSP00000262113,MYOM2,TTN,0.913
9606.ENSP00000262384,N4BP1,IKBKG,0.901
9606.ENSP00000262510,NLRC5,CHUK,0.997
9606.ENSP00000262510,NLRC5,DDX58,0.995
9606.ENSP00000262510,NLRC5,IFIH1,0.994
9606.ENSP00000262510,NLRC5,IKBKB,0.989
9606.ENSP00000262510,NLRC5,NLRC4,0.956
9606.ENSP00000262510,NLRC5,NLRP3,0.93
9606.ENSP00000262510,NLRC5,MAVS,0.913
9606.ENSP00000262719,PHLPP1,AKT1,0.999
9606.ENSP00000262719,PHLPP1,FKBP5,0.996
9606.ENSP00000262719,PHLPP1,AKT2,0.994
9606.ENSP00000262719,PHLPP1,AKT3,0.993
9606.ENSP00000262719,PHLPP1,FKBP4,0.993
9606.ENSP00000262719,PHLPP1,PHLPP2,0.987
9606.ENSP00000262719,PHLPP1,USP12,0.939
9606.ENSP00000262719,PHLPP1,USP46,0.934
9606.ENSP00000262719,PHLPP1,USP1,0.933
9606.ENSP00000262719,PHLPP1,WDR48,0.923
9606.ENSP00000262719,PHLPP1,SCRIB,0.913
9606.ENSP00000262741,PIK3R3,PIK3R2,0.999
9606.ENSP00000262741,PIK3R3,PIK3CA,0.999
9606.ENSP00000262741,PIK3R3,PIK3CG,0.999
9606.ENSP00000262741,PIK3R3,PIK3CD,0.999
9606.ENSP00000262741,PIK3R3,PIK3CB,0.999
9606.ENSP00000262741,PIK3R3,IRS1,0.997
9606.ENSP00000262741,PIK3R3,PIK3R1,0.997
9606.ENSP00000262741,PIK3R3,IGF1R,0.99
9606.ENSP00000262741,PIK3R3,EGFR,0.99
9606.ENSP00000262741,PIK3R3,PIK3R5,0.981
9606.ENSP00000262741,PIK3R3,ERBB2,0.975
9606.ENSP00000262741,PIK3R3,IRS4,0.975
9606.ENSP00000262741,PIK3R3,AKT3,0.973
9606.ENSP00000262741,PIK3R3,IRS2,0.972
9606.ENSP00000262741,PIK3R3,PTK2,0.971
9606.ENSP00000262741,PIK3R3,PIK3R6,0.967
9606.ENSP00000262741,PIK3R3,AKT1,0.962
9606.ENSP00000262741,PIK3R3,SRC,0.961
9606.ENSP00000262741,PIK3R3,ERBB3,0.96
9606.ENSP00000262741,PIK3R3,PTEN,0.955
9606.ENSP00000262741,PIK3R3,PDGFRB,0.955
9606.ENSP00000262741,PIK3R3,AKT2,0.953
9606.ENSP00000262741,PIK3R3,KRAS,0.952
9606.ENSP00000262741,PIK3R3,PIK3C2B,0.948
9606.ENSP00000262741,PIK3R3,JAK1,0.947
9606.ENSP00000262741,PIK3R3,PIK3C2G,0.945
9606.ENSP00000262741,PIK3R3,ERBB4,0.942
9606.ENSP00000262741,PIK3R3,PDPK1,0.94
9606.ENSP00000262741,PIK3R3,PIK3C2A,0.94
9606.ENSP00000262741,PIK3R3,JAK2,0.939
9606.ENSP00000262741,PIK3R3,PDGFRA,0.938
9606.ENSP00000262741,PIK3R3,FYN,0.937
9606.ENSP00000262741,PIK3R3,SYK,0.937
9606.ENSP00000262741,PIK3R3,MTOR,0.937
9606.ENSP00000262741,PIK3R3,PIK3C3,0.933
9606.ENSP00000262741,PIK3R3,PTPN11,0.932
9606.ENSP00000262741,PIK3R3,CD19,0.932
9606.ENSP00000262741,PIK3R3,KIT,0.932
9606.ENSP00000262741,PIK3R3,VAV1,0.93
9606.ENSP00000262741,PIK3R3,PIP4K2A,0.928
9606.ENSP00000262741,PIK3R3,BTK,0.927
9606.ENSP00000262741,PIK3R3,CRK,0.926
9606.ENSP00000262741,PIK3R3,PIP5K1A,0.925
9606.ENSP00000262741,PIK3R3,CDC42,0.925
9606.ENSP00000262741,PIK3R3,INPP4B,0.925
9606.ENSP00000262741,PIK3R3,PI4K2A,0.924
9606.ENSP00000262741,PIK3R3,PIP4K2C,0.924
9606.ENSP00000262741,PIK3R3,GAB1,0.924
9606.ENSP00000262741,PIK3R3,NTRK1,0.924
9606.ENSP00000262741,PIK3R3,NRAS,0.923
9606.ENSP00000262741,PIK3R3,INPPL1,0.923
9606.ENSP00000262741,PIK3R3,PIK3AP1,0.923
9606.ENSP00000262741,PIK3R3,FGFR1,0.923
9606.ENSP00000262741,PIK3R3,PI4KB,0.923
9606.ENSP00000262741,PIK3R3,HRAS,0.922
9606.ENSP00000262741,PIK3R3,PIP5K1C,0.922
9606.ENSP00000262741,PIK3R3,KDR,0.922
9606.ENSP00000262741,PIK3R3,PLCG1,0.922
9606.ENSP00000262741,PIK3R3,LYN,0.921
9606.ENSP00000262741,PIK3R3,PIP5K1B,0.921
9606.ENSP00000262741,PIK3R3,FLT3,0.92
9606.ENSP00000262741,PIK3R3,PI4K2B,0.919
9606.ENSP00000262741,PIK3R3,RAP1A,0.918
9606.ENSP00000262741,PIK3R3,PI4KA,0.918
9606.ENSP00000262741,PIK3R3,RAP1B,0.916
9606.ENSP00000262741,PIK3R3,GNAI1,0.915
9606.ENSP00000262741,PIK3R3,PRKCD,0.915
9606.ENSP00000262741,PIK3R3,RRAS,0.915
9606.ENSP00000262741,PIK3R3,GNAI3,0.915
9606.ENSP00000262741,PIK3R3,ZAP70,0.915
9606.ENSP00000262741,PIK3R3,PIP4K2B,0.915
9606.ENSP00000262741,PIK3R3,ITK,0.914
9606.ENSP00000262741,PIK3R3,ICOS,0.914
9606.ENSP00000262741,PIK3R3,ALK,0.914
9606.ENSP00000262741,PIK3R3,ITGB1,0.913
9606.ENSP00000262741,PIK3R3,THRB,0.913
9606.ENSP00000262741,PIK3R3,ITGA2,0.913
9606.ENSP00000262741,PIK3R3,RAF1,0.913
9606.ENSP00000262741,PIK3R3,INPP4A,0.913
9606.ENSP00000262741,PIK3R3,JAK3,0.913
9606.ENSP00000262741,PIK3R3,RAC2,0.913
9606.ENSP00000262741,PIK3R3,PIKFYVE,0.912
9606.ENSP00000262741,PIK3R3,INPP5D,0.912
9606.ENSP00000262741,PIK3R3,THRA,0.911
9606.ENSP00000262741,PIK3R3,TXK,0.911
9606.ENSP00000262741,PIK3R3,PGR,0.911
9606.ENSP00000262741,PIK3R3,GAB2,0.91
9606.ENSP00000262741,PIK3R3,PTPN6,0.91
9606.ENSP00000262741,PIK3R3,MRAS,0.91
9606.ENSP00000262741,PIK3R3,HCST,0.909
9606.ENSP00000262741,PIK3R3,PLCG2,0.909
9606.ENSP00000262741,PIK3R3,TLR4,0.909
9606.ENSP00000262741,PIK3R3,DAB1,0.908
9606.ENSP00000262741,PIK3R3,LIFR,0.908
9606.ENSP00000262741,PIK3R3,ITGB2,0.908
9606.ENSP00000262741,PIK3R3,PRKCZ,0.907
9606.ENSP00000262741,PIK3R3,PREX1,0.907
9606.ENSP00000262741,PIK3R3,VAV3,0.907
9606.ENSP00000262741,PIK3R3,ILK,0.907
9606.ENSP00000262741,PIK3R3,PRKCI,0.906
9606.ENSP00000262741,PIK3R3,CD28,0.906
9606.ENSP00000262741,PIK3R3,CBLB,0.906
9606.ENSP00000262741,PIK3R3,IFNGR1,0.905
9606.ENSP00000262741,PIK3R3,FCER1G,0.904
9606.ENSP00000262741,PIK3R3,VAV2,0.903
9606.ENSP00000262741,PIK3R3,CDIPT,0.903
9606.ENSP00000262741,PIK3R3,PIP4P2,0.902
9606.ENSP00000262741,PIK3R3,NGFR,0.902
9606.ENSP00000262741,PIK3R3,GNAI2,0.902
9606.ENSP00000262741,PIK3R3,RAC3,0.902
9606.ENSP00000262741,PIK3R3,IL6ST,0.901
9606.ENSP00000262741,PIK3R3,TRAF2,0.901
9606.ENSP00000262741,PIK3R3,KISS1R,0.9
9606.ENSP00000262741,PIK3R3,INPP5F,0.9
9606.ENSP00000262741,PIK3R3,OGT,0.9
9606.ENSP00000262741,PIK3R3,EML4,0.9
9606.ENSP00000262741,PIK3R3,PIP4P1,0.9
9606.ENSP00000262741,PIK3R3,ITGAM,0.9
9606.ENSP00000263317,NOX4,CYBA,0.999
9606.ENSP00000263317,NOX4,NCF2,0.998
9606.ENSP00000263317,NOX4,NCF1,0.998
9606.ENSP00000263317,NOX4,CYBB,0.998
9606.ENSP00000263317,NOX4,NOX1,0.998
9606.ENSP00000263317,NOX4,TLR4,0.996
9606.ENSP00000263317,NOX4,NOX5,0.993
9606.ENSP00000263317,NOX4,NOX3,0.992
9606.ENSP00000263317,NOX4,DUOX1,0.992
9606.ENSP00000263317,NOX4,NCF4,0.986
9606.ENSP00000263317,NOX4,POLDIP2,0.96
9606.ENSP00000263317,NOX4,AGER,0.93
9606.ENSP00000263317,NOX4,DUOX2,0.924
9606.ENSP00000263317,NOX4,NOXA1,0.922
9606.ENSP00000263334,PAX8,PPARG,0.994
9606.ENSP00000263334,PAX8,NKX2-1,0.98
9606.ENSP00000263334,PAX8,FOXE1,0.94
9606.ENSP00000263334,PAX8,TG,0.933
9606.ENSP00000263334,PAX8,PRKCB,0.918
9606.ENSP00000263334,PAX8,TSHR,0.917
9606.ENSP00000263334,PAX8,PRKACG,0.913
9606.ENSP00000263334,PAX8,PRKACA,0.913
9606.ENSP00000263334,PAX8,PRKACB,0.913
9606.ENSP00000263334,PAX8,PRKCA,0.911
9606.ENSP00000263334,PAX8,RXRG,0.908
9606.ENSP00000263334,PAX8,RXRA,0.906
9606.ENSP00000263334,PAX8,PRKCG,0.904
9606.ENSP00000263334,PAX8,RXRB,0.902
9606.ENSP00000263388,NOTCH3,DLL1,0.999
9606.ENSP00000263388,NOTCH3,JAG2,0.999
9606.ENSP00000263388,NOTCH3,JAG1,0.999
9606.ENSP00000263388,NOTCH3,DLL3,0.998
9606.ENSP00000263388,NOTCH3,DLL4,0.998
9606.ENSP00000263388,NOTCH3,RBPJ,0.998
9606.ENSP00000263388,NOTCH3,MAML1,0.988
9606.ENSP00000263388,NOTCH3,MAML3,0.986
9606.ENSP00000263388,NOTCH3,MAML2,0.978
9606.ENSP00000263388,NOTCH3,LFNG,0.969
9606.ENSP00000263388,NOTCH3,NUMBL,0.962
9606.ENSP00000263388,NOTCH3,NUMB,0.961
9606.ENSP00000263388,NOTCH3,MFNG,0.955
9606.ENSP00000263388,NOTCH3,RFNG,0.952
9606.ENSP00000263388,NOTCH3,RBPJL,0.949
9606.ENSP00000263388,NOTCH3,ADAM17,0.94
9606.ENSP00000263388,NOTCH3,DVL2,0.93
9606.ENSP00000263388,NOTCH3,DVL1,0.93
9606.ENSP00000263388,NOTCH3,HES5,0.93
9606.ENSP00000263388,NOTCH3,DVL3,0.928
9606.ENSP00000263388,NOTCH3,NFKB1,0.919
9606.ENSP00000263388,NOTCH3,RELA,0.917
9606.ENSP00000263388,NOTCH3,TACC3,0.908
9606.ENSP00000263388,NOTCH3,WWP2,0.904
9606.ENSP00000263967,PIK3CA,PIK3R5,0.999
9606.ENSP00000263967,PIK3CA,PIK3R2,0.999
9606.ENSP00000263967,PIK3CA,IRS1,0.999
9606.ENSP00000263967,PIK3CA,EGFR,0.999
9606.ENSP00000263967,PIK3CA,PIK3R3,0.999
9606.ENSP00000263967,PIK3CA,PIK3R1,0.999
9606.ENSP00000263967,PIK3CA,PIK3CD,0.998
9606.ENSP00000263967,PIK3CA,PIK3CB,0.998
9606.ENSP00000263967,PIK3CA,AKT1,0.998
9606.ENSP00000263967,PIK3CA,KRAS,0.998
9606.ENSP00000263967,PIK3CA,PIK3CG,0.997
9606.ENSP00000263967,PIK3CA,RRAS,0.997
9606.ENSP00000263967,PIK3CA,MRAS,0.996
9606.ENSP00000263967,PIK3CA,HRAS,0.995
9606.ENSP00000263967,PIK3CA,PTEN,0.995
9606.ENSP00000263967,PIK3CA,NRAS,0.995
9606.ENSP00000263967,PIK3CA,ERBB3,0.993
9606.ENSP00000263967,PIK3CA,ERBB2,0.992
9606.ENSP00000263967,PIK3CA,PTPN11,0.99
9606.ENSP00000263967,PIK3CA,PDGFRA,0.99
9606.ENSP00000263967,PIK3CA,RRAS2,0.988
9606.ENSP00000263967,PIK3CA,KIT,0.986
9606.ENSP00000263967,PIK3CA,SRC,0.984
9606.ENSP00000263967,PIK3CA,AKT3,0.984
9606.ENSP00000263967,PIK3CA,AKT2,0.984
9606.ENSP00000263967,PIK3CA,IRS2,0.984
9606.ENSP00000263967,PIK3CA,CDC42,0.982
9606.ENSP00000263967,PIK3CA,JAK2,0.98
9606.ENSP00000263967,PIK3CA,ALK,0.979
9606.ENSP00000263967,PIK3CA,IGF1R,0.978
9606.ENSP00000263967,PIK3CA,FGFR1,0.977
9606.ENSP00000263967,PIK3CA,PDPK1,0.976
9606.ENSP00000263967,PIK3CA,PDGFRB,0.976
9606.ENSP00000263967,PIK3CA,KDR,0.975
9606.ENSP00000263967,PIK3CA,PLCG1,0.973
9606.ENSP00000263967,PIK3CA,RAF1,0.972
9606.ENSP00000263967,PIK3CA,IRS4,0.972
9606.ENSP00000263967,PIK3CA,PTK2,0.97
9606.ENSP00000263967,PIK3CA,ERBB4,0.97
9606.ENSP00000263967,PIK3CA,JAK1,0.969
9606.ENSP00000263967,PIK3CA,CD19,0.967
9606.ENSP00000263967,PIK3CA,JAK3,0.967
9606.ENSP00000263967,PIK3CA,FGFR3,0.965
9606.ENSP00000263967,PIK3CA,MTOR,0.963
9606.ENSP00000263967,PIK3CA,MET,0.961
9606.ENSP00000263967,PIK3CA,PGR,0.961
9606.ENSP00000263967,PIK3CA,EML4,0.96
9606.ENSP00000263967,PIK3CA,NTRK1,0.96
9606.ENSP00000263967,PIK3CA,FLT3,0.958
9606.ENSP00000263967,PIK3CA,ITGB1,0.953
9606.ENSP00000263967,PIK3CA,PRKCI,0.952
9606.ENSP00000263967,PIK3CA,FYN,0.951
9606.ENSP00000263967,PIK3CA,VAV1,0.95
9606.ENSP00000263967,PIK3CA,RAP1A,0.948
9606.ENSP00000263967,PIK3CA,IL6ST,0.948
9606.ENSP00000263967,PIK3CA,INSR,0.947
9606.ENSP00000263967,PIK3CA,BRAF,0.947
9606.ENSP00000263967,PIK3CA,RAC2,0.947
9606.ENSP00000263967,PIK3CA,BTK,0.946
9606.ENSP00000263967,PIK3CA,ESR1,0.941
9606.ENSP00000263967,PIK3CA,TP53,0.941
9606.ENSP00000263967,PIK3CA,RAC3,0.941
9606.ENSP00000263967,PIK3CA,CD28,0.94
9606.ENSP00000263967,PIK3CA,SYK,0.935
9606.ENSP00000263967,PIK3CA,LYN,0.935
9606.ENSP00000263967,PIK3CA,PIP5K1A,0.934
9606.ENSP00000263967,PIK3CA,INPPL1,0.932
9606.ENSP00000263967,PIK3CA,PIP5K1C,0.929
9606.ENSP00000263967,PIK3CA,RAP1B,0.929
9606.ENSP00000263967,PIK3CA,PLCG2,0.928
9606.ENSP00000263967,PIK3CA,TLR4,0.928
9606.ENSP00000263967,PIK3CA,GAB2,0.927
9606.ENSP00000263967,PIK3CA,INPP5D,0.927
9606.ENSP00000263967,PIK3CA,SOS1,0.926
9606.ENSP00000263967,PIK3CA,PREX1,0.925
9606.ENSP00000263967,PIK3CA,PRKCZ,0.925
9606.ENSP00000263967,PIK3CA,PIP4K2A,0.925
9606.ENSP00000263967,PIK3CA,GRB2,0.924
9606.ENSP00000263967,PIK3CA,PIP4K2B,0.924
9606.ENSP00000263967,PIK3CA,ITK,0.924
9606.ENSP00000263967,PIK3CA,PIK3R6,0.924
9606.ENSP00000263967,PIK3CA,PIP5K1B,0.924
9606.ENSP00000263967,PIK3CA,ILK,0.923
9606.ENSP00000263967,PIK3CA,PIP4K2C,0.923
9606.ENSP00000263967,PIK3CA,GNAI3,0.923
9606.ENSP00000263967,PIK3CA,PIP5KL1,0.922
9606.ENSP00000263967,PIK3CA,ZAP70,0.92
9606.ENSP00000263967,PIK3CA,GAB1,0.92
9606.ENSP00000263967,PIK3CA,PTPN6,0.92
9606.ENSP00000263967,PIK3CA,VAV3,0.92
9606.ENSP00000263967,PIK3CA,PRKCD,0.918
9606.ENSP00000263967,PIK3CA,PIK3AP1,0.918
9606.ENSP00000263967,PIK3CA,VAV2,0.918
9606.ENSP00000263967,PIK3CA,ICOS,0.917
9606.ENSP00000263967,PIK3CA,ARHGEF7,0.916
9606.ENSP00000263967,PIK3CA,ITGAM,0.916
9606.ENSP00000263967,PIK3CA,LIFR,0.915
9606.ENSP00000263967,PIK3CA,GNAI2,0.915
9606.ENSP00000263967,PIK3CA,ITGB2,0.914
9606.ENSP00000263967,PIK3CA,GNAI1,0.914
9606.ENSP00000263967,PIK3CA,IFNGR1,0.914
9606.ENSP00000263967,PIK3CA,TXK,0.914
9606.ENSP00000263967,PIK3CA,ARID1A,0.913
9606.ENSP00000263967,PIK3CA,ITGA2,0.913
9606.ENSP00000263967,PIK3CA,NGFR,0.912
9606.ENSP00000263967,PIK3CA,THRB,0.908
9606.ENSP00000263967,PIK3CA,FCER1G,0.908
9606.ENSP00000263967,PIK3CA,FGFR2,0.908
9606.ENSP00000263967,PIK3CA,OGT,0.907
9606.ENSP00000263967,PIK3CA,TRAF2,0.905
9606.ENSP00000263967,PIK3CA,CBLB,0.904
9606.ENSP00000263967,PIK3CA,HCST,0.902
9606.ENSP00000263967,PIK3CA,THRA,0.901
9606.ENSP00000263967,PIK3CA,DAB1,0.901
9606.ENSP00000263967,PIK3CA,GNAQ,0.901
9606.ENSP00000263967,PIK3CA,CTNNB1,0.901
9606.ENSP00000263967,PIK3CA,PIP4P2,0.9
9606.ENSP00000263967,PIK3CA,KISS1R,0.9
9606.ENSP00000263967,PIK3CA,PIP4P1,0.9
9606.ENSP00000264051,NGEF,EPHA1,0.987
9606.ENSP00000264051,NGEF,RHOA,0.985
9606.ENSP00000264051,NGEF,EPHA4,0.984
9606.ENSP00000264051,NGEF,CDC42,0.973
9606.ENSP00000264051,NGEF,EPHB2,0.958
9606.ENSP00000264051,NGEF,EPHA2,0.937
9606.ENSP00000264051,NGEF,EPHB1,0.936
9606.ENSP00000264051,NGEF,EPHA3,0.93
9606.ENSP00000264051,NGEF,EPHA5,0.93
9606.ENSP00000264051,NGEF,EPHA8,0.929
9606.ENSP00000264051,NGEF,EPHA7,0.928
9606.ENSP00000264051,NGEF,EPHB4,0.926
9606.ENSP00000264051,NGEF,EPHA6,0.923
9606.ENSP00000264051,NGEF,EPHB3,0.92
9606.ENSP00000264051,NGEF,EPHB6,0.919
9606.ENSP00000264051,NGEF,RAC2,0.907
9606.ENSP00000264051,NGEF,RAC3,0.905
9606.ENSP00000264187,NID1,HSPG2,0.999
9606.ENSP00000264187,NID1,FN1,0.997
9606.ENSP00000264187,NID1,LAMC1,0.997
9606.ENSP00000264187,NID1,VTN,0.996
9606.ENSP00000264187,NID1,CD44,0.991
9606.ENSP00000264187,NID1,AGRN,0.985
9606.ENSP00000264187,NID1,NCR2,0.953
9606.ENSP00000264187,NID1,NID2,0.916
9606.ENSP00000264187,NID1,LAMA2,0.908
9606.ENSP00000264187,NID1,FBLN2,0.904
9606.ENSP00000264279,NOP58,HEATR1,0.999
9606.ENSP00000264279,NOP58,UTP4,0.999
9606.ENSP00000264279,NOP58,FBL,0.999
9606.ENSP00000264279,NOP58,DKC1,0.999
9606.ENSP00000264279,NOP58,WDR75,0.999
9606.ENSP00000264279,NOP58,UTP15,0.999
9606.ENSP00000264279,NOP58,NOP56,0.999
9606.ENSP00000264279,NOP58,KRR1,0.999
9606.ENSP00000264279,NOP58,BMS1,0.999
9606.ENSP00000264279,NOP58,TBL3,0.999
9606.ENSP00000264279,NOP58,WDR36,0.999
9606.ENSP00000264279,NOP58,UTP20,0.999
9606.ENSP00000264279,NOP58,SNU13,0.999
9606.ENSP00000264279,NOP58,UTP3,0.999
9606.ENSP00000264279,NOP58,RRP9,0.999
9606.ENSP00000264279,NOP58,EMG1,0.999
9606.ENSP00000264279,NOP58,WDR3,0.999
9606.ENSP00000264279,NOP58,NAT10,0.999
9606.ENSP00000264279,NOP58,MPHOSPH10,0.999
9606.ENSP00000264279,NOP58,WDR43,0.999
9606.ENSP00000264279,NOP58,NOL6,0.999
9606.ENSP00000264279,NOP58,NHP2,0.999
9606.ENSP00000264279,NOP58,NOL10,0.999
9606.ENSP00000264279,NOP58,UTP6,0.998
9606.ENSP00000264279,NOP58,DCAF13,0.998
9606.ENSP00000264279,NOP58,BYSL,0.998
9606.ENSP00000264279,NOP58,WDR46,0.998
9606.ENSP00000264279,NOP58,NOC4L,0.998
9606.ENSP00000264279,NOP58,UTP14A,0.998
9606.ENSP00000264279,NOP58,PDCD11,0.998
9606.ENSP00000264279,NOP58,UTP11,0.998
9606.ENSP00000264279,NOP58,PWP2,0.998
9606.ENSP00000264279,NOP58,FCF1,0.998
9606.ENSP00000264279,NOP58,NOP14,0.998
9606.ENSP00000264279,NOP58,UTP18,0.998
9606.ENSP00000264279,NOP58,AATF,0.998
9606.ENSP00000264279,NOP58,IMP4,0.998
9606.ENSP00000264279,NOP58,NGDN,0.997
9606.ENSP00000264279,NOP58,IMP3,0.997
9606.ENSP00000264279,NOP58,FTSJ3,0.997
9606.ENSP00000264279,NOP58,RCL1,0.997
9606.ENSP00000264279,NOP58,RPS7,0.996
9606.ENSP00000264279,NOP58,RSL1D1,0.996
9606.ENSP00000264279,NOP58,DNTTIP2,0.996
9606.ENSP00000264279,NOP58,RPS13,0.996
9606.ENSP00000264279,NOP58,RPS9,0.995
9606.ENSP00000264279,NOP58,RPS8,0.994
9606.ENSP00000264279,NOP58,RPS6,0.994
9606.ENSP00000264279,NOP58,FBLL1,0.994
9606.ENSP00000264279,NOP58,PIH1D1,0.994
9606.ENSP00000264279,NOP58,RPS28,0.993
9606.ENSP00000264279,NOP58,DDX18,0.993
9606.ENSP00000264279,NOP58,RRP7A,0.993
9606.ENSP00000264279,NOP58,RPS23,0.993
9606.ENSP00000264279,NOP58,RRP12,0.992
9606.ENSP00000264279,NOP58,BOP1,0.991
9606.ENSP00000264279,NOP58,RPS3A,0.99
9606.ENSP00000264279,NOP58,RPS24,0.989
9606.ENSP00000264279,NOP58,RPS11,0.989
9606.ENSP00000264279,NOP58,RPS5,0.988
9606.ENSP00000264279,NOP58,RUVBL2,0.988
9606.ENSP00000264279,NOP58,NIFK,0.987
9606.ENSP00000264279,NOP58,RPS14,0.986
9606.ENSP00000264279,NOP58,RPS19,0.985
9606.ENSP00000264279,NOP58,GAR1,0.985
9606.ENSP00000264279,NOP58,NOLC1,0.984
9606.ENSP00000264279,NOP58,RPS16,0.984
9606.ENSP00000264279,NOP58,NOP10,0.984
9606.ENSP00000264279,NOP58,RPL5,0.983
9606.ENSP00000264279,NOP58,DHX15,0.981
9606.ENSP00000264279,NOP58,RPS18,0.981
9606.ENSP00000264279,NOP58,NUFIP1,0.979
9606.ENSP00000264279,NOP58,RPS15A,0.979
9606.ENSP00000264279,NOP58,RUVBL1,0.979
9606.ENSP00000264279,NOP58,PNO1,0.978
9606.ENSP00000264279,NOP58,LOC102724159,0.976
9606.ENSP00000264279,NOP58,RPS27,0.976
9606.ENSP00000264279,NOP58,WDR12,0.974
9606.ENSP00000264279,NOP58,NOP2,0.974
9606.ENSP00000264279,NOP58,RPL30,0.973
9606.ENSP00000264279,NOP58,RPS17,0.973
9606.ENSP00000264279,NOP58,RPP38,0.973
9606.ENSP00000264279,NOP58,BRIX1,0.973
9606.ENSP00000264279,NOP58,UTP14C,0.972
9606.ENSP00000264279,NOP58,ZNHIT6,0.971
9606.ENSP00000264279,NOP58,RPS4X,0.969
9606.ENSP00000264279,NOP58,EBNA1BP2,0.968
9606.ENSP00000264279,NOP58,GTPBP4,0.966
9606.ENSP00000264279,NOP58,PES1,0.965
9606.ENSP00000264279,NOP58,EXOSC10,0.965
9606.ENSP00000264279,NOP58,PUM3,0.964
9606.ENSP00000264279,NOP58,RPS12,0.96
9606.ENSP00000264279,NOP58,DDX56,0.959
9606.ENSP00000264279,NOP58,RPP30,0.956
9606.ENSP00000264279,NOP58,NOL11,0.953
9606.ENSP00000264279,NOP58,RPF2,0.95
9606.ENSP00000264279,NOP58,DIMT1,0.946
9606.ENSP00000264279,NOP58,MRTO4,0.946
9606.ENSP00000264279,NOP58,CEBPZ,0.946
9606.ENSP00000264279,NOP58,GNL3,0.946
9606.ENSP00000264279,NOP58,NOC2L,0.946
9606.ENSP00000264279,NOP58,NIP7,0.936
9606.ENSP00000264279,NOP58,TRUB1,0.936
9606.ENSP00000264279,NOP58,MTREX,0.935
9606.ENSP00000264279,NOP58,DHX37,0.935
9606.ENSP00000264279,NOP58,C12orf45,0.933
9606.ENSP00000264279,NOP58,PA2G4,0.931
9606.ENSP00000264279,NOP58,ZNHIT3,0.929
9606.ENSP00000264279,NOP58,DDX10,0.929
9606.ENSP00000264279,NOP58,NAF1,0.927
9606.ENSP00000264279,NOP58,KCTD19,0.919
9606.ENSP00000264279,NOP58,RPP25,0.919
9606.ENSP00000264279,NOP58,WDR18,0.918
9606.ENSP00000264279,NOP58,RBM28,0.917
9606.ENSP00000264279,NOP58,RPL4,0.915
9606.ENSP00000264279,NOP58,RPS27A,0.915
9606.ENSP00000264279,NOP58,SNRNP40,0.915
9606.ENSP00000264279,NOP58,POP5,0.913
9606.ENSP00000264279,NOP58,TRUB2,0.91
9606.ENSP00000264279,NOP58,NOP9,0.91
9606.ENSP00000264279,NOP58,RSL24D1,0.91
9606.ENSP00000264279,NOP58,POLR1E,0.907
9606.ENSP00000264279,NOP58,GRWD1,0.907
9606.ENSP00000264279,NOP58,RPL18A,0.905
9606.ENSP00000264279,NOP58,POP7,0.904
9606.ENSP00000264279,NOP58,C1D,0.904
9606.ENSP00000264279,NOP58,NMD3,0.903
9606.ENSP00000264279,NOP58,POP1,0.901
9606.ENSP00000264360,PCDH10,ABI2,0.956
9606.ENSP00000264360,PCDH10,CYFIP1,0.939
9606.ENSP00000264360,PCDH10,WASF1,0.927
9606.ENSP00000264360,PCDH10,CDH2,0.904
9606.ENSP00000264883,NUP54,NUP98,0.999
9606.ENSP00000264883,NUP54,RANBP2,0.999
9606.ENSP00000264883,NUP54,NUP58,0.999
9606.ENSP00000264883,NUP54,NUP93,0.999
9606.ENSP00000264883,NUP54,NUP155,0.999
9606.ENSP00000264883,NUP54,NUP205,0.999
9606.ENSP00000264883,NUP54,NUP62,0.999
9606.ENSP00000264883,NUP54,NUP107,0.998
9606.ENSP00000264883,NUP54,NUP133,0.996
9606.ENSP00000264883,NUP54,NUP85,0.996
9606.ENSP00000264883,NUP54,NUP214,0.995
9606.ENSP00000264883,NUP54,NUP35,0.993
9606.ENSP00000264883,NUP54,SEH1L,0.988
9606.ENSP00000264883,NUP54,NUP43,0.986
9606.ENSP00000264883,NUP54,SEC13,0.984
9606.ENSP00000264883,NUP54,NUP88,0.984
9606.ENSP00000264883,NUP54,NUP153,0.983
9606.ENSP00000264883,NUP54,NUP160,0.981
9606.ENSP00000264883,NUP54,NUP188,0.981
9606.ENSP00000264883,NUP54,NUP62CL,0.979
9606.ENSP00000264883,NUP54,NUP37,0.968
9606.ENSP00000264883,NUP54,AAAS,0.968
9606.ENSP00000264883,NUP54,NUP210,0.967
9606.ENSP00000264883,NUP54,NUTF2,0.964
9606.ENSP00000264883,NUP54,AHCTF1,0.961
9606.ENSP00000264883,NUP54,NDC1,0.959
9606.ENSP00000264883,NUP54,NUP50,0.926
9606.ENSP00000264883,NUP54,GLE1,0.924
9606.ENSP00000264883,NUP54,RAE1,0.916
9606.ENSP00000264883,NUP54,KPNB1,0.912
9606.ENSP00000264883,NUP54,POM121,0.903
9606.ENSP00000264933,PDCD6,PDCD6IP,0.999
9606.ENSP00000264933,PDCD6,SEC31A,0.999
9606.ENSP00000264933,PDCD6,TSG101,0.991
9606.ENSP00000264933,PDCD6,PEF1,0.991
9606.ENSP00000264933,PDCD6,HEBP2,0.986
9606.ENSP00000264933,PDCD6,KLHL12,0.971
9606.ENSP00000264933,PDCD6,SEC13,0.963
9606.ENSP00000264933,PDCD6,SEC24B,0.943
9606.ENSP00000264933,PDCD6,SEC23A,0.935
9606.ENSP00000264933,PDCD6,SAR1A,0.924
9606.ENSP00000264933,PDCD6,SEC24C,0.922
9606.ENSP00000264933,PDCD6,SEC24D,0.919
9606.ENSP00000264933,PDCD6,SEC24A,0.918
9606.ENSP00000264933,PDCD6,TMED7,0.906
9606.ENSP00000264977,PPP2R3A,PPP2CA,0.996
9606.ENSP00000264977,PPP2R3A,PPP2R1A,0.993
9606.ENSP00000264977,PPP2R3A,RYR2,0.964
9606.ENSP00000264977,PPP2R3A,PPP2R5C,0.955
9606.ENSP00000264977,PPP2R3A,PPP2R2A,0.951
9606.ENSP00000264977,PPP2R3A,PPP2R1B,0.939
9606.ENSP00000264977,PPP2R3A,PPP2R5A,0.928
9606.ENSP00000264977,PPP2R3A,PPP2R2D,0.922
9606.ENSP00000264977,PPP2R3A,PTPA,0.919
9606.ENSP00000264977,PPP2R3A,BCL2,0.912
9606.ENSP00000264977,PPP2R3A,PPP1R1A,0.911
9606.ENSP00000264977,PPP2R3A,PPP2R5B,0.906
9606.ENSP00000264977,PPP2R3A,TNNI3,0.905
9606.ENSP00000264977,PPP2R3A,DRD2,0.904
9606.ENSP00000265074,NPR3,NPPA,0.999
9606.ENSP00000265074,NPR3,NPPB,0.999
9606.ENSP00000265074,NPR3,NPPC,0.999
9606.ENSP00000265074,NPR3,GUCA2B,0.996
9606.ENSP00000265074,NPR3,GUCA2A,0.995
9606.ENSP00000265371,NRP1,SEMA3B,0.999
9606.ENSP00000265371,NRP1,PLXNA1,0.999
9606.ENSP00000265371,NRP1,SEMA3F,0.999
9606.ENSP00000265371,NRP1,PLXNA4,0.999
9606.ENSP00000265371,NRP1,SEMA3A,0.999
9606.ENSP00000265371,NRP1,L1CAM,0.999
9606.ENSP00000265371,NRP1,KDR,0.999
9606.ENSP00000265371,NRP1,PLXNA3,0.999
9606.ENSP00000265371,NRP1,PLXNA2,0.999
9606.ENSP00000265371,NRP1,SEMA3D,0.998
9606.ENSP00000265371,NRP1,SEMA3C,0.998
9606.ENSP00000265371,NRP1,VEGFB,0.997
9606.ENSP00000265371,NRP1,PGF,0.997
9606.ENSP00000265371,NRP1,SEMA3E,0.996
9606.ENSP00000265371,NRP1,GIPC1,0.995
9606.ENSP00000265371,NRP1,FLT1,0.993
9606.ENSP00000265371,NRP1,SEMA3G,0.993
9606.ENSP00000265371,NRP1,PLXND1,0.985
9606.ENSP00000265371,NRP1,NRP2,0.967
9606.ENSP00000265371,NRP1,HGF,0.952
9606.ENSP00000265371,NRP1,CHL1,0.949
9606.ENSP00000265371,NRP1,SEMA4A,0.944
9606.ENSP00000265371,NRP1,TGFB1,0.944
9606.ENSP00000265371,NRP1,PLXNB1,0.943
9606.ENSP00000265371,NRP1,FGF2,0.935
9606.ENSP00000265371,NRP1,ROBO1,0.933
9606.ENSP00000265371,NRP1,SEMA6A,0.922
9606.ENSP00000265371,NRP1,VEGFC,0.904
9606.ENSP00000265371,NRP1,IGHV3-16,0.9
9606.ENSP00000265433,NBN,RBBP8,0.999
9606.ENSP00000265433,NBN,ATM,0.999
9606.ENSP00000265433,NBN,MRE11,0.999
9606.ENSP00000265433,NBN,RAD50,0.999
9606.ENSP00000265433,NBN,BRIP1,0.998
9606.ENSP00000265433,NBN,BARD1,0.998
9606.ENSP00000265433,NBN,MDC1,0.994
9606.ENSP00000265433,NBN,BRCA1,0.993
9606.ENSP00000265433,NBN,TERF2,0.993
9606.ENSP00000265433,NBN,H2AX,0.98
9606.ENSP00000265433,NBN,ATR,0.964
9606.ENSP00000265433,NBN,CHEK2,0.935
9606.ENSP00000265433,NBN,WRN,0.927
9606.ENSP00000265433,NBN,RAD51,0.925
9606.ENSP00000265433,NBN,BLM,0.925
9606.ENSP00000265433,NBN,TP53BP1,0.923
9606.ENSP00000265433,NBN,TOPBP1,0.922
9606.ENSP00000265433,NBN,PRKDC,0.918
9606.ENSP00000265433,NBN,RNF8,0.916
9606.ENSP00000265433,NBN,KPNA2,0.909
9606.ENSP00000265433,NBN,MSH6,0.907
9606.ENSP00000265433,NBN,RFC4,0.906
9606.ENSP00000265433,NBN,BRCA2,0.901
9606.ENSP00000265459,NRXN2,NLGN2,0.999
9606.ENSP00000265459,NRXN2,NLGN1,0.999
9606.ENSP00000265459,NRXN2,NLGN3,0.999
9606.ENSP00000265459,NRXN2,NLGN4Y,0.999
9606.ENSP00000265459,NRXN2,NLGN4X,0.999
9606.ENSP00000265459,NRXN2,DAG1,0.997
9606.ENSP00000265459,NRXN2,LRRTM2,0.993
9606.ENSP00000265459,NRXN2,CBLN1,0.989
9606.ENSP00000265459,NRXN2,DLG4,0.987
9606.ENSP00000265459,NRXN2,NRXN1,0.922
9606.ENSP00000265459,NRXN2,CASK,0.919
9606.ENSP00000265459,NRXN2,LRRTM3,0.908
9606.ENSP00000265849,PMS2,MSH6,0.999
9606.ENSP00000265849,PMS2,MSH2,0.999
9606.ENSP00000265849,PMS2,MLH1,0.999
9606.ENSP00000265849,PMS2,MSH3,0.999
9606.ENSP00000265849,PMS2,EXO1,0.995
9606.ENSP00000265849,PMS2,BRIP1,0.993
9606.ENSP00000265849,PMS2,FAN1,0.992
9606.ENSP00000265849,PMS2,MLH3,0.991
9606.ENSP00000265849,PMS2,PMS1,0.991
9606.ENSP00000265849,PMS2,POLD1,0.961
9606.ENSP00000265849,PMS2,BRCA1,0.95
9606.ENSP00000265849,PMS2,MSH5,0.949
9606.ENSP00000265849,PMS2,PALB2,0.947
9606.ENSP00000265849,PMS2,BRCA2,0.947
9606.ENSP00000265849,PMS2,TP53,0.936
9606.ENSP00000265849,PMS2,MSH4,0.932
9606.ENSP00000265849,PMS2,MUTYH,0.904
9606.ENSP00000265970,PIK3C2A,PIK3C2G,0.948
9606.ENSP00000265970,PIK3C2A,PIKFYVE,0.942
9606.ENSP00000265970,PIK3C2A,PIK3C2B,0.941
9606.ENSP00000265970,PIK3C2A,PIK3R3,0.94
9606.ENSP00000265970,PIK3C2A,PIK3R2,0.939
9606.ENSP00000265970,PIK3C2A,INPP4A,0.939
9606.ENSP00000265970,PIK3C2A,PIK3R1,0.938
9606.ENSP00000265970,PIK3C2A,OCRL,0.937
9606.ENSP00000265970,PIK3C2A,INPPL1,0.935
9606.ENSP00000265970,PIK3C2A,PTEN,0.934
9606.ENSP00000265970,PIK3C2A,INPP5B,0.933
9606.ENSP00000265970,PIK3C2A,INPP4B,0.932
9606.ENSP00000265970,PIK3C2A,PI4K2A,0.931
9606.ENSP00000265970,PIK3C2A,PI4K2B,0.929
9606.ENSP00000265970,PIK3C2A,SYNJ1,0.923
9606.ENSP00000265970,PIK3C2A,PIP5K1C,0.922
9606.ENSP00000265970,PIK3C2A,SYNJ2,0.92
9606.ENSP00000265970,PIK3C2A,PIP5K1B,0.92
9606.ENSP00000265970,PIK3C2A,PIP5K1A,0.92
9606.ENSP00000265970,PIK3C2A,PI4KA,0.916
9606.ENSP00000265970,PIK3C2A,INPP5E,0.914
9606.ENSP00000265970,PIK3C2A,INPP5D,0.913
9606.ENSP00000265970,PIK3C2A,PI4KB,0.912
9606.ENSP00000265970,PIK3C2A,CDIPT,0.907
9606.ENSP00000265970,PIK3C2A,PIP5KL1,0.907
9606.ENSP00000265970,PIK3C2A,INPP5F,0.904
9606.ENSP00000265970,PIK3C2A,PICALM,0.9
9606.ENSP00000266269,PATZ1,RNF4,0.919
9606.ENSP00000266671,PHLDA1,AURKA,0.918
9606.ENSP00000268058,PML,SUMO1,0.999
9606.ENSP00000268058,PML,DAXX,0.999
9606.ENSP00000268058,PML,RARA,0.998
9606.ENSP00000268058,PML,UBE2I,0.981
9606.ENSP00000268058,PML,SP100,0.981
9606.ENSP00000268058,PML,RUNX1,0.974
9606.ENSP00000268058,PML,TP53,0.967
9606.ENSP00000268058,PML,RNF4,0.944
9606.ENSP00000268058,PML,SPI1,0.938
9606.ENSP00000268058,PML,MDM2,0.934
9606.ENSP00000268058,PML,SUMO2,0.932
9606.ENSP00000268058,PML,HDAC1,0.903
9606.ENSP00000268058,PML,STAT1,0.901
9606.ENSP00000268712,NCOR1,PPARG,0.999
9606.ENSP00000268712,NCOR1,GPS2,0.999
9606.ENSP00000268712,NCOR1,BCL6,0.999
9606.ENSP00000268712,NCOR1,NR1D1,0.999
9606.ENSP00000268712,NCOR1,RARA,0.999
9606.ENSP00000268712,NCOR1,TBL1X,0.999
9606.ENSP00000268712,NCOR1,TBL1XR1,0.999
9606.ENSP00000268712,NCOR1,HDAC4,0.999
9606.ENSP00000268712,NCOR1,HDAC1,0.999
9606.ENSP00000268712,NCOR1,HDAC3,0.999
9606.ENSP00000268712,NCOR1,ESR1,0.999
9606.ENSP00000268712,NCOR1,SIN3A,0.999
9606.ENSP00000268712,NCOR1,TAB2,0.999
9606.ENSP00000268712,NCOR1,NCOR2,0.998
9606.ENSP00000268712,NCOR1,TBL1Y,0.998
9606.ENSP00000268712,NCOR1,MECP2,0.997
9606.ENSP00000268712,NCOR1,SIRT1,0.996
9606.ENSP00000268712,NCOR1,NR3C1,0.995
9606.ENSP00000268712,NCOR1,HDAC2,0.994
9606.ENSP00000268712,NCOR1,PGR,0.993
9606.ENSP00000268712,NCOR1,NR1D2,0.992
9606.ENSP00000268712,NCOR1,AR,0.991
9606.ENSP00000268712,NCOR1,PPARA,0.991
9606.ENSP00000268712,NCOR1,NR1H4,0.983
9606.ENSP00000268712,NCOR1,THRB,0.982
9606.ENSP00000268712,NCOR1,HDAC5,0.979
9606.ENSP00000268712,NCOR1,THRA,0.978
9606.ENSP00000268712,NCOR1,RXRA,0.977
9606.ENSP00000268712,NCOR1,RCOR1,0.976
9606.ENSP00000268712,NCOR1,ZBTB16,0.975
9606.ENSP00000268712,NCOR1,PPARD,0.974
9606.ENSP00000268712,NCOR1,HDAC9,0.972
9606.ENSP00000268712,NCOR1,ESR2,0.97
9606.ENSP00000268712,NCOR1,RUNX1T1,0.963
9606.ENSP00000268712,NCOR1,HDAC7,0.959
9606.ENSP00000268712,NCOR1,EP300,0.959
9606.ENSP00000268712,NCOR1,RBPJ,0.958
9606.ENSP00000268712,NCOR1,CREBBP,0.947
9606.ENSP00000268712,NCOR1,ZBTB33,0.947
9606.ENSP00000268712,NCOR1,SKI,0.947
9606.ENSP00000268712,NCOR1,RARS1,0.942
9606.ENSP00000268712,NCOR1,SAP30,0.938
9606.ENSP00000268712,NCOR1,SKIL,0.936
9606.ENSP00000268712,NCOR1,NCOA1,0.936
9606.ENSP00000268712,NCOR1,SIN3B,0.932
9606.ENSP00000268712,NCOR1,YY1,0.931
9606.ENSP00000268712,NCOR1,KDM4A,0.93
9606.ENSP00000268712,NCOR1,NCOA3,0.928
9606.ENSP00000268712,NCOR1,HTT,0.927
9606.ENSP00000268712,NCOR1,SMAD3,0.923
9606.ENSP00000268712,NCOR1,RBBP4,0.922
9606.ENSP00000268712,NCOR1,KAT2B,0.921
9606.ENSP00000268712,NCOR1,RBBP7,0.921
9606.ENSP00000268712,NCOR1,NR1H3,0.909
9606.ENSP00000268712,NCOR1,HSP90AA1,0.909
9606.ENSP00000268712,NCOR1,NRIP1,0.907
9606.ENSP00000268712,NCOR1,HSP90AB1,0.906
9606.ENSP00000268712,NCOR1,TAF6,0.905
9606.ENSP00000268712,NCOR1,NCOA2,0.9
9606.ENSP00000271452,NUF2,SPC25,0.999
9606.ENSP00000271452,NUF2,NDC80,0.999
9606.ENSP00000271452,NUF2,SPC24,0.999
9606.ENSP00000271452,NUF2,CENPE,0.996
9606.ENSP00000271452,NUF2,BUB1,0.994
9606.ENSP00000271452,NUF2,KNL1,0.992
9606.ENSP00000271452,NUF2,ZWINT,0.991
9606.ENSP00000271452,NUF2,DSN1,0.991
9606.ENSP00000271452,NUF2,TTK,0.989
9606.ENSP00000271452,NUF2,MIS12,0.986
9606.ENSP00000271452,NUF2,MAD2L1,0.981
9606.ENSP00000271452,NUF2,BUB1B,0.98
9606.ENSP00000271452,NUF2,ASPM,0.98
9606.ENSP00000271452,NUF2,NSL1,0.976
9606.ENSP00000271452,NUF2,KIF11,0.975
9606.ENSP00000271452,NUF2,CENPH,0.974
9606.ENSP00000271452,NUF2,CCNB1,0.967
9606.ENSP00000271452,NUF2,DLGAP5,0.964
9606.ENSP00000271452,NUF2,CDC20,0.962
9606.ENSP00000271452,NUF2,PBK,0.96
9606.ENSP00000271452,NUF2,CDK1,0.957
9606.ENSP00000271452,NUF2,KIF20A,0.955
9606.ENSP00000271452,NUF2,PMF1,0.954
9606.ENSP00000271452,NUF2,NEK2,0.952
9606.ENSP00000271452,NUF2,CENPF,0.952
9606.ENSP00000271452,NUF2,AURKB,0.95
9606.ENSP00000271452,NUF2,BIRC5,0.949
9606.ENSP00000271452,NUF2,CEP55,0.947
9606.ENSP00000271452,NUF2,TPX2,0.947
9606.ENSP00000271452,NUF2,CKAP5,0.947
9606.ENSP00000271452,NUF2,KIF18A,0.946
9606.ENSP00000271452,NUF2,CCNA2,0.94
9606.ENSP00000271452,NUF2,SKA1,0.939
9606.ENSP00000271452,NUF2,KIF15,0.936
9606.ENSP00000271452,NUF2,TOP2A,0.936
9606.ENSP00000271452,NUF2,CENPA,0.936
9606.ENSP00000271452,NUF2,MELK,0.936
9606.ENSP00000271452,NUF2,KIF2C,0.935
9606.ENSP00000271452,NUF2,CCNB2,0.932
9606.ENSP00000271452,NUF2,CDCA5,0.931
9606.ENSP00000271452,NUF2,NCAPG,0.93
9606.ENSP00000271452,NUF2,CDCA8,0.926
9606.ENSP00000271452,NUF2,CENPC,0.925
9606.ENSP00000271452,NUF2,KIF23,0.912
9606.ENSP00000271452,NUF2,KIF4A,0.911
9606.ENSP00000271452,NUF2,NUSAP1,0.911
9606.ENSP00000271452,NUF2,UBE2T,0.901
9606.ENSP00000272645,POLR2D,POLR2I,0.999
9606.ENSP00000272645,POLR2D,SUPT4H1,0.999
9606.ENSP00000272645,POLR2D,POLR2G,0.999
9606.ENSP00000272645,POLR2D,POLR2J,0.999
9606.ENSP00000272645,POLR2D,POLR2A,0.999
9606.ENSP00000272645,POLR2D,POLR2F,0.999
9606.ENSP00000272645,POLR2D,SUPT5H,0.999
9606.ENSP00000272645,POLR2D,POLR2H,0.999
9606.ENSP00000272645,POLR2D,POLR2E,0.999
9606.ENSP00000272645,POLR2D,POLR2C,0.999
9606.ENSP00000272645,POLR2D,POLR2K,0.999
9606.ENSP00000272645,POLR2D,POLR2B,0.999
9606.ENSP00000272645,POLR2D,POLR2L,0.999
9606.ENSP00000272645,POLR2D,GTF2B,0.998
9606.ENSP00000272645,POLR2D,INTS5,0.998
9606.ENSP00000272645,POLR2D,INTS6,0.998
9606.ENSP00000272645,POLR2D,GTF2F1,0.996
9606.ENSP00000272645,POLR2D,GTF2F2,0.996
9606.ENSP00000272645,POLR2D,MED21,0.996
9606.ENSP00000272645,POLR2D,MED6,0.995
9606.ENSP00000272645,POLR2D,MED14,0.995
9606.ENSP00000272645,POLR2D,MNAT1,0.994
9606.ENSP00000272645,POLR2D,MED17,0.994
9606.ENSP00000272645,POLR2D,INTS3,0.994
9606.ENSP00000272645,POLR2D,MED31,0.993
9606.ENSP00000272645,POLR2D,RPAP2,0.992
9606.ENSP00000272645,POLR2D,TCEA1,0.992
9606.ENSP00000272645,POLR2D,MED22,0.991
9606.ENSP00000272645,POLR2D,MED7,0.99
9606.ENSP00000272645,POLR2D,SUPT6H,0.988
9606.ENSP00000272645,POLR2D,MED10,0.987
9606.ENSP00000272645,POLR2D,POLR2J3,0.987
9606.ENSP00000272645,POLR2D,TBP,0.986
9606.ENSP00000272645,POLR2D,ERCC2,0.985
9606.ENSP00000272645,POLR2D,ERCC3,0.984
9606.ENSP00000272645,POLR2D,GTF2E1,0.982
9606.ENSP00000272645,POLR2D,ERCC6,0.979
9606.ENSP00000272645,POLR2D,SUPT16H,0.978
9606.ENSP00000272645,POLR2D,POLR2J2,0.978
9606.ENSP00000272645,POLR2D,GTF2H3,0.977
9606.ENSP00000272645,POLR2D,MED8,0.975
9606.ENSP00000272645,POLR2D,GTF2E2,0.974
9606.ENSP00000272645,POLR2D,MED26,0.972
9606.ENSP00000272645,POLR2D,GTF2H1,0.972
9606.ENSP00000272645,POLR2D,GTF2H4,0.971
9606.ENSP00000272645,POLR2D,GTF2A2,0.969
9606.ENSP00000272645,POLR2D,GTF2H2,0.966
9606.ENSP00000272645,POLR2D,POLR2M,0.965
9606.ENSP00000272645,POLR2D,H4C6,0.962
9606.ENSP00000272645,POLR2D,MED18,0.961
9606.ENSP00000272645,POLR2D,MED4,0.959
9606.ENSP00000272645,POLR2D,POLR1C,0.956
9606.ENSP00000272645,POLR2D,MED19,0.953
9606.ENSP00000272645,POLR2D,CDK7,0.949
9606.ENSP00000272645,POLR2D,GTF2A1,0.948
9606.ENSP00000272645,POLR2D,SSRP1,0.946
9606.ENSP00000272645,POLR2D,CCNH,0.941
9606.ENSP00000272645,POLR2D,CTR9,0.939
9606.ENSP00000272645,POLR2D,H3C13,0.937
9606.ENSP00000272645,POLR2D,CDC73,0.932
9606.ENSP00000272645,POLR2D,MED28,0.928
9606.ENSP00000272645,POLR2D,TCEA2,0.928
9606.ENSP00000272645,POLR2D,GTF2H5,0.927
9606.ENSP00000272645,POLR2D,TCEA3,0.927
9606.ENSP00000272645,POLR2D,H2AC8,0.926
9606.ENSP00000272645,POLR2D,RPRD1B,0.925
9606.ENSP00000272645,POLR2D,TAF12,0.924
9606.ENSP00000272645,POLR2D,H2AC6,0.924
9606.ENSP00000272645,POLR2D,H2BC11,0.924
9606.ENSP00000272645,POLR2D,CTDP1,0.922
9606.ENSP00000272645,POLR2D,H2AZ1,0.919
9606.ENSP00000272645,POLR2D,POLR1B,0.917
9606.ENSP00000272645,POLR2D,TAF11,0.917
9606.ENSP00000272645,POLR2D,RTF1,0.916
9606.ENSP00000272645,POLR2D,MED9,0.915
9606.ENSP00000272645,POLR2D,TADA2A,0.914
9606.ENSP00000272645,POLR2D,TAF2,0.914
9606.ENSP00000272645,POLR2D,RBX1,0.914
9606.ENSP00000272645,POLR2D,TAF8,0.913
9606.ENSP00000272645,POLR2D,PAF1,0.912
9606.ENSP00000272645,POLR2D,DDB1,0.912
9606.ENSP00000272645,POLR2D,ERCC8,0.911
9606.ENSP00000272645,POLR2D,TAF6,0.911
9606.ENSP00000272645,POLR2D,TAF13,0.91
9606.ENSP00000272645,POLR2D,TAF10,0.909
9606.ENSP00000272645,POLR2D,LEO1,0.908
9606.ENSP00000272645,POLR2D,GPN3,0.908
9606.ENSP00000272645,POLR2D,NELFA,0.907
9606.ENSP00000272645,POLR2D,NELFB,0.906
9606.ENSP00000272645,POLR2D,TAF1,0.906
9606.ENSP00000272645,POLR2D,RPRD1A,0.906
9606.ENSP00000272645,POLR2D,NELFCD,0.906
9606.ENSP00000272645,POLR2D,MED29,0.905
9606.ENSP00000272645,POLR2D,MED11,0.905
9606.ENSP00000272645,POLR2D,TAF5,0.901
9606.ENSP00000272645,POLR2D,TAF9,0.901
9606.ENSP00000272645,POLR2D,TAF3,0.901
9606.ENSP00000272645,POLR2D,ELOF1,0.9
9606.ENSP00000273077,PNKD,PRRT2,0.963
9606.ENSP00000273077,PNKD,PET117,0.913
9606.ENSP00000273077,PNKD,PET100,0.902
9606.ENSP00000273371,PLA1A,PTDSS2,0.926
9606.ENSP00000273371,PLA1A,PISD,0.925
9606.ENSP00000273371,PLA1A,MBOAT1,0.92
9606.ENSP00000273371,PLA1A,PTDSS1,0.919
9606.ENSP00000273371,PLA1A,POU2F3,0.919
9606.ENSP00000273371,PLA1A,LPCAT3,0.916
9606.ENSP00000273371,PLA1A,MBOAT2,0.915
9606.ENSP00000273371,PLA1A,LPCAT4,0.912
9606.ENSP00000274276,OSMR,IL31,0.999
9606.ENSP00000274276,OSMR,OSM,0.999
9606.ENSP00000274276,OSMR,IL31RA,0.997
9606.ENSP00000274276,OSMR,JAK1,0.992
9606.ENSP00000274276,OSMR,IL6ST,0.975
9606.ENSP00000274276,OSMR,IL11,0.956
9606.ENSP00000274276,OSMR,CTF1,0.95
9606.ENSP00000274276,OSMR,IL6,0.932
9606.ENSP00000274276,OSMR,LIF,0.932
9606.ENSP00000274276,OSMR,CNTF,0.928
9606.ENSP00000274276,OSMR,JAK2,0.923
9606.ENSP00000274276,OSMR,LIFR,0.913
9606.ENSP00000274276,OSMR,SHC1,0.904
9606.ENSP00000274289,PLK2,CENPJ,0.931
9606.ENSP00000275015,NFKBIE,REL,0.999
9606.ENSP00000275015,NFKBIE,RELA,0.999
9606.ENSP00000275015,NFKBIE,RELB,0.996
9606.ENSP00000275015,NFKBIE,NFKB1,0.995
9606.ENSP00000275015,NFKBIE,NFKBIB,0.993
9606.ENSP00000275015,NFKBIE,NFKBIA,0.987
9606.ENSP00000275015,NFKBIE,IKBKB,0.978
9606.ENSP00000275015,NFKBIE,CHUK,0.978
9606.ENSP00000275015,NFKBIE,IKBKG,0.968
9606.ENSP00000275015,NFKBIE,PPP6C,0.922
9606.ENSP00000275015,NFKBIE,PPP6R1,0.903
9606.ENSP00000275015,NFKBIE,NFKB2,0.901
9606.ENSP00000275034,PHIP,DDB1,0.91
9606.ENSP00000276079,NONO,SFPQ,0.999
9606.ENSP00000276079,NONO,PSPC1,0.999
9606.ENSP00000276079,NONO,RBM14,0.998
9606.ENSP00000276079,NONO,RBM14-RBM4,0.995
9606.ENSP00000276079,NONO,MATR3-2,0.995
9606.ENSP00000276079,NONO,MATR3,0.993
9606.ENSP00000276079,NONO,FUS,0.956
9606.ENSP00000276079,NONO,HNRNPA1,0.945
9606.ENSP00000276079,NONO,HNRNPM,0.913
9606.ENSP00000276079,NONO,HNRNPA2B1,0.913
9606.ENSP00000276079,NONO,ILF3,0.909
9606.ENSP00000276689,NDUFB9,NDUFB3,0.999
9606.ENSP00000276689,NDUFB9,NDUFV2,0.999
9606.ENSP00000276689,NDUFB9,NDUFAB1,0.999
9606.ENSP00000276689,NDUFB9,NDUFS1,0.999
9606.ENSP00000276689,NDUFB9,MT-ND4,0.999
9606.ENSP00000276689,NDUFB9,MT-ND3,0.999
9606.ENSP00000276689,NDUFB9,NDUFB5,0.999
9606.ENSP00000276689,NDUFB9,NDUFA13,0.999
9606.ENSP00000276689,NDUFB9,NDUFC2,0.999
9606.ENSP00000276689,NDUFB9,NDUFB2,0.999
9606.ENSP00000276689,NDUFB9,NDUFA12,0.999
9606.ENSP00000276689,NDUFB9,MT-ND5,0.999
9606.ENSP00000276689,NDUFB9,NDUFA9,0.999
9606.ENSP00000276689,NDUFB9,NDUFA5,0.999
9606.ENSP00000276689,NDUFB9,NDUFB8,0.999
9606.ENSP00000276689,NDUFB9,NDUFB11,0.999
9606.ENSP00000276689,NDUFB9,NDUFS6,0.999
9606.ENSP00000276689,NDUFB9,NDUFA6,0.999
9606.ENSP00000276689,NDUFB9,NDUFA1,0.999
9606.ENSP00000276689,NDUFB9,NDUFB7,0.999
9606.ENSP00000276689,NDUFB9,NDUFA11,0.999
9606.ENSP00000276689,NDUFB9,NDUFS4,0.999
9606.ENSP00000276689,NDUFB9,NDUFA7,0.999
9606.ENSP00000276689,NDUFB9,MT-ND2,0.999
9606.ENSP00000276689,NDUFB9,UQCRFS1,0.999
9606.ENSP00000276689,NDUFB9,NDUFS3,0.999
9606.ENSP00000276689,NDUFB9,MT-ND1,0.999
9606.ENSP00000276689,NDUFB9,NDUFV1,0.999
9606.ENSP00000276689,NDUFB9,NDUFA3,0.999
9606.ENSP00000276689,NDUFB9,NDUFA8,0.999
9606.ENSP00000276689,NDUFB9,NDUFA2,0.999
9606.ENSP00000276689,NDUFB9,NDUFS5,0.999
9606.ENSP00000276689,NDUFB9,NDUFS2,0.999
9606.ENSP00000276689,NDUFB9,NDUFB10,0.999
9606.ENSP00000276689,NDUFB9,NDUFV3,0.999
9606.ENSP00000276689,NDUFB9,NDUFS7,0.999
9606.ENSP00000276689,NDUFB9,NDUFB4,0.999
9606.ENSP00000276689,NDUFB9,NDUFB6,0.999
9606.ENSP00000276689,NDUFB9,NDUFA10,0.999
9606.ENSP00000276689,NDUFB9,NDUFS8,0.999
9606.ENSP00000276689,NDUFB9,NDUFC1,0.998
9606.ENSP00000276689,NDUFB9,UQCRB,0.998
9606.ENSP00000276689,NDUFB9,MT-ND4L,0.998
9606.ENSP00000276689,NDUFB9,UQCR10,0.998
9606.ENSP00000276689,NDUFB9,NDUFB1,0.998
9606.ENSP00000276689,NDUFB9,UQCRQ,0.997
9606.ENSP00000276689,NDUFB9,CYC1,0.997
9606.ENSP00000276689,NDUFB9,TIMMDC1,0.997
9606.ENSP00000276689,NDUFB9,COX5A,0.996
9606.ENSP00000276689,NDUFB9,UQCRC1,0.996
9606.ENSP00000276689,NDUFB9,UQCRH,0.996
9606.ENSP00000276689,NDUFB9,NDUFA4,0.995
9606.ENSP00000276689,NDUFB9,COX5B,0.99
9606.ENSP00000276689,NDUFB9,MT-ND6,0.988
9606.ENSP00000276689,NDUFB9,COX6B1,0.987
9606.ENSP00000276689,NDUFB9,ENSP00000497305,0.986
9606.ENSP00000276689,NDUFB9,UQCR11,0.986
9606.ENSP00000276689,NDUFB9,NDUFAF1,0.985
9606.ENSP00000276689,NDUFB9,COX6C,0.985
9606.ENSP00000276689,NDUFB9,ATP5PD,0.985
9606.ENSP00000276689,NDUFB9,COX7C,0.985
9606.ENSP00000276689,NDUFB9,COX4I1,0.984
9606.ENSP00000276689,NDUFB9,COX7B,0.977
9606.ENSP00000276689,NDUFB9,NDUFAF2,0.976
9606.ENSP00000276689,NDUFB9,UQCRC2,0.976
9606.ENSP00000276689,NDUFB9,ATP5F1C,0.974
9606.ENSP00000276689,NDUFB9,NDUFC2-KCTD14,0.972
9606.ENSP00000276689,NDUFB9,PALB2,0.97
9606.ENSP00000276689,NDUFB9,SDHB,0.966
9606.ENSP00000276689,NDUFB9,ATP5ME,0.963
9606.ENSP00000276689,NDUFB9,COX6A2,0.962
9606.ENSP00000276689,NDUFB9,SDHD,0.947
9606.ENSP00000276689,NDUFB9,COX7A2,0.947
9606.ENSP00000276689,NDUFB9,NDUFAF3,0.936
9606.ENSP00000276689,NDUFB9,ENSP00000498408,0.931
9606.ENSP00000276689,NDUFB9,PWWP3A,0.931
9606.ENSP00000276689,NDUFB9,PWWP3B,0.931
9606.ENSP00000276689,NDUFB9,MT-CYB,0.929
9606.ENSP00000276689,NDUFB9,ATP5MG,0.926
9606.ENSP00000276689,NDUFB9,UQCRHL,0.924
9606.ENSP00000276689,NDUFB9,ATP5F1D,0.922
9606.ENSP00000276689,NDUFB9,MGLL,0.917
9606.ENSP00000276689,NDUFB9,ATP5PF,0.917
9606.ENSP00000277120,NTRK2,NTF3,0.999
9606.ENSP00000277120,NTRK2,NTF4,0.999
9606.ENSP00000277120,NTRK2,SHC1,0.999
9606.ENSP00000277120,NTRK2,NGF,0.999
9606.ENSP00000277120,NTRK2,BDNF,0.999
9606.ENSP00000277120,NTRK2,GDNF,0.994
9606.ENSP00000277120,NTRK2,SHC3,0.993
9606.ENSP00000277120,NTRK2,PLCG1,0.992
9606.ENSP00000277120,NTRK2,FRS2,0.992
9606.ENSP00000277120,NTRK2,NGFR,0.99
9606.ENSP00000277120,NTRK2,NTRK1,0.989
9606.ENSP00000277120,NTRK2,EFNA5,0.975
9606.ENSP00000277120,NTRK2,IRS1,0.974
9606.ENSP00000277120,NTRK2,NTRK3,0.969
9606.ENSP00000277120,NTRK2,GRB2,0.969
9606.ENSP00000277120,NTRK2,SH2B1,0.966
9606.ENSP00000277120,NTRK2,SHC2,0.964
9606.ENSP00000277120,NTRK2,ADORA2A,0.94
9606.ENSP00000277120,NTRK2,PTPN11,0.939
9606.ENSP00000277120,NTRK2,SHC4,0.939
9606.ENSP00000277120,NTRK2,SORT1,0.933
9606.ENSP00000277120,NTRK2,EFNA1,0.916
9606.ENSP00000277120,NTRK2,ABL1,0.91
9606.ENSP00000277120,NTRK2,SH2B2,0.91
9606.ENSP00000277120,NTRK2,FGF2,0.908
9606.ENSP00000277120,NTRK2,TIAM1,0.908
9606.ENSP00000277120,NTRK2,PLCG2,0.907
9606.ENSP00000277120,NTRK2,SH2B3,0.905
9606.ENSP00000277120,NTRK2,NR3C1,0.905
9606.ENSP00000277120,NTRK2,MATK,0.9
9606.ENSP00000278568,PAK1,CDC42,0.999
9606.ENSP00000278568,PAK1,RAC1,0.999
9606.ENSP00000278568,PAK1,NCK1,0.998
9606.ENSP00000278568,PAK1,RAC3,0.996
9606.ENSP00000278568,PAK1,ARHGEF6,0.995
9606.ENSP00000278568,PAK1,ARHGEF7,0.995
9606.ENSP00000278568,PAK1,AKT1,0.994
9606.ENSP00000278568,PAK1,NCK2,0.991
9606.ENSP00000278568,PAK1,LIMK1,0.967
9606.ENSP00000278568,PAK1,RAC2,0.967
9606.ENSP00000278568,PAK1,PAK3,0.959
9606.ENSP00000278568,PAK1,RAF1,0.957
9606.ENSP00000278568,PAK1,GIT2,0.952
9606.ENSP00000278568,PAK1,PAK2,0.952
9606.ENSP00000278568,PAK1,FLNA,0.95
9606.ENSP00000278568,PAK1,TIAM1,0.945
9606.ENSP00000278568,PAK1,RHOU,0.937
9606.ENSP00000278568,PAK1,GIT1,0.935
9606.ENSP00000278568,PAK1,MAP2K1,0.929
9606.ENSP00000278568,PAK1,MYO6,0.928
9606.ENSP00000278568,PAK1,CASP3,0.922
9606.ENSP00000278568,PAK1,MAP3K3,0.922
9606.ENSP00000278568,PAK1,MAP3K2,0.922
9606.ENSP00000278568,PAK1,FLNB,0.921
9606.ENSP00000278568,PAK1,MAP2K2,0.921
9606.ENSP00000278568,PAK1,FLNC,0.92
9606.ENSP00000278568,PAK1,MAP3K14,0.917
9606.ENSP00000278568,PAK1,LIMK2,0.916
9606.ENSP00000278568,PAK1,NF2,0.914
9606.ENSP00000278568,PAK1,ROBO1,0.912
9606.ENSP00000278568,PAK1,ROBO2,0.91
9606.ENSP00000278568,PAK1,RHOJ,0.905
9606.ENSP00000278568,PAK1,GNG12,0.9
9606.ENSP00000279036,PIGT,PIGK,0.999
9606.ENSP00000279036,PIGT,PIGS,0.999
9606.ENSP00000279036,PIGT,GPAA1,0.999
9606.ENSP00000279036,PIGT,PIGU,0.999
9606.ENSP00000279036,PIGT,PIGO,0.984
9606.ENSP00000279036,PIGT,PGAP1,0.971
9606.ENSP00000279036,PIGT,PIGF,0.932
9606.ENSP00000279387,PPP4C,PPP4R3A,0.999
9606.ENSP00000279387,PPP4C,PPP4R2,0.999
9606.ENSP00000279387,PPP4C,PPP4R1,0.999
9606.ENSP00000279387,PPP4C,PPP4R3B,0.999
9606.ENSP00000279387,PPP4C,TIPRL,0.988
9606.ENSP00000279387,PPP4C,IGBP1,0.988
9606.ENSP00000279387,PPP4C,PPP4R3C,0.985
9606.ENSP00000279387,PPP4C,PPP2R1A,0.984
9606.ENSP00000279387,PPP4C,PPP4R4,0.982
9606.ENSP00000279387,PPP4C,PTPA,0.974
9606.ENSP00000279387,PPP4C,PPP2R1B,0.97
9606.ENSP00000279387,PPP4C,PPP2R5D,0.941
9606.ENSP00000279387,PPP4C,PPP2R2B,0.929
9606.ENSP00000279387,PPP4C,CRTC2,0.918
9606.ENSP00000279387,PPP4C,CCDC6,0.917
9606.ENSP00000279387,PPP4C,PPP2R2D,0.9
9606.ENSP00000281043,MYCN,AURKA,0.998
9606.ENSP00000281043,MYCN,MAX,0.996
9606.ENSP00000281043,MYCN,NMI,0.99
9606.ENSP00000281043,MYCN,EZH2,0.952
9606.ENSP00000281043,MYCN,NDRG1,0.937
9606.ENSP00000281043,MYCN,MYC,0.933
9606.ENSP00000281043,MYCN,ALK,0.932
9606.ENSP00000281043,MYCN,HDAC1,0.914
9606.ENSP00000282516,NIPBL,SMC3,0.999
9606.ENSP00000282516,NIPBL,RAD21,0.999
9606.ENSP00000282516,NIPBL,MAU2,0.999
9606.ENSP00000282516,NIPBL,SMC1A,0.999
9606.ENSP00000282516,NIPBL,PDS5A,0.998
9606.ENSP00000282516,NIPBL,WAPL,0.998
9606.ENSP00000282516,NIPBL,STAG1,0.997
9606.ENSP00000282516,NIPBL,PDS5B,0.989
9606.ENSP00000282516,NIPBL,STAG2,0.982
9606.ENSP00000282516,NIPBL,PHF3,0.976
9606.ENSP00000282516,NIPBL,CDCA5,0.97
9606.ENSP00000282516,NIPBL,REC8,0.956
9606.ENSP00000282516,NIPBL,BRD4,0.95
9606.ENSP00000282516,NIPBL,SMC1B,0.942
9606.ENSP00000282516,NIPBL,RAD21L1,0.932
9606.ENSP00000283027,NUBP1,CIAO1,0.969
9606.ENSP00000283027,NUBP1,CIAPIN1,0.967
9606.ENSP00000283027,NUBP1,CIAO3,0.959
9606.ENSP00000283027,NUBP1,ABCB7,0.938
9606.ENSP00000283027,NUBP1,MMS19,0.93
9606.ENSP00000283027,NUBP1,NUBP2,0.922
9606.ENSP00000283243,PLA2R1,PLA2G2A,0.93
9606.ENSP00000283243,PLA2R1,PLA2G10,0.926
9606.ENSP00000283243,PLA2R1,THSD7A,0.912
9606.ENSP00000283243,PLA2R1,PLA2G2D,0.911
9606.ENSP00000283243,PLA2R1,MRC1,0.908
9606.ENSP00000283243,PLA2R1,MRC2,0.907
9606.ENSP00000284601,PPP1R3A,PPP1CC,0.99
9606.ENSP00000284601,PPP1R3A,PPP1CB,0.99
9606.ENSP00000284601,PPP1R3A,PPP1CA,0.983
9606.ENSP00000284601,PPP1R3A,RBL2,0.981
9606.ENSP00000284601,PPP1R3A,GYS2,0.964
9606.ENSP00000284601,PPP1R3A,GYS1,0.952
9606.ENSP00000284601,PPP1R3A,PPP1R3E,0.944
9606.ENSP00000284601,PPP1R3A,PPP1R3D,0.943
9606.ENSP00000284601,PPP1R3A,PPP1R3B,0.94
9606.ENSP00000284601,PPP1R3A,PPP1R3C,0.938
9606.ENSP00000284601,PPP1R3A,PPP1R3F,0.935
9606.ENSP00000284601,PPP1R3A,RHAG,0.916
9606.ENSP00000285039,MYO5B,RAB11A,0.999
9606.ENSP00000285039,MYO5B,RAB11FIP2,0.999
9606.ENSP00000285039,MYO5B,RAB8A,0.996
9606.ENSP00000285039,MYO5B,OPTN,0.973
9606.ENSP00000285039,MYO5B,RAB25,0.965
9606.ENSP00000285039,MYO5B,RAB10,0.929
9606.ENSP00000285039,MYO5B,RAB11FIP5,0.901
9606.ENSP00000285848,OXA1L,MRPL45,0.944
9606.ENSP00000285848,OXA1L,MT-CO2,0.93
9606.ENSP00000285848,OXA1L,TIMM17A,0.927
9606.ENSP00000285848,OXA1L,MRPL58,0.925
9606.ENSP00000285848,OXA1L,MRPL4,0.92
9606.ENSP00000285848,OXA1L,MRPL49,0.919
9606.ENSP00000285848,OXA1L,MRPL13,0.918
9606.ENSP00000285848,OXA1L,MRPL17,0.917
9606.ENSP00000285848,OXA1L,MRPL51,0.912
9606.ENSP00000285848,OXA1L,MRPL12,0.911
9606.ENSP00000285848,OXA1L,MRPL48,0.91
9606.ENSP00000285848,OXA1L,SEC61A1,0.909
9606.ENSP00000285848,OXA1L,MRPS22,0.907
9606.ENSP00000285848,OXA1L,MRPS16,0.904
9606.ENSP00000285848,OXA1L,MRPS9,0.904
9606.ENSP00000287437,NSMCE2,NSMCE3,0.999
9606.ENSP00000287437,NSMCE2,SMC6,0.999
9606.ENSP00000287437,NSMCE2,NSMCE1,0.999
9606.ENSP00000287437,NSMCE2,SMC5,0.999
9606.ENSP00000287437,NSMCE2,EID3,0.998
9606.ENSP00000287437,NSMCE2,NSMCE4A,0.995
9606.ENSP00000287437,NSMCE2,UBE2I,0.965
9606.ENSP00000287437,NSMCE2,SUMO4,0.962
9606.ENSP00000287820,PPARG,PPARGC1A,0.999
9606.ENSP00000287820,PPARG,NCOR1,0.999
9606.ENSP00000287820,PPARG,NCOR2,0.999
9606.ENSP00000287820,PPARG,RXRA,0.999
9606.ENSP00000287820,PPARG,MED1,0.999
9606.ENSP00000287820,PPARG,NCOA1,0.999
9606.ENSP00000287820,PPARG,CREBBP,0.998
9606.ENSP00000287820,PPARG,NCOA2,0.998
9606.ENSP00000287820,PPARG,RELA,0.998
9606.ENSP00000287820,PPARG,SIRT1,0.998
9606.ENSP00000287820,PPARG,EP300,0.997
9606.ENSP00000287820,PPARG,XPR1,0.996
9606.ENSP00000287820,PPARG,PRDM16,0.996
9606.ENSP00000287820,PPARG,CTNNB1,0.994
9606.ENSP00000287820,PPARG,PAX8,0.994
9606.ENSP00000287820,PPARG,FABP4,0.993
9606.ENSP00000287820,PPARG,CEBPA,0.991
9606.ENSP00000287820,PPARG,CEBPB,0.989
9606.ENSP00000287820,PPARG,KDM3A,0.987
9606.ENSP00000287820,PPARG,SREBF1,0.982
9606.ENSP00000287820,PPARG,RXRB,0.98
9606.ENSP00000287820,PPARG,NR0B2,0.976
9606.ENSP00000287820,PPARG,NFKB1,0.972
9606.ENSP00000287820,PPARG,ACTB,0.971
9606.ENSP00000287820,PPARG,SMARCA4,0.966
9606.ENSP00000287820,PPARG,ADIPOQ,0.965
9606.ENSP00000287820,PPARG,HDAC3,0.965
9606.ENSP00000287820,PPARG,MTOR,0.964
9606.ENSP00000287820,PPARG,RXRG,0.963
9606.ENSP00000287820,PPARG,SMAD3,0.95
9606.ENSP00000287820,PPARG,TP53,0.949
9606.ENSP00000287820,PPARG,LEP,0.948
9606.ENSP00000287820,PPARG,INS,0.944
9606.ENSP00000287820,PPARG,CD36,0.942
9606.ENSP00000287820,PPARG,LPL,0.941
9606.ENSP00000287820,PPARG,NCOA6,0.94
9606.ENSP00000287820,PPARG,SREBF2,0.94
9606.ENSP00000287820,PPARG,RPTOR,0.937
9606.ENSP00000287820,PPARG,SMARCD3,0.935
9606.ENSP00000287820,PPARG,EGR1,0.934
9606.ENSP00000287820,PPARG,SLC2A4,0.934
9606.ENSP00000287820,PPARG,PLIN1,0.929
9606.ENSP00000287820,PPARG,UCP1,0.925
9606.ENSP00000287820,PPARG,CEBPD,0.925
9606.ENSP00000287820,PPARG,TGFB1,0.922
9606.ENSP00000287820,PPARG,PPARGC1B,0.921
9606.ENSP00000287820,PPARG,AKT1S1,0.918
9606.ENSP00000287820,PPARG,SP1,0.916
9606.ENSP00000287820,PPARG,PER2,0.916
9606.ENSP00000287820,PPARG,ARID1A,0.914
9606.ENSP00000287820,PPARG,SMARCA2,0.912
9606.ENSP00000287820,PPARG,SMARCD1,0.911
9606.ENSP00000287820,PPARG,SMARCC1,0.91
9606.ENSP00000287820,PPARG,CDK5,0.909
9606.ENSP00000287820,PPARG,NCOA3,0.909
9606.ENSP00000287820,PPARG,LPIN1,0.909
9606.ENSP00000287820,PPARG,SMARCC2,0.907
9606.ENSP00000287820,PPARG,PCK1,0.907
9606.ENSP00000287820,PPARG,ACTG1,0.906
9606.ENSP00000287820,PPARG,SMARCE1,0.906
9606.ENSP00000287820,PPARG,ARID1B,0.906
9606.ENSP00000287820,PPARG,ACTL6A,0.905
9606.ENSP00000287820,PPARG,DPF3,0.905
9606.ENSP00000287820,PPARG,KLF5,0.901
9606.ENSP00000287820,PPARG,ACTL6B,0.901
9606.ENSP00000287820,PPARG,SMARCD2,0.901
9606.ENSP00000287820,PPARG,KDM3B,0.9
9606.ENSP00000287842,NRG1,ERBB3,0.999
9606.ENSP00000287842,NRG1,ERBB4,0.999
9606.ENSP00000287842,NRG1,EGFR,0.999
9606.ENSP00000287842,NRG1,ERBB2,0.999
9606.ENSP00000287842,NRG1,NRG4,0.989
9606.ENSP00000287842,NRG1,EGF,0.972
9606.ENSP00000287842,NRG1,NRG3,0.936
9606.ENSP00000287842,NRG1,NRG2,0.918
9606.ENSP00000287842,NRG1,BTC,0.909
9606.ENSP00000289749,NBL1,BMP2,0.924
9606.ENSP00000289749,NBL1,GDF5,0.923
9606.ENSP00000289749,NBL1,BMP4,0.92
9606.ENSP00000289749,NBL1,BMP7,0.916
9606.ENSP00000289749,NBL1,AMH,0.91
9606.ENSP00000289749,NBL1,BMP5,0.91
9606.ENSP00000289749,NBL1,BMP6,0.908
9606.ENSP00000289749,NBL1,GDF7,0.908
9606.ENSP00000289749,NBL1,BMP8A,0.906
9606.ENSP00000289749,NBL1,BMP8B,0.905
9606.ENSP00000289749,NBL1,GDF6,0.905
9606.ENSP00000289749,NBL1,INCENP,0.903
9606.ENSP00000290472,PLA2G4D,PLA2G5,0.957
9606.ENSP00000290472,PLA2G4D,MAPK3,0.908
9606.ENSP00000290472,PLA2G4D,PLCG1,0.904
9606.ENSP00000290472,PLA2G4D,GNAS,0.903
9606.ENSP00000290472,PLA2G4D,MAPK1,0.903
9606.ENSP00000290472,PLA2G4D,PLCG2,0.902
9606.ENSP00000290472,PLA2G4D,GNAQ,0.9
9606.ENSP00000294785,NCSTN,APH1A,0.999
9606.ENSP00000294785,NCSTN,PSEN1,0.999
9606.ENSP00000294785,NCSTN,APH1B,0.999
9606.ENSP00000294785,NCSTN,PSENEN,0.999
9606.ENSP00000294785,NCSTN,PSEN2,0.999
9606.ENSP00000294785,NCSTN,APP,0.998
9606.ENSP00000294785,NCSTN,TMED10,0.997
9606.ENSP00000294785,NCSTN,NOTCH1,0.986
9606.ENSP00000294785,NCSTN,APEH,0.911
9606.ENSP00000295588,POGLUT1,F7,0.916
9606.ENSP00000296358,OTOP1,OC90,0.903
9606.ENSP00000296930,NPM1,NCL,0.999
9606.ENSP00000296930,NPM1,CDKN2A,0.999
9606.ENSP00000296930,NPM1,TP53,0.997
9606.ENSP00000296930,NPM1,ALK,0.994
9606.ENSP00000296930,NPM1,AGO2,0.992
9606.ENSP00000296930,NPM1,HJURP,0.983
9606.ENSP00000296930,NPM1,H4C6,0.98
9606.ENSP00000296930,NPM1,RPL5,0.976
9606.ENSP00000296930,NPM1,CTCF,0.975
9606.ENSP00000296930,NPM1,MDM2,0.974
9606.ENSP00000296930,NPM1,PARP1,0.97
9606.ENSP00000296930,NPM1,RBBP4,0.96
9606.ENSP00000296930,NPM1,NPM3,0.953
9606.ENSP00000296930,NPM1,CENPA,0.953
9606.ENSP00000296930,NPM1,FLT3,0.943
9606.ENSP00000296930,NPM1,SURF6,0.943
9606.ENSP00000296930,NPM1,RARA,0.938
9606.ENSP00000296930,NPM1,SENP3,0.933
9606.ENSP00000296930,NPM1,NOP2,0.924
9606.ENSP00000296930,NPM1,HNRNPA1,0.923
9606.ENSP00000296930,NPM1,FBL,0.921
9606.ENSP00000296930,NPM1,GRB2,0.919
9606.ENSP00000296930,NPM1,RPL4,0.914
9606.ENSP00000296930,NPM1,GNL2,0.904
9606.ENSP00000297540,PHAX,NCBP2,0.994
9606.ENSP00000297540,PHAX,NCBP1,0.992
9606.ENSP00000297540,PHAX,XPO1,0.988
9606.ENSP00000297540,PHAX,SRRT,0.987
9606.ENSP00000297540,PHAX,RAN,0.917
9606.ENSP00000298281,PCF11,CLP1,0.999
9606.ENSP00000298281,PCF11,CPSF2,0.998
9606.ENSP00000298281,PCF11,CPSF3,0.998
9606.ENSP00000298281,PCF11,CSTF3,0.998
9606.ENSP00000298281,PCF11,CPSF1,0.996
9606.ENSP00000298281,PCF11,SYMPK,0.995
9606.ENSP00000298281,PCF11,CSTF2,0.991
9606.ENSP00000298281,PCF11,FIP1L1,0.976
9606.ENSP00000298281,PCF11,SSU72,0.974
9606.ENSP00000298281,PCF11,SCAF8,0.964
9606.ENSP00000298281,PCF11,CPSF6,0.962
9606.ENSP00000298281,PCF11,WDR33,0.955
9606.ENSP00000298281,PCF11,CSTF2T,0.954
9606.ENSP00000298281,PCF11,CPSF4,0.953
9606.ENSP00000298281,PCF11,POLR2A,0.952
9606.ENSP00000298281,PCF11,PAPOLA,0.949
9606.ENSP00000298281,PCF11,NUDT21,0.947
9606.ENSP00000298281,PCF11,CSTF1,0.94
9606.ENSP00000298281,PCF11,ALYREF,0.939
9606.ENSP00000298281,PCF11,RBBP6,0.917
9606.ENSP00000298281,PCF11,PYCR1,0.917
9606.ENSP00000298281,PCF11,PABPN1,0.908
9606.ENSP00000299459,OR2D2,OR6A2,0.999
9606.ENSP00000299821,NCAPH2,SMC4,0.999
9606.ENSP00000299821,NCAPH2,NCAPD3,0.999
9606.ENSP00000299821,NCAPH2,NCAPG2,0.999
9606.ENSP00000299821,NCAPH2,SMC2,0.99
9606.ENSP00000299821,NCAPH2,NCAPD2,0.977
9606.ENSP00000299821,NCAPH2,NCAPH,0.916
9606.ENSP00000299853,POLR3E,POLR3D,0.999
9606.ENSP00000299853,POLR3E,POLR1C,0.999
9606.ENSP00000299853,POLR3E,POLR3G,0.999
9606.ENSP00000299853,POLR3E,POLR3H,0.999
9606.ENSP00000299853,POLR3E,CRCP,0.999
9606.ENSP00000299853,POLR3E,POLR2E,0.999
9606.ENSP00000299853,POLR3E,POLR3A,0.999
9606.ENSP00000299853,POLR3E,POLR3K,0.999
9606.ENSP00000299853,POLR3E,POLR3B,0.999
9606.ENSP00000299853,POLR3E,POLR3F,0.999
9606.ENSP00000299853,POLR3E,POLR3C,0.999
9606.ENSP00000299853,POLR3E,POLR2L,0.998
9606.ENSP00000299853,POLR3E,POLR3GL,0.997
9606.ENSP00000299853,POLR3E,POLR1D,0.996
9606.ENSP00000299853,POLR3E,POLR2F,0.994
9606.ENSP00000299853,POLR3E,POLR2K,0.994
9606.ENSP00000299853,POLR3E,POLR2H,0.991
9606.ENSP00000299853,POLR3E,BDP1,0.983
9606.ENSP00000299853,POLR3E,POLR1A,0.915
9606.ENSP00000299853,POLR3E,MAF1,0.91
9606.ENSP00000300093,PLK1,CCNB1,0.999
9606.ENSP00000300093,PLK1,CDC20,0.999
9606.ENSP00000300093,PLK1,BUB1B,0.999
9606.ENSP00000300093,PLK1,CDC25C,0.999
9606.ENSP00000300093,PLK1,FZR1,0.999
9606.ENSP00000300093,PLK1,ERCC6L,0.998
9606.ENSP00000300093,PLK1,BORA,0.997
9606.ENSP00000300093,PLK1,AURKA,0.997
9606.ENSP00000300093,PLK1,BUB1,0.996
9606.ENSP00000300093,PLK1,CENPU,0.996
9606.ENSP00000300093,PLK1,BRCA2,0.996
9606.ENSP00000300093,PLK1,CCNB2,0.995
9606.ENSP00000300093,PLK1,FOXM1,0.995
9606.ENSP00000300093,PLK1,KIF2C,0.994
9606.ENSP00000300093,PLK1,ESPL1,0.994
9606.ENSP00000300093,PLK1,CDK1,0.993
9606.ENSP00000300093,PLK1,WEE1,0.992
9606.ENSP00000300093,PLK1,FBXO43,0.992
9606.ENSP00000300093,PLK1,KIF20A,0.99
9606.ENSP00000300093,PLK1,NUDC,0.99
9606.ENSP00000300093,PLK1,CENPA,0.988
9606.ENSP00000300093,PLK1,KIF23,0.988
9606.ENSP00000300093,PLK1,PKMYT1,0.987
9606.ENSP00000300093,PLK1,GTSE1,0.982
9606.ENSP00000300093,PLK1,TP53,0.981
9606.ENSP00000300093,PLK1,BIRC5,0.98
9606.ENSP00000300093,PLK1,FBXO5,0.978
9606.ENSP00000300093,PLK1,INCENP,0.978
9606.ENSP00000300093,PLK1,NEDD1,0.977
9606.ENSP00000300093,PLK1,CENPE,0.977
9606.ENSP00000300093,PLK1,CDC25B,0.976
9606.ENSP00000300093,PLK1,CDC25A,0.975
9606.ENSP00000300093,PLK1,CDCA8,0.974
9606.ENSP00000300093,PLK1,CENPF,0.973
9606.ENSP00000300093,PLK1,SGO1,0.973
9606.ENSP00000300093,PLK1,CCNB3,0.968
9606.ENSP00000300093,PLK1,PCNT,0.965
9606.ENSP00000300093,PLK1,RACGAP1,0.961
9606.ENSP00000300093,PLK1,BRCA1,0.96
9606.ENSP00000300093,PLK1,SGO2,0.959
9606.ENSP00000300093,PLK1,CCNA2,0.958
9606.ENSP00000300093,PLK1,HSP90AA1,0.957
9606.ENSP00000300093,PLK1,PTTG1,0.956
9606.ENSP00000300093,PLK1,PLK4,0.956
9606.ENSP00000300093,PLK1,PRC1,0.955
9606.ENSP00000300093,PLK1,CENPJ,0.953
9606.ENSP00000300093,PLK1,BTRC,0.952
9606.ENSP00000300093,PLK1,NDC80,0.951
9606.ENSP00000300093,PLK1,NINL,0.946
9606.ENSP00000300093,PLK1,PCM1,0.944
9606.ENSP00000300093,PLK1,TPX2,0.944
9606.ENSP00000300093,PLK1,TUBG1,0.943
9606.ENSP00000300093,PLK1,GORASP1,0.942
9606.ENSP00000300093,PLK1,SPAG5,0.942
9606.ENSP00000300093,PLK1,AURKB,0.939
9606.ENSP00000300093,PLK1,SLX4,0.938
9606.ENSP00000300093,PLK1,NEK2,0.938
9606.ENSP00000300093,PLK1,SKA1,0.937
9606.ENSP00000300093,PLK1,ECT2,0.937
9606.ENSP00000300093,PLK1,SKA3,0.934
9606.ENSP00000300093,PLK1,CPEB1,0.933
9606.ENSP00000300093,PLK1,CLSPN,0.933
9606.ENSP00000300093,PLK1,MAD2L1,0.933
9606.ENSP00000300093,PLK1,TOP2A,0.931
9606.ENSP00000300093,PLK1,ZWINT,0.93
9606.ENSP00000300093,PLK1,ODF2,0.929
9606.ENSP00000300093,PLK1,KIF2A,0.927
9606.ENSP00000300093,PLK1,UBE2C,0.927
9606.ENSP00000300093,PLK1,KIF18A,0.927
9606.ENSP00000300093,PLK1,CEP192,0.926
9606.ENSP00000300093,PLK1,RCC2,0.924
9606.ENSP00000300093,PLK1,SMC1A,0.924
9606.ENSP00000300093,PLK1,NCAPG2,0.919
9606.ENSP00000300093,PLK1,KIF11,0.919
9606.ENSP00000300093,PLK1,CCNF,0.918
9606.ENSP00000300093,PLK1,CPEB4,0.918
9606.ENSP00000300093,PLK1,CKAP5,0.917
9606.ENSP00000300093,PLK1,SMC3,0.915
9606.ENSP00000300093,PLK1,CPEB2,0.915
9606.ENSP00000300093,PLK1,DCTN1,0.915
9606.ENSP00000300093,PLK1,CPEB3,0.914
9606.ENSP00000300093,PLK1,DVL2,0.914
9606.ENSP00000300093,PLK1,KIF2B,0.913
9606.ENSP00000300093,PLK1,CDK5RAP2,0.912
9606.ENSP00000300093,PLK1,SLK,0.909
9606.ENSP00000300093,PLK1,CDC20B,0.906
9606.ENSP00000300093,PLK1,CEP135,0.905
9606.ENSP00000300093,PLK1,CDCA3,0.904
9606.ENSP00000300093,PLK1,PPP1CC,0.904
9606.ENSP00000300093,PLK1,CLIP1,0.902
9606.ENSP00000300093,PLK1,RANBP2,0.902
9606.ENSP00000300093,PLK1,CHEK2,0.9
9606.ENSP00000300093,PLK1,MAPRE1,0.9
9606.ENSP00000300131,NAB2,EGR2,0.994
9606.ENSP00000300131,NAB2,EGR1,0.992
9606.ENSP00000300131,NAB2,EGR3,0.964
9606.ENSP00000300131,NAB2,CHD4,0.952
9606.ENSP00000300131,NAB2,STAT6,0.934
9606.ENSP00000302441,NANP,NANS,0.976
9606.ENSP00000302441,NANP,CMAS,0.963
9606.ENSP00000302441,NANP,RSPH3,0.956
9606.ENSP00000302768,PAIP1,PABPC1,0.999
9606.ENSP00000302768,PAIP1,EIF4A1,0.996
9606.ENSP00000302768,PAIP1,EIF4A2,0.995
9606.ENSP00000302768,PAIP1,PABPC4,0.991
9606.ENSP00000302768,PAIP1,PABPC1L,0.987
9606.ENSP00000302768,PAIP1,SYNCRIP,0.987
9606.ENSP00000302768,PAIP1,PAIP2,0.985
9606.ENSP00000302768,PAIP1,PABPC3,0.98
9606.ENSP00000302768,PAIP1,EIF4E,0.978
9606.ENSP00000302768,PAIP1,HNRNPD,0.977
9606.ENSP00000302768,PAIP1,PABPC5,0.974
9606.ENSP00000302768,PAIP1,PABPC4L,0.97
9606.ENSP00000302768,PAIP1,PABPC1L2A,0.954
9606.ENSP00000302768,PAIP1,EIF3G,0.94
9606.ENSP00000302768,PAIP1,EIF4B,0.928
9606.ENSP00000302768,PAIP1,CSDE1,0.919
9606.ENSP00000302768,PAIP1,EIF4G1,0.911
9606.ENSP00000303427,PDS5A,WAPL,0.999
9606.ENSP00000303427,PDS5A,STAG1,0.999
9606.ENSP00000303427,PDS5A,STAG2,0.999
9606.ENSP00000303427,PDS5A,RAD21,0.999
9606.ENSP00000303427,PDS5A,CDCA5,0.999
9606.ENSP00000303427,PDS5A,SMC3,0.999
9606.ENSP00000303427,PDS5A,SMC1A,0.998
9606.ENSP00000303427,PDS5A,NIPBL,0.998
9606.ENSP00000303427,PDS5A,ESCO1,0.994
9606.ENSP00000303427,PDS5A,MAU2,0.988
9606.ENSP00000303427,PDS5A,ESCO2,0.986
9606.ENSP00000303427,PDS5A,REC8,0.972
9606.ENSP00000303427,PDS5A,PDS5B,0.971
9606.ENSP00000303427,PDS5A,ESPL1,0.947
9606.ENSP00000303427,PDS5A,CHTF18,0.943
9606.ENSP00000303427,PDS5A,HASPIN,0.937
9606.ENSP00000303427,PDS5A,RAD21L1,0.902
9606.ENSP00000304234,PCDHA10,PCDHA9,0.919
9606.ENSP00000305556,PCBP1,PCBP2,0.998
9606.ENSP00000305556,PCBP1,PRPF8,0.995
9606.ENSP00000305556,PCBP1,ZNF830,0.994
9606.ENSP00000305556,PCBP1,HNRNPK,0.989
9606.ENSP00000305556,PCBP1,PTBP1,0.978
9606.ENSP00000305556,PCBP1,EEF1A1,0.973
9606.ENSP00000305556,PCBP1,HNRNPA1,0.966
9606.ENSP00000305556,PCBP1,HNRNPC,0.961
9606.ENSP00000305556,PCBP1,HNRNPA2B1,0.961
9606.ENSP00000305556,PCBP1,HNRNPL,0.938
9606.ENSP00000305556,PCBP1,SMAD3,0.928
9606.ENSP00000305556,PCBP1,HNRNPM,0.921
9606.ENSP00000305556,PCBP1,HNRNPA3,0.913
9606.ENSP00000305556,PCBP1,HNRNPH1,0.906
9606.ENSP00000305556,PCBP1,HNRNPR,0.905
9606.ENSP00000305926,OTUD7A,CHRFAM7A,0.962
9606.ENSP00000306682,PPM1D,ATM,0.924
9606.ENSP00000306682,PPM1D,CHEK2,0.918
9606.ENSP00000306682,PPM1D,APPBP2,0.9
9606.ENSP00000307241,PDHB,PDHX,0.999
9606.ENSP00000307241,PDHB,DLAT,0.999
9606.ENSP00000307241,PDHB,DLD,0.999
9606.ENSP00000307241,PDHB,PDHA2,0.999
9606.ENSP00000307241,PDHB,BCKDHA,0.999
9606.ENSP00000307241,PDHB,PDHA1,0.999
9606.ENSP00000307241,PDHB,F5H5P2_HUMAN,0.998
9606.ENSP00000307241,PDHB,PDK1,0.984
9606.ENSP00000307241,PDHB,PKM,0.983
9606.ENSP00000307241,PDHB,GPI,0.981
9606.ENSP00000307241,PDHB,TALDO1,0.979
9606.ENSP00000307241,PDHB,PDK2,0.974
9606.ENSP00000307241,PDHB,DLST,0.974
9606.ENSP00000307241,PDHB,PKLR,0.966
9606.ENSP00000307241,PDHB,PDK3,0.961
9606.ENSP00000307241,PDHB,LDHA,0.961
9606.ENSP00000307241,PDHB,PC,0.959
9606.ENSP00000307241,PDHB,DBT,0.957
9606.ENSP00000307241,PDHB,ME1,0.951
9606.ENSP00000307241,PDHB,ME3,0.95
9606.ENSP00000307241,PDHB,ME2,0.948
9606.ENSP00000307241,PDHB,OGDH,0.947
9606.ENSP00000307241,PDHB,LDHAL6B,0.946
9606.ENSP00000307241,PDHB,PDP2,0.944
9606.ENSP00000307241,PDHB,LDHAL6A,0.944
9606.ENSP00000307241,PDHB,LDHC,0.942
9606.ENSP00000307241,PDHB,CS,0.941
9606.ENSP00000307241,PDHB,LDHD,0.934
9606.ENSP00000307241,PDHB,ALDOA,0.93
9606.ENSP00000307241,PDHB,ALDOC,0.921
9606.ENSP00000307241,PDHB,SUCLA2,0.921
9606.ENSP00000307241,PDHB,PDP1,0.915
9606.ENSP00000307241,PDHB,ATP5F1C,0.913
9606.ENSP00000307241,PDHB,ALDOB,0.913
9606.ENSP00000307241,PDHB,TKT,0.913
9606.ENSP00000307241,PDHB,UQCRC2,0.905
9606.ENSP00000309548,PDP2,PDHX,0.983
9606.ENSP00000309548,PDP2,PDHB,0.944
9606.ENSP00000309548,PDP2,DLAT,0.933
9606.ENSP00000310006,NR1D2,NCOR1,0.992
9606.ENSP00000310006,NR1D2,PER2,0.97
9606.ENSP00000310006,NR1D2,PER3,0.969
9606.ENSP00000310006,NR1D2,CRY1,0.967
9606.ENSP00000310006,NR1D2,ARNTL,0.959
9606.ENSP00000310006,NR1D2,CLOCK,0.95
9606.ENSP00000310006,NR1D2,NPAS2,0.947
9606.ENSP00000310006,NR1D2,NFIL3,0.936
9606.ENSP00000310006,NR1D2,BHLHE41,0.92
9606.ENSP00000310006,NR1D2,BHLHE40,0.913
9606.ENSP00000310006,NR1D2,CRY2,0.901
9606.ENSP00000310661,PDE7B,ADK,0.937
9606.ENSP00000310661,PDE7B,ENPP1,0.918
9606.ENSP00000310661,PDE7B,ENPP3,0.909
9606.ENSP00000310661,PDE7B,APRT,0.909
9606.ENSP00000310661,PDE7B,AK3,0.904
9606.ENSP00000310661,PDE7B,DCK,0.902
9606.ENSP00000310661,PDE7B,ADSL,0.9
9606.ENSP00000310668,NUP93,NUP98,0.999
9606.ENSP00000310668,NUP93,NUP58,0.999
9606.ENSP00000310668,NUP93,NUP35,0.999
9606.ENSP00000310668,NUP93,NUP107,0.999
9606.ENSP00000310668,NUP93,NUP85,0.999
9606.ENSP00000310668,NUP93,NUP155,0.999
9606.ENSP00000310668,NUP93,SEH1L,0.999
9606.ENSP00000310668,NUP93,NUP62,0.999
9606.ENSP00000310668,NUP93,NUP205,0.999
9606.ENSP00000310668,NUP93,NUP54,0.999
9606.ENSP00000310668,NUP93,NUP188,0.999
9606.ENSP00000310668,NUP93,NUP214,0.999
9606.ENSP00000310668,NUP93,NUP133,0.998
9606.ENSP00000310668,NUP93,RANBP2,0.998
9606.ENSP00000310668,NUP93,NDC1,0.998
9606.ENSP00000310668,NUP93,SEC13,0.997
9606.ENSP00000310668,NUP93,NUP153,0.996
9606.ENSP00000310668,NUP93,NUP88,0.995
9606.ENSP00000310668,NUP93,NUP43,0.994
9606.ENSP00000310668,NUP93,NUP210,0.993
9606.ENSP00000310668,NUP93,NUP160,0.991
9606.ENSP00000310668,NUP93,AHCTF1,0.989
9606.ENSP00000310668,NUP93,NUP37,0.988
9606.ENSP00000310668,NUP93,AAAS,0.983
9606.ENSP00000310668,NUP93,NUP50,0.971
9606.ENSP00000310668,NUP93,TPR,0.966
9606.ENSP00000310668,NUP93,SH2D3A,0.959
9606.ENSP00000310668,NUP93,POM121,0.952
9606.ENSP00000310668,NUP93,RAE1,0.937
9606.ENSP00000310668,NUP93,POM121C,0.931
9606.ENSP00000310668,NUP93,KPNB1,0.926
9606.ENSP00000310668,NUP93,NUP62CL,0.911
9606.ENSP00000310928,PPARD,RXRA,0.995
9606.ENSP00000310928,PPARD,FABP5,0.988
9606.ENSP00000310928,PPARD,NCOR1,0.974
9606.ENSP00000310928,PPARD,PPARGC1A,0.969
9606.ENSP00000310928,PPARD,RXRB,0.948
9606.ENSP00000310928,PPARD,NCOR2,0.919
9606.ENSP00000311997,NEFH,NEFL,0.996
9606.ENSP00000311997,NEFH,NEFM,0.993
9606.ENSP00000311997,NEFH,INA,0.988
9606.ENSP00000311997,NEFH,KIF5A,0.947
9606.ENSP00000311997,NEFH,KIF5C,0.926
9606.ENSP00000311997,NEFH,KLC1,0.923
9606.ENSP00000311997,NEFH,KLC2,0.922
9606.ENSP00000311997,NEFH,KLC3,0.919
9606.ENSP00000311997,NEFH,KIF5B,0.918
9606.ENSP00000311997,NEFH,KLC4,0.915
9606.ENSP00000311997,NEFH,MAPK11,0.915
9606.ENSP00000311997,NEFH,MAPK14,0.912
9606.ENSP00000311997,NEFH,MAPK13,0.91
9606.ENSP00000311997,NEFH,MAPK12,0.91
9606.ENSP00000311997,NEFH,PRPH,0.904
9606.ENSP00000313007,PABPC1,PAIP1,0.999
9606.ENSP00000313007,PABPC1,EIF4G1,0.999
9606.ENSP00000313007,PABPC1,PAIP2,0.999
9606.ENSP00000313007,PABPC1,EIF4B,0.999
9606.ENSP00000313007,PABPC1,EIF4A2,0.999
9606.ENSP00000313007,PABPC1,EIF4E,0.999
9606.ENSP00000313007,PABPC1,EIF4A1,0.999
9606.ENSP00000313007,PABPC1,ATXN2,0.998
9606.ENSP00000313007,PABPC1,SMG1,0.998
9606.ENSP00000313007,PABPC1,TNRC6A,0.997
9606.ENSP00000313007,PABPC1,EIF4G3,0.996
9606.ENSP00000313007,PABPC1,TNRC6C,0.996
9606.ENSP00000313007,PABPC1,RBM8A,0.996
9606.ENSP00000313007,PABPC1,GSPT1,0.996
9606.ENSP00000313007,PABPC1,UPF1,0.996
9606.ENSP00000313007,PABPC1,G3BP1,0.995
9606.ENSP00000313007,PABPC1,GSPT2,0.993
9606.ENSP00000313007,PABPC1,LARP4,0.992
9606.ENSP00000313007,PABPC1,CSDE1,0.985
9606.ENSP00000313007,PABPC1,LARP4B,0.984
9606.ENSP00000313007,PABPC1,HSPA8,0.984
9606.ENSP00000313007,PABPC1,EIF4A3,0.964
9606.ENSP00000313007,PABPC1,DDX6,0.962
9606.ENSP00000313007,PABPC1,HNRNPD,0.96
9606.ENSP00000313007,PABPC1,PAN3,0.96
9606.ENSP00000313007,PABPC1,CARM1,0.957
9606.ENSP00000313007,PABPC1,PAN2,0.957
9606.ENSP00000313007,PABPC1,PABPN1,0.956
9606.ENSP00000313007,PABPC1,DDX3X,0.956
9606.ENSP00000313007,PABPC1,NCBP1,0.955
9606.ENSP00000313007,PABPC1,HNRNPK,0.954
9606.ENSP00000313007,PABPC1,SMG7,0.945
9606.ENSP00000313007,PABPC1,SMG5,0.945
9606.ENSP00000313007,PABPC1,HNRNPA1,0.945
9606.ENSP00000313007,PABPC1,NCBP2,0.944
9606.ENSP00000313007,PABPC1,HNRNPC,0.939
9606.ENSP00000313007,PABPC1,TIA1,0.934
9606.ENSP00000313007,PABPC1,SMG6,0.932
9606.ENSP00000313007,PABPC1,SYNCRIP,0.929
9606.ENSP00000313007,PABPC1,IGF2BP1,0.928
9606.ENSP00000313007,PABPC1,PCBP2,0.922
9606.ENSP00000313007,PABPC1,LARP1,0.922
9606.ENSP00000313007,PABPC1,AGO2,0.919
9606.ENSP00000313007,PABPC1,ATXN2L,0.917
9606.ENSP00000313007,PABPC1,DCP1A,0.916
9606.ENSP00000313007,PABPC1,YBX1,0.907
9606.ENSP00000313007,PABPC1,G3BP2,0.907
9606.ENSP00000313007,PABPC1,TOB1,0.906
9606.ENSP00000313007,PABPC1,TARDBP,0.904
9606.ENSP00000313007,PABPC1,RPL10A,0.903
9606.ENSP00000313490,PFAS,GART,0.999
9606.ENSP00000313490,PFAS,PPAT,0.987
9606.ENSP00000313490,PFAS,REEP5,0.918
9606.ENSP00000313851,PDS5B,WAPL,0.999
9606.ENSP00000313851,PDS5B,RAD21,0.998
9606.ENSP00000313851,PDS5B,SMC1A,0.997
9606.ENSP00000313851,PDS5B,SMC3,0.997
9606.ENSP00000313851,PDS5B,STAG2,0.996
9606.ENSP00000313851,PDS5B,STAG1,0.99
9606.ENSP00000313851,PDS5B,CDCA5,0.99
9606.ENSP00000313851,PDS5B,NIPBL,0.989
9606.ENSP00000313851,PDS5B,PDS5A,0.971
9606.ENSP00000313851,PDS5B,BRCA2,0.939
9606.ENSP00000313851,PDS5B,MAU2,0.922
9606.ENSP00000313983,NSD3,BRD4,0.999
9606.ENSP00000313983,NSD3,BRD3,0.986
9606.ENSP00000313983,NSD3,H3-4,0.984
9606.ENSP00000313983,NSD3,H3C13,0.981
9606.ENSP00000313983,NSD3,H3C12,0.981
9606.ENSP00000313983,NSD3,H3-2,0.97
9606.ENSP00000313983,NSD3,H3-3B,0.97
9606.ENSP00000313983,NSD3,H3-5,0.97
9606.ENSP00000313983,NSD3,H3C1,0.969
9606.ENSP00000313983,NSD3,H4C6,0.936
9606.ENSP00000313983,NSD3,BRD2,0.925
9606.ENSP00000313983,NSD3,H3-3A,0.922
9606.ENSP00000313983,NSD3,H3C3,0.921
9606.ENSP00000313983,NSD3,H3C6,0.92
9606.ENSP00000313983,NSD3,H3C14,0.92
9606.ENSP00000313983,NSD3,H3C10,0.916
9606.ENSP00000313983,NSD3,H3C7,0.915
9606.ENSP00000313983,NSD3,H3C15,0.915
9606.ENSP00000313983,NSD3,H3C11,0.915
9606.ENSP00000313983,NSD3,H3C8,0.915
9606.ENSP00000313983,NSD3,H3C4,0.915
9606.ENSP00000313983,NSD3,H3C2,0.915
9606.ENSP00000313983,NSD3,H2AC13,0.913
9606.ENSP00000313983,NSD3,H2AC8,0.913
9606.ENSP00000313983,NSD3,H2AC4,0.913
9606.ENSP00000313983,NSD3,H2AC6,0.913
9606.ENSP00000313983,NSD3,H2AC15,0.913
9606.ENSP00000313983,NSD3,H2AC17,0.913
9606.ENSP00000313983,NSD3,H2AC16,0.913
9606.ENSP00000313983,NSD3,H2AC11,0.913
9606.ENSP00000314420,PER1,CRY1,0.998
9606.ENSP00000314420,PER1,CRY2,0.998
9606.ENSP00000314420,PER1,PER2,0.997
9606.ENSP00000314420,PER1,PER3,0.997
9606.ENSP00000314420,PER1,CSNK1E,0.996
9606.ENSP00000314420,PER1,ARNTL,0.985
9606.ENSP00000314420,PER1,CSNK1D,0.984
9606.ENSP00000314420,PER1,BTRC,0.962
9606.ENSP00000314420,PER1,FBXW11,0.938
9606.ENSP00000314420,PER1,CLOCK,0.913
9606.ENSP00000314420,PER1,RBX1,0.912
9606.ENSP00000314420,PER1,NPAS2,0.91
9606.ENSP00000314420,PER1,SKP1,0.901
9606.ENSP00000314420,PER1,CUL1,0.9
9606.ENSP00000314724,PPFIBP1,PTPRF,0.957
9606.ENSP00000314724,PPFIBP1,PPFIA1,0.921
9606.ENSP00000316032,NUP98,SEH1L,0.999
9606.ENSP00000316032,NUP98,NUP155,0.999
9606.ENSP00000316032,NUP98,NUP214,0.999
9606.ENSP00000316032,NUP98,NUP88,0.999
9606.ENSP00000316032,NUP98,NUP54,0.999
9606.ENSP00000316032,NUP98,NUP153,0.999
9606.ENSP00000316032,NUP98,NUP133,0.999
9606.ENSP00000316032,NUP98,NUP43,0.999
9606.ENSP00000316032,NUP98,SEC13,0.999
9606.ENSP00000316032,NUP98,NUP85,0.999
9606.ENSP00000316032,NUP98,NUP107,0.999
9606.ENSP00000316032,NUP98,RAE1,0.999
9606.ENSP00000316032,NUP98,NUP37,0.999
9606.ENSP00000316032,NUP98,RANBP2,0.999
9606.ENSP00000316032,NUP98,NUP160,0.999
9606.ENSP00000316032,NUP98,NUP93,0.999
9606.ENSP00000316032,NUP98,NUP62,0.998
9606.ENSP00000316032,NUP98,AHCTF1,0.998
9606.ENSP00000316032,NUP98,NXF1,0.997
9606.ENSP00000316032,NUP98,NUP35,0.997
9606.ENSP00000316032,NUP98,NUP205,0.996
9606.ENSP00000316032,NUP98,TPR,0.994
9606.ENSP00000316032,NUP98,NUP58,0.992
9606.ENSP00000316032,NUP98,KPNB1,0.981
9606.ENSP00000316032,NUP98,NUP188,0.981
9606.ENSP00000316032,NUP98,NUP210,0.976
9606.ENSP00000316032,NUP98,XPO1,0.968
9606.ENSP00000316032,NUP98,HOXA9,0.964
9606.ENSP00000316032,NUP98,AAAS,0.96
9606.ENSP00000316032,NUP98,MCM3AP,0.959
9606.ENSP00000316032,NUP98,NUP50,0.949
9606.ENSP00000316032,NUP98,NDC1,0.943
9606.ENSP00000316032,NUP98,NSD1,0.937
9606.ENSP00000316032,NUP98,ENY2,0.929
9606.ENSP00000316032,NUP98,PCID2,0.928
9606.ENSP00000316032,NUP98,MAD2L1,0.923
9606.ENSP00000316032,NUP98,PHF23,0.92
9606.ENSP00000316032,NUP98,GLE1,0.916
9606.ENSP00000316032,NUP98,MAD1L1,0.915
9606.ENSP00000316032,NUP98,TNPO1,0.914
9606.ENSP00000316032,NUP98,NXT1,0.914
9606.ENSP00000316032,NUP98,CETN2,0.914
9606.ENSP00000316032,NUP98,CETN3,0.914
9606.ENSP00000316032,NUP98,MEIS1,0.909
9606.ENSP00000316032,NUP98,KDM5A,0.906
9606.ENSP00000317128,PLXND1,SEMA3E,0.999
9606.ENSP00000317128,PLXND1,SEMA4A,0.996
9606.ENSP00000317128,PLXND1,SEMA3C,0.988
9606.ENSP00000317128,PLXND1,NRP1,0.985
9606.ENSP00000317128,PLXND1,SEMA3A,0.945
9606.ENSP00000317128,PLXND1,NRP2,0.943
9606.ENSP00000317128,PLXND1,KDR,0.942
9606.ENSP00000317333,NEUROG2,ASCL1,0.976
9606.ENSP00000317333,NEUROG2,PAX6,0.908
9606.ENSP00000317992,NOC2L,PES1,0.999
9606.ENSP00000317992,NOC2L,CEBPZ,0.999
9606.ENSP00000317992,NOC2L,EBNA1BP2,0.998
9606.ENSP00000317992,NOC2L,NIFK,0.998
9606.ENSP00000317992,NOC2L,MRTO4,0.998
9606.ENSP00000317992,NOC2L,RSL1D1,0.998
9606.ENSP00000317992,NOC2L,BOP1,0.998
9606.ENSP00000317992,NOC2L,NOC3L,0.998
9606.ENSP00000317992,NOC2L,FTSJ3,0.998
9606.ENSP00000317992,NOC2L,WDR12,0.997
9606.ENSP00000317992,NOC2L,GTPBP4,0.997
9606.ENSP00000317992,NOC2L,NIP7,0.996
9606.ENSP00000317992,NOC2L,DDX18,0.996
9606.ENSP00000317992,NOC2L,BRIX1,0.996
9606.ENSP00000317992,NOC2L,RPF2,0.996
9606.ENSP00000317992,NOC2L,NSA2,0.993
9606.ENSP00000317992,NOC2L,RPF1,0.993
9606.ENSP00000317992,NOC2L,NOP2,0.993
9606.ENSP00000317992,NOC2L,MAK16,0.99
9606.ENSP00000317992,NOC2L,PDCD11,0.99
9606.ENSP00000317992,NOC2L,RSL24D1,0.99
9606.ENSP00000317992,NOC2L,NOL6,0.988
9606.ENSP00000317992,NOC2L,TBL3,0.985
9606.ENSP00000317992,NOC2L,RRP12,0.982
9606.ENSP00000317992,NOC2L,WDR74,0.98
9606.ENSP00000317992,NOC2L,WDR36,0.98
9606.ENSP00000317992,NOC2L,GNL3,0.98
9606.ENSP00000317992,NOC2L,GNL3L,0.979
9606.ENSP00000317992,NOC2L,GRWD1,0.978
9606.ENSP00000317992,NOC2L,EIF6,0.977
9606.ENSP00000317992,NOC2L,RRS1,0.977
9606.ENSP00000317992,NOC2L,NSUN6,0.975
9606.ENSP00000317992,NOC2L,RBM28,0.973
9606.ENSP00000317992,NOC2L,RRP1,0.971
9606.ENSP00000317992,NOC2L,DDX56,0.971
9606.ENSP00000317992,NOC2L,SDAD1,0.969
9606.ENSP00000317992,NOC2L,NOP14,0.968
9606.ENSP00000317992,NOC2L,RRP1B,0.968
9606.ENSP00000317992,NOC2L,BMS1,0.967
9606.ENSP00000317992,NOC2L,UTP4,0.966
9606.ENSP00000317992,NOC2L,WDR46,0.965
9606.ENSP00000317992,NOC2L,WDR3,0.964
9606.ENSP00000317992,NOC2L,PUM3,0.958
9606.ENSP00000317992,NOC2L,NOC4L,0.957
9606.ENSP00000317992,NOC2L,DDX55,0.957
9606.ENSP00000317992,NOC2L,DDX27,0.955
9606.ENSP00000317992,NOC2L,NAT10,0.955
9606.ENSP00000317992,NOC2L,RPL7A,0.954
9606.ENSP00000317992,NOC2L,NOP56,0.952
9606.ENSP00000317992,NOC2L,NOP58,0.946
9606.ENSP00000317992,NOC2L,GNL2,0.945
9606.ENSP00000317992,NOC2L,KCTD19,0.945
9606.ENSP00000317992,NOC2L,IMP4,0.945
9606.ENSP00000317992,NOC2L,DDX54,0.941
9606.ENSP00000317992,NOC2L,DKC1,0.939
9606.ENSP00000317992,NOC2L,RPL23A,0.936
9606.ENSP00000317992,NOC2L,WDR75,0.935
9606.ENSP00000317992,NOC2L,HEATR1,0.935
9606.ENSP00000317992,NOC2L,PWP2,0.934
9606.ENSP00000317992,NOC2L,RPL23,0.933
9606.ENSP00000317992,NOC2L,RPL7L1,0.933
9606.ENSP00000317992,NOC2L,RPLP0,0.933
9606.ENSP00000317992,NOC2L,WDR43,0.933
9606.ENSP00000317992,NOC2L,UTP18,0.932
9606.ENSP00000317992,NOC2L,KRI1,0.931
9606.ENSP00000317992,NOC2L,DDX24,0.931
9606.ENSP00000317992,NOC2L,TP53,0.93
9606.ENSP00000317992,NOC2L,RRP15,0.929
9606.ENSP00000317992,NOC2L,UTP20,0.929
9606.ENSP00000317992,NOC2L,RPL18,0.928
9606.ENSP00000317992,NOC2L,TSR1,0.928
9606.ENSP00000317992,NOC2L,ESF1,0.924
9606.ENSP00000317992,NOC2L,LSG1,0.923
9606.ENSP00000317992,NOC2L,MPHOSPH10,0.922
9606.ENSP00000317992,NOC2L,LOC102724159,0.922
9606.ENSP00000317992,NOC2L,RPL6,0.921
9606.ENSP00000317992,NOC2L,BYSL,0.921
9606.ENSP00000317992,NOC2L,NSUN2,0.921
9606.ENSP00000317992,NOC2L,UTP6,0.92
9606.ENSP00000317992,NOC2L,PPAN,0.918
9606.ENSP00000317992,NOC2L,DDX10,0.918
9606.ENSP00000317992,NOC2L,RPL18A,0.918
9606.ENSP00000317992,NOC2L,PWP1,0.918
9606.ENSP00000317992,NOC2L,RBM19,0.917
9606.ENSP00000317992,NOC2L,NOP9,0.916
9606.ENSP00000317992,NOC2L,DDX31,0.916
9606.ENSP00000317992,NOC2L,NHP2,0.915
9606.ENSP00000317992,NOC2L,POLR1A,0.911
9606.ENSP00000317992,NOC2L,MYBBP1A,0.911
9606.ENSP00000317992,NOC2L,NOL10,0.91
9606.ENSP00000317992,NOC2L,RPL7,0.908
9606.ENSP00000317992,NOC2L,NLE1,0.907
9606.ENSP00000317992,NOC2L,RRP8,0.906
9606.ENSP00000317992,NOC2L,RPL32,0.906
9606.ENSP00000317992,NOC2L,RPL13,0.905
9606.ENSP00000317992,NOC2L,RPL14,0.904
9606.ENSP00000317992,NOC2L,RBM34,0.9
9606.ENSP00000318165,OS9,SEL1L,0.999
9606.ENSP00000318165,OS9,DERL2,0.999
9606.ENSP00000318165,OS9,SYVN1,0.999
9606.ENSP00000318165,OS9,HSP90B1,0.996
9606.ENSP00000318165,OS9,FAM8A1,0.988
9606.ENSP00000318165,OS9,FAF2,0.988
9606.ENSP00000318165,OS9,VCP,0.987
9606.ENSP00000318165,OS9,DERL1,0.985
9606.ENSP00000318165,OS9,AMFR,0.983
9606.ENSP00000318165,OS9,DERL3,0.982
9606.ENSP00000318165,OS9,HSPA5,0.98
9606.ENSP00000318165,OS9,AUP1,0.978
9606.ENSP00000318165,OS9,UBE2J1,0.965
9606.ENSP00000318165,OS9,EGLN1,0.959
9606.ENSP00000318165,OS9,CANX,0.958
9606.ENSP00000318165,OS9,EDEM1,0.952
9606.ENSP00000318165,OS9,ERLEC1,0.936
9606.ENSP00000318165,OS9,FOXRED2,0.926
9606.ENSP00000318165,OS9,P4HB,0.924
9606.ENSP00000318165,OS9,EDEM3,0.921
9606.ENSP00000318165,OS9,SERPINA1,0.92
9606.ENSP00000318165,OS9,MAN1B1,0.912
9606.ENSP00000318165,OS9,HYOU1,0.906
9606.ENSP00000318165,OS9,RNF139,0.905
9606.ENSP00000318165,OS9,USP33,0.9
9606.ENSP00000322304,PORCN,WNT1,0.989
9606.ENSP00000322304,PORCN,WNT3,0.983
9606.ENSP00000322304,PORCN,WNT7A,0.982
9606.ENSP00000322304,PORCN,WNT3A,0.982
9606.ENSP00000322304,PORCN,WNT5A,0.969
9606.ENSP00000322304,PORCN,WNT2,0.965
9606.ENSP00000322304,PORCN,WNT5B,0.961
9606.ENSP00000322304,PORCN,WNT2B,0.96
9606.ENSP00000322304,PORCN,WNT7B,0.959
9606.ENSP00000322304,PORCN,WNT4,0.959
9606.ENSP00000322304,PORCN,WNT10A,0.958
9606.ENSP00000322304,PORCN,WNT11,0.957
9606.ENSP00000322304,PORCN,WNT6,0.957
9606.ENSP00000322304,PORCN,WNT10B,0.954
9606.ENSP00000322304,PORCN,WNT16,0.953
9606.ENSP00000322304,PORCN,WNT9A,0.953
9606.ENSP00000322304,PORCN,WNT8A,0.953
9606.ENSP00000322304,PORCN,WNT8B,0.948
9606.ENSP00000322304,PORCN,WNT9B,0.948
9606.ENSP00000322532,PELI3,IRAK1,0.997
9606.ENSP00000322532,PELI3,TRAF6,0.98
9606.ENSP00000322532,PELI3,IRAK4,0.908
9606.ENSP00000322570,POLE,POLE3,0.999
9606.ENSP00000322570,POLE,POLE2,0.999
9606.ENSP00000322570,POLE,POLD1,0.999
9606.ENSP00000322570,POLE,POLE4,0.999
9606.ENSP00000322570,POLE,MCM5,0.997
9606.ENSP00000322570,POLE,MCM2,0.997
9606.ENSP00000322570,POLE,POLA1,0.997
9606.ENSP00000322570,POLE,MCM3,0.996
9606.ENSP00000322570,POLE,MCM4,0.995
9606.ENSP00000322570,POLE,CDC45,0.995
9606.ENSP00000322570,POLE,GINS4,0.994
9606.ENSP00000322570,POLE,POLA2,0.993
9606.ENSP00000322570,POLE,WDHD1,0.992
9606.ENSP00000322570,POLE,POLD2,0.991
9606.ENSP00000322570,POLE,PRIM1,0.99
9606.ENSP00000322570,POLE,CHTF18,0.99
9606.ENSP00000322570,POLE,GINS1,0.989
9606.ENSP00000322570,POLE,REV3L,0.989
9606.ENSP00000322570,POLE,PRIM2,0.988
9606.ENSP00000322570,POLE,PCNA,0.988
9606.ENSP00000322570,POLE,MCM7,0.986
9606.ENSP00000322570,POLE,TIMELESS,0.98
9606.ENSP00000322570,POLE,MCM6,0.98
9606.ENSP00000322570,POLE,GINS3,0.978
9606.ENSP00000322570,POLE,MAD2L2,0.97
9606.ENSP00000322570,POLE,POLG,0.966
9606.ENSP00000322570,POLE,POLD3,0.963
9606.ENSP00000322570,POLE,CHRAC1,0.957
9606.ENSP00000322570,POLE,MSH6,0.957
9606.ENSP00000322570,POLE,TIPIN,0.953
9606.ENSP00000322570,POLE,GINS2,0.952
9606.ENSP00000322570,POLE,MSH2,0.947
9606.ENSP00000322570,POLE,DSCC1,0.943
9606.ENSP00000322570,POLE,LIG1,0.931
9606.ENSP00000322570,POLE,MCM9,0.928
9606.ENSP00000322570,POLE,CLSPN,0.922
9606.ENSP00000322570,POLE,BRCA1,0.919
9606.ENSP00000322570,POLE,XRCC1,0.911
9606.ENSP00000322570,POLE,FEN1,0.906
9606.ENSP00000322570,POLE,RBX1,0.906
9606.ENSP00000322570,POLE,CRCP,0.906
9606.ENSP00000322570,POLE,POLG2,0.903
9606.ENSP00000323856,PLEC,ITGB4,0.999
9606.ENSP00000323856,PLEC,COL17A1,0.998
9606.ENSP00000323856,PLEC,SYNE3,0.998
9606.ENSP00000323856,PLEC,DST,0.998
9606.ENSP00000323856,PLEC,CD151,0.988
9606.ENSP00000323856,PLEC,HSPB1,0.964
9606.ENSP00000323856,PLEC,HSPB2,0.954
9606.ENSP00000323856,PLEC,HSPB3,0.948
9606.ENSP00000323856,PLEC,VIM,0.923
9606.ENSP00000323856,PLEC,ITGA6,0.907
9606.ENSP00000323856,PLEC,DMD,0.902
9606.ENSP00000324804,PPP2R1A,PPP2R2D,0.999
9606.ENSP00000324804,PPP2R1A,PPP2R1B,0.999
9606.ENSP00000324804,PPP2R1A,PPP2CA,0.999
9606.ENSP00000324804,PPP2R1A,STRIP1,0.999
9606.ENSP00000324804,PPP2R1A,STRN3,0.999
9606.ENSP00000324804,PPP2R1A,PPP2R5D,0.999
9606.ENSP00000324804,PPP2R1A,PPP2R5C,0.999
9606.ENSP00000324804,PPP2R1A,INTS1,0.999
9606.ENSP00000324804,PPP2R1A,INTS5,0.999
9606.ENSP00000324804,PPP2R1A,STRN,0.999
9606.ENSP00000324804,PPP2R1A,MOB4,0.999
9606.ENSP00000324804,PPP2R1A,PPP2R5E,0.999
9606.ENSP00000324804,PPP2R1A,PPP2R5B,0.999
9606.ENSP00000324804,PPP2R1A,INTS6,0.999
9606.ENSP00000324804,PPP2R1A,PPP2CB,0.999
9606.ENSP00000324804,PPP2R1A,PPME1,0.999
9606.ENSP00000324804,PPP2R1A,PPP2R5A,0.999
9606.ENSP00000324804,PPP2R1A,PPP2R2C,0.999
9606.ENSP00000324804,PPP2R1A,PPP2R3B,0.999
9606.ENSP00000324804,PPP2R1A,PPP2R2A,0.999
9606.ENSP00000324804,PPP2R1A,PDCD10,0.998
9606.ENSP00000324804,PPP2R1A,STRN4,0.998
9606.ENSP00000324804,PPP2R1A,PTPA,0.998
9606.ENSP00000324804,PPP2R1A,SLMAP,0.998
9606.ENSP00000324804,PPP2R1A,PPP2R2B,0.998
9606.ENSP00000324804,PPP2R1A,SGO1,0.998
9606.ENSP00000324804,PPP2R1A,STK24,0.997
9606.ENSP00000324804,PPP2R1A,CTTNBP2NL,0.997
9606.ENSP00000324804,PPP2R1A,SIKE1,0.996
9606.ENSP00000324804,PPP2R1A,STK25,0.996
9606.ENSP00000324804,PPP2R1A,CTTNBP2,0.995
9606.ENSP00000324804,PPP2R1A,TRAF3IP3,0.995
9606.ENSP00000324804,PPP2R1A,INTS3,0.994
9606.ENSP00000324804,PPP2R1A,PPFIA2,0.994
9606.ENSP00000324804,PPP2R1A,PPFIA1,0.994
9606.ENSP00000324804,PPP2R1A,PPP2R3A,0.993
9606.ENSP00000324804,PPP2R1A,PPP4C,0.984
9606.ENSP00000324804,PPP2R1A,TIPRL,0.972
9606.ENSP00000324804,PPP2R1A,REC8,0.966
9606.ENSP00000324804,PPP2R1A,INTS2,0.963
9606.ENSP00000324804,PPP2R1A,STRIP2,0.955
9606.ENSP00000324804,PPP2R1A,MAP2K1,0.95
9606.ENSP00000324804,PPP2R1A,TP53,0.946
9606.ENSP00000324804,PPP2R1A,PPP3CA,0.943
9606.ENSP00000324804,PPP2R1A,INTS8,0.936
9606.ENSP00000324804,PPP2R1A,PPP3CB,0.936
9606.ENSP00000324804,PPP2R1A,PPP4R2,0.936
9606.ENSP00000324804,PPP2R1A,TNNI3,0.935
9606.ENSP00000324804,PPP2R1A,INTS4,0.933
9606.ENSP00000324804,PPP2R1A,RELA,0.933
9606.ENSP00000324804,PPP2R1A,MAPK3,0.932
9606.ENSP00000324804,PPP2R1A,MAPK1,0.929
9606.ENSP00000324804,PPP2R1A,INTS9,0.926
9606.ENSP00000324804,PPP2R1A,RPS6KB1,0.925
9606.ENSP00000324804,PPP2R1A,INTS11,0.925
9606.ENSP00000324804,PPP2R1A,FBXO43,0.924
9606.ENSP00000324804,PPP2R1A,RPS6KB2,0.922
9606.ENSP00000324804,PPP2R1A,MAP2K2,0.919
9606.ENSP00000324804,PPP2R1A,PPP3R1,0.917
9606.ENSP00000324804,PPP2R1A,AKT1,0.917
9606.ENSP00000324804,PPP2R1A,NFKB1,0.916
9606.ENSP00000324804,PPP2R1A,BCL2,0.916
9606.ENSP00000324804,PPP2R1A,ARID1A,0.914
9606.ENSP00000324804,PPP2R1A,TGFBR2,0.913
9606.ENSP00000324804,PPP2R1A,PPP1R1A,0.912
9606.ENSP00000324804,PPP2R1A,PRKCA,0.911
9606.ENSP00000324804,PPP2R1A,STK3,0.91
9606.ENSP00000324804,PPP2R1A,YAP1,0.909
9606.ENSP00000324804,PPP2R1A,PRKCI,0.909
9606.ENSP00000324804,PPP2R1A,RYR2,0.909
9606.ENSP00000324804,PPP2R1A,IRAK1,0.907
9606.ENSP00000324804,PPP2R1A,PRKCB,0.906
9606.ENSP00000324804,PPP2R1A,DRD2,0.905
9606.ENSP00000324804,PPP2R1A,PRKCZ,0.904
9606.ENSP00000324804,PPP2R1A,WWTR1,0.901
9606.ENSP00000324804,PPP2R1A,IRAK4,0.901
9606.ENSP00000324804,PPP2R1A,PRKCG,0.9
9606.ENSP00000324804,PPP2R1A,PPP1R17,0.9
9606.ENSP00000324804,PPP2R1A,OCLN,0.9
9606.ENSP00000325017,NCAPD2,NCAPG,0.999
9606.ENSP00000325017,NCAPD2,SMC2,0.999
9606.ENSP00000325017,NCAPD2,NCAPH,0.999
9606.ENSP00000325017,NCAPD2,SMC4,0.999
9606.ENSP00000325017,NCAPD2,NCAPG2,0.988
9606.ENSP00000325017,NCAPD2,NCAPD3,0.984
9606.ENSP00000325017,NCAPD2,NCAPH2,0.977
9606.ENSP00000325017,NCAPD2,POLA1,0.9
9606.ENSP00000325074,PPP2R2A,PPP2R1B,0.999
9606.ENSP00000325074,PPP2R2A,PPP2CA,0.999
9606.ENSP00000325074,PPP2R2A,PPP2R1A,0.999
9606.ENSP00000325074,PPP2R2A,PPP2CB,0.999
9606.ENSP00000325074,PPP2R2A,PPP2R2D,0.995
9606.ENSP00000325074,PPP2R2A,PPP2R5C,0.995
9606.ENSP00000325074,PPP2R2A,PPP2R5A,0.993
9606.ENSP00000325074,PPP2R2A,LCMT1,0.98
9606.ENSP00000325074,PPP2R2A,PPP2R5E,0.972
9606.ENSP00000325074,PPP2R2A,PPP2R5D,0.967
9606.ENSP00000325074,PPP2R2A,PPP3CA,0.96
9606.ENSP00000325074,PPP2R2A,PPP2R3A,0.951
9606.ENSP00000325074,PPP2R2A,PPP2R2B,0.951
9606.ENSP00000325074,PPP2R2A,PPP3CB,0.95
9606.ENSP00000325074,PPP2R2A,PPP4R2,0.95
9606.ENSP00000325074,PPP2R2A,PPP2R2C,0.927
9606.ENSP00000325074,PPP2R2A,BCL2,0.921
9606.ENSP00000325074,PPP2R2A,PPP2R5B,0.916
9606.ENSP00000325074,PPP2R2A,PPP3R1,0.915
9606.ENSP00000325074,PPP2R2A,PRKCI,0.914
9606.ENSP00000325074,PPP2R2A,NFKB1,0.912
9606.ENSP00000325074,PPP2R2A,YAP1,0.91
9606.ENSP00000325074,PPP2R2A,PRKCZ,0.91
9606.ENSP00000325074,PPP2R2A,IRAK1,0.91
9606.ENSP00000325074,PPP2R2A,RELA,0.907
9606.ENSP00000325074,PPP2R2A,PPME1,0.907
9606.ENSP00000325074,PPP2R2A,CHEK1,0.907
9606.ENSP00000325074,PPP2R2A,IRAK4,0.906
9606.ENSP00000325074,PPP2R2A,STK3,0.904
9606.ENSP00000325074,PPP2R2A,WWTR1,0.904
9606.ENSP00000325074,PPP2R2A,DRD2,0.903
9606.ENSP00000325074,PPP2R2A,PPP2R3B,0.903
9606.ENSP00000325074,PPP2R2A,PPP1R1A,0.902
9606.ENSP00000325074,PPP2R2A,TNNI3,0.902
9606.ENSP00000325074,PPP2R2A,OCLN,0.901
9606.ENSP00000325074,PPP2R2A,RYR2,0.9
9606.ENSP00000325120,PGR,NCOA1,0.997
9606.ENSP00000325120,PGR,NCOR1,0.993
9606.ENSP00000325120,PGR,NCOR2,0.992
9606.ENSP00000325120,PGR,HSP90AA1,0.99
9606.ENSP00000325120,PGR,NCOA3,0.986
9606.ENSP00000325120,PGR,ERBB2,0.98
9606.ENSP00000325120,PGR,HSP90AB1,0.978
9606.ENSP00000325120,PGR,FKBP4,0.977
9606.ENSP00000325120,PGR,FKBP5,0.977
9606.ENSP00000325120,PGR,ESR1,0.974
9606.ENSP00000325120,PGR,HSPA4,0.972
9606.ENSP00000325120,PGR,BRCA1,0.963
9606.ENSP00000325120,PGR,PIK3CA,0.961
9606.ENSP00000325120,PGR,PGRMC1,0.944
9606.ENSP00000325120,PGR,PRKACB,0.937
9606.ENSP00000325120,PGR,SRC,0.937
9606.ENSP00000325120,PGR,PRKACA,0.937
9606.ENSP00000325120,PGR,PRKACG,0.937
9606.ENSP00000325120,PGR,PIK3R1,0.931
9606.ENSP00000325120,PGR,MAPK8,0.921
9606.ENSP00000325120,PGR,PIK3CB,0.92
9606.ENSP00000325120,PGR,MAPK14,0.92
9606.ENSP00000325120,PGR,PIK3R2,0.912
9606.ENSP00000325120,PGR,PIK3CD,0.911
9606.ENSP00000325120,PGR,PIK3R3,0.911
9606.ENSP00000325120,PGR,NCOA2,0.911
9606.ENSP00000325120,PGR,MAPK12,0.91
9606.ENSP00000325120,PGR,MAPK11,0.909
9606.ENSP00000325120,PGR,MAPK9,0.908
9606.ENSP00000325120,PGR,MAPK13,0.908
9606.ENSP00000325296,PKD2L1,PKD1L3,0.999
9606.ENSP00000325296,PKD2L1,PKD1L1,0.984
9606.ENSP00000325296,PKD2L1,TRPM5,0.947
9606.ENSP00000325546,PLAG1,CHCHD7,0.947
9606.ENSP00000325663,NFKBIZ,NFKB1,0.988
9606.ENSP00000325663,NFKBIZ,RELA,0.969
9606.ENSP00000325663,NFKBIZ,AKIRIN2,0.928
9606.ENSP00000326119,PMAIP1,MCL1,0.999
9606.ENSP00000326119,PMAIP1,BCL2L1,0.999
9606.ENSP00000326119,PMAIP1,BCL2,0.999
9606.ENSP00000326119,PMAIP1,BCL2A1,0.999
9606.ENSP00000326119,PMAIP1,BCL2L2,0.998
9606.ENSP00000326119,PMAIP1,BCL2L11,0.996
9606.ENSP00000326119,PMAIP1,BBC3,0.987
9606.ENSP00000326119,PMAIP1,TP53,0.97
9606.ENSP00000326119,PMAIP1,BID,0.958
9606.ENSP00000326119,PMAIP1,BIK,0.93
9606.ENSP00000326119,PMAIP1,BAX,0.903
9606.ENSP00000326581,PEG3,SNRPN,0.935
9606.ENSP00000326581,PEG3,MEST,0.912
9606.ENSP00000326581,PEG3,PEG10,0.908
9606.ENSP00000327077,PCM1,BBS4,0.987
9606.ENSP00000327077,PCM1,PCNT,0.963
9606.ENSP00000327077,PCM1,CEP290,0.956
9606.ENSP00000327077,PCM1,PLK1,0.944
9606.ENSP00000327077,PCM1,OFD1,0.929
9606.ENSP00000327077,PCM1,CEP131,0.924
9606.ENSP00000327077,PCM1,CEP72,0.909
9606.ENSP00000327077,PCM1,NIN,0.903
9606.ENSP00000327213,NRIP1,ESR1,0.999
9606.ENSP00000327213,NRIP1,PPARGC1A,0.985
9606.ENSP00000327213,NRIP1,RORA,0.982
9606.ENSP00000327213,NRIP1,CTBP1,0.968
9606.ENSP00000327213,NRIP1,NR2C1,0.93
9606.ENSP00000327213,NRIP1,RORC,0.91
9606.ENSP00000327213,NRIP1,NCOR1,0.907
9606.ENSP00000327213,NRIP1,FOXA1,0.902
9606.ENSP00000327268,NDUFV2,NDUFS7,0.999
9606.ENSP00000327268,NDUFV2,NDUFB4,0.999
9606.ENSP00000327268,NDUFV2,NDUFB6,0.999
9606.ENSP00000327268,NDUFV2,NDUFA10,0.999
9606.ENSP00000327268,NDUFV2,NDUFS8,0.999
9606.ENSP00000327268,NDUFV2,NDUFA8,0.999
9606.ENSP00000327268,NDUFV2,NDUFA2,0.999
9606.ENSP00000327268,NDUFV2,NDUFS5,0.999
9606.ENSP00000327268,NDUFV2,NDUFS2,0.999
9606.ENSP00000327268,NDUFV2,NDUFB10,0.999
9606.ENSP00000327268,NDUFV2,NDUFV3,0.999
9606.ENSP00000327268,NDUFV2,MT-ND2,0.999
9606.ENSP00000327268,NDUFV2,UQCRFS1,0.999
9606.ENSP00000327268,NDUFV2,NDUFV1,0.999
9606.ENSP00000327268,NDUFV2,NDUFS3,0.999
9606.ENSP00000327268,NDUFV2,MT-ND1,0.999
9606.ENSP00000327268,NDUFV2,NDUFB9,0.999
9606.ENSP00000327268,NDUFV2,NDUFA3,0.999
9606.ENSP00000327268,NDUFV2,NDUFB7,0.999
9606.ENSP00000327268,NDUFV2,NDUFA11,0.999
9606.ENSP00000327268,NDUFV2,NDUFA1,0.999
9606.ENSP00000327268,NDUFV2,CYC1,0.999
9606.ENSP00000327268,NDUFV2,NDUFS4,0.999
9606.ENSP00000327268,NDUFV2,NDUFA7,0.999
9606.ENSP00000327268,NDUFV2,NDUFA9,0.999
9606.ENSP00000327268,NDUFV2,MT-ND5,0.999
9606.ENSP00000327268,NDUFV2,NDUFA5,0.999
9606.ENSP00000327268,NDUFV2,NDUFB11,0.999
9606.ENSP00000327268,NDUFV2,NDUFS6,0.999
9606.ENSP00000327268,NDUFV2,NDUFA6,0.999
9606.ENSP00000327268,NDUFV2,NDUFB8,0.999
9606.ENSP00000327268,NDUFV2,SDHB,0.999
9606.ENSP00000327268,NDUFV2,UQCRB,0.999
9606.ENSP00000327268,NDUFV2,NDUFA12,0.999
9606.ENSP00000327268,NDUFV2,MT-ND4,0.999
9606.ENSP00000327268,NDUFV2,MT-ND3,0.999
9606.ENSP00000327268,NDUFV2,NDUFB5,0.999
9606.ENSP00000327268,NDUFV2,NDUFA13,0.999
9606.ENSP00000327268,NDUFV2,NDUFC2,0.999
9606.ENSP00000327268,NDUFV2,NDUFB3,0.999
9606.ENSP00000327268,NDUFV2,NDUFS1,0.999
9606.ENSP00000327268,NDUFV2,NDUFAB1,0.999
9606.ENSP00000327268,NDUFV2,NDUFC1,0.999
9606.ENSP00000327268,NDUFV2,NDUFB1,0.998
9606.ENSP00000327268,NDUFV2,MT-ND4L,0.998
9606.ENSP00000327268,NDUFV2,UQCR10,0.997
9606.ENSP00000327268,NDUFV2,NDUFB2,0.997
9606.ENSP00000327268,NDUFV2,UQCRC2,0.996
9606.ENSP00000327268,NDUFV2,UQCRC1,0.996
9606.ENSP00000327268,NDUFV2,UQCRQ,0.995
9606.ENSP00000327268,NDUFV2,MT-ND6,0.995
9606.ENSP00000327268,NDUFV2,UQCRH,0.994
9606.ENSP00000327268,NDUFV2,COX5A,0.994
9606.ENSP00000327268,NDUFV2,NDUFAF2,0.992
9606.ENSP00000327268,NDUFV2,NDUFA4,0.991
9606.ENSP00000327268,NDUFV2,COX5B,0.987
9606.ENSP00000327268,NDUFV2,MT-CO1,0.987
9606.ENSP00000327268,NDUFV2,MT-CYB,0.985
9606.ENSP00000327268,NDUFV2,NDUFAF1,0.985
9606.ENSP00000327268,NDUFV2,SDHA,0.984
9606.ENSP00000327268,NDUFV2,MT-CO3,0.983
9606.ENSP00000327268,NDUFV2,SDHC,0.982
9606.ENSP00000327268,NDUFV2,PWWP3B,0.975
9606.ENSP00000327268,NDUFV2,PWWP3A,0.975
9606.ENSP00000327268,NDUFV2,ENSP00000498408,0.975
9606.ENSP00000327268,NDUFV2,COX4I1,0.974
9606.ENSP00000327268,NDUFV2,MT-CO2,0.973
9606.ENSP00000327268,NDUFV2,COX6B1,0.972
9606.ENSP00000327268,NDUFV2,ATP5F1C,0.971
9606.ENSP00000327268,NDUFV2,ENSP00000497305,0.97
9606.ENSP00000327268,NDUFV2,COX7C,0.967
9606.ENSP00000327268,NDUFV2,NDUFAF4,0.96
9606.ENSP00000327268,NDUFV2,PMPCB,0.957
9606.ENSP00000327268,NDUFV2,SDHD,0.956
9606.ENSP00000327268,NDUFV2,MGLL,0.95
9606.ENSP00000327268,NDUFV2,NDUFC2-KCTD14,0.95
9606.ENSP00000327268,NDUFV2,PALB2,0.946
9606.ENSP00000327268,NDUFV2,ATP5F1D,0.944
9606.ENSP00000327268,NDUFV2,NDUFAF3,0.942
9606.ENSP00000327268,NDUFV2,PMPCA,0.94
9606.ENSP00000327268,NDUFV2,UQCRHL,0.939
9606.ENSP00000327268,NDUFV2,COX6A2,0.933
9606.ENSP00000327268,NDUFV2,ATP5PB,0.93
9606.ENSP00000327268,NDUFV2,COX7B,0.927
9606.ENSP00000327268,NDUFV2,ATP5PO,0.924
9606.ENSP00000327268,NDUFV2,UQCR11,0.923
9606.ENSP00000327268,NDUFV2,FOXRED1,0.909
9606.ENSP00000327268,NDUFV2,ATP5PF,0.903
9606.ENSP00000327268,NDUFV2,ATP5PD,0.9
9606.ENSP00000328412,PDE6G,PDE6A,0.998
9606.ENSP00000328412,PDE6G,GNAT1,0.997
9606.ENSP00000328412,PDE6G,PDE6B,0.997
9606.ENSP00000328412,PDE6G,GNAT2,0.987
9606.ENSP00000328412,PDE6G,GNGT1,0.96
9606.ENSP00000328412,PDE6G,GNB1,0.945
9606.ENSP00000328412,PDE6G,PDE5A,0.932
9606.ENSP00000328412,PDE6G,GUK1,0.916
9606.ENSP00000328412,PDE6G,HPRT1,0.901
9606.ENSP00000328412,PDE6G,ITPA,0.9
9606.ENSP00000328412,PDE6G,GMPS,0.9
9606.ENSP00000328412,PDE6G,APRT,0.9
9606.ENSP00000328412,PDE6G,GMPR,0.9
9606.ENSP00000329097,PHF6,RBBP4,0.986
9606.ENSP00000330382,PDGFB,PDGFRB,0.999
9606.ENSP00000330382,PDGFB,PDGFRA,0.999
9606.ENSP00000330382,PDGFB,PDGFA,0.998
9606.ENSP00000330382,PDGFB,PDGFC,0.996
9606.ENSP00000330382,PDGFB,PDGFD,0.99
9606.ENSP00000330382,PDGFB,EGFR,0.968
9606.ENSP00000330382,PDGFB,EGF,0.955
9606.ENSP00000330382,PDGFB,FGF2,0.953
9606.ENSP00000330382,PDGFB,IGF1,0.949
9606.ENSP00000330382,PDGFB,TGFA,0.947
9606.ENSP00000330382,PDGFB,INS,0.936
9606.ENSP00000330382,PDGFB,KDR,0.916
9606.ENSP00000330382,PDGFB,FLT1,0.911
9606.ENSP00000330382,PDGFB,IGHV3-43D,0.9
9606.ENSP00000330442,PLB1,PNPLA6,0.951
9606.ENSP00000330442,PLB1,LYPLA1,0.936
9606.ENSP00000330442,PLB1,PLA2G15,0.929
9606.ENSP00000330442,PLB1,LYPLA2,0.926
9606.ENSP00000330442,PLB1,PLAAT3,0.922
9606.ENSP00000330442,PLB1,LCAT,0.921
9606.ENSP00000330442,PLB1,MBOAT1,0.921
9606.ENSP00000330442,PLB1,LPCAT3,0.921
9606.ENSP00000330442,PLB1,GPCPD1,0.917
9606.ENSP00000330442,PLB1,PNPLA7,0.915
9606.ENSP00000330442,PLB1,MBOAT2,0.914
9606.ENSP00000330442,PLB1,LPCAT4,0.913
9606.ENSP00000331040,OLIG2,ID4,0.952
9606.ENSP00000331040,OLIG2,GFAP,0.919
9606.ENSP00000331040,OLIG2,OLIG1,0.909
9606.ENSP00000332576,OSBP2,VAPA,0.938
9606.ENSP00000333735,NPAP1,MAGEL2,0.955
9606.ENSP00000333735,NPAP1,SNRPN,0.921
9606.ENSP00000333982,NDEL1,PAFAH1B1,0.999
9606.ENSP00000333982,NDEL1,DISC1,0.999
9606.ENSP00000333982,NDEL1,NDE1,0.982
9606.ENSP00000333982,NDEL1,YWHAE,0.965
9606.ENSP00000333982,NDEL1,NUDC,0.94
9606.ENSP00000333982,NDEL1,ANK2,0.93
9606.ENSP00000334319,PCLO,RAPGEF4,0.989
9606.ENSP00000334319,PCLO,RAB3A,0.934
9606.ENSP00000334319,PCLO,BSN,0.904
9606.ENSP00000335062,PDCD1,CD274,0.999
9606.ENSP00000335062,PDCD1,PDCD1LG2,0.999
9606.ENSP00000335062,PDCD1,PTPN11,0.998
9606.ENSP00000335062,PDCD1,CD80,0.998
9606.ENSP00000335062,PDCD1,CD86,0.996
9606.ENSP00000335062,PDCD1,CTLA4,0.992
9606.ENSP00000335062,PDCD1,LGALS9,0.969
9606.ENSP00000335062,PDCD1,PTPN6,0.961
9606.ENSP00000335062,PDCD1,CD4,0.96
9606.ENSP00000335062,PDCD1,LAG3,0.95
9606.ENSP00000335062,PDCD1,LGALS9C,0.948
9606.ENSP00000335062,PDCD1,LGALS9B,0.947
9606.ENSP00000335062,PDCD1,ICOS,0.941
9606.ENSP00000335062,PDCD1,CD8A,0.938
9606.ENSP00000335062,PDCD1,CD28,0.936
9606.ENSP00000335062,PDCD1,LOC102723407,0.923
9606.ENSP00000335062,PDCD1,IFNG,0.915
9606.ENSP00000335062,PDCD1,MTUS1,0.908
9606.ENSP00000335062,PDCD1,IGHV3-43D,0.9
9606.ENSP00000335062,PDCD1,IGKV1D-33,0.9
9606.ENSP00000335062,PDCD1,IGHV3-16,0.9
9606.ENSP00000335062,PDCD1,IGKV1-33,0.9
9606.ENSP00000335062,PDCD1,IGKV2D-29,0.9
9606.ENSP00000335062,PDCD1,IGKV2D-28,0.9
9606.ENSP00000336528,NR1I2,RXRA,0.999
9606.ENSP00000336528,NR1I2,NCOA1,0.998
9606.ENSP00000336528,NR1I2,CYP3A4,0.962
9606.ENSP00000336528,NR1I2,NR0B2,0.952
9606.ENSP00000337383,NLRP3,CASP1,0.999
9606.ENSP00000337383,NLRP3,TXNIP,0.999
9606.ENSP00000337383,NLRP3,MAVS,0.999
9606.ENSP00000337383,NLRP3,NEK7,0.999
9606.ENSP00000337383,NLRP3,AIM2,0.999
9606.ENSP00000337383,NLRP3,NLRC4,0.999
9606.ENSP00000337383,NLRP3,PYCARD,0.999
9606.ENSP00000337383,NLRP3,NLRP6,0.998
9606.ENSP00000337383,NLRP3,DHX33,0.998
9606.ENSP00000337383,NLRP3,NLRP1,0.998
9606.ENSP00000337383,NLRP3,CARD8,0.998
9606.ENSP00000337383,NLRP3,IL1B,0.997
9606.ENSP00000337383,NLRP3,MEFV,0.996
9606.ENSP00000337383,NLRP3,CASP5,0.993
9606.ENSP00000337383,NLRP3,CTSB,0.993
9606.ENSP00000337383,NLRP3,GSDMD,0.99
9606.ENSP00000337383,NLRP3,HSP90AA1,0.99
9606.ENSP00000337383,NLRP3,HSP90AB1,0.986
9606.ENSP00000337383,NLRP3,NAIP,0.985
9606.ENSP00000337383,NLRP3,NLRP12,0.984
9606.ENSP00000337383,NLRP3,NLRP7,0.984
9606.ENSP00000337383,NLRP3,NFKB1,0.981
9606.ENSP00000337383,NLRP3,BRCC3,0.979
9606.ENSP00000337383,NLRP3,MLKL,0.959
9606.ENSP00000337383,NLRP3,SUGT1,0.958
9606.ENSP00000337383,NLRP3,CASP8,0.948
9606.ENSP00000337383,NLRP3,IL18,0.946
9606.ENSP00000337383,NLRP3,NLRP9,0.944
9606.ENSP00000337383,NLRP3,RELA,0.937
9606.ENSP00000337383,NLRP3,NLRC5,0.93
9606.ENSP00000337383,NLRP3,GLMN,0.914
9606.ENSP00000337618,NIPA2,TUBGCP5,0.997
9606.ENSP00000337618,NIPA2,CYFIP1,0.993
9606.ENSP00000337618,NIPA2,IGFBP2,0.915
9606.ENSP00000337701,PNPLA2,ABHD5,0.999
9606.ENSP00000337701,PNPLA2,PLIN5,0.984
9606.ENSP00000337701,PNPLA2,MGLL,0.979
9606.ENSP00000337701,PNPLA2,LIPE,0.971
9606.ENSP00000337701,PNPLA2,LPL,0.97
9606.ENSP00000337701,PNPLA2,PNLIP,0.956
9606.ENSP00000337701,PNPLA2,LIPC,0.956
9606.ENSP00000337701,PNPLA2,PLIN1,0.945
9606.ENSP00000337701,PNPLA2,PLPP4,0.94
9606.ENSP00000337701,PNPLA2,PLPP5,0.94
9606.ENSP00000337701,PNPLA2,G0S2,0.938
9606.ENSP00000337701,PNPLA2,LIPG,0.928
9606.ENSP00000337701,PNPLA2,DGAT1,0.927
9606.ENSP00000337701,PNPLA2,LIPF,0.924
9606.ENSP00000337701,PNPLA2,PNPLA3,0.919
9606.ENSP00000337701,PNPLA2,CEL,0.918
9606.ENSP00000337701,PNPLA2,AGK,0.91
9606.ENSP00000337701,PNPLA2,DGAT2,0.91
9606.ENSP00000337701,PNPLA2,PNLIPRP1,0.905
9606.ENSP00000337701,PNPLA2,PNLIPRP3,0.903
9606.ENSP00000339479,NT5C2,NT5C1A,0.967
9606.ENSP00000339479,NT5C2,DCK,0.967
9606.ENSP00000339479,NT5C2,NT5C,0.963
9606.ENSP00000339479,NT5C2,NT5C3A,0.961
9606.ENSP00000339479,NT5C2,NT5M,0.958
9606.ENSP00000339479,NT5C2,PNP,0.956
9606.ENSP00000339479,NT5C2,NT5C1B,0.95
9606.ENSP00000339479,NT5C2,DCTD,0.949
9606.ENSP00000339479,NT5C2,NT5C1B-RDH14,0.947
9606.ENSP00000339479,NT5C2,IMPDH2,0.945
9606.ENSP00000339479,NT5C2,NT5C3B,0.941
9606.ENSP00000339479,NT5C2,ADK,0.937
9606.ENSP00000339479,NT5C2,IMPDH1,0.937
9606.ENSP00000339479,NT5C2,CDA,0.937
9606.ENSP00000339479,NT5C2,ADA,0.937
9606.ENSP00000339479,NT5C2,NT5E,0.929
9606.ENSP00000339479,NT5C2,GMPS,0.928
9606.ENSP00000339479,NT5C2,GMPR,0.928
9606.ENSP00000339479,NT5C2,ADSL,0.928
9606.ENSP00000339479,NT5C2,HPRT1,0.928
9606.ENSP00000339479,NT5C2,DGUOK,0.926
9606.ENSP00000339479,NT5C2,ITPA,0.925
9606.ENSP00000339479,NT5C2,ADSS2,0.92
9606.ENSP00000339479,NT5C2,NUDT12,0.92
9606.ENSP00000339479,NT5C2,DTYMK,0.917
9606.ENSP00000339479,NT5C2,UMPS,0.917
9606.ENSP00000339479,NT5C2,UPP2,0.917
9606.ENSP00000339479,NT5C2,UPP1,0.916
9606.ENSP00000339479,NT5C2,ADSS1,0.916
9606.ENSP00000339479,NT5C2,ADA2,0.915
9606.ENSP00000339479,NT5C2,TYMS,0.914
9606.ENSP00000339479,NT5C2,APRT,0.912
9606.ENSP00000339479,NT5C2,QPRT,0.912
9606.ENSP00000339479,NT5C2,TK2,0.911
9606.ENSP00000339479,NT5C2,ENPP3,0.91
9606.ENSP00000339479,NT5C2,ATIC,0.91
9606.ENSP00000339479,NT5C2,DCTPP1,0.909
9606.ENSP00000339479,NT5C2,NAMPT,0.908
9606.ENSP00000339479,NT5C2,NUDT16,0.908
9606.ENSP00000339479,NT5C2,NMNAT1,0.907
9606.ENSP00000339479,NT5C2,ENPP1,0.907
9606.ENSP00000339479,NT5C2,TYMP,0.906
9606.ENSP00000339479,NT5C2,CMPK2,0.905
9606.ENSP00000339479,NT5C2,DUT,0.903
9606.ENSP00000339479,NT5C2,NMNAT2,0.903
9606.ENSP00000339479,NT5C2,GUK1,0.902
9606.ENSP00000339479,NT5C2,NAPRT,0.901
9606.ENSP00000339479,NT5C2,AK3,0.9
9606.ENSP00000339479,NT5C2,UPRT,0.9
9606.ENSP00000339826,PIK3AP1,PIK3R1,0.958
9606.ENSP00000339826,PIK3AP1,SYK,0.953
9606.ENSP00000339826,PIK3AP1,PIK3R2,0.923
9606.ENSP00000339826,PIK3AP1,PIK3R3,0.923
9606.ENSP00000339826,PIK3AP1,PIK3CB,0.92
9606.ENSP00000339826,PIK3AP1,PIK3CA,0.918
9606.ENSP00000339826,PIK3AP1,PIK3CD,0.918
9606.ENSP00000339992,MYB,CREBBP,0.999
9606.ENSP00000339992,MYB,EP300,0.996
9606.ENSP00000339992,MYB,CEBPB,0.98
9606.ENSP00000339992,MYB,KMT2A,0.955
9606.ENSP00000339992,MYB,GATA2,0.945
9606.ENSP00000339992,MYB,RUNX1,0.936
9606.ENSP00000339992,MYB,SPI1,0.932
9606.ENSP00000339992,MYB,TAL1,0.925
9606.ENSP00000339992,MYB,MYBBP1A,0.924
9606.ENSP00000339992,MYB,GATA1,0.91
9606.ENSP00000340998,NTN4,NEO1,0.966
9606.ENSP00000340998,NTN4,DCC,0.94
9606.ENSP00000340998,NTN4,UNC5B,0.939
9606.ENSP00000340998,NTN4,UNC5A,0.906
9606.ENSP00000342848,NOXA1,NOX1,0.999
9606.ENSP00000342848,NOXA1,CYBA,0.999
9606.ENSP00000342848,NOXA1,NOXO1,0.999
9606.ENSP00000342848,NOXA1,NCF1,0.999
9606.ENSP00000342848,NOXA1,NCF4,0.998
9606.ENSP00000342848,NOXA1,NCF2,0.995
9606.ENSP00000342848,NOXA1,CYBB,0.994
9606.ENSP00000342848,NOXA1,NOX3,0.989
9606.ENSP00000342848,NOXA1,RAC2,0.973
9606.ENSP00000342848,NOXA1,NOX4,0.922
9606.ENSP00000342848,NOXA1,AKT1,0.922
9606.ENSP00000344220,PDPK1,AKT1,0.999
9606.ENSP00000344220,PDPK1,PKN2,0.996
9606.ENSP00000344220,PDPK1,SGK1,0.988
9606.ENSP00000344220,PDPK1,RPS6KB1,0.986
9606.ENSP00000344220,PDPK1,WDR5,0.984
9606.ENSP00000344220,PDPK1,PIK3CA,0.976
9606.ENSP00000344220,PDPK1,PIK3CB,0.973
9606.ENSP00000344220,PDPK1,PIK3CG,0.967
9606.ENSP00000344220,PDPK1,SGK3,0.962
9606.ENSP00000344220,PDPK1,AKT2,0.962
9606.ENSP00000344220,PDPK1,PRKCZ,0.96
9606.ENSP00000344220,PDPK1,RPS6KB2,0.959
9606.ENSP00000344220,PDPK1,SGK2,0.954
9606.ENSP00000344220,PDPK1,PIK3R1,0.953
9606.ENSP00000344220,PDPK1,PIK3CD,0.948
9606.ENSP00000344220,PDPK1,PIK3R2,0.945
9606.ENSP00000344220,PDPK1,PKN1,0.945
9606.ENSP00000344220,PDPK1,PRKCA,0.943
9606.ENSP00000344220,PDPK1,PIK3R3,0.94
9606.ENSP00000344220,PDPK1,AKT3,0.939
9606.ENSP00000344220,PDPK1,PIK3R5,0.925
9606.ENSP00000344220,PDPK1,IKBKB,0.924
9606.ENSP00000344220,PDPK1,CHUK,0.922
9606.ENSP00000344220,PDPK1,PKN3,0.922
9606.ENSP00000344220,PDPK1,PRKCQ,0.905
9606.ENSP00000344220,PDPK1,OGT,0.9
9606.ENSP00000344220,PDPK1,PIK3R6,0.9
9606.ENSP00000344314,OFD1,NDE1,0.982
9606.ENSP00000344314,OFD1,SDCCAG8,0.976
9606.ENSP00000344314,OFD1,PCM1,0.929
9606.ENSP00000344314,OFD1,FOPNL,0.916
9606.ENSP00000344314,OFD1,CEP290,0.901
9606.ENSP00000344479,NR4A2,PITX3,0.966
9606.ENSP00000344479,NR4A2,PER2,0.937
9606.ENSP00000344479,NR4A2,FOSB,0.903
9606.ENSP00000344666,NF2,AMOT,0.998
9606.ENSP00000344666,NF2,LATS1,0.997
9606.ENSP00000344666,NF2,WWC1,0.996
9606.ENSP00000344666,NF2,LATS2,0.996
9606.ENSP00000344666,NF2,AMOTL1,0.991
9606.ENSP00000344666,NF2,AMOTL2,0.987
9606.ENSP00000344666,NF2,FRMD6,0.981
9606.ENSP00000344666,NF2,CD44,0.979
9606.ENSP00000344666,NF2,IQCJ-SCHIP1,0.974
9606.ENSP00000344666,NF2,SCHIP1,0.971
9606.ENSP00000344666,NF2,NF1,0.97
9606.ENSP00000344666,NF2,HGS,0.969
9606.ENSP00000344666,NF2,EZR,0.96
9606.ENSP00000344666,NF2,DCAF1,0.956
9606.ENSP00000344666,NF2,SLC9A3R1,0.954
9606.ENSP00000344666,NF2,SAV1,0.938
9606.ENSP00000344666,NF2,PAK1,0.914
9606.ENSP00000345192,OLFM3,MYOC,0.963
9606.ENSP00000345895,NUP50,NUP153,0.999
9606.ENSP00000345895,NUP50,KPNA1,0.992
9606.ENSP00000345895,NUP50,NUP43,0.984
9606.ENSP00000345895,NUP50,TPR,0.981
9606.ENSP00000345895,NUP50,NUP85,0.978
9606.ENSP00000345895,NUP50,NUP107,0.975
9606.ENSP00000345895,NUP50,NUP88,0.975
9606.ENSP00000345895,NUP50,NUP93,0.971
9606.ENSP00000345895,NUP50,NUP155,0.967
9606.ENSP00000345895,NUP50,NUP35,0.966
9606.ENSP00000345895,NUP50,NUP214,0.966
9606.ENSP00000345895,NUP50,SEH1L,0.963
9606.ENSP00000345895,NUP50,NUP62,0.959
9606.ENSP00000345895,NUP50,NUP133,0.956
9606.ENSP00000345895,NUP50,RANBP2,0.956
9606.ENSP00000345895,NUP50,NUP205,0.956
9606.ENSP00000345895,NUP50,NUP210,0.951
9606.ENSP00000345895,NUP50,NUP98,0.949
9606.ENSP00000345895,NUP50,NUP188,0.943
9606.ENSP00000345895,NUP50,NUP58,0.939
9606.ENSP00000345895,NUP50,KPNB1,0.939
9606.ENSP00000345895,NUP50,NUP160,0.936
9606.ENSP00000345895,NUP50,RAN,0.934
9606.ENSP00000345895,NUP50,NUP54,0.926
9606.ENSP00000345895,NUP50,AAAS,0.922
9606.ENSP00000345895,NUP50,KPNA2,0.921
9606.ENSP00000345895,NUP50,RAE1,0.916
9606.ENSP00000345895,NUP50,KPNA4,0.9
9606.ENSP00000346725,PES1,NOC2L,0.999
9606.ENSP00000346725,PES1,GTPBP4,0.999
9606.ENSP00000346725,PES1,WDR12,0.999
9606.ENSP00000346725,PES1,MRTO4,0.999
9606.ENSP00000346725,PES1,NSA2,0.999
9606.ENSP00000346725,PES1,BOP1,0.999
9606.ENSP00000346725,PES1,EBNA1BP2,0.999
9606.ENSP00000346725,PES1,FTSJ3,0.998
9606.ENSP00000346725,PES1,GNL3,0.997
9606.ENSP00000346725,PES1,WDR74,0.997
9606.ENSP00000346725,PES1,DDX18,0.997
9606.ENSP00000346725,PES1,RSL1D1,0.996
9606.ENSP00000346725,PES1,NIFK,0.996
9606.ENSP00000346725,PES1,RPF2,0.995
9606.ENSP00000346725,PES1,RSL24D1,0.995
9606.ENSP00000346725,PES1,NIP7,0.995
9606.ENSP00000346725,PES1,GNL2,0.995
9606.ENSP00000346725,PES1,MAK16,0.994
9606.ENSP00000346725,PES1,PA2G4,0.994
9606.ENSP00000346725,PES1,RPF1,0.993
9606.ENSP00000346725,PES1,BRIX1,0.993
9606.ENSP00000346725,PES1,NOC3L,0.992
9606.ENSP00000346725,PES1,NOP53,0.988
9606.ENSP00000346725,PES1,EIF6,0.988
9606.ENSP00000346725,PES1,GNL3L,0.987
9606.ENSP00000346725,PES1,RPL23A,0.986
9606.ENSP00000346725,PES1,RRP1B,0.984
9606.ENSP00000346725,PES1,NOP2,0.983
9606.ENSP00000346725,PES1,RPL5,0.983
9606.ENSP00000346725,PES1,RRS1,0.981
9606.ENSP00000346725,PES1,RPL7A,0.979
9606.ENSP00000346725,PES1,DDX27,0.979
9606.ENSP00000346725,PES1,NOP14,0.978
9606.ENSP00000346725,PES1,RRP1,0.977
9606.ENSP00000346725,PES1,SDAD1,0.976
9606.ENSP00000346725,PES1,DDX21,0.975
9606.ENSP00000346725,PES1,RPL7L1,0.975
9606.ENSP00000346725,PES1,DDX56,0.97
9606.ENSP00000346725,PES1,PDCD11,0.969
9606.ENSP00000346725,PES1,IMP4,0.968
9606.ENSP00000346725,PES1,CEBPZ,0.968
9606.ENSP00000346725,PES1,NOP58,0.965
9606.ENSP00000346725,PES1,RPL8,0.962
9606.ENSP00000346725,PES1,ZNF593,0.959
9606.ENSP00000346725,PES1,DKC1,0.959
9606.ENSP00000346725,PES1,DDX54,0.959
9606.ENSP00000346725,PES1,KCTD19,0.958
9606.ENSP00000346725,PES1,RPLP0,0.957
9606.ENSP00000346725,PES1,RPL27A,0.957
9606.ENSP00000346725,PES1,RPL3,0.956
9606.ENSP00000346725,PES1,RPL7,0.956
9606.ENSP00000346725,PES1,NOP56,0.956
9606.ENSP00000346725,PES1,PPAN,0.955
9606.ENSP00000346725,PES1,RPL38,0.955
9606.ENSP00000346725,PES1,RBM28,0.955
9606.ENSP00000346725,PES1,RPL18,0.954
9606.ENSP00000346725,PES1,RPL4,0.954
9606.ENSP00000346725,PES1,RPL31,0.953
9606.ENSP00000346725,PES1,RPL35A,0.952
9606.ENSP00000346725,PES1,RPL23,0.95
9606.ENSP00000346725,PES1,MYBBP1A,0.948
9606.ENSP00000346725,PES1,RPL27,0.948
9606.ENSP00000346725,PES1,NSUN6,0.947
9606.ENSP00000346725,PES1,LTV1,0.947
9606.ENSP00000346725,PES1,BMS1,0.947
9606.ENSP00000346725,PES1,IMP3,0.946
9606.ENSP00000346725,PES1,RPL34,0.945
9606.ENSP00000346725,PES1,BYSL,0.942
9606.ENSP00000346725,PES1,RPL11,0.941
9606.ENSP00000346725,PES1,RPL3L,0.94
9606.ENSP00000346725,PES1,SURF6,0.94
9606.ENSP00000346725,PES1,WDR18,0.939
9606.ENSP00000346725,PES1,RPL30,0.937
9606.ENSP00000346725,PES1,RPL18A,0.936
9606.ENSP00000346725,PES1,DDX55,0.936
9606.ENSP00000346725,PES1,TBL3,0.935
9606.ENSP00000346725,PES1,PUM3,0.935
9606.ENSP00000346725,PES1,RRP12,0.935
9606.ENSP00000346725,PES1,RPL36,0.934
9606.ENSP00000346725,PES1,RPL6,0.934
9606.ENSP00000346725,PES1,DDX47,0.932
9606.ENSP00000346725,PES1,RPL14,0.931
9606.ENSP00000346725,PES1,RPL19,0.931
9606.ENSP00000346725,PES1,RPL21,0.93
9606.ENSP00000346725,PES1,RPL13,0.93
9606.ENSP00000346725,PES1,WDR36,0.928
9606.ENSP00000346725,PES1,RPL35,0.928
9606.ENSP00000346725,PES1,RPL32,0.927
9606.ENSP00000346725,PES1,RPL15,0.927
9606.ENSP00000346725,PES1,RPL9,0.926
9606.ENSP00000346725,PES1,UTP4,0.926
9606.ENSP00000346725,PES1,DDX24,0.925
9606.ENSP00000346725,PES1,RBM19,0.924
9606.ENSP00000346725,PES1,UTP3,0.924
9606.ENSP00000346725,PES1,NLE1,0.924
9606.ENSP00000346725,PES1,WDR46,0.923
9606.ENSP00000346725,PES1,RPL37A,0.923
9606.ENSP00000346725,PES1,RPL37,0.921
9606.ENSP00000346725,PES1,NOP9,0.92
9606.ENSP00000346725,PES1,DDX52,0.92
9606.ENSP00000346725,PES1,NOB1,0.919
9606.ENSP00000346725,PES1,PWP2,0.919
9606.ENSP00000346725,PES1,PWP1,0.918
9606.ENSP00000346725,PES1,DDX49,0.915
9606.ENSP00000346725,PES1,WDR3,0.914
9606.ENSP00000346725,PES1,RPL26,0.911
9606.ENSP00000346725,PES1,GART,0.91
9606.ENSP00000346725,PES1,POLR1A,0.91
9606.ENSP00000346725,PES1,NMD3,0.907
9606.ENSP00000346725,PES1,UTP14A,0.906
9606.ENSP00000346725,PES1,LSG1,0.903
9606.ENSP00000346725,PES1,TSR1,0.901
9606.ENSP00000346879,NKX2-1,PAX8,0.98
9606.ENSP00000346879,NKX2-1,TSHR,0.954
9606.ENSP00000346879,NKX2-1,FOXE1,0.951
9606.ENSP00000346879,NKX2-1,SFTPB,0.951
9606.ENSP00000346879,NKX2-1,TG,0.923
9606.ENSP00000346879,NKX2-1,FOXA1,0.916
9606.ENSP00000347507,MYH7,MYL3,0.999
9606.ENSP00000347507,MYH7,ACTC1,0.999
9606.ENSP00000347507,MYH7,MYL2,0.999
9606.ENSP00000347507,MYH7,MYL1,0.998
9606.ENSP00000347507,MYH7,MYBPC3,0.998
9606.ENSP00000347507,MYH7,MYH6,0.997
9606.ENSP00000347507,MYH7,TPM1,0.993
9606.ENSP00000347507,MYH7,MYLPF,0.985
9606.ENSP00000347507,MYH7,TNNI1,0.983
9606.ENSP00000347507,MYH7,ACTN2,0.978
9606.ENSP00000347507,MYH7,TCAP,0.978
9606.ENSP00000347507,MYH7,MYH2,0.977
9606.ENSP00000347507,MYH7,MYL4,0.977
9606.ENSP00000347507,MYH7,TNNT2,0.97
9606.ENSP00000347507,MYH7,CSRP3,0.963
9606.ENSP00000347507,MYH7,MYH1,0.962
9606.ENSP00000347507,MYH7,TTN,0.958
9606.ENSP00000347507,MYH7,TNNI3,0.948
9606.ENSP00000347507,MYH7,ACTA1,0.945
9606.ENSP00000347507,MYH7,MYH10,0.914
9606.ENSP00000347507,MYH7,MYH8,0.914
9606.ENSP00000347507,MYH7,MYH9,0.913
9606.ENSP00000347507,MYH7,MYH14,0.913
9606.ENSP00000347507,MYH7,MYH13,0.91
9606.ENSP00000348349,MYO9A,MYO6,0.917
9606.ENSP00000348349,MYO9A,MYO1F,0.913
9606.ENSP00000348349,MYO9A,MYO1C,0.913
9606.ENSP00000348349,MYO9A,MYO18B,0.91
9606.ENSP00000349124,PPP4R2,PPP4R3A,0.999
9606.ENSP00000349124,PPP4R2,PPP4C,0.999
9606.ENSP00000349124,PPP4R2,PPP4R3B,0.999
9606.ENSP00000349124,PPP4R2,PPP4R1,0.992
9606.ENSP00000349124,PPP4R2,PTPA,0.972
9606.ENSP00000349124,PPP4R2,PPP2CA,0.96
9606.ENSP00000349124,PPP4R2,PPP4R3C,0.954
9606.ENSP00000349124,PPP4R2,PPP2R2A,0.95
9606.ENSP00000349124,PPP4R2,PPP2CB,0.945
9606.ENSP00000349124,PPP4R2,PPP3CB,0.939
9606.ENSP00000349124,PPP4R2,PPP3CA,0.939
9606.ENSP00000349124,PPP4R2,PPP2R1A,0.936
9606.ENSP00000349124,PPP4R2,PPP2R5A,0.918
9606.ENSP00000349124,PPP4R2,PPP2R5C,0.918
9606.ENSP00000349124,PPP4R2,PPP3R1,0.904
9606.ENSP00000349205,PIK3R4,BECN1,0.999
9606.ENSP00000349205,PIK3R4,BECN2,0.999
9606.ENSP00000349205,PIK3R4,NRBF2,0.999
9606.ENSP00000349205,PIK3R4,UVRAG,0.999
9606.ENSP00000349205,PIK3R4,ATG14,0.999
9606.ENSP00000349205,PIK3R4,PIK3C3,0.999
9606.ENSP00000349205,PIK3R4,AMBRA1,0.998
9606.ENSP00000349205,PIK3R4,ULK1,0.997
9606.ENSP00000349205,PIK3R4,ULK2,0.996
9606.ENSP00000349205,PIK3R4,RUBCN,0.991
9606.ENSP00000349205,PIK3R4,RB1CC1,0.986
9606.ENSP00000349205,PIK3R4,ATG101,0.985
9606.ENSP00000349205,PIK3R4,RAB5A,0.957
9606.ENSP00000349205,PIK3R4,ATG13,0.957
9606.ENSP00000349205,PIK3R4,SH3GLB1,0.945
9606.ENSP00000349205,PIK3R4,ATG5,0.944
9606.ENSP00000349205,PIK3R4,ATG16L1,0.937
9606.ENSP00000349205,PIK3R4,ATG7,0.937
9606.ENSP00000349205,PIK3R4,ATG12,0.925
9606.ENSP00000349205,PIK3R4,ATG3,0.92
9606.ENSP00000349205,PIK3R4,GABARAPL2,0.912
9606.ENSP00000349205,PIK3R4,GABARAPL1,0.912
9606.ENSP00000349208,PIWIL2,TDRD1,0.999
9606.ENSP00000349208,PIWIL2,MOV10L1,0.981
9606.ENSP00000349208,PIWIL2,TDRD9,0.963
9606.ENSP00000349208,PIWIL2,TDRD12,0.958
9606.ENSP00000349208,PIWIL2,ASZ1,0.944
9606.ENSP00000349208,PIWIL2,PIR,0.941
9606.ENSP00000349208,PIWIL2,DDX4,0.939
9606.ENSP00000349208,PIWIL2,TDRD6,0.934
9606.ENSP00000349208,PIWIL2,MAEL,0.913
9606.ENSP00000349208,PIWIL2,TDRKH,0.904
9606.ENSP00000349543,PEX2,PEX12,0.999
9606.ENSP00000349543,PEX2,PEX10,0.999
9606.ENSP00000349543,PEX2,PEX13,0.995
9606.ENSP00000349543,PEX2,PEX5,0.992
9606.ENSP00000349543,PEX2,PEX14,0.99
9606.ENSP00000349543,PEX2,PEX19,0.989
9606.ENSP00000349543,PEX2,PEX6,0.98
9606.ENSP00000349543,PEX2,PEX3,0.979
9606.ENSP00000349543,PEX2,PEX7,0.977
9606.ENSP00000349543,PEX2,PEX11B,0.967
9606.ENSP00000349543,PEX2,PEX16,0.962
9606.ENSP00000349543,PEX2,PEX26,0.958
9606.ENSP00000349543,PEX2,PEX1,0.947
9606.ENSP00000349543,PEX2,ELP4,0.927
9606.ENSP00000349543,PEX2,ABCD3,0.921
9606.ENSP00000349543,PEX2,ICE2,0.912
9606.ENSP00000349543,PEX2,WDR61,0.911
9606.ENSP00000349543,PEX2,ELOC,0.908
9606.ENSP00000349543,PEX2,CTR9,0.905
9606.ENSP00000349543,PEX2,CDC73,0.904
9606.ENSP00000349543,PEX2,NELFCD,0.903
9606.ENSP00000349543,PEX2,ELL,0.903
9606.ENSP00000349543,PEX2,LEO1,0.902
9606.ENSP00000349543,PEX2,SUPT4H1,0.902
9606.ENSP00000349543,PEX2,CCNT1,0.901
9606.ENSP00000349543,PEX2,CCNT2,0.901
9606.ENSP00000349543,PEX2,ICE1,0.901
9606.ENSP00000349543,PEX2,ELOB,0.9
9606.ENSP00000349543,PEX2,SUPT5H,0.9
9606.ENSP00000349543,PEX2,EAF2,0.9
9606.ENSP00000349543,PEX2,TCEA2,0.9
9606.ENSP00000349543,PEX2,NELFA,0.9
9606.ENSP00000349543,PEX2,EAF1,0.9
9606.ENSP00000349543,PEX2,NELFE,0.9
9606.ENSP00000349543,PEX2,ELL2,0.9
9606.ENSP00000349543,PEX2,ERCC6,0.9
9606.ENSP00000349543,PEX2,AFF1,0.9
9606.ENSP00000349543,PEX2,RTF1,0.9
9606.ENSP00000349543,PEX2,CDK9,0.9
9606.ENSP00000349543,PEX2,MLLT1,0.9
9606.ENSP00000349543,PEX2,ZC3H8,0.9
9606.ENSP00000349543,PEX2,ELOA,0.9
9606.ENSP00000349543,PEX2,NELFB,0.9
9606.ENSP00000349543,PEX2,MLLT3,0.9
9606.ENSP00000349543,PEX2,ELL3,0.9
9606.ENSP00000349543,PEX2,PAF1,0.9
9606.ENSP00000349543,PEX2,AFF4,0.9
9606.ENSP00000350249,POT1,ACD,0.999
9606.ENSP00000350249,POT1,TINF2,0.999
9606.ENSP00000350249,POT1,TERF2IP,0.999
9606.ENSP00000350249,POT1,TERF2,0.999
9606.ENSP00000350249,POT1,TERF1,0.999
9606.ENSP00000350249,POT1,TPP1,0.996
9606.ENSP00000350249,POT1,TERT,0.99
9606.ENSP00000350249,POT1,CTC1,0.939
9606.ENSP00000350249,POT1,WRN,0.924
9606.ENSP00000350249,POT1,XRCC6,0.92
9606.ENSP00000350249,POT1,DCLRE1B,0.904
9606.ENSP00000350364,NEGR1,KCTD15,0.933
9606.ENSP00000350364,NEGR1,TMEM18,0.932
9606.ENSP00000350364,NEGR1,GNPDA2,0.931
9606.ENSP00000350364,NEGR1,IGLON5,0.912
9606.ENSP00000350815,NR3C2,NCOA1,0.973
9606.ENSP00000350815,NR3C2,AGT,0.945
9606.ENSP00000350815,NR3C2,FKBP4,0.945
9606.ENSP00000350815,NR3C2,REN,0.944
9606.ENSP00000350815,NR3C2,NR3C1,0.929
9606.ENSP00000350815,NR3C2,HSD11B2,0.923
9606.ENSP00000350844,PAX5,ETS1,0.996
9606.ENSP00000350844,PAX5,EBF1,0.985
9606.ENSP00000350844,PAX5,IKZF1,0.954
9606.ENSP00000350844,PAX5,IRF4,0.95
9606.ENSP00000350844,PAX5,CD79A,0.946
9606.ENSP00000350844,PAX5,TLE4,0.936
9606.ENSP00000350844,PAX5,BCL6,0.931
9606.ENSP00000350844,PAX5,RUNX1,0.92
9606.ENSP00000350844,PAX5,CD19,0.918
9606.ENSP00000350844,PAX5,PRDM1,0.907
9606.ENSP00000351015,NF1,KRAS,0.996
9606.ENSP00000351015,NF1,NRAS,0.994
9606.ENSP00000351015,NF1,HRAS,0.994
9606.ENSP00000351015,NF1,SPRED1,0.992
9606.ENSP00000351015,NF1,NF2,0.97
9606.ENSP00000351015,NF1,RRAS,0.96
9606.ENSP00000351015,NF1,RRAS2,0.958
9606.ENSP00000351015,NF1,MRAS,0.955
9606.ENSP00000351015,NF1,BRAF,0.903
9606.ENSP00000351475,PASK,PPP1R7,0.94
9606.ENSP00000352288,PLXNB2,SEMA4D,0.999
9606.ENSP00000352288,PLXNB2,SEMA4C,0.996
9606.ENSP00000352288,PLXNB2,ARHGEF12,0.994
9606.ENSP00000352288,PLXNB2,ARHGEF11,0.986
9606.ENSP00000352288,PLXNB2,SEMA4A,0.978
9606.ENSP00000352288,PLXNB2,SEMA4G,0.978
9606.ENSP00000352288,PLXNB2,RND1,0.977
9606.ENSP00000352288,PLXNB2,RRAS,0.969
9606.ENSP00000352288,PLXNB2,SEMA4B,0.965
9606.ENSP00000352288,PLXNB2,RHOD,0.959
9606.ENSP00000352288,PLXNB2,MET,0.957
9606.ENSP00000352288,PLXNB2,SEMA4F,0.951
9606.ENSP00000352288,PLXNB2,PLXNB1,0.944
9606.ENSP00000352288,PLXNB2,RAC2,0.924
9606.ENSP00000352288,PLXNB2,RAC3,0.921
9606.ENSP00000352288,PLXNB2,PLXNB3,0.912
9606.ENSP00000352288,PLXNB2,RND3,0.905
9606.ENSP00000352288,PLXNB2,PTN,0.905
9606.ENSP00000352400,NUP214,NUP62,0.999
9606.ENSP00000352400,NUP214,NUP88,0.999
9606.ENSP00000352400,NUP214,XPO1,0.999
9606.ENSP00000352400,NUP214,NUP133,0.999
9606.ENSP00000352400,NUP214,NUP98,0.999
9606.ENSP00000352400,NUP214,NUP85,0.999
9606.ENSP00000352400,NUP214,NUP107,0.999
9606.ENSP00000352400,NUP214,RANBP2,0.999
9606.ENSP00000352400,NUP214,NUP93,0.999
9606.ENSP00000352400,NUP214,NUP205,0.998
9606.ENSP00000352400,NUP214,SEH1L,0.998
9606.ENSP00000352400,NUP214,NUP155,0.998
9606.ENSP00000352400,NUP214,GLE1,0.998
9606.ENSP00000352400,NUP214,NUP58,0.997
9606.ENSP00000352400,NUP214,RGPD2,0.996
9606.ENSP00000352400,NUP214,NXF1,0.995
9606.ENSP00000352400,NUP214,NUP54,0.995
9606.ENSP00000352400,NUP214,SEC13,0.995
9606.ENSP00000352400,NUP214,NUP153,0.993
9606.ENSP00000352400,NUP214,NUP188,0.992
9606.ENSP00000352400,NUP214,AAAS,0.992
9606.ENSP00000352400,NUP214,RAE1,0.992
9606.ENSP00000352400,NUP214,NUP35,0.992
9606.ENSP00000352400,NUP214,NUP43,0.989
9606.ENSP00000352400,NUP214,NUP210,0.989
9606.ENSP00000352400,NUP214,NUP160,0.986
9606.ENSP00000352400,NUP214,NDC1,0.975
9606.ENSP00000352400,NUP214,RAN,0.973
9606.ENSP00000352400,NUP214,DDX19A,0.97
9606.ENSP00000352400,NUP214,NUP42,0.968
9606.ENSP00000352400,NUP214,NUP37,0.968
9606.ENSP00000352400,NUP214,NUP50,0.966
9606.ENSP00000352400,NUP214,DDX19B-2,0.965
9606.ENSP00000352400,NUP214,AHCTF1,0.965
9606.ENSP00000352400,NUP214,SNUPN,0.964
9606.ENSP00000352400,NUP214,TPR,0.958
9606.ENSP00000352400,NUP214,DDX19B,0.95
9606.ENSP00000352400,NUP214,NXF2B,0.942
9606.ENSP00000352400,NUP214,NXT1,0.936
9606.ENSP00000352400,NUP214,DEK,0.932
9606.ENSP00000352400,NUP214,KPNB1,0.911
9606.ENSP00000352400,NUP214,ABL1,0.907
9606.ENSP00000352400,NUP214,NUTF2,0.902
9606.ENSP00000352438,PCBP2,PCBP1,0.998
9606.ENSP00000352438,PCBP2,SRSF3,0.996
9606.ENSP00000352438,PCBP2,ITCH,0.979
9606.ENSP00000352438,PCBP2,HNRNPD,0.956
9606.ENSP00000352438,PCBP2,HNRNPL,0.951
9606.ENSP00000352438,PCBP2,HNRNPK,0.941
9606.ENSP00000352438,PCBP2,HNRNPA1,0.94
9606.ENSP00000352438,PCBP2,PTBP1,0.932
9606.ENSP00000352438,PCBP2,CEBPA,0.925
9606.ENSP00000352438,PCBP2,PABPC1,0.922
9606.ENSP00000352438,PCBP2,HNRNPA3,0.915
9606.ENSP00000352438,PCBP2,HNRNPC,0.914
9606.ENSP00000352438,PCBP2,ELAVL1,0.911
9606.ENSP00000352438,PCBP2,TIA1,0.904
9606.ENSP00000353452,MYLK,CALM3,0.999
9606.ENSP00000353452,MYLK,CALML3,0.998
9606.ENSP00000353452,MYLK,CALML5,0.998
9606.ENSP00000353452,MYLK,CALML4,0.997
9606.ENSP00000353452,MYLK,CALML6,0.997
9606.ENSP00000353452,MYLK,CALM1,0.992
9606.ENSP00000353452,MYLK,MYL9,0.989
9606.ENSP00000353452,MYLK,MYL12A,0.972
9606.ENSP00000353452,MYLK,MYH11,0.947
9606.ENSP00000353452,MYLK,MYL12B,0.946
9606.ENSP00000353452,MYLK,MYL2,0.941
9606.ENSP00000353452,MYLK,MYL6,0.939
9606.ENSP00000353452,MYLK,CALM2,0.935
9606.ENSP00000353452,MYLK,MYL3,0.933
9606.ENSP00000353452,MYLK,MYL4,0.923
9606.ENSP00000353452,MYLK,MYL6B,0.909
9606.ENSP00000353452,MYLK,PRKACA,0.908
9606.ENSP00000353452,MYLK,PRKACB,0.907
9606.ENSP00000353452,MYLK,PRKCE,0.905
9606.ENSP00000353452,MYLK,PRKACG,0.905
9606.ENSP00000353864,PAK3,ARHGEF7,0.998
9606.ENSP00000353864,PAK3,CDC42,0.995
9606.ENSP00000353864,PAK3,ARHGEF6,0.993
9606.ENSP00000353864,PAK3,PAK1,0.959
9606.ENSP00000353864,PAK3,NCK1,0.941
9606.ENSP00000353864,PAK3,PAK2,0.936
9606.ENSP00000353864,PAK3,RAC2,0.935
9606.ENSP00000353864,PAK3,NCK2,0.935
9606.ENSP00000353864,PAK3,RAC3,0.934
9606.ENSP00000353864,PAK3,RAC1,0.931
9606.ENSP00000353864,PAK3,MAP2K1,0.92
9606.ENSP00000353864,PAK3,LIMK1,0.914
9606.ENSP00000353864,PAK3,ROBO2,0.914
9606.ENSP00000353864,PAK3,ROBO1,0.911
9606.ENSP00000353864,PAK3,RAF1,0.909
9606.ENSP00000353864,PAK3,LIMK2,0.907
9606.ENSP00000353864,PAK3,GNG12,0.907
9606.ENSP00000353864,PAK3,MYO6,0.9
9606.ENSP00000354207,NTRK3,NTF4,0.999
9606.ENSP00000354207,NTRK3,BDNF,0.999
9606.ENSP00000354207,NTRK3,PTPRS,0.999
9606.ENSP00000354207,NTRK3,NTF3,0.999
9606.ENSP00000354207,NTRK3,NGF,0.998
9606.ENSP00000354207,NTRK3,SHC1,0.977
9606.ENSP00000354207,NTRK3,GDNF,0.972
9606.ENSP00000354207,NTRK3,ETV6,0.972
9606.ENSP00000354207,NTRK3,NTRK2,0.969
9606.ENSP00000354207,NTRK3,NGFR,0.967
9606.ENSP00000354207,NTRK3,PLCG1,0.957
9606.ENSP00000354207,NTRK3,GRB2,0.947
9606.ENSP00000354207,NTRK3,NELFB,0.936
9606.ENSP00000354207,NTRK3,SH2B3,0.927
9606.ENSP00000354207,NTRK3,IRS1,0.925
9606.ENSP00000354207,NTRK3,SHC3,0.922
9606.ENSP00000354207,NTRK3,ABL1,0.915
9606.ENSP00000354207,NTRK3,SHC4,0.914
9606.ENSP00000354207,NTRK3,PLCG2,0.912
9606.ENSP00000354207,NTRK3,SORT1,0.907
9606.ENSP00000354207,NTRK3,SH2B1,0.906
9606.ENSP00000354207,NTRK3,SH2B2,0.905
9606.ENSP00000354207,NTRK3,SHC2,0.905
9606.ENSP00000354207,NTRK3,GRASP,0.902
9606.ENSP00000354207,NTRK3,MATK,0.9
9606.ENSP00000354910,NRG2,ERBB3,0.999
9606.ENSP00000354910,NRG2,ERBB4,0.999
9606.ENSP00000354910,NRG2,NRG4,0.997
9606.ENSP00000354910,NRG2,EGFR,0.996
9606.ENSP00000354910,NRG2,ERBB2,0.994
9606.ENSP00000354910,NRG2,NRG3,0.955
9606.ENSP00000354910,NRG2,NRG1,0.918
9606.ENSP00000355001,POU3F3,ASCL1,0.931
9606.ENSP00000355001,POU3F3,NCAPG,0.916
9606.ENSP00000355759,PARP1,CASP3,0.999
9606.ENSP00000355759,PARP1,XRCC1,0.999
9606.ENSP00000355759,PARP1,XRCC6,0.998
9606.ENSP00000355759,PARP1,POLB,0.996
9606.ENSP00000355759,PARP1,SMARCA4,0.996
9606.ENSP00000355759,PARP1,XRCC5,0.996
9606.ENSP00000355759,PARP1,CASP7,0.995
9606.ENSP00000355759,PARP1,PRKDC,0.993
9606.ENSP00000355759,PARP1,PARG,0.992
9606.ENSP00000355759,PARP1,CASP9,0.991
9606.ENSP00000355759,PARP1,TIMELESS,0.99
9606.ENSP00000355759,PARP1,LIG3,0.99
9606.ENSP00000355759,PARP1,BRCA2,0.985
9606.ENSP00000355759,PARP1,MACROH2A1,0.981
9606.ENSP00000355759,PARP1,HPF1,0.979
9606.ENSP00000355759,PARP1,CHD1L,0.977
9606.ENSP00000355759,PARP1,BRCA1,0.974
9606.ENSP00000355759,PARP1,TP53,0.972
9606.ENSP00000355759,PARP1,NPM1,0.97
9606.ENSP00000355759,PARP1,APEX1,0.967
9606.ENSP00000355759,PARP1,PARP2,0.965
9606.ENSP00000355759,PARP1,H2AX,0.964
9606.ENSP00000355759,PARP1,GZMB,0.955
9606.ENSP00000355759,PARP1,DNMT1,0.952
9606.ENSP00000355759,PARP1,FEN1,0.941
9606.ENSP00000355759,PARP1,RNF146,0.939
9606.ENSP00000355759,PARP1,TOP1,0.936
9606.ENSP00000355759,PARP1,XPC,0.928
9606.ENSP00000355759,PARP1,CTCF,0.924
9606.ENSP00000355759,PARP1,RPA2,0.922
9606.ENSP00000355759,PARP1,H4C6,0.919
9606.ENSP00000355759,PARP1,APLF,0.919
9606.ENSP00000355759,PARP1,APTX,0.917
9606.ENSP00000355759,PARP1,BCL2,0.917
9606.ENSP00000355759,PARP1,WRN,0.915
9606.ENSP00000355759,PARP1,PIAS4,0.911
9606.ENSP00000355759,PARP1,TDP1,0.909
9606.ENSP00000355759,PARP1,HDAC1,0.9
9606.ENSP00000355966,NEK2,MAD2L1,0.999
9606.ENSP00000355966,NEK2,CDC27,0.999
9606.ENSP00000355966,NEK2,BUB1B,0.999
9606.ENSP00000355966,NEK2,ANAPC4,0.999
9606.ENSP00000355966,NEK2,CDC20,0.999
9606.ENSP00000355966,NEK2,FZR1,0.998
9606.ENSP00000355966,NEK2,CDC23,0.992
9606.ENSP00000355966,NEK2,CDC16,0.989
9606.ENSP00000355966,NEK2,CDC26,0.986
9606.ENSP00000355966,NEK2,ANAPC2,0.985
9606.ENSP00000355966,NEK2,NDC80,0.985
9606.ENSP00000355966,NEK2,ANAPC1,0.971
9606.ENSP00000355966,NEK2,CENPF,0.97
9606.ENSP00000355966,NEK2,DLGAP5,0.963
9606.ENSP00000355966,NEK2,ANAPC15,0.962
9606.ENSP00000355966,NEK2,KIF11,0.959
9606.ENSP00000355966,NEK2,ANAPC16,0.958
9606.ENSP00000355966,NEK2,ANAPC10,0.952
9606.ENSP00000355966,NEK2,NUF2,0.952
9606.ENSP00000355966,NEK2,ANAPC7,0.951
9606.ENSP00000355966,NEK2,ANAPC5,0.95
9606.ENSP00000355966,NEK2,KIF20A,0.948
9606.ENSP00000355966,NEK2,CCNA2,0.943
9606.ENSP00000355966,NEK2,TPX2,0.942
9606.ENSP00000355966,NEK2,BIRC5,0.94
9606.ENSP00000355966,NEK2,PLK1,0.938
9606.ENSP00000355966,NEK2,CEP250,0.933
9606.ENSP00000355966,NEK2,BUB1,0.932
9606.ENSP00000355966,NEK2,TOP2A,0.928
9606.ENSP00000355966,NEK2,UBE2C,0.923
9606.ENSP00000355966,NEK2,KIF2C,0.92
9606.ENSP00000355966,NEK2,CDK1,0.919
9606.ENSP00000355966,NEK2,ASPM,0.916
9606.ENSP00000355966,NEK2,CEP55,0.912
9606.ENSP00000355966,NEK2,CDCA3,0.911
9606.ENSP00000355966,NEK2,CCNB1,0.91
9606.ENSP00000355966,NEK2,NUSAP1,0.905
9606.ENSP00000355966,NEK2,CCNB2,0.902
9606.ENSP00000355966,NEK2,CDCA8,0.9
9606.ENSP00000356000,PLXNA2,NRP1,0.999
9606.ENSP00000356000,PLXNA2,SEMA3A,0.999
9606.ENSP00000356000,PLXNA2,SEMA6A,0.999
9606.ENSP00000356000,PLXNA2,RND1,0.995
9606.ENSP00000356000,PLXNA2,SEMA6B,0.974
9606.ENSP00000356000,PLXNA2,SEMA3C,0.961
9606.ENSP00000356000,PLXNA2,NRP2,0.953
9606.ENSP00000356000,PLXNA2,FYN,0.925
9606.ENSP00000356000,PLXNA2,RAC2,0.924
9606.ENSP00000356000,PLXNA2,FES,0.922
9606.ENSP00000356000,PLXNA2,RAC3,0.919
9606.ENSP00000356000,PLXNA2,RHOD,0.917
9606.ENSP00000356000,PLXNA2,SEMA4D,0.915
9606.ENSP00000356104,PM20D1,NUCKS1,0.927
9606.ENSP00000356104,PM20D1,SLC41A1,0.923
9606.ENSP00000356104,PM20D1,RAB29,0.922
9606.ENSP00000356155,PIK3C2B,PIK3C2G,0.967
9606.ENSP00000356155,PIK3C2B,INPPL1,0.955
9606.ENSP00000356155,PIK3C2B,PIK3R1,0.953
9606.ENSP00000356155,PIK3C2B,PIK3R2,0.952
9606.ENSP00000356155,PIK3C2B,PIK3R3,0.948
9606.ENSP00000356155,PIK3C2B,PTEN,0.941
9606.ENSP00000356155,PIK3C2B,PIK3C2A,0.941
9606.ENSP00000356155,PIK3C2B,INPP4B,0.935
9606.ENSP00000356155,PIK3C2B,INPP4A,0.935
9606.ENSP00000356155,PIK3C2B,PIKFYVE,0.929
9606.ENSP00000356155,PIK3C2B,OCRL,0.928
9606.ENSP00000356155,PIK3C2B,EGFR,0.928
9606.ENSP00000356155,PIK3C2B,INPP5B,0.927
9606.ENSP00000356155,PIK3C2B,PIP5K1C,0.926
9606.ENSP00000356155,PIK3C2B,SYNJ2,0.924
9606.ENSP00000356155,PIK3C2B,PIP5K1A,0.921
9606.ENSP00000356155,PIK3C2B,PI4K2B,0.919
9606.ENSP00000356155,PIK3C2B,SYNJ1,0.919
9606.ENSP00000356155,PIK3C2B,PIP5KL1,0.917
9606.ENSP00000356155,PIK3C2B,PI4KB,0.917
9606.ENSP00000356155,PIK3C2B,PI4K2A,0.916
9606.ENSP00000356155,PIK3C2B,PI4KA,0.915
9606.ENSP00000356155,PIK3C2B,CDIPT,0.914
9606.ENSP00000356155,PIK3C2B,INPP5D,0.914
9606.ENSP00000356155,PIK3C2B,INPP5E,0.912
9606.ENSP00000356155,PIK3C2B,INPP5F,0.91
9606.ENSP00000356155,PIK3C2B,PIP5K1B,0.908
9606.ENSP00000356265,NAV1,SCN1A,0.96
9606.ENSP00000356265,NAV1,SCN8A,0.937
9606.ENSP00000356505,NCF2,NCF4,0.999
9606.ENSP00000356505,NCF2,RAC1,0.999
9606.ENSP00000356505,NCF2,NOX1,0.999
9606.ENSP00000356505,NCF2,CYBB,0.999
9606.ENSP00000356505,NCF2,RAC2,0.999
9606.ENSP00000356505,NCF2,NCF1,0.999
9606.ENSP00000356505,NCF2,CYBA,0.999
9606.ENSP00000356505,NCF2,NOXO1,0.999
9606.ENSP00000356505,NCF2,NOX4,0.998
9606.ENSP00000356505,NCF2,NOXA1,0.995
9606.ENSP00000356505,NCF2,AKT1,0.994
9606.ENSP00000356505,NCF2,NOX3,0.983
9606.ENSP00000356505,NCF2,DUOX1,0.979
9606.ENSP00000356505,NCF2,DUOX2,0.958
9606.ENSP00000356505,NCF2,MT-CYB,0.95
9606.ENSP00000356505,NCF2,MMP9,0.941
9606.ENSP00000356505,NCF2,PRKCD,0.94
9606.ENSP00000356505,NCF2,NOX5,0.937
9606.ENSP00000356505,NCF2,MAPK3,0.935
9606.ENSP00000356505,NCF2,RAP1A,0.934
9606.ENSP00000356505,NCF2,VCAM1,0.928
9606.ENSP00000356505,NCF2,PRKCB,0.922
9606.ENSP00000356505,NCF2,MMP2,0.917
9606.ENSP00000356505,NCF2,MAPK1,0.915
9606.ENSP00000356505,NCF2,RAP2B,0.904
9606.ENSP00000356505,NCF2,ARF3,0.902
9606.ENSP00000356702,PIGC,PIGP,0.999
9606.ENSP00000356702,PIGC,PIGH,0.999
9606.ENSP00000356702,PIGC,DPM2,0.999
9606.ENSP00000356702,PIGC,PIGA,0.999
9606.ENSP00000356702,PIGC,PIGQ,0.999
9606.ENSP00000356702,PIGC,PIGY,0.999
9606.ENSP00000356702,PIGC,PIGL,0.983
9606.ENSP00000357206,NES,SYNM,0.949
9606.ENSP00000357206,NES,RBFOX3,0.932
9606.ENSP00000357547,NUP210L,NUP210,0.926
9606.ENSP00000358033,PDSS2,COQ2,0.997
9606.ENSP00000358033,PDSS2,PDSS1,0.981
9606.ENSP00000358033,PDSS2,COQ9,0.971
9606.ENSP00000358033,PDSS2,COQ8A,0.97
9606.ENSP00000358033,PDSS2,FDPS,0.965
9606.ENSP00000358033,PDSS2,DHDDS,0.953
9606.ENSP00000358033,PDSS2,GGPS1,0.95
9606.ENSP00000358033,PDSS2,NUS1,0.945
9606.ENSP00000358033,PDSS2,FDFT1,0.933
9606.ENSP00000358033,PDSS2,FNTA,0.927
9606.ENSP00000358033,PDSS2,COQ6,0.927
9606.ENSP00000358033,PDSS2,FNTB,0.921
9606.ENSP00000358232,PNLIPRP3,CEL,0.943
9606.ENSP00000358232,PNLIPRP3,LIPF,0.941
9606.ENSP00000358232,PNLIPRP3,PNPLA3,0.918
9606.ENSP00000358232,PNLIPRP3,LIPG,0.908
9606.ENSP00000358232,PNLIPRP3,PNLIP,0.905
9606.ENSP00000358232,PNLIPRP3,PNLIPRP1,0.905
9606.ENSP00000358232,PNLIPRP3,MGLL,0.905
9606.ENSP00000358232,PNLIPRP3,PLPP5,0.904
9606.ENSP00000358232,PNLIPRP3,PLPP4,0.904
9606.ENSP00000358232,PNLIPRP3,PNPLA2,0.903
9606.ENSP00000358232,PNLIPRP3,LIPC,0.902
9606.ENSP00000358232,PNLIPRP3,AGK,0.902
9606.ENSP00000358232,PNLIPRP3,LPL,0.902
9606.ENSP00000358363,PDE4DIP,PDE4D,0.984
9606.ENSP00000358363,PDE4DIP,AKAP9,0.977
9606.ENSP00000358548,NRAS,BRAF,0.999
9606.ENSP00000358548,NRAS,RAF1,0.999
9606.ENSP00000358548,NRAS,PIK3CA,0.995
9606.ENSP00000358548,NRAS,ARAF,0.994
9606.ENSP00000358548,NRAS,NF1,0.994
9606.ENSP00000358548,NRAS,SOS1,0.992
9606.ENSP00000358548,NRAS,EGFR,0.991
9606.ENSP00000358548,NRAS,PIK3CG,0.991
9606.ENSP00000358548,NRAS,RALGDS,0.988
9606.ENSP00000358548,NRAS,SHOC2,0.987
9606.ENSP00000358548,NRAS,ALK,0.986
9606.ENSP00000358548,NRAS,CDKN2A,0.984
9606.ENSP00000358548,NRAS,RASA1,0.984
9606.ENSP00000358548,NRAS,MAP2K1,0.983
9606.ENSP00000358548,NRAS,FGFR3,0.981
9606.ENSP00000358548,NRAS,KIT,0.981
9606.ENSP00000358548,NRAS,FGFR2,0.977
9606.ENSP00000358548,NRAS,AFDN,0.975
9606.ENSP00000358548,NRAS,PLCE1,0.974
9606.ENSP00000358548,NRAS,GNAQ,0.974
9606.ENSP00000358548,NRAS,MAPK3,0.97
9606.ENSP00000358548,NRAS,SRC,0.97
9606.ENSP00000358548,NRAS,MAP2K2,0.968
9606.ENSP00000358548,NRAS,PDGFRA,0.967
9606.ENSP00000358548,NRAS,MET,0.966
9606.ENSP00000358548,NRAS,SOS2,0.966
9606.ENSP00000358548,NRAS,FGFR1,0.966
9606.ENSP00000358548,NRAS,RIN1,0.966
9606.ENSP00000358548,NRAS,IGF1R,0.96
9606.ENSP00000358548,NRAS,RASSF1,0.96
9606.ENSP00000358548,NRAS,CALM3,0.959
9606.ENSP00000358548,NRAS,MAPK1,0.959
9606.ENSP00000358548,NRAS,PDGFRB,0.959
9606.ENSP00000358548,NRAS,CALML5,0.958
9606.ENSP00000358548,NRAS,CALML3,0.958
9606.ENSP00000358548,NRAS,RASA2,0.958
9606.ENSP00000358548,NRAS,RGL2,0.957
9606.ENSP00000358548,NRAS,RASSF5,0.957
9606.ENSP00000358548,NRAS,PIK3R1,0.956
9606.ENSP00000358548,NRAS,RGL1,0.956
9606.ENSP00000358548,NRAS,CALML6,0.954
9606.ENSP00000358548,NRAS,CALML4,0.954
9606.ENSP00000358548,NRAS,RASGRP2,0.954
9606.ENSP00000358548,NRAS,PIK3CD,0.954
9606.ENSP00000358548,NRAS,EML4,0.953
9606.ENSP00000358548,NRAS,RPS6KA1,0.952
9606.ENSP00000358548,NRAS,PTPN11,0.952
9606.ENSP00000358548,NRAS,RASGRP1,0.949
9606.ENSP00000358548,NRAS,MAP3K1,0.949
9606.ENSP00000358548,NRAS,PRKCE,0.948
9606.ENSP00000358548,NRAS,PIK3CB,0.947
9606.ENSP00000358548,NRAS,FGFR4,0.945
9606.ENSP00000358548,NRAS,KRAS,0.944
9606.ENSP00000358548,NRAS,TIAM1,0.943
9606.ENSP00000358548,NRAS,RPS6KA3,0.942
9606.ENSP00000358548,NRAS,ZDHHC9,0.941
9606.ENSP00000358548,NRAS,MAPK8,0.94
9606.ENSP00000358548,NRAS,RASGRF1,0.935
9606.ENSP00000358548,NRAS,RPS6KA2,0.935
9606.ENSP00000358548,NRAS,PIK3R2,0.933
9606.ENSP00000358548,NRAS,SYK,0.933
9606.ENSP00000358548,NRAS,GOLGA7,0.932
9606.ENSP00000358548,NRAS,MAPK9,0.932
9606.ENSP00000358548,NRAS,HRAS,0.932
9606.ENSP00000358548,NRAS,RASGRP4,0.931
9606.ENSP00000358548,NRAS,RASGRP3,0.931
9606.ENSP00000358548,NRAS,RALBP1,0.93
9606.ENSP00000358548,NRAS,RASGRF2,0.929
9606.ENSP00000358548,NRAS,PRKCA,0.928
9606.ENSP00000358548,NRAS,GNAI2,0.927
9606.ENSP00000358548,NRAS,GNAI3,0.927
9606.ENSP00000358548,NRAS,RAPGEF2,0.925
9606.ENSP00000358548,NRAS,IL3RA,0.924
9606.ENSP00000358548,NRAS,PIK3R5,0.923
9606.ENSP00000358548,NRAS,PIK3R3,0.923
9606.ENSP00000358548,NRAS,IFNGR1,0.918
9606.ENSP00000358548,NRAS,GNAI1,0.918
9606.ENSP00000358548,NRAS,PRKCB,0.918
9606.ENSP00000358548,NRAS,ICAM1,0.916
9606.ENSP00000358548,NRAS,RAPGEF5,0.913
9606.ENSP00000358548,NRAS,ARHGEF12,0.913
9606.ENSP00000358548,NRAS,BRAP,0.911
9606.ENSP00000358548,NRAS,RPS6KA6,0.906
9606.ENSP00000358548,NRAS,ARHGEF6,0.904
9606.ENSP00000358548,NRAS,AGER,0.904
9606.ENSP00000358548,NRAS,PRKCG,0.904
9606.ENSP00000358548,NRAS,ERBB2,0.904
9606.ENSP00000358548,NRAS,CSF2RB,0.901
9606.ENSP00000358548,NRAS,FLT3,0.9
9606.ENSP00000358548,NRAS,NOS1,0.9
9606.ENSP00000358548,NRAS,PIK3R6,0.9
9606.ENSP00000358696,PLXNA3,SEMA3F,0.999
9606.ENSP00000358696,PLXNA3,NRP1,0.999
9606.ENSP00000358696,PLXNA3,SEMA3A,0.999
9606.ENSP00000358696,PLXNA3,NRP2,0.996
9606.ENSP00000358696,PLXNA3,SEMA3B,0.966
9606.ENSP00000358696,PLXNA3,SEMA6A,0.953
9606.ENSP00000358696,PLXNA3,RND1,0.939
9606.ENSP00000358696,PLXNA3,RAC2,0.932
9606.ENSP00000358696,PLXNA3,FES,0.93
9606.ENSP00000358696,PLXNA3,RAC3,0.929
9606.ENSP00000358696,PLXNA3,FYN,0.919
9606.ENSP00000358696,PLXNA3,RHOD,0.913
9606.ENSP00000358812,PDCD11,NAT10,0.999
9606.ENSP00000358812,PDCD11,NOP14,0.999
9606.ENSP00000358812,PDCD11,NOL6,0.999
9606.ENSP00000358812,PDCD11,CEBPZ,0.999
9606.ENSP00000358812,PDCD11,UTP20,0.999
9606.ENSP00000358812,PDCD11,BMS1,0.999
9606.ENSP00000358812,PDCD11,WDR46,0.999
9606.ENSP00000358812,PDCD11,KRR1,0.999
9606.ENSP00000358812,PDCD11,UTP4,0.999
9606.ENSP00000358812,PDCD11,HEATR1,0.999
9606.ENSP00000358812,PDCD11,WDR36,0.998
9606.ENSP00000358812,PDCD11,BYSL,0.998
9606.ENSP00000358812,PDCD11,NOC4L,0.998
9606.ENSP00000358812,PDCD11,NOP58,0.998
9606.ENSP00000358812,PDCD11,RPL11,0.998
9606.ENSP00000358812,PDCD11,WDR75,0.998
9606.ENSP00000358812,PDCD11,RPL23A,0.998
9606.ENSP00000358812,PDCD11,WDR3,0.997
9606.ENSP00000358812,PDCD11,NOL10,0.997
9606.ENSP00000358812,PDCD11,MRPL19,0.997
9606.ENSP00000358812,PDCD11,MPHOSPH10,0.997
9606.ENSP00000358812,PDCD11,RPS11,0.997
9606.ENSP00000358812,PDCD11,RPS9,0.997
9606.ENSP00000358812,PDCD11,RRP7A,0.997
9606.ENSP00000358812,PDCD11,PWP2,0.997
9606.ENSP00000358812,PDCD11,RPS18,0.997
9606.ENSP00000358812,PDCD11,NOP56,0.997
9606.ENSP00000358812,PDCD11,TBL3,0.996
9606.ENSP00000358812,PDCD11,IMP3,0.996
9606.ENSP00000358812,PDCD11,FCF1,0.995
9606.ENSP00000358812,PDCD11,RRP9,0.995
9606.ENSP00000358812,PDCD11,UTP3,0.995
9606.ENSP00000358812,PDCD11,RPS14,0.995
9606.ENSP00000358812,PDCD11,RPS2,0.995
9606.ENSP00000358812,PDCD11,DDX52,0.995
9606.ENSP00000358812,PDCD11,MRPL17,0.994
9606.ENSP00000358812,PDCD11,DCAF13,0.994
9606.ENSP00000358812,PDCD11,UTP6,0.994
9606.ENSP00000358812,PDCD11,UTP18,0.993
9606.ENSP00000358812,PDCD11,EMG1,0.993
9606.ENSP00000358812,PDCD11,UTP11,0.993
9606.ENSP00000358812,PDCD11,UTP14A,0.993
9606.ENSP00000358812,PDCD11,WDR43,0.992
9606.ENSP00000358812,PDCD11,RPL23,0.992
9606.ENSP00000358812,PDCD11,IMP4,0.991
9606.ENSP00000358812,PDCD11,RPS3,0.991
9606.ENSP00000358812,PDCD11,NOC2L,0.99
9606.ENSP00000358812,PDCD11,LOC102724159,0.99
9606.ENSP00000358812,PDCD11,RPS23,0.99
9606.ENSP00000358812,PDCD11,MRPS16,0.99
9606.ENSP00000358812,PDCD11,RPS7,0.99
9606.ENSP00000358812,PDCD11,AATF,0.989
9606.ENSP00000358812,PDCD11,FBL,0.989
9606.ENSP00000358812,PDCD11,RPS5,0.989
9606.ENSP00000358812,PDCD11,MRPL27,0.988
9606.ENSP00000358812,PDCD11,NGDN,0.988
9606.ENSP00000358812,PDCD11,RPS16,0.988
9606.ENSP00000358812,PDCD11,MRTO4,0.988
9606.ENSP00000358812,PDCD11,MRPS9,0.988
9606.ENSP00000358812,PDCD11,UTP15,0.987
9606.ENSP00000358812,PDCD11,RPS15,0.987
9606.ENSP00000358812,PDCD11,MRPL21,0.987
9606.ENSP00000358812,PDCD11,SNU13,0.986
9606.ENSP00000358812,PDCD11,POLR1A,0.985
9606.ENSP00000358812,PDCD11,RPLP0,0.984
9606.ENSP00000358812,PDCD11,RRP12,0.984
9606.ENSP00000358812,PDCD11,RCL1,0.983
9606.ENSP00000358812,PDCD11,RPL5,0.982
9606.ENSP00000358812,PDCD11,RPS6,0.982
9606.ENSP00000358812,PDCD11,RPS20,0.982
9606.ENSP00000358812,PDCD11,RPS13,0.981
9606.ENSP00000358812,PDCD11,MRPS12,0.981
9606.ENSP00000358812,PDCD11,MRPS10,0.98
9606.ENSP00000358812,PDCD11,MRPL9,0.98
9606.ENSP00000358812,PDCD11,RPL35,0.98
9606.ENSP00000358812,PDCD11,MTREX,0.98
9606.ENSP00000358812,PDCD11,UTP14C,0.979
9606.ENSP00000358812,PDCD11,RSL1D1,0.978
9606.ENSP00000358812,PDCD11,TUFM,0.978
9606.ENSP00000358812,PDCD11,POLR1B,0.977
9606.ENSP00000358812,PDCD11,MRPS5,0.977
9606.ENSP00000358812,PDCD11,RPL4,0.977
9606.ENSP00000358812,PDCD11,RPF2,0.976
9606.ENSP00000358812,PDCD11,RBM28,0.976
9606.ENSP00000358812,PDCD11,MED1,0.976
9606.ENSP00000358812,PDCD11,RPL3,0.975
9606.ENSP00000358812,PDCD11,FTSJ3,0.975
9606.ENSP00000358812,PDCD11,RPL9,0.975
9606.ENSP00000358812,PDCD11,MRPL4,0.974
9606.ENSP00000358812,PDCD11,URB1,0.973
9606.ENSP00000358812,PDCD11,DDX10,0.973
9606.ENSP00000358812,PDCD11,UTP25,0.973
9606.ENSP00000358812,PDCD11,MRPS6,0.973
9606.ENSP00000358812,PDCD11,BRIX1,0.971
9606.ENSP00000358812,PDCD11,MRPL36,0.971
9606.ENSP00000358812,PDCD11,BOP1,0.97
9606.ENSP00000358812,PDCD11,MRPL20,0.969
9606.ENSP00000358812,PDCD11,PES1,0.969
9606.ENSP00000358812,PDCD11,MRPS7,0.968
9606.ENSP00000358812,PDCD11,TSR1,0.968
9606.ENSP00000358812,PDCD11,MRPL12,0.968
9606.ENSP00000358812,PDCD11,MRPS11,0.967
9606.ENSP00000358812,PDCD11,CCDC105,0.967
9606.ENSP00000358812,PDCD11,CD74,0.967
9606.ENSP00000358812,PDCD11,POLR3A,0.966
9606.ENSP00000358812,PDCD11,RPL26L1,0.966
9606.ENSP00000358812,PDCD11,RPL26,0.965
9606.ENSP00000358812,PDCD11,RPL3L,0.964
9606.ENSP00000358812,PDCD11,MRPL3,0.964
9606.ENSP00000358812,PDCD11,MRPL24,0.963
9606.ENSP00000358812,PDCD11,RPS8,0.963
9606.ENSP00000358812,PDCD11,RPL8,0.963
9606.ENSP00000358812,PDCD11,CUL7,0.962
9606.ENSP00000358812,PDCD11,FBLL1,0.961
9606.ENSP00000358812,PDCD11,DHX37,0.96
9606.ENSP00000358812,PDCD11,DNTTIP2,0.96
9606.ENSP00000358812,PDCD11,DDX47,0.958
9606.ENSP00000358812,PDCD11,PUM3,0.956
9606.ENSP00000358812,PDCD11,RPL17,0.954
9606.ENSP00000358812,PDCD11,MYBBP1A,0.949
9606.ENSP00000358812,PDCD11,MRPL2,0.949
9606.ENSP00000358812,PDCD11,MRPL22,0.946
9606.ENSP00000358812,PDCD11,ESF1,0.946
9606.ENSP00000358812,PDCD11,RPL17-C18orf32,0.945
9606.ENSP00000358812,PDCD11,RPS15A,0.945
9606.ENSP00000358812,PDCD11,DDX49,0.944
9606.ENSP00000358812,PDCD11,RPS24,0.944
9606.ENSP00000358812,PDCD11,RBM19,0.941
9606.ENSP00000358812,PDCD11,RPL13A,0.941
9606.ENSP00000358812,PDCD11,DHX15,0.941
9606.ENSP00000358812,PDCD11,POLR1C,0.94
9606.ENSP00000358812,PDCD11,TSFM,0.939
9606.ENSP00000358812,PDCD11,PWP1,0.939
9606.ENSP00000358812,PDCD11,EXOSC10,0.939
9606.ENSP00000358812,PDCD11,NOC3L,0.937
9606.ENSP00000358812,PDCD11,POLR3B,0.937
9606.ENSP00000358812,PDCD11,DKC1,0.936
9606.ENSP00000358812,PDCD11,H0YIJ7_HUMAN,0.936
9606.ENSP00000358812,PDCD11,POLR2C,0.936
9606.ENSP00000358812,PDCD11,MRPL13,0.935
9606.ENSP00000358812,PDCD11,FLT3LG,0.934
9606.ENSP00000358812,PDCD11,RPL10A,0.932
9606.ENSP00000358812,PDCD11,GRWD1,0.929
9606.ENSP00000358812,PDCD11,DDX18,0.929
9606.ENSP00000358812,PDCD11,GTPBP4,0.928
9606.ENSP00000358812,PDCD11,NOP2,0.927
9606.ENSP00000358812,PDCD11,FANCE,0.926
9606.ENSP00000358812,PDCD11,MRPL1,0.926
9606.ENSP00000358812,PDCD11,EBNA1BP2,0.922
9606.ENSP00000358812,PDCD11,POLR2B,0.919
9606.ENSP00000358812,PDCD11,EXOSC9,0.916
9606.ENSP00000358812,PDCD11,ARL6IP1,0.912
9606.ENSP00000358812,PDCD11,H3BN98_HUMAN,0.911
9606.ENSP00000358812,PDCD11,RPSA,0.911
9606.ENSP00000358812,PDCD11,RPS28,0.911
9606.ENSP00000358812,PDCD11,MRPS2,0.91
9606.ENSP00000358812,PDCD11,WDR12,0.91
9606.ENSP00000358812,PDCD11,MRPL32,0.91
9606.ENSP00000358812,PDCD11,SDAD1,0.909
9606.ENSP00000358812,PDCD11,SMKR1,0.906
9606.ENSP00000358812,PDCD11,PPP1R26,0.906
9606.ENSP00000358812,PDCD11,CXorf66,0.906
9606.ENSP00000358812,PDCD11,MRNIP,0.905
9606.ENSP00000358812,PDCD11,RPS29,0.902
9606.ENSP00000358983,NFKB2,RELA,0.999
9606.ENSP00000358983,NFKB2,RELB,0.999
9606.ENSP00000358983,NFKB2,NFKB1,0.999
9606.ENSP00000358983,NFKB2,REL,0.999
9606.ENSP00000358983,NFKB2,BCL3,0.999
9606.ENSP00000358983,NFKB2,CHUK,0.998
9606.ENSP00000358983,NFKB2,NFKBIA,0.995
9606.ENSP00000358983,NFKB2,NFKBIB,0.976
9606.ENSP00000358983,NFKB2,MAP3K14,0.966
9606.ENSP00000358983,NFKB2,BTRC,0.963
9606.ENSP00000358983,NFKB2,IKBKB,0.955
9606.ENSP00000358983,NFKB2,ETS1,0.945
9606.ENSP00000358983,NFKB2,IKBKG,0.944
9606.ENSP00000358983,NFKB2,NFKBID,0.924
9606.ENSP00000358983,NFKB2,LTBR,0.901
9606.ENSP00000358983,NFKB2,NFKBIE,0.901
9606.ENSP00000359319,PAX2,PAXIP1,0.981
9606.ENSP00000359319,PAX2,TLX1,0.953
9606.ENSP00000359382,PASD1,ARNTL,0.903
9606.ENSP00000360154,OCRL,RAB8A,0.997
9606.ENSP00000360154,OCRL,PHETA1,0.994
9606.ENSP00000360154,OCRL,INPP5B,0.979
9606.ENSP00000360154,OCRL,APPL1,0.973
9606.ENSP00000360154,OCRL,RAB5A,0.972
9606.ENSP00000360154,OCRL,RAB6A,0.957
9606.ENSP00000360154,OCRL,INPP4A,0.957
9606.ENSP00000360154,OCRL,CLTC,0.949
9606.ENSP00000360154,OCRL,RAB35,0.946
9606.ENSP00000360154,OCRL,PIP5K1C,0.945
9606.ENSP00000360154,OCRL,CLCN5,0.944
9606.ENSP00000360154,OCRL,INPP4B,0.939
9606.ENSP00000360154,OCRL,PIK3C2A,0.937
9606.ENSP00000360154,OCRL,SYNJ1,0.937
9606.ENSP00000360154,OCRL,PIP4K2A,0.937
9606.ENSP00000360154,OCRL,INPP5E,0.936
9606.ENSP00000360154,OCRL,SYNJ2,0.933
9606.ENSP00000360154,OCRL,PIP5K1A,0.931
9606.ENSP00000360154,OCRL,PTEN,0.931
9606.ENSP00000360154,OCRL,PIK3C2B,0.928
9606.ENSP00000360154,OCRL,INPP5F,0.927
9606.ENSP00000360154,OCRL,PIP4K2C,0.924
9606.ENSP00000360154,OCRL,PIP5K1B,0.921
9606.ENSP00000360154,OCRL,PIP4P2,0.92
9606.ENSP00000360154,OCRL,PIK3C2G,0.92
9606.ENSP00000360154,OCRL,PIP4K2B,0.918
9606.ENSP00000360154,OCRL,PHETA2,0.918
9606.ENSP00000360154,OCRL,PIP4P1,0.916
9606.ENSP00000360154,OCRL,PIP5KL1,0.906
9606.ENSP00000360158,PKHD1,PKD2,0.983
9606.ENSP00000360158,PKHD1,PKD1,0.969
9606.ENSP00000360214,OPALIN,TMEM70,0.952
9606.ENSP00000360270,OMA1,OPA1,0.969
9606.ENSP00000360270,OMA1,YME1L1,0.94
9606.ENSP00000360431,PLCE1,NRAS,0.974
9606.ENSP00000360431,PLCE1,HRAS,0.973
9606.ENSP00000360431,PLCE1,KRAS,0.971
9606.ENSP00000360431,PLCE1,NPHS1,0.948
9606.ENSP00000360431,PLCE1,RAP1A,0.948
9606.ENSP00000360431,PLCE1,INPP5A,0.947
9606.ENSP00000360431,PLCE1,RHOA,0.944
9606.ENSP00000360431,PLCE1,NPHS2,0.943
9606.ENSP00000360431,PLCE1,RRAS,0.93
9606.ENSP00000360431,PLCE1,PRKCA,0.926
9606.ENSP00000360431,PLCE1,ITPR1,0.922
9606.ENSP00000360431,PLCE1,ITPR3,0.921
9606.ENSP00000360431,PLCE1,INF2,0.92
9606.ENSP00000360431,PLCE1,RRAS2,0.919
9606.ENSP00000360431,PLCE1,MRAS,0.918
9606.ENSP00000360431,PLCE1,ITPR2,0.917
9606.ENSP00000360431,PLCE1,RAP1B,0.915
9606.ENSP00000360431,PLCE1,IPMK,0.914
9606.ENSP00000360431,PLCE1,CD2AP,0.913
9606.ENSP00000360431,PLCE1,PTEN,0.913
9606.ENSP00000360431,PLCE1,PRKCB,0.909
9606.ENSP00000360431,PLCE1,PRKCG,0.909
9606.ENSP00000360431,PLCE1,CDIPT,0.906
9606.ENSP00000360431,PLCE1,MINPP1,0.905
9606.ENSP00000360431,PLCE1,MTM1,0.902
9606.ENSP00000360431,PLCE1,INPP1,0.901
9606.ENSP00000360431,PLCE1,INPP5F,0.901
9606.ENSP00000360431,PLCE1,PIKFYVE,0.9
9606.ENSP00000360672,PARD6B,PRKCZ,0.999
9606.ENSP00000360672,PARD6B,CDC42,0.999
9606.ENSP00000360672,PARD6B,PARD3,0.998
9606.ENSP00000360672,PARD6B,PRKCI,0.997
9606.ENSP00000360672,PARD6B,LLGL2,0.971
9606.ENSP00000360672,PARD6B,PARD6G,0.963
9606.ENSP00000360672,PARD6B,CRB3,0.961
9606.ENSP00000360672,PARD6B,LLGL1,0.949
9606.ENSP00000360672,PARD6B,RAC3,0.946
9606.ENSP00000360672,PARD6B,MPP5,0.943
9606.ENSP00000360672,PARD6B,RAC2,0.936
9606.ENSP00000360672,PARD6B,PARD6A,0.929
9606.ENSP00000360672,PARD6B,GSK3B,0.915
9606.ENSP00000360672,PARD6B,PTEN,0.907
9606.ENSP00000360672,PARD6B,MAGI1,0.906
9606.ENSP00000360782,PMPCA,PMPCB,0.999
9606.ENSP00000360782,PMPCA,CYC1,0.985
9606.ENSP00000360782,PMPCA,UQCRFS1,0.984
9606.ENSP00000360782,PMPCA,NDUFV1,0.966
9606.ENSP00000360782,PMPCA,UQCRB,0.959
9606.ENSP00000360782,PMPCA,UQCRC1,0.951
9606.ENSP00000360782,PMPCA,NDUFS1,0.942
9606.ENSP00000360782,PMPCA,NDUFV2,0.94
9606.ENSP00000360782,PMPCA,NDUFS8,0.934
9606.ENSP00000360782,PMPCA,NDUFS4,0.93
9606.ENSP00000360782,PMPCA,NDUFA5,0.928
9606.ENSP00000360782,PMPCA,UQCRQ,0.917
9606.ENSP00000360782,PMPCA,COX5A,0.917
9606.ENSP00000360782,PMPCA,UQCR10,0.912
9606.ENSP00000360782,PMPCA,NDUFA2,0.907
9606.ENSP00000360782,PMPCA,NDUFA6,0.905
9606.ENSP00000360782,PMPCA,NDUFA12,0.905
9606.ENSP00000360782,PMPCA,NDUFS6,0.901
9606.ENSP00000361066,NCOA3,CREBBP,0.999
9606.ENSP00000361066,NCOA3,EP300,0.999
9606.ENSP00000361066,NCOA3,ESR1,0.999
9606.ENSP00000361066,NCOA3,CARM1,0.997
9606.ENSP00000361066,NCOA3,NCOA2,0.997
9606.ENSP00000361066,NCOA3,ESR2,0.997
9606.ENSP00000361066,NCOA3,AR,0.997
9606.ENSP00000361066,NCOA3,NCOA1,0.994
9606.ENSP00000361066,NCOA3,RXRA,0.988
9606.ENSP00000361066,NCOA3,PGR,0.986
9606.ENSP00000361066,NCOA3,KAT2B,0.986
9606.ENSP00000361066,NCOA3,SRC,0.975
9606.ENSP00000361066,NCOA3,MED1,0.974
9606.ENSP00000361066,NCOA3,FOS,0.97
9606.ENSP00000361066,NCOA3,MAPK8,0.965
9606.ENSP00000361066,NCOA3,ETV4,0.963
9606.ENSP00000361066,NCOA3,MAPK14,0.955
9606.ENSP00000361066,NCOA3,RARA,0.948
9606.ENSP00000361066,NCOA3,MAPK9,0.946
9606.ENSP00000361066,NCOA3,PSME3,0.941
9606.ENSP00000361066,NCOA3,JUN,0.938
9606.ENSP00000361066,NCOA3,THRB,0.938
9606.ENSP00000361066,NCOA3,HEATR6,0.936
9606.ENSP00000361066,NCOA3,SP1,0.931
9606.ENSP00000361066,NCOA3,RPS6KB1,0.931
9606.ENSP00000361066,NCOA3,NCOR1,0.928
9606.ENSP00000361066,NCOA3,PRMT1,0.924
9606.ENSP00000361066,NCOA3,PRKACA,0.919
9606.ENSP00000361066,NCOA3,PRKACG,0.919
9606.ENSP00000361066,NCOA3,PRKACB,0.919
9606.ENSP00000361066,NCOA3,NCOR2,0.917
9606.ENSP00000361066,NCOA3,ZNF217,0.917
9606.ENSP00000361066,NCOA3,RPS6KB2,0.913
9606.ENSP00000361066,NCOA3,MAPK12,0.913
9606.ENSP00000361066,NCOA3,MAPK13,0.911
9606.ENSP00000361066,NCOA3,PPARG,0.909
9606.ENSP00000361066,NCOA3,MAPK11,0.906
9606.ENSP00000361066,NCOA3,THRA,0.906
9606.ENSP00000361066,NCOA3,NR3C1,0.903
9606.ENSP00000361214,NRG3,ERBB4,0.999
9606.ENSP00000361214,NRG3,NRG4,0.994
9606.ENSP00000361214,NRG3,ERBB3,0.958
9606.ENSP00000361214,NRG3,NRG2,0.955
9606.ENSP00000361214,NRG3,NRG1,0.936
9606.ENSP00000361914,OXCT2,ACAT1,0.983
9606.ENSP00000361914,OXCT2,HMGCL,0.972
9606.ENSP00000361914,OXCT2,ACAT2,0.971
9606.ENSP00000361914,OXCT2,HMGCLL1,0.968
9606.ENSP00000361914,OXCT2,OXCT1,0.961
9606.ENSP00000361914,OXCT2,BDH1,0.958
9606.ENSP00000361914,OXCT2,HMGCS2,0.954
9606.ENSP00000361914,OXCT2,BDH2,0.951
9606.ENSP00000361914,OXCT2,HMGCS1,0.946
9606.ENSP00000361914,OXCT2,AACS,0.942
9606.ENSP00000361914,OXCT2,ACAA2,0.941
9606.ENSP00000361914,OXCT2,EHHADH,0.94
9606.ENSP00000361914,OXCT2,HADHB,0.932
9606.ENSP00000361914,OXCT2,ACAA1,0.926
9606.ENSP00000361949,PABPC4,PAIP1,0.991
9606.ENSP00000361949,PABPC4,PABPN1,0.934
9606.ENSP00000361949,PABPC4,EIF4G1,0.904
9606.ENSP00000362608,PIM1,PIM2,0.924
9606.ENSP00000362608,PIM1,CDIPT,0.914
9606.ENSP00000362690,NR5A1,NR0B1,0.999
9606.ENSP00000362690,NR5A1,SOX9,0.987
9606.ENSP00000362690,NR5A1,SRY,0.986
9606.ENSP00000362690,NR5A1,WT1,0.969
9606.ENSP00000362690,NR5A1,STAR,0.962
9606.ENSP00000362690,NR5A1,GATA4,0.96
9606.ENSP00000362690,NR5A1,NCOA2,0.951
9606.ENSP00000362690,NR5A1,AMH,0.948
9606.ENSP00000362690,NR5A1,PRKACG,0.937
9606.ENSP00000362690,NR5A1,PRKACA,0.934
9606.ENSP00000362690,NR5A1,PPARGC1A,0.934
9606.ENSP00000362690,NR5A1,PRKACB,0.934
9606.ENSP00000362690,NR5A1,NR0B2,0.932
9606.ENSP00000362690,NR5A1,FOXL2,0.926
9606.ENSP00000362690,NR5A1,CYP11A1,0.913
9606.ENSP00000362803,PPIL1,SNW1,0.999
9606.ENSP00000362803,PPIL1,CDC5L,0.999
9606.ENSP00000362803,PPIL1,PRPF8,0.999
9606.ENSP00000362803,PPIL1,EFTUD2,0.999
9606.ENSP00000362803,PPIL1,CDC40,0.999
9606.ENSP00000362803,PPIL1,BUD31,0.998
9606.ENSP00000362803,PPIL1,SYF2,0.998
9606.ENSP00000362803,PPIL1,AQR,0.998
9606.ENSP00000362803,PPIL1,BCAS2,0.997
9606.ENSP00000362803,PPIL1,RBM22,0.997
9606.ENSP00000362803,PPIL1,SNRPA1,0.997
9606.ENSP00000362803,PPIL1,PRPF19,0.997
9606.ENSP00000362803,PPIL1,CWC15,0.995
9606.ENSP00000362803,PPIL1,CRNKL1,0.995
9606.ENSP00000362803,PPIL1,SNRPF,0.994
9606.ENSP00000362803,PPIL1,XAB2,0.994
9606.ENSP00000362803,PPIL1,SNRPG,0.994
9606.ENSP00000362803,PPIL1,SNRNP40,0.992
9606.ENSP00000362803,PPIL1,PLRG1,0.992
9606.ENSP00000362803,PPIL1,SNRPD1,0.992
9606.ENSP00000362803,PPIL1,PPIE,0.991
9606.ENSP00000362803,PPIL1,SNRPE,0.991
9606.ENSP00000362803,PPIL1,SNRPD3,0.99
9606.ENSP00000362803,PPIL1,SNRPD2,0.99
9606.ENSP00000362803,PPIL1,SNRPB,0.989
9606.ENSP00000362803,PPIL1,SNRPB2,0.987
9606.ENSP00000362803,PPIL1,CWF19L2,0.987
9606.ENSP00000362803,PPIL1,DHX8,0.985
9606.ENSP00000362803,PPIL1,SRRM2,0.983
9606.ENSP00000362803,PPIL1,CWC22,0.982
9606.ENSP00000362803,PPIL1,DHX16,0.977
9606.ENSP00000362803,PPIL1,RNF113A,0.971
9606.ENSP00000362803,PPIL1,EIF4A3,0.969
9606.ENSP00000362803,PPIL1,SLU7,0.969
9606.ENSP00000362803,PPIL1,PPWD1,0.968
9606.ENSP00000362803,PPIL1,DHX15,0.964
9606.ENSP00000362803,PPIL1,DHX38,0.963
9606.ENSP00000362803,PPIL1,SRRM1,0.963
9606.ENSP00000362803,PPIL1,CWC27,0.963
9606.ENSP00000362803,PPIL1,PPIG,0.961
9606.ENSP00000362803,PPIL1,NKAP,0.959
9606.ENSP00000362803,PPIL1,SNRNP200,0.959
9606.ENSP00000362803,PPIL1,FAM32A,0.958
9606.ENSP00000362803,PPIL1,PRKRIP1,0.958
9606.ENSP00000362803,PPIL1,SDE2,0.958
9606.ENSP00000362803,PPIL1,CACTIN,0.958
9606.ENSP00000362803,PPIL1,SF3B3,0.93
9606.ENSP00000362803,PPIL1,SF3A1,0.924
9606.ENSP00000362803,PPIL1,PPIL3,0.914
9606.ENSP00000362803,PPIL1,ISY1,0.907
9606.ENSP00000362803,PPIL1,CCDC12,0.903
9606.ENSP00000362803,PPIL1,SF3A3,0.901
9606.ENSP00000363068,PCDH15,CDH23,0.999
9606.ENSP00000363068,PCDH15,MYO7A,0.996
9606.ENSP00000363068,PCDH15,USH1C,0.992
9606.ENSP00000363068,PCDH15,LHFPL5,0.991
9606.ENSP00000363068,PCDH15,USH1G,0.984
9606.ENSP00000363068,PCDH15,ADGRV1,0.929
9606.ENSP00000363068,PCDH15,USH2A,0.927
9606.ENSP00000363571,MUSK,LRP4,0.999
9606.ENSP00000363571,MUSK,AGRN,0.999
9606.ENSP00000363571,MUSK,DOK7,0.998
9606.ENSP00000363571,MUSK,RAPSN,0.991
9606.ENSP00000363571,MUSK,COLQ,0.985
9606.ENSP00000363571,MUSK,DVL1,0.913
9606.ENSP00000363640,PHF1,EZH2,0.998
9606.ENSP00000363640,PHF1,EPOP,0.993
9606.ENSP00000363640,PHF1,SUZ12,0.992
9606.ENSP00000363640,PHF1,H3C12,0.987
9606.ENSP00000363640,PHF1,H3C13,0.985
9606.ENSP00000363640,PHF1,H3-4,0.982
9606.ENSP00000363640,PHF1,JARID2,0.982
9606.ENSP00000363640,PHF1,AEBP2,0.974
9606.ENSP00000363640,PHF1,RBBP7,0.972
9606.ENSP00000363640,PHF1,EED,0.971
9606.ENSP00000363640,PHF1,H3-2,0.965
9606.ENSP00000363640,PHF1,PHF19,0.963
9606.ENSP00000363640,PHF1,MTF2,0.963
9606.ENSP00000363640,PHF1,H3C1,0.955
9606.ENSP00000363640,PHF1,EZH1,0.94
9606.ENSP00000363640,PHF1,H3C3,0.939
9606.ENSP00000363640,PHF1,RBBP4,0.938
9606.ENSP00000363640,PHF1,H3C8,0.934
9606.ENSP00000363640,PHF1,H3C11,0.934
9606.ENSP00000363640,PHF1,H3C7,0.934
9606.ENSP00000363640,PHF1,H3C2,0.934
9606.ENSP00000363640,PHF1,H3C10,0.934
9606.ENSP00000363640,PHF1,H3C6,0.918
9606.ENSP00000363640,PHF1,H3C14,0.911
9606.ENSP00000363640,PHF1,H3C4,0.911
9606.ENSP00000363640,PHF1,H3C15,0.908
9606.ENSP00000363640,PHF1,LCOR,0.9
9606.ENSP00000363921,PARD3,PARD6A,0.999
9606.ENSP00000363921,PARD3,PRKCI,0.999
9606.ENSP00000363921,PARD3,PRKCZ,0.999
9606.ENSP00000363921,PARD3,CDC42,0.999
9606.ENSP00000363921,PARD3,PARD6B,0.998
9606.ENSP00000363921,PARD3,PARD6G,0.996
9606.ENSP00000363921,PARD3,TIAM1,0.991
9606.ENSP00000363921,PARD3,F11R,0.989
9606.ENSP00000363921,PARD3,PATJ,0.985
9606.ENSP00000363921,PARD3,JAM3,0.98
9606.ENSP00000363921,PARD3,NECTIN1,0.976
9606.ENSP00000363921,PARD3,MPP5,0.973
9606.ENSP00000363921,PARD3,JAM2,0.959
9606.ENSP00000363921,PARD3,NECTIN3,0.945
9606.ENSP00000363921,PARD3,MAGI1,0.945
9606.ENSP00000363921,PARD3,OCLN,0.944
9606.ENSP00000363921,PARD3,GSK3B,0.944
9606.ENSP00000363921,PARD3,PTEN,0.936
9606.ENSP00000363921,PARD3,RAC2,0.928
9606.ENSP00000363921,PARD3,RAC3,0.919
9606.ENSP00000363921,PARD3,CDH5,0.916
9606.ENSP00000363921,PARD3,NECTIN2,0.915
9606.ENSP00000363921,PARD3,NECTIN4,0.901
9606.ENSP00000364163,NOTCH4,JAG2,0.999
9606.ENSP00000364163,NOTCH4,JAG1,0.999
9606.ENSP00000364163,NOTCH4,DLL1,0.998
9606.ENSP00000364163,NOTCH4,DLL3,0.998
9606.ENSP00000364163,NOTCH4,DLL4,0.998
9606.ENSP00000364163,NOTCH4,RBPJ,0.988
9606.ENSP00000364163,NOTCH4,MAML1,0.984
9606.ENSP00000364163,NOTCH4,MAML3,0.981
9606.ENSP00000364163,NOTCH4,MAML2,0.971
9606.ENSP00000364163,NOTCH4,NUMBL,0.952
9606.ENSP00000364163,NOTCH4,NUMB,0.952
9606.ENSP00000364163,NOTCH4,SMAD3,0.947
9606.ENSP00000364163,NOTCH4,LFNG,0.938
9606.ENSP00000364163,NOTCH4,ADAM17,0.938
9606.ENSP00000364163,NOTCH4,MFNG,0.937
9606.ENSP00000364163,NOTCH4,RBPJL,0.933
9606.ENSP00000364163,NOTCH4,RFNG,0.926
9606.ENSP00000364163,NOTCH4,DVL1,0.919
9606.ENSP00000364163,NOTCH4,DVL2,0.914
9606.ENSP00000364163,NOTCH4,DVL3,0.913
9606.ENSP00000364163,NOTCH4,HEY1,0.911
9606.ENSP00000364163,NOTCH4,TACC3,0.907
9606.ENSP00000364289,NCBP1,NCBP2,0.999
9606.ENSP00000364289,NCBP1,SRRT,0.999
9606.ENSP00000364289,NCBP1,ALYREF,0.998
9606.ENSP00000364289,NCBP1,RBM25,0.997
9606.ENSP00000364289,NCBP1,SNRPD2,0.997
9606.ENSP00000364289,NCBP1,EIF4E,0.997
9606.ENSP00000364289,NCBP1,NELFE,0.997
9606.ENSP00000364289,NCBP1,NCBP3,0.996
9606.ENSP00000364289,NCBP1,KPNA2,0.994
9606.ENSP00000364289,NCBP1,SNRPD1,0.993
9606.ENSP00000364289,NCBP1,PHAX,0.992
9606.ENSP00000364289,NCBP1,EIF4G1,0.991
9606.ENSP00000364289,NCBP1,SNRPF,0.991
9606.ENSP00000364289,NCBP1,SNRPG,0.99
9606.ENSP00000364289,NCBP1,SNRPE,0.99
9606.ENSP00000364289,NCBP1,SNRPC,0.989
9606.ENSP00000364289,NCBP1,SNRPD3,0.986
9606.ENSP00000364289,NCBP1,SRSF1,0.981
9606.ENSP00000364289,NCBP1,UPF1,0.98
9606.ENSP00000364289,NCBP1,SNRPB,0.98
9606.ENSP00000364289,NCBP1,PABPN1,0.978
9606.ENSP00000364289,NCBP1,CDC40,0.978
9606.ENSP00000364289,NCBP1,SART1,0.972
9606.ENSP00000364289,NCBP1,SRRM1,0.969
9606.ENSP00000364289,NCBP1,DDX39B,0.968
9606.ENSP00000364289,NCBP1,THOC2,0.966
9606.ENSP00000364289,NCBP1,EFTUD2,0.966
9606.ENSP00000364289,NCBP1,SNRPN,0.966
9606.ENSP00000364289,NCBP1,CTIF,0.963
9606.ENSP00000364289,NCBP1,NELFB,0.959
9606.ENSP00000364289,NCBP1,SNRNP70,0.958
9606.ENSP00000364289,NCBP1,SF3B3,0.958
9606.ENSP00000364289,NCBP1,NCBP2L,0.958
9606.ENSP00000364289,NCBP1,XPO1,0.957
9606.ENSP00000364289,NCBP1,PABPC1,0.955
9606.ENSP00000364289,NCBP1,SLBP,0.954
9606.ENSP00000364289,NCBP1,AGO2,0.95
9606.ENSP00000364289,NCBP1,SF3A1,0.949
9606.ENSP00000364289,NCBP1,NELFCD,0.946
9606.ENSP00000364289,NCBP1,RAN,0.945
9606.ENSP00000364289,NCBP1,POLDIP3,0.944
9606.ENSP00000364289,NCBP1,SF3B1,0.942
9606.ENSP00000364289,NCBP1,SNRPA1,0.94
9606.ENSP00000364289,NCBP1,EIF4A3,0.94
9606.ENSP00000364289,NCBP1,RNMT,0.939
9606.ENSP00000364289,NCBP1,AQR,0.937
9606.ENSP00000364289,NCBP1,EIF4E2,0.935
9606.ENSP00000364289,NCBP1,PRPF8,0.935
9606.ENSP00000364289,NCBP1,UPF3B,0.934
9606.ENSP00000364289,NCBP1,CDC5L,0.931
9606.ENSP00000364289,NCBP1,UPF2,0.931
9606.ENSP00000364289,NCBP1,SF3A2,0.93
9606.ENSP00000364289,NCBP1,SNRNP200,0.93
9606.ENSP00000364289,NCBP1,SF3A3,0.929
9606.ENSP00000364289,NCBP1,SNIP1,0.923
9606.ENSP00000364289,NCBP1,EIF4E1B,0.923
9606.ENSP00000364289,NCBP1,SF3B2,0.922
9606.ENSP00000364289,NCBP1,DHX38,0.921
9606.ENSP00000364289,NCBP1,LSM4,0.917
9606.ENSP00000364289,NCBP1,NXF1,0.917
9606.ENSP00000364289,NCBP1,LSM10,0.917
9606.ENSP00000364289,NCBP1,MTREX,0.913
9606.ENSP00000364289,NCBP1,SNW1,0.91
9606.ENSP00000364289,NCBP1,UPF3A,0.909
9606.ENSP00000364289,NCBP1,HNRNPH1,0.907
9606.ENSP00000364289,NCBP1,THOC5,0.906
9606.ENSP00000364289,NCBP1,RAMAC,0.903
9606.ENSP00000364289,NCBP1,PAPOLA,0.903
9606.ENSP00000364289,NCBP1,PPARGC1B,0.901
9606.ENSP00000364289,NCBP1,LUC7L,0.9
9606.ENSP00000364524,PAX7,MYOG,0.938
9606.ENSP00000364524,PAX7,MYOD1,0.932
9606.ENSP00000364524,PAX7,FOXO1,0.925
9606.ENSP00000364524,PAX7,PAX3,0.907
9606.ENSP00000364524,PAX7,MYF5,0.901
9606.ENSP00000364578,NELFE,NELFA,0.999
9606.ENSP00000364578,NELFE,NELFB,0.999
9606.ENSP00000364578,NELFE,NELFCD,0.999
9606.ENSP00000364578,NELFE,SUPT5H,0.998
9606.ENSP00000364578,NELFE,SUPT4H1,0.997
9606.ENSP00000364578,NELFE,NCBP1,0.997
9606.ENSP00000364578,NELFE,NCBP2,0.994
9606.ENSP00000364578,NELFE,CDK9,0.972
9606.ENSP00000364578,NELFE,CCNT1,0.968
9606.ENSP00000364578,NELFE,CCNT2,0.958
9606.ENSP00000364578,NELFE,POLR2A,0.955
9606.ENSP00000364578,NELFE,AFF4,0.943
9606.ENSP00000364578,NELFE,LEO1,0.94
9606.ENSP00000364578,NELFE,WDR61,0.939
9606.ENSP00000364578,NELFE,CTR9,0.939
9606.ENSP00000364578,NELFE,ELL2,0.935
9606.ENSP00000364578,NELFE,MLLT1,0.932
9606.ENSP00000364578,NELFE,CDC73,0.93
9606.ENSP00000364578,NELFE,TCEA2,0.928
9606.ENSP00000364578,NELFE,RTF1,0.925
9606.ENSP00000364578,NELFE,AFF1,0.923
9606.ENSP00000364578,NELFE,ELL,0.923
9606.ENSP00000364578,NELFE,ELOA,0.92
9606.ENSP00000364578,NELFE,ELL3,0.92
9606.ENSP00000364578,NELFE,MLLT3,0.919
9606.ENSP00000364578,NELFE,ZC3H8,0.913
9606.ENSP00000364578,NELFE,ELOB,0.91
9606.ENSP00000364578,NELFE,ICE1,0.91
9606.ENSP00000364578,NELFE,ELP4,0.906
9606.ENSP00000364578,NELFE,ELOC,0.905
9606.ENSP00000364578,NELFE,ERCC6,0.904
9606.ENSP00000364578,NELFE,PAF1,0.904
9606.ENSP00000364578,NELFE,ICE2,0.901
9606.ENSP00000364578,NELFE,EAF2,0.9
9606.ENSP00000364578,NELFE,EAF1,0.9
9606.ENSP00000364578,NELFE,PEX2,0.9
9606.ENSP00000364700,OMD,OGN,0.946
9606.ENSP00000366326,NEBL,MYPN,0.952
9606.ENSP00000366519,NSUN6,DDX18,0.978
9606.ENSP00000366519,NSUN6,GTPBP4,0.978
9606.ENSP00000366519,NSUN6,BOP1,0.976
9606.ENSP00000366519,NSUN6,NOC2L,0.975
9606.ENSP00000366519,NSUN6,NIFK,0.974
9606.ENSP00000366519,NSUN6,FTSJ3,0.974
9606.ENSP00000366519,NSUN6,MRTO4,0.973
9606.ENSP00000366519,NSUN6,EBNA1BP2,0.972
9606.ENSP00000366519,NSUN6,RSL1D1,0.97
9606.ENSP00000366519,NSUN6,BRIX1,0.968
9606.ENSP00000366519,NSUN6,NIP7,0.967
9606.ENSP00000366519,NSUN6,RSL24D1,0.959
9606.ENSP00000366519,NSUN6,NOC3L,0.958
9606.ENSP00000366519,NSUN6,PES1,0.947
9606.ENSP00000366519,NSUN6,WDR12,0.947
9606.ENSP00000366519,NSUN6,DDX55,0.941
9606.ENSP00000366519,NSUN6,RPF1,0.94
9606.ENSP00000366519,NSUN6,WDR74,0.94
9606.ENSP00000366519,NSUN6,RPF2,0.931
9606.ENSP00000366519,NSUN6,GNL3,0.928
9606.ENSP00000366519,NSUN6,GNL3L,0.928
9606.ENSP00000366519,NSUN6,DDX54,0.92
9606.ENSP00000366519,NSUN6,MAK16,0.917
9606.ENSP00000366519,NSUN6,DDX27,0.915
9606.ENSP00000366519,NSUN6,NSA2,0.909
9606.ENSP00000366563,PIK3CD,PIK3R5,0.999
9606.ENSP00000366563,PIK3CD,PIK3R2,0.999
9606.ENSP00000366563,PIK3CD,PIK3R3,0.999
9606.ENSP00000366563,PIK3CD,PIK3R1,0.999
9606.ENSP00000366563,PIK3CD,PIK3CA,0.998
9606.ENSP00000366563,PIK3CD,PIK3CB,0.998
9606.ENSP00000366563,PIK3CD,RRAS,0.997
9606.ENSP00000366563,PIK3CD,PIK3CG,0.994
9606.ENSP00000366563,PIK3CD,RRAS2,0.989
9606.ENSP00000366563,PIK3CD,BTK,0.978
9606.ENSP00000366563,PIK3CD,AKT1,0.976
9606.ENSP00000366563,PIK3CD,SYK,0.976
9606.ENSP00000366563,PIK3CD,KRAS,0.974
9606.ENSP00000366563,PIK3CD,PLCG2,0.974
9606.ENSP00000366563,PIK3CD,PTEN,0.973
9606.ENSP00000366563,PIK3CD,CD19,0.971
9606.ENSP00000366563,PIK3CD,HRAS,0.971
9606.ENSP00000366563,PIK3CD,SRC,0.967
9606.ENSP00000366563,PIK3CD,CDC42,0.965
9606.ENSP00000366563,PIK3CD,AKT2,0.962
9606.ENSP00000366563,PIK3CD,RAC2,0.957
9606.ENSP00000366563,PIK3CD,LYN,0.956
9606.ENSP00000366563,PIK3CD,ARHGEF7,0.955
9606.ENSP00000366563,PIK3CD,NRAS,0.954
9606.ENSP00000366563,PIK3CD,MRAS,0.954
9606.ENSP00000366563,PIK3CD,ERBB3,0.951
9606.ENSP00000366563,PIK3CD,IGF1R,0.95
9606.ENSP00000366563,PIK3CD,AKT3,0.95
9606.ENSP00000366563,PIK3CD,PIP5K1A,0.948
9606.ENSP00000366563,PIK3CD,ITK,0.948
9606.ENSP00000366563,PIK3CD,PDPK1,0.948
9606.ENSP00000366563,PIK3CD,JAK1,0.945
9606.ENSP00000366563,PIK3CD,VAV1,0.945
9606.ENSP00000366563,PIK3CD,PIK3R6,0.945
9606.ENSP00000366563,PIK3CD,INPP5D,0.945
9606.ENSP00000366563,PIK3CD,ICOS,0.944
9606.ENSP00000366563,PIK3CD,ZAP70,0.944
9606.ENSP00000366563,PIK3CD,IRS1,0.943
9606.ENSP00000366563,PIK3CD,CD28,0.943
9606.ENSP00000366563,PIK3CD,EGFR,0.942
9606.ENSP00000366563,PIK3CD,MTOR,0.942
9606.ENSP00000366563,PIK3CD,PIP5K1C,0.942
9606.ENSP00000366563,PIK3CD,ERBB2,0.941
9606.ENSP00000366563,PIK3CD,FLT3,0.94
9606.ENSP00000366563,PIK3CD,KIT,0.94
9606.ENSP00000366563,PIK3CD,PIP5KL1,0.94
9606.ENSP00000366563,PIK3CD,JAK2,0.938
9606.ENSP00000366563,PIK3CD,JAK3,0.937
9606.ENSP00000366563,PIK3CD,INPPL1,0.937
9606.ENSP00000366563,PIK3CD,FYN,0.936
9606.ENSP00000366563,PIK3CD,TLR4,0.934
9606.ENSP00000366563,PIK3CD,RAC3,0.933
9606.ENSP00000366563,PIK3CD,IRS2,0.932
9606.ENSP00000366563,PIK3CD,RAF1,0.932
9606.ENSP00000366563,PIK3CD,PDGFRB,0.932
9606.ENSP00000366563,PIK3CD,PTPN11,0.931
9606.ENSP00000366563,PIK3CD,ITGAM,0.93
9606.ENSP00000366563,PIK3CD,KDR,0.928
9606.ENSP00000366563,PIK3CD,INSR,0.927
9606.ENSP00000366563,PIK3CD,PREX1,0.927
9606.ENSP00000366563,PIK3CD,PLCG1,0.927
9606.ENSP00000366563,PIK3CD,ALK,0.927
9606.ENSP00000366563,PIK3CD,PTPN6,0.926
9606.ENSP00000366563,PIK3CD,ITGB2,0.926
9606.ENSP00000366563,PIK3CD,FCER1G,0.926
9606.ENSP00000366563,PIK3CD,ERBB4,0.925
9606.ENSP00000366563,PIK3CD,RAP1B,0.925
9606.ENSP00000366563,PIK3CD,GAB1,0.925
9606.ENSP00000366563,PIK3CD,PIP4K2A,0.924
9606.ENSP00000366563,PIK3CD,PDGFRA,0.924
9606.ENSP00000366563,PIK3CD,FGFR1,0.924
9606.ENSP00000366563,PIK3CD,PTK2,0.924
9606.ENSP00000366563,PIK3CD,PIP5K1B,0.923
9606.ENSP00000366563,PIK3CD,TXK,0.923
9606.ENSP00000366563,PIK3CD,PRKCD,0.923
9606.ENSP00000366563,PIK3CD,NTRK1,0.922
9606.ENSP00000366563,PIK3CD,RAP1A,0.922
9606.ENSP00000366563,PIK3CD,MET,0.922
9606.ENSP00000366563,PIK3CD,HCST,0.921
9606.ENSP00000366563,PIK3CD,PIP4K2B,0.921
9606.ENSP00000366563,PIK3CD,IRS4,0.919
9606.ENSP00000366563,PIK3CD,VAV3,0.918
9606.ENSP00000366563,PIK3CD,PIK3AP1,0.918
9606.ENSP00000366563,PIK3CD,VAV2,0.917
9606.ENSP00000366563,PIK3CD,PRKCZ,0.916
9606.ENSP00000366563,PIK3CD,PIP4K2C,0.916
9606.ENSP00000366563,PIK3CD,ITGB1,0.915
9606.ENSP00000366563,PIK3CD,GAB2,0.914
9606.ENSP00000366563,PIK3CD,ILK,0.914
9606.ENSP00000366563,PIK3CD,IFNGR1,0.911
9606.ENSP00000366563,PIK3CD,LIFR,0.911
9606.ENSP00000366563,PIK3CD,PGR,0.911
9606.ENSP00000366563,PIK3CD,GNAI2,0.91
9606.ENSP00000366563,PIK3CD,ITGA2,0.91
9606.ENSP00000366563,PIK3CD,EML4,0.909
9606.ENSP00000366563,PIK3CD,PRKCI,0.908
9606.ENSP00000366563,PIK3CD,CBLB,0.908
9606.ENSP00000366563,PIK3CD,TRAF2,0.905
9606.ENSP00000366563,PIK3CD,GNAI1,0.903
9606.ENSP00000366563,PIK3CD,GNAI3,0.903
9606.ENSP00000366563,PIK3CD,PIP4P1,0.902
9606.ENSP00000366563,PIK3CD,OGT,0.902
9606.ENSP00000366563,PIK3CD,IL6ST,0.901
9606.ENSP00000366563,PIK3CD,DAB1,0.901
9606.ENSP00000366563,PIK3CD,NGFR,0.9
9606.ENSP00000366563,PIK3CD,KISS1R,0.9
9606.ENSP00000366563,PIK3CD,PIP4P2,0.9
9606.ENSP00000366563,PIK3CD,THRB,0.9
9606.ENSP00000366563,PIK3CD,THRA,0.9
9606.ENSP00000366934,NOL9,LAS1L,0.999
9606.ENSP00000366934,NOL9,WDR18,0.988
9606.ENSP00000366934,NOL9,TEX10,0.971
9606.ENSP00000366934,NOL9,PELP1,0.964
9606.ENSP00000366934,NOL9,SENP3,0.952
9606.ENSP00000367686,PAK5,CDC42,0.996
9606.ENSP00000367686,PAK5,NCK1,0.946
9606.ENSP00000367686,PAK5,RAC2,0.94
9606.ENSP00000367686,PAK5,ARHGEF7,0.939
9606.ENSP00000367686,PAK5,ARHGEF6,0.934
9606.ENSP00000367686,PAK5,RAC3,0.934
9606.ENSP00000367686,PAK5,ROBO2,0.929
9606.ENSP00000367686,PAK5,ROBO1,0.922
9606.ENSP00000367686,PAK5,LIMK1,0.919
9606.ENSP00000367686,PAK5,NCK2,0.918
9606.ENSP00000367686,PAK5,MAP2K1,0.917
9606.ENSP00000367686,PAK5,RAF1,0.914
9606.ENSP00000367686,PAK5,LIMK2,0.912
9606.ENSP00000367686,PAK5,GNG12,0.9
9606.ENSP00000367747,PLCH2,IPMK,0.912
9606.ENSP00000367747,PLCH2,PTEN,0.902
9606.ENSP00000367747,PLCH2,MINPP1,0.9
9606.ENSP00000367762,PLCB4,GNA11,0.973
9606.ENSP00000367762,PLCB4,GNAQ,0.973
9606.ENSP00000367762,PLCB4,GNAI3,0.953
9606.ENSP00000367762,PLCB4,ITPR1,0.947
9606.ENSP00000367762,PLCB4,GNA14,0.944
9606.ENSP00000367762,PLCB4,PRKCG,0.942
9606.ENSP00000367762,PLCB4,GNA15,0.94
9606.ENSP00000367762,PLCB4,ITPR3,0.939
9606.ENSP00000367762,PLCB4,ITPR2,0.937
9606.ENSP00000367762,PLCB4,GNAI1,0.936
9606.ENSP00000367762,PLCB4,PRKCA,0.933
9606.ENSP00000367762,PLCB4,CAMK2A,0.929
9606.ENSP00000367762,PLCB4,INPP5A,0.928
9606.ENSP00000367762,PLCB4,PRKCB,0.924
9606.ENSP00000367762,PLCB4,GNAI2,0.924
9606.ENSP00000367762,PLCB4,CAMK2B,0.924
9606.ENSP00000367762,PLCB4,PRKG1,0.918
9606.ENSP00000367762,PLCB4,PRKCD,0.917
9606.ENSP00000367762,PLCB4,GNAT3,0.916
9606.ENSP00000367762,PLCB4,PTEN,0.915
9606.ENSP00000367762,PLCB4,PRKG2,0.911
9606.ENSP00000367762,PLCB4,PATJ,0.911
9606.ENSP00000367762,PLCB4,IPMK,0.907
9606.ENSP00000367762,PLCB4,GNB3,0.907
9606.ENSP00000367762,PLCB4,MTM1,0.906
9606.ENSP00000367762,PLCB4,INPP5F,0.905
9606.ENSP00000367762,PLCB4,MINPP1,0.905
9606.ENSP00000367762,PLCB4,GNG13,0.904
9606.ENSP00000367762,PLCB4,INPP1,0.902
9606.ENSP00000367762,PLCB4,CASR,0.901
9606.ENSP00000367762,PLCB4,PIKFYVE,0.901
9606.ENSP00000367762,PLCB4,CDIPT,0.901
9606.ENSP00000367762,PLCB4,GPRC6A,0.9
9606.ENSP00000367890,NADK,H6PD,0.919
9606.ENSP00000367890,NADK,G6PD,0.917
9606.ENSP00000369274,PHKA2,PHKG2,0.999
9606.ENSP00000369274,PHKA2,PHKB,0.978
9606.ENSP00000369274,PHKA2,PHKG1,0.975
9606.ENSP00000369274,PHKA2,CALM3,0.972
9606.ENSP00000369274,PHKA2,PHKA1,0.955
9606.ENSP00000369274,PHKA2,CALM1,0.941
9606.ENSP00000369274,PHKA2,CALML3,0.92
9606.ENSP00000369274,PHKA2,CALML5,0.92
9606.ENSP00000369274,PHKA2,CALML4,0.918
9606.ENSP00000369274,PHKA2,CALML6,0.917
9606.ENSP00000369820,PIGA,PIGQ,0.999
9606.ENSP00000369820,PIGA,PIGC,0.999
9606.ENSP00000369820,PIGA,DPM2,0.999
9606.ENSP00000369820,PIGA,PIGY,0.999
9606.ENSP00000369820,PIGA,PIGP,0.999
9606.ENSP00000369820,PIGA,PIGH,0.999
9606.ENSP00000369820,PIGA,PIGR,0.991
9606.ENSP00000369820,PIGA,PIGL,0.991
9606.ENSP00000369820,PIGA,CD59,0.972
9606.ENSP00000369820,PIGA,PIGM,0.935
9606.ENSP00000369820,PIGA,CD55,0.93
9606.ENSP00000369820,PIGA,AGPAT2,0.912
9606.ENSP00000370253,NKX3-1,AR,0.95
9606.ENSP00000370253,NKX3-1,AKT3,0.943
9606.ENSP00000370253,NKX3-1,AKT1,0.94
9606.ENSP00000370253,NKX3-1,AKT2,0.907
9606.ENSP00000370345,PAN3,PAN2,0.999
9606.ENSP00000370345,PAN3,PABPC1,0.96
9606.ENSP00000370372,NLN,NTS,0.996
9606.ENSP00000370517,PFKP,GPI,0.996
9606.ENSP00000370517,PFKP,HK1,0.995
9606.ENSP00000370517,PFKP,PFKM,0.991
9606.ENSP00000370517,PFKP,PFKL,0.991
9606.ENSP00000370517,PFKP,ALDOA,0.988
9606.ENSP00000370517,PFKP,TALDO1,0.984
9606.ENSP00000370517,PFKP,ALDOB,0.982
9606.ENSP00000370517,PFKP,FBP1,0.98
9606.ENSP00000370517,PFKP,ALDOC,0.979
9606.ENSP00000370517,PFKP,FBP2,0.977
9606.ENSP00000370517,PFKP,PFKFB3,0.973
9606.ENSP00000370517,PFKP,PFKFB4,0.969
9606.ENSP00000370517,PFKP,HK2,0.965
9606.ENSP00000370517,PFKP,TKT,0.963
9606.ENSP00000370517,PFKP,TKTL1,0.963
9606.ENSP00000370517,PFKP,PFKFB1,0.962
9606.ENSP00000370517,PFKP,PFKFB2,0.961
9606.ENSP00000370517,PFKP,TKTL2,0.961
9606.ENSP00000370517,PFKP,TIGAR,0.958
9606.ENSP00000370517,PFKP,HKDC1,0.954
9606.ENSP00000370517,PFKP,HK3,0.954
9606.ENSP00000370517,PFKP,MPI,0.931
9606.ENSP00000370517,PFKP,PKM,0.927
9606.ENSP00000370517,PFKP,TPI1,0.925
9606.ENSP00000370517,PFKP,ACOT2,0.9
9606.ENSP00000370517,PFKP,ACOT1,0.9
9606.ENSP00000370517,PFKP,ACOT4,0.9
9606.ENSP00000370697,P2RY8,CRLF2,0.953
9606.ENSP00000371419,PARP4,TEP1,0.999
9606.ENSP00000371419,PARP4,MVP,0.999
9606.ENSP00000371419,PARP4,CASP3,0.915
9606.ENSP00000371419,PARP4,CASP7,0.913
9606.ENSP00000371419,PARP4,CASP9,0.911
9606.ENSP00000371419,PARP4,GZMB,0.904
9606.ENSP00000371472,NIN,CNTRL,0.992
9606.ENSP00000371472,NIN,CCDC68,0.979
9606.ENSP00000371472,NIN,PCNT,0.979
9606.ENSP00000371472,NIN,CEP170,0.978
9606.ENSP00000371472,NIN,ODF2,0.969
9606.ENSP00000371472,NIN,DCTN1,0.964
9606.ENSP00000371472,NIN,CEP128,0.957
9606.ENSP00000371472,NIN,CCDC120,0.957
9606.ENSP00000371472,NIN,CEP250,0.939
9606.ENSP00000371472,NIN,RTRAF,0.931
9606.ENSP00000371472,NIN,GSK3B,0.904
9606.ENSP00000371472,NIN,PCM1,0.903
9606.ENSP00000371472,NIN,CEP164,0.901
9606.ENSP00000372351,NSD2,H3C13,0.988
9606.ENSP00000372351,NSD2,H4C6,0.972
9606.ENSP00000372351,NSD2,NKX2-5,0.943
9606.ENSP00000372351,NSD2,BRD4,0.941
9606.ENSP00000372351,NSD2,H3-4,0.931
9606.ENSP00000372351,NSD2,H2AC6,0.926
9606.ENSP00000372351,NSD2,H2AC13,0.922
9606.ENSP00000372351,NSD2,H2AC16,0.921
9606.ENSP00000372351,NSD2,H2AC11,0.921
9606.ENSP00000372351,NSD2,H2AC17,0.921
9606.ENSP00000372351,NSD2,H2AC15,0.921
9606.ENSP00000372351,NSD2,H3C14,0.92
9606.ENSP00000372351,NSD2,BRD3,0.917
9606.ENSP00000372351,NSD2,H3C15,0.916
9606.ENSP00000372351,NSD2,H2AC4,0.915
9606.ENSP00000372351,NSD2,H2AC8,0.915
9606.ENSP00000372351,NSD2,H2BC12,0.914
9606.ENSP00000372351,NSD2,H2BC11,0.912
9606.ENSP00000372351,NSD2,HDAC1,0.901
9606.ENSP00000374409,PKP4,PDZD2,0.956
9606.ENSP00000374409,PKP4,DSP,0.949
9606.ENSP00000374409,PKP4,ERBIN,0.935
9606.ENSP00000375063,NLRP5,OOEP,0.996
9606.ENSP00000375063,NLRP5,TLE6,0.994
9606.ENSP00000375063,NLRP5,KHDC3L,0.993
9606.ENSP00000375921,PAX3,SOX10,0.997
9606.ENSP00000375921,PAX3,MYF5,0.959
9606.ENSP00000375921,PAX3,MYOD1,0.95
9606.ENSP00000375921,PAX3,MYOG,0.945
9606.ENSP00000375921,PAX3,FOXO1,0.938
9606.ENSP00000375921,PAX3,NCOA1,0.936
9606.ENSP00000375921,PAX3,SIX1,0.925
9606.ENSP00000375921,PAX3,PAX7,0.907
9606.ENSP00000375921,PAX3,MYF6,0.9
9606.ENSP00000376132,MYO1B,MYO1C,0.906
9606.ENSP00000376352,PDK1,PDHB,0.984
9606.ENSP00000376352,PDK1,PDHA1,0.97
9606.ENSP00000376352,PDK1,PDK2,0.961
9606.ENSP00000376352,PDK1,PDHA2,0.927
9606.ENSP00000376352,PDK1,PDHX,0.904
9606.ENSP00000376786,POU2AF1,POU2F1,0.995
9606.ENSP00000376786,POU2AF1,CD79A,0.913
9606.ENSP00000377015,PICALM,CLINT1,0.982
9606.ENSP00000377015,PICALM,CLTC,0.971
9606.ENSP00000377015,PICALM,UBB,0.95
9606.ENSP00000377015,PICALM,UBC,0.949
9606.ENSP00000377015,PICALM,RPS27A,0.949
9606.ENSP00000377015,PICALM,EPN2,0.947
9606.ENSP00000377015,PICALM,AP2A1,0.947
9606.ENSP00000377015,PICALM,UBA52,0.947
9606.ENSP00000377015,PICALM,EPS15,0.946
9606.ENSP00000377015,PICALM,EPN3,0.944
9606.ENSP00000377015,PICALM,AP2M1,0.935
9606.ENSP00000377015,PICALM,HIP1R,0.927
9606.ENSP00000377015,PICALM,CLU,0.923
9606.ENSP00000377015,PICALM,CLTA,0.922
9606.ENSP00000377015,PICALM,MLLT10,0.922
9606.ENSP00000377015,PICALM,CLTB,0.919
9606.ENSP00000377015,PICALM,CLTCL1,0.915
9606.ENSP00000377015,PICALM,AP2B1,0.908
9606.ENSP00000377015,PICALM,PIK3C2A,0.9
9606.ENSP00000377298,NUMA1,GPSM2,0.997
9606.ENSP00000377298,NUMA1,HAUS6,0.924
9606.ENSP00000377298,NUMA1,TNKS,0.921
9606.ENSP00000377298,NUMA1,EPB41L2,0.9
9606.ENSP00000378323,PPP3CA,NFATC1,0.999
9606.ENSP00000378323,PPP3CA,PPP3R1,0.999
9606.ENSP00000378323,PPP3CA,CALM3,0.999
9606.ENSP00000378323,PPP3CA,CALML4,0.997
9606.ENSP00000378323,PPP3CA,CALML3,0.997
9606.ENSP00000378323,PPP3CA,CALML6,0.997
9606.ENSP00000378323,PPP3CA,CALML5,0.997
9606.ENSP00000378323,PPP3CA,RCAN1,0.997
9606.ENSP00000378323,PPP3CA,PPP3CB,0.994
9606.ENSP00000378323,PPP3CA,PPP3R2,0.993
9606.ENSP00000378323,PPP3CA,CALM1,0.986
9606.ENSP00000378323,PPP3CA,PPIA,0.985
9606.ENSP00000378323,PPP3CA,NFATC2,0.975
9606.ENSP00000378323,PPP3CA,NFATC4,0.969
9606.ENSP00000378323,PPP3CA,PPP3CC,0.967
9606.ENSP00000378323,PPP3CA,PPP2R2A,0.96
9606.ENSP00000378323,PPP3CA,CALM2,0.957
9606.ENSP00000378323,PPP3CA,GSK3B,0.955
9606.ENSP00000378323,PPP3CA,SOD1,0.95
9606.ENSP00000378323,PPP3CA,RCAN2,0.946
9606.ENSP00000378323,PPP3CA,NFATC3,0.946
9606.ENSP00000378323,PPP3CA,PPP2R1A,0.943
9606.ENSP00000378323,PPP3CA,PLCG1,0.943
9606.ENSP00000378323,PPP3CA,RCAN3,0.943
9606.ENSP00000378323,PPP3CA,PPP2R5C,0.943
9606.ENSP00000378323,PPP3CA,PPP4R2,0.939
9606.ENSP00000378323,PPP3CA,PPP2R5A,0.938
9606.ENSP00000378323,PPP3CA,PPP2CA,0.937
9606.ENSP00000378323,PPP3CA,CRTC2,0.937
9606.ENSP00000378323,PPP3CA,FKBP1A,0.937
9606.ENSP00000378323,PPP3CA,CACNA1C,0.926
9606.ENSP00000378323,PPP3CA,PPP1R1B,0.923
9606.ENSP00000378323,PPP3CA,TARDBP,0.92
9606.ENSP00000378323,PPP3CA,SSH2,0.92
9606.ENSP00000378323,PPP3CA,CACNA1D,0.918
9606.ENSP00000378323,PPP3CA,PPP1R1A,0.918
9606.ENSP00000378323,PPP3CA,AKAP5,0.917
9606.ENSP00000378323,PPP3CA,SSH3,0.916
9606.ENSP00000378323,PPP3CA,SSH1,0.915
9606.ENSP00000378323,PPP3CA,PLCG2,0.912
9606.ENSP00000378323,PPP3CA,SLC9A1,0.912
9606.ENSP00000378323,PPP3CA,PPP2CB,0.908
9606.ENSP00000378323,PPP3CA,BAD,0.9
9606.ENSP00000378769,PPP1CB,PPP1R12A,0.999
9606.ENSP00000378769,PPP1CB,PPP1CC,0.997
9606.ENSP00000378769,PPP1CB,PPP1CA,0.997
9606.ENSP00000378769,PPP1CB,PPP1R15A,0.996
9606.ENSP00000378769,PPP1CB,PPP1R12B,0.996
9606.ENSP00000378769,PPP1CB,WDR82,0.995
9606.ENSP00000378769,PPP1CB,PPP1R12C,0.995
9606.ENSP00000378769,PPP1CB,INTS1,0.994
9606.ENSP00000378769,PPP1CB,INTS6,0.994
9606.ENSP00000378769,PPP1CB,PPP1R7,0.993
9606.ENSP00000378769,PPP1CB,PPP1R3A,0.99
9606.ENSP00000378769,PPP1CB,PPP1R14A,0.986
9606.ENSP00000378769,PPP1CB,PPP1R3C,0.982
9606.ENSP00000378769,PPP1CB,PPP1R16B,0.98
9606.ENSP00000378769,PPP1CB,SHOC2,0.979
9606.ENSP00000378769,PPP1CB,TOX4,0.974
9606.ENSP00000378769,PPP1CB,MYL9,0.974
9606.ENSP00000378769,PPP1CB,PPP1R3B,0.97
9606.ENSP00000378769,PPP1CB,GYS1,0.97
9606.ENSP00000378769,PPP1CB,PPP1R3E,0.967
9606.ENSP00000378769,PPP1CB,PPP1R10,0.964
9606.ENSP00000378769,PPP1CB,PPP1R1A,0.959
9606.ENSP00000378769,PPP1CB,TP53BP2,0.957
9606.ENSP00000378769,PPP1CB,GYS2,0.956
9606.ENSP00000378769,PPP1CB,PPP1R2,0.956
9606.ENSP00000378769,PPP1CB,PPP1R11,0.955
9606.ENSP00000378769,PPP1CB,PPP1R3D,0.955
9606.ENSP00000378769,PPP1CB,RB1,0.953
9606.ENSP00000378769,PPP1CB,MYL12B,0.952
9606.ENSP00000378769,PPP1CB,EIF2S1,0.949
9606.ENSP00000378769,PPP1CB,PPP1R15B,0.947
9606.ENSP00000378769,PPP1CB,MYL6,0.946
9606.ENSP00000378769,PPP1CB,RYR2,0.942
9606.ENSP00000378769,PPP1CB,PPP1R8,0.941
9606.ENSP00000378769,PPP1CB,WDR33,0.94
9606.ENSP00000378769,PPP1CB,PPP1R3F,0.935
9606.ENSP00000378769,PPP1CB,PPP1R1B,0.934
9606.ENSP00000378769,PPP1CB,CPSF1,0.932
9606.ENSP00000378769,PPP1CB,MYL12A,0.93
9606.ENSP00000378769,PPP1CB,PPP1R9B,0.93
9606.ENSP00000378769,PPP1CB,ROCK1,0.928
9606.ENSP00000378769,PPP1CB,CPSF3,0.926
9606.ENSP00000378769,PPP1CB,PRKG1,0.925
9606.ENSP00000378769,PPP1CB,ROCK2,0.924
9606.ENSP00000378769,PPP1CB,CAMK2A,0.923
9606.ENSP00000378769,PPP1CB,CDC25C,0.922
9606.ENSP00000378769,PPP1CB,CAMK2B,0.92
9606.ENSP00000378769,PPP1CB,MYL6B,0.917
9606.ENSP00000378769,PPP1CB,PRKCE,0.915
9606.ENSP00000378769,PPP1CB,RBL2,0.913
9606.ENSP00000378769,PPP1CB,GRIA1,0.912
9606.ENSP00000378769,PPP1CB,YAP1,0.912
9606.ENSP00000378769,PPP1CB,RBL1,0.911
9606.ENSP00000378769,PPP1CB,GRIN2A,0.909
9606.ENSP00000378769,PPP1CB,SSU72,0.909
9606.ENSP00000378769,PPP1CB,CACNA1C,0.909
9606.ENSP00000378769,PPP1CB,WWTR1,0.908
9606.ENSP00000378769,PPP1CB,GRIN2B,0.908
9606.ENSP00000378769,PPP1CB,RASSF5,0.908
9606.ENSP00000378769,PPP1CB,GRIA2,0.907
9606.ENSP00000378769,PPP1CB,PRKG2,0.907
9606.ENSP00000378769,PPP1CB,CACNA1D,0.907
9606.ENSP00000378769,PPP1CB,PPP1R16A,0.904
9606.ENSP00000378769,PPP1CB,GRIA4,0.903
9606.ENSP00000378769,PPP1CB,GRIA3,0.903
9606.ENSP00000378769,PPP1CB,PLN,0.901
9606.ENSP00000378769,PPP1CB,TRPM8,0.9
9606.ENSP00000379174,POLM,REV1,0.992
9606.ENSP00000379174,POLM,TENT4A,0.948
9606.ENSP00000379174,POLM,POLH,0.929
9606.ENSP00000379174,POLM,XRCC4,0.918
9606.ENSP00000379330,NFATC2,FOS,0.998
9606.ENSP00000379330,NFATC2,JUN,0.998
9606.ENSP00000379330,NFATC2,FOXP3,0.995
9606.ENSP00000379330,NFATC2,NFATC1,0.979
9606.ENSP00000379330,NFATC2,PPP3R1,0.975
9606.ENSP00000379330,NFATC2,PPP3CA,0.975
9606.ENSP00000379330,NFATC2,CREB1,0.962
9606.ENSP00000379330,NFATC2,PPP3CB,0.957
9606.ENSP00000379330,NFATC2,MEF2D,0.952
9606.ENSP00000379330,NFATC2,GSK3B,0.938
9606.ENSP00000379330,NFATC2,IL2,0.936
9606.ENSP00000379330,NFATC2,MAPK3,0.93
9606.ENSP00000379330,NFATC2,SMAD3,0.93
9606.ENSP00000379330,NFATC2,NFATC3,0.926
9606.ENSP00000379330,NFATC2,GATA4,0.926
9606.ENSP00000379330,NFATC2,NFATC4,0.926
9606.ENSP00000379330,NFATC2,MEF2A,0.923
9606.ENSP00000379330,NFATC2,PPP3CC,0.922
9606.ENSP00000379330,NFATC2,PPP3R2,0.921
9606.ENSP00000379330,NFATC2,MAPK1,0.921
9606.ENSP00000379330,NFATC2,FOXP2,0.918
9606.ENSP00000379330,NFATC2,SRF,0.918
9606.ENSP00000379330,NFATC2,MEF2B,0.915
9606.ENSP00000379401,ODAM,AMTN,0.963
9606.ENSP00000379616,MYH11,ACTA2,0.997
9606.ENSP00000379616,MYH11,ACTG2,0.993
9606.ENSP00000379616,MYH11,MYL9,0.986
9606.ENSP00000379616,MYH11,MYL6,0.981
9606.ENSP00000379616,MYH11,CBFB,0.978
9606.ENSP00000379616,MYH11,MYL12B,0.968
9606.ENSP00000379616,MYH11,CNN1,0.968
9606.ENSP00000379616,MYH11,ACTB,0.961
9606.ENSP00000379616,MYH11,MYL2,0.96
9606.ENSP00000379616,MYH11,MYL12A,0.956
9606.ENSP00000379616,MYH11,MYL6B,0.956
9606.ENSP00000379616,MYH11,LMOD1,0.951
9606.ENSP00000379616,MYH11,MYLK,0.947
9606.ENSP00000379616,MYH11,CALD1,0.946
9606.ENSP00000379616,MYH11,ACTG1,0.942
9606.ENSP00000379616,MYH11,MYH10,0.938
9606.ENSP00000379616,MYH11,MYH9,0.937
9606.ENSP00000379616,MYH11,TAGLN,0.927
9606.ENSP00000379616,MYH11,RUNX1,0.922
9606.ENSP00000379616,MYH11,MYH14,0.915
9606.ENSP00000379616,MYH11,MYL1,0.91
9606.ENSP00000379691,PDXDC1,BFAR,0.916
9606.ENSP00000380252,NFE2L2,MAFG,0.999
9606.ENSP00000380252,NFE2L2,KEAP1,0.999
9606.ENSP00000380252,NFE2L2,MAF,0.998
9606.ENSP00000380252,NFE2L2,MAFK,0.995
9606.ENSP00000380252,NFE2L2,MAFF,0.991
9606.ENSP00000380252,NFE2L2,HMOX1,0.989
9606.ENSP00000380252,NFE2L2,NQO1,0.978
9606.ENSP00000380252,NFE2L2,EIF2AK3,0.977
9606.ENSP00000380252,NFE2L2,CUL3,0.975
9606.ENSP00000380252,NFE2L2,PARK7,0.969
9606.ENSP00000380252,NFE2L2,DDIT3,0.968
9606.ENSP00000380252,NFE2L2,GCLC,0.966
9606.ENSP00000380252,NFE2L2,MYC,0.961
9606.ENSP00000380252,NFE2L2,ATF4,0.953
9606.ENSP00000380252,NFE2L2,GSK3B,0.953
9606.ENSP00000380252,NFE2L2,GCLM,0.951
9606.ENSP00000380252,NFE2L2,PMF1,0.951
9606.ENSP00000380252,NFE2L2,SQSTM1,0.95
9606.ENSP00000380252,NFE2L2,MAPK7,0.947
9606.ENSP00000380252,NFE2L2,EIF2AK2,0.942
9606.ENSP00000380252,NFE2L2,PPARGC1A,0.942
9606.ENSP00000380252,NFE2L2,CREBBP,0.942
9606.ENSP00000380252,NFE2L2,BTRC,0.935
9606.ENSP00000380252,NFE2L2,EP300,0.933
9606.ENSP00000380252,NFE2L2,GSR,0.93
9606.ENSP00000380252,NFE2L2,EIF2AK4,0.929
9606.ENSP00000380252,NFE2L2,AKT1,0.923
9606.ENSP00000380252,NFE2L2,JUN,0.92
9606.ENSP00000380252,NFE2L2,EIF2AK1,0.914
9606.ENSP00000380252,NFE2L2,PMF1-BGLAP,0.905
9606.ENSP00000380367,MYH2,MYL1,0.994
9606.ENSP00000380367,MYH2,MYH1,0.99
9606.ENSP00000380367,MYH2,MYLPF,0.977
9606.ENSP00000380367,MYH2,MYH7,0.977
9606.ENSP00000380367,MYH2,ACTA1,0.946
9606.ENSP00000380367,MYH2,MYH6,0.946
9606.ENSP00000380367,MYH2,MYH13,0.941
9606.ENSP00000380367,MYH2,MYL3,0.939
9606.ENSP00000380367,MYH2,MYH8,0.927
9606.ENSP00000380367,MYH2,MYL2,0.926
9606.ENSP00000380367,MYH2,MYH10,0.915
9606.ENSP00000380367,MYH2,MYH9,0.915
9606.ENSP00000380367,MYH2,MYH14,0.914
9606.ENSP00000380494,MYCL,MAX,0.962
9606.ENSP00000380494,MYCL,EP400,0.96
9606.ENSP00000380855,PDCD1LG2,PDCD1,0.999
9606.ENSP00000380855,PDCD1LG2,CTLA4,0.998
9606.ENSP00000380855,PDCD1LG2,CD274,0.996
9606.ENSP00000380855,PDCD1LG2,CD80,0.993
9606.ENSP00000380855,PDCD1LG2,CD28,0.976
9606.ENSP00000380855,PDCD1LG2,RGMB,0.974
9606.ENSP00000380855,PDCD1LG2,ICOS,0.972
9606.ENSP00000380855,PDCD1LG2,CD86,0.972
9606.ENSP00000380855,PDCD1LG2,CD4,0.945
9606.ENSP00000380855,PDCD1LG2,VTCN1,0.935
9606.ENSP00000380855,PDCD1LG2,HAVCR2,0.925
9606.ENSP00000380855,PDCD1LG2,CD8A,0.91
9606.ENSP00000381636,PCDHA11,PCDHA12,0.92
9606.ENSP00000381740,PARP3,CASP3,0.92
9606.ENSP00000381740,PARP3,CASP9,0.914
9606.ENSP00000381740,PARP3,CASP7,0.913
9606.ENSP00000381740,PARP3,GZMB,0.903
9606.ENSP00000382177,MYO5A,RAB27A,0.999
9606.ENSP00000382177,MYO5A,MLPH,0.999
9606.ENSP00000382177,MYO5A,MYRIP,0.997
9606.ENSP00000382177,MYO5A,RAB11A,0.988
9606.ENSP00000382177,MYO5A,SPIRE2,0.963
9606.ENSP00000382177,MYO5A,RAB10,0.935
9606.ENSP00000382177,MYO5A,EXOC4,0.906
9606.ENSP00000382390,NEURL4,HERC2,0.937
9606.ENSP00000382390,NEURL4,MAPK6,0.936
9606.ENSP00000382390,NEURL4,CCP110,0.903
9606.ENSP00000383295,NBEA,DLG3,0.963
9606.ENSP00000383295,NBEA,NOTCH1,0.909
9606.ENSP00000383295,NBEA,MAB21L1,0.902
9606.ENSP00000383295,NBEA,PRKAR2A,0.9
9606.ENSP00000383392,NCAM2,PRNP,0.938
9606.ENSP00000383392,NCAM2,L1CAM,0.923
9606.ENSP00000383392,NCAM2,NCAM1,0.906
9606.ENSP00000384018,NCOR2,HDAC3,0.999
9606.ENSP00000384018,NCOR2,SIN3A,0.999
9606.ENSP00000384018,NCOR2,RARA,0.999
9606.ENSP00000384018,NCOR2,HDAC4,0.999
9606.ENSP00000384018,NCOR2,HDAC1,0.999
9606.ENSP00000384018,NCOR2,BCL6,0.999
9606.ENSP00000384018,NCOR2,PPARG,0.999
9606.ENSP00000384018,NCOR2,TBL1X,0.998
9606.ENSP00000384018,NCOR2,RBPJ,0.998
9606.ENSP00000384018,NCOR2,NCOR1,0.998
9606.ENSP00000384018,NCOR2,GPS2,0.997
9606.ENSP00000384018,NCOR2,PPARA,0.996
9606.ENSP00000384018,NCOR2,RXRA,0.996
9606.ENSP00000384018,NCOR2,ESR1,0.993
9606.ENSP00000384018,NCOR2,HDAC2,0.993
9606.ENSP00000384018,NCOR2,PGR,0.992
9606.ENSP00000384018,NCOR2,RUNX1T1,0.992
9606.ENSP00000384018,NCOR2,TBL1Y,0.991
9606.ENSP00000384018,NCOR2,TBL1XR1,0.989
9606.ENSP00000384018,NCOR2,ATXN1,0.979
9606.ENSP00000384018,NCOR2,ZBTB16,0.978
9606.ENSP00000384018,NCOR2,SPEN,0.975
9606.ENSP00000384018,NCOR2,AR,0.971
9606.ENSP00000384018,NCOR2,HDAC10,0.965
9606.ENSP00000384018,NCOR2,THRB,0.964
9606.ENSP00000384018,NCOR2,RORC,0.958
9606.ENSP00000384018,NCOR2,SAP30,0.949
9606.ENSP00000384018,NCOR2,HDAC5,0.944
9606.ENSP00000384018,NCOR2,NR1D1,0.939
9606.ENSP00000384018,NCOR2,CIR1,0.936
9606.ENSP00000384018,NCOR2,HDAC7,0.93
9606.ENSP00000384018,NCOR2,RBPJL,0.929
9606.ENSP00000384018,NCOR2,PPARD,0.919
9606.ENSP00000384018,NCOR2,SNW1,0.917
9606.ENSP00000384018,NCOR2,NCOA3,0.917
9606.ENSP00000384018,NCOR2,HDAC9,0.916
9606.ENSP00000384018,NCOR2,THRA,0.913
9606.ENSP00000384018,NCOR2,ESR2,0.908
9606.ENSP00000384018,NCOR2,ESRRG,0.908
9606.ENSP00000384018,NCOR2,NR3C1,0.907
9606.ENSP00000384018,NCOR2,RARS1,0.903
9606.ENSP00000384018,NCOR2,KAT2B,0.9
9606.ENSP00000384610,PNPLA7,LCAT,0.931
9606.ENSP00000384610,PNPLA7,PLA2G15,0.929
9606.ENSP00000384610,PNPLA7,GPCPD1,0.926
9606.ENSP00000384610,PNPLA7,PNPLA6,0.923
9606.ENSP00000384610,PNPLA7,PLAAT3,0.917
9606.ENSP00000384610,PNPLA7,PLB1,0.915
9606.ENSP00000384610,PNPLA7,MBOAT2,0.913
9606.ENSP00000384610,PNPLA7,LYPLA1,0.91
9606.ENSP00000384610,PNPLA7,LPCAT4,0.908
9606.ENSP00000384610,PNPLA7,LPCAT3,0.907
9606.ENSP00000384610,PNPLA7,MBOAT1,0.906
9606.ENSP00000384610,PNPLA7,LYPLA2,0.902
9606.ENSP00000384700,PAPOLB,MTREX,0.995
9606.ENSP00000384700,PAPOLB,ZCCHC7,0.994
9606.ENSP00000384700,PAPOLB,SYMPK,0.994
9606.ENSP00000384700,PAPOLB,SNRNP70,0.988
9606.ENSP00000384700,PAPOLB,CPSF3,0.964
9606.ENSP00000384700,PAPOLB,CPSF1,0.959
9606.ENSP00000384700,PAPOLB,FIP1L1,0.957
9606.ENSP00000384700,PAPOLB,CSTF3,0.949
9606.ENSP00000384700,PAPOLB,CSTF2,0.941
9606.ENSP00000384700,PAPOLB,WDR33,0.935
9606.ENSP00000384700,PAPOLB,MTPAP,0.934
9606.ENSP00000384700,PAPOLB,CPSF2,0.931
9606.ENSP00000384700,PAPOLB,PABPN1,0.926
9606.ENSP00000384700,PAPOLB,RBBP6,0.923
9606.ENSP00000384700,PAPOLB,TUT1,0.913
9606.ENSP00000384700,PAPOLB,PAPOLG,0.906
9606.ENSP00000384700,PAPOLB,PAPOLA,0.902
9606.ENSP00000385216,NCOA1,PPARG,0.999
9606.ENSP00000385216,NCOA1,CREBBP,0.999
9606.ENSP00000385216,NCOA1,RXRA,0.999
9606.ENSP00000385216,NCOA1,EP300,0.999
9606.ENSP00000385216,NCOA1,ESR1,0.999
9606.ENSP00000385216,NCOA1,ESR2,0.999
9606.ENSP00000385216,NCOA1,NR1I2,0.998
9606.ENSP00000385216,NCOA1,PPARA,0.998
9606.ENSP00000385216,NCOA1,STAT6,0.997
9606.ENSP00000385216,NCOA1,NCOA2,0.997
9606.ENSP00000385216,NCOA1,PGR,0.997
9606.ENSP00000385216,NCOA1,NR3C1,0.997
9606.ENSP00000385216,NCOA1,NR1H4,0.997
9606.ENSP00000385216,NCOA1,RARA,0.996
9606.ENSP00000385216,NCOA1,KAT2B,0.995
9606.ENSP00000385216,NCOA1,NCOA3,0.994
9606.ENSP00000385216,NCOA1,NR1I3,0.994
9606.ENSP00000385216,NCOA1,NR1H3,0.992
9606.ENSP00000385216,NCOA1,THRB,0.985
9606.ENSP00000385216,NCOA1,RARB,0.984
9606.ENSP00000385216,NCOA1,AR,0.984
9606.ENSP00000385216,NCOA1,CARM1,0.976
9606.ENSP00000385216,NCOA1,NR3C2,0.973
9606.ENSP00000385216,NCOA1,THRA,0.969
9606.ENSP00000385216,NCOA1,JUN,0.965
9606.ENSP00000385216,NCOA1,HNF4A,0.965
9606.ENSP00000385216,NCOA1,PPARGC1A,0.952
9606.ENSP00000385216,NCOA1,FOS,0.949
9606.ENSP00000385216,NCOA1,RORC,0.947
9606.ENSP00000385216,NCOA1,NCOR1,0.936
9606.ENSP00000385216,NCOA1,PAX3,0.936
9606.ENSP00000385216,NCOA1,ESRRG,0.923
9606.ENSP00000385216,NCOA1,NR1H2,0.923
9606.ENSP00000385216,NCOA1,CYP27B1,0.92
9606.ENSP00000385216,NCOA1,HELZ2,0.913
9606.ENSP00000385216,NCOA1,NCOA6,0.912
9606.ENSP00000386096,MYO18B,SEZ6L,0.931
9606.ENSP00000386096,MYO18B,MYO1F,0.916
9606.ENSP00000386096,MYO18B,MYO1C,0.913
9606.ENSP00000386096,MYO18B,MYO9A,0.91
9606.ENSP00000386096,MYO18B,MYO6,0.909
9606.ENSP00000386593,PBRM1,SMARCE1,0.999
9606.ENSP00000386593,PBRM1,SMARCC1,0.999
9606.ENSP00000386593,PBRM1,SMARCA4,0.999
9606.ENSP00000386593,PBRM1,ARID1A,0.999
9606.ENSP00000386593,PBRM1,ACTL6A,0.999
9606.ENSP00000386593,PBRM1,SMARCD1,0.999
9606.ENSP00000386593,PBRM1,PHF10,0.999
9606.ENSP00000386593,PBRM1,SMARCB1,0.999
9606.ENSP00000386593,PBRM1,BRD7,0.999
9606.ENSP00000386593,PBRM1,ARID2,0.999
9606.ENSP00000386593,PBRM1,SMARCA2,0.999
9606.ENSP00000386593,PBRM1,SMARCC2,0.999
9606.ENSP00000386593,PBRM1,ARID1B,0.998
9606.ENSP00000386593,PBRM1,SMARCD3,0.997
9606.ENSP00000386593,PBRM1,H3C13,0.995
9606.ENSP00000386593,PBRM1,H3C12,0.995
9606.ENSP00000386593,PBRM1,H3-4,0.994
9606.ENSP00000386593,PBRM1,DPF3,0.993
9606.ENSP00000386593,PBRM1,H3-2,0.992
9606.ENSP00000386593,PBRM1,H3-3B,0.992
9606.ENSP00000386593,PBRM1,H3-5,0.992
9606.ENSP00000386593,PBRM1,SMARCD2,0.99
9606.ENSP00000386593,PBRM1,ACTB,0.984
9606.ENSP00000386593,PBRM1,H3C1,0.978
9606.ENSP00000386593,PBRM1,BCL7A,0.972
9606.ENSP00000386593,PBRM1,DPF2,0.971
9606.ENSP00000386593,PBRM1,BRD9,0.968
9606.ENSP00000386593,PBRM1,H4C6,0.967
9606.ENSP00000386593,PBRM1,BCL7C,0.96
9606.ENSP00000386593,PBRM1,ACTL6B,0.958
9606.ENSP00000386593,PBRM1,H3C3,0.938
9606.ENSP00000386593,PBRM1,H3-3A,0.937
9606.ENSP00000386593,PBRM1,H3C6,0.936
9606.ENSP00000386593,PBRM1,H3C10,0.935
9606.ENSP00000386593,PBRM1,H3C2,0.932
9606.ENSP00000386593,PBRM1,H3C4,0.932
9606.ENSP00000386593,PBRM1,H3C11,0.932
9606.ENSP00000386593,PBRM1,H3C15,0.932
9606.ENSP00000386593,PBRM1,H3C8,0.932
9606.ENSP00000386593,PBRM1,H3C14,0.932
9606.ENSP00000386593,PBRM1,H3C7,0.932
9606.ENSP00000386593,PBRM1,BICRA,0.928
9606.ENSP00000386593,PBRM1,DPF1,0.921
9606.ENSP00000386593,PBRM1,MYSM1,0.914
9606.ENSP00000386593,PBRM1,SETD2,0.906
9606.ENSP00000387007,NCAPG2,NCAPD3,0.999
9606.ENSP00000387007,NCAPG2,NCAPH2,0.999
9606.ENSP00000387007,NCAPG2,SMC4,0.999
9606.ENSP00000387007,NCAPG2,SMC2,0.994
9606.ENSP00000387007,NCAPG2,NCAPD2,0.988
9606.ENSP00000387007,NCAPG2,NCAPH,0.979
9606.ENSP00000387007,NCAPG2,NCAPG,0.947
9606.ENSP00000387007,NCAPG2,PLK1,0.919
9606.ENSP00000387007,NCAPG2,PHF8,0.906
9606.ENSP00000388910,NFATC4,PPP3R1,0.985
9606.ENSP00000388910,NFATC4,GATA4,0.984
9606.ENSP00000388910,NFATC4,PPP3CA,0.969
9606.ENSP00000388910,NFATC4,PPP3CC,0.953
9606.ENSP00000388910,NFATC4,PPP3CB,0.941
9606.ENSP00000388910,NFATC4,MEF2A,0.933
9606.ENSP00000388910,NFATC4,NFATC2,0.926
9606.ENSP00000388910,NFATC4,SRF,0.924
9606.ENSP00000388910,NFATC4,MEF2D,0.921
9606.ENSP00000388910,NFATC4,SOX10,0.921
9606.ENSP00000388910,NFATC4,NFATC3,0.92
9606.ENSP00000388910,NFATC4,MEF2B,0.916
9606.ENSP00000388910,NFATC4,PPP3R2,0.912
9606.ENSP00000389252,NPNT,ITGA8,0.999
9606.ENSP00000389252,NPNT,ITGB1,0.972
9606.ENSP00000389252,NPNT,FREM1,0.911
9606.ENSP00000391583,PARVG,LIMS1,0.999
9606.ENSP00000391583,PARVG,ILK,0.999
9606.ENSP00000391583,PARVG,RSU1,0.977
9606.ENSP00000391583,PARVG,PXN,0.941
9606.ENSP00000391583,PARVG,PARVA,0.94
9606.ENSP00000391583,PARVG,PARVB,0.914
9606.ENSP00000391583,PARVG,ACTB,0.905
9606.ENSP00000391583,PARVG,ACTG1,0.901
9606.ENSP00000392147,PPP6C,PPP6R1,0.999
9606.ENSP00000392147,PPP6C,PPP6R3,0.999
9606.ENSP00000392147,PPP6C,PPP6R2,0.998
9606.ENSP00000392147,PPP6C,IGBP1,0.995
9606.ENSP00000392147,PPP6C,ANKRD28,0.991
9606.ENSP00000392147,PPP6C,ANKRD52,0.973
9606.ENSP00000392147,PPP6C,TIPRL,0.963
9606.ENSP00000392147,PPP6C,ANKRD44,0.951
9606.ENSP00000392147,PPP6C,NFKBIE,0.922
9606.ENSP00000392147,PPP6C,hCG_1642624,0.9
9606.ENSP00000392812,PIK3R5,PIK3CB,0.999
9606.ENSP00000392812,PIK3R5,PIK3CA,0.999
9606.ENSP00000392812,PIK3R5,PIK3CG,0.999
9606.ENSP00000392812,PIK3R5,PIK3CD,0.999
9606.ENSP00000392812,PIK3R5,PIK3R3,0.981
9606.ENSP00000392812,PIK3R5,PIK3R2,0.98
9606.ENSP00000392812,PIK3R5,PIK3R1,0.966
9606.ENSP00000392812,PIK3R5,PIK3R6,0.953
9606.ENSP00000392812,PIK3R5,AKT1,0.945
9606.ENSP00000392812,PIK3R5,AKT3,0.941
9606.ENSP00000392812,PIK3R5,FGR,0.941
9606.ENSP00000392812,PIK3R5,AKT2,0.937
9606.ENSP00000392812,PIK3R5,GNG2,0.931
9606.ENSP00000392812,PIK3R5,HCK,0.931
9606.ENSP00000392812,PIK3R5,SRC,0.928
9606.ENSP00000392812,PIK3R5,GNAI1,0.925
9606.ENSP00000392812,PIK3R5,PDPK1,0.925
9606.ENSP00000392812,PIK3R5,IRS1,0.924
9606.ENSP00000392812,PIK3R5,GNAI2,0.923
9606.ENSP00000392812,PIK3R5,NRAS,0.923
9606.ENSP00000392812,PIK3R5,KRAS,0.921
9606.ENSP00000392812,PIK3R5,HRAS,0.921
9606.ENSP00000392812,PIK3R5,LYN,0.92
9606.ENSP00000392812,PIK3R5,ITK,0.919
9606.ENSP00000392812,PIK3R5,IRS4,0.918
9606.ENSP00000392812,PIK3R5,IRS2,0.917
9606.ENSP00000392812,PIK3R5,GNB1,0.917
9606.ENSP00000392812,PIK3R5,GNAI3,0.916
9606.ENSP00000392812,PIK3R5,PRKCZ,0.915
9606.ENSP00000392812,PIK3R5,GNA13,0.906
9606.ENSP00000392812,PIK3R5,PTK2,0.902
9606.ENSP00000393275,NANOS1,PUM2,0.997
9606.ENSP00000393275,NANOS1,CNOT1,0.994
9606.ENSP00000393559,PACS2,BCAP31,0.99
9606.ENSP00000393559,PACS2,CANX,0.948
9606.ENSP00000393559,PACS2,MFN2,0.936
9606.ENSP00000393845,PPIAL4G,NBPF12,0.986
9606.ENSP00000395929,NSD1,NUP98,0.937
9606.ENSP00000395929,NSD1,H4C6,0.918
9606.ENSP00000397927,POLDIP3,SARNP,0.995
9606.ENSP00000397927,POLDIP3,DDX39B,0.994
9606.ENSP00000397927,POLDIP3,EIF4A3,0.977
9606.ENSP00000397927,POLDIP3,CHTOP,0.962
9606.ENSP00000397927,POLDIP3,FYTTD1,0.952
9606.ENSP00000397927,POLDIP3,NCBP1,0.944
9606.ENSP00000397927,POLDIP3,ALYREF,0.929
9606.ENSP00000397927,POLDIP3,DDX39A,0.924
9606.ENSP00000397927,POLDIP3,RPS6KB1,0.921
9606.ENSP00000397927,POLDIP3,THOC1,0.902
9606.ENSP00000397947,PLEKHA8,ARF1,0.963
9606.ENSP00000398824,PHF21A,KDM1A,0.999
9606.ENSP00000398824,PHF21A,RCOR1,0.999
9606.ENSP00000398824,PHF21A,HMG20B,0.999
9606.ENSP00000398824,PHF21A,HDAC1,0.998
9606.ENSP00000398824,PHF21A,HDAC2,0.991
9606.ENSP00000398824,PHF21A,ZNF217,0.956
9606.ENSP00000398824,PHF21A,ERCC1,0.938
9606.ENSP00000398824,PHF21A,POLD1,0.919
9606.ENSP00000398824,PHF21A,CTBP1,0.918
9606.ENSP00000398824,PHF21A,HMG20A,0.917
9606.ENSP00000398824,PHF21A,XPC,0.915
9606.ENSP00000398824,PHF21A,ERCC4,0.915
9606.ENSP00000398824,PHF21A,ERCC5,0.914
9606.ENSP00000398824,PHF21A,MSH6,0.913
9606.ENSP00000398824,PHF21A,LIG4,0.912
9606.ENSP00000398824,PHF21A,ATM,0.911
9606.ENSP00000398824,PHF21A,XRCC6,0.91
9606.ENSP00000398824,PHF21A,XRCC5,0.91
9606.ENSP00000398824,PHF21A,DCLRE1C,0.909
9606.ENSP00000398824,PHF21A,PRKDC,0.908
9606.ENSP00000398824,PHF21A,RAD23B,0.908
9606.ENSP00000398824,PHF21A,CETN2,0.907
9606.ENSP00000398824,PHF21A,MSH2,0.907
9606.ENSP00000398824,PHF21A,ERCC8,0.904
9606.ENSP00000398824,PHF21A,NHEJ1,0.904
9606.ENSP00000398824,PHF21A,H3C13,0.904
9606.ENSP00000398824,PHF21A,H3C12,0.904
9606.ENSP00000398824,PHF21A,XRCC4,0.903
9606.ENSP00000398824,PHF21A,ATP23,0.902
9606.ENSP00000398824,PHF21A,ZSWIM7,0.9
9606.ENSP00000398824,PHF21A,PAXX,0.9
9606.ENSP00000398824,PHF21A,SWSAP1,0.9
9606.ENSP00000399851,POLG,POLG2,0.999
9606.ENSP00000399851,POLG,TWNK,0.996
9606.ENSP00000399851,POLG,POLE,0.966
9606.ENSP00000399851,POLG,POLD1,0.966
9606.ENSP00000399851,POLG,SSBP1,0.958
9606.ENSP00000399851,POLG,TFAM,0.951
9606.ENSP00000399851,POLG,PRIM1,0.949
9606.ENSP00000399851,POLG,RRM2B,0.943
9606.ENSP00000399851,POLG,SLC25A4,0.942
9606.ENSP00000399851,POLG,REV3L,0.94
9606.ENSP00000399851,POLG,POLA1,0.929
9606.ENSP00000399851,POLG,POLE2,0.926
9606.ENSP00000399851,POLG,MAD2L2,0.922
9606.ENSP00000399851,POLG,MPV17,0.921
9606.ENSP00000399851,POLG,DGUOK,0.919
9606.ENSP00000399851,POLG,POLA2,0.917
9606.ENSP00000399851,POLG,POLD2,0.916
9606.ENSP00000399851,POLG,PRIM2,0.912
9606.ENSP00000399851,POLG,POLD3,0.91
9606.ENSP00000399851,POLG,POLE4,0.907
9606.ENSP00000399851,POLG,POLE3,0.904
9606.ENSP00000399851,POLG,CRCP,0.903
9606.ENSP00000399851,POLG,CHRAC1,0.902
9606.ENSP00000399968,NCOA2,ESR1,0.999
9606.ENSP00000399968,NCOA2,AR,0.999
9606.ENSP00000399968,NCOA2,RXRA,0.999
9606.ENSP00000399968,NCOA2,PPARG,0.998
9606.ENSP00000399968,NCOA2,EP300,0.998
9606.ENSP00000399968,NCOA2,NR3C1,0.998
9606.ENSP00000399968,NCOA2,NCOA3,0.997
9606.ENSP00000399968,NCOA2,CREBBP,0.997
9606.ENSP00000399968,NCOA2,NCOA1,0.997
9606.ENSP00000399968,NCOA2,CARM1,0.994
9606.ENSP00000399968,NCOA2,THRB,0.993
9606.ENSP00000399968,NCOA2,ESR2,0.993
9606.ENSP00000399968,NCOA2,RARA,0.992
9606.ENSP00000399968,NCOA2,KAT6A,0.991
9606.ENSP00000399968,NCOA2,RXRG,0.986
9606.ENSP00000399968,NCOA2,NR1H4,0.981
9606.ENSP00000399968,NCOA2,NR1H2,0.975
9606.ENSP00000399968,NCOA2,NR5A2,0.964
9606.ENSP00000399968,NCOA2,KAT2B,0.962
9606.ENSP00000399968,NCOA2,RXRB,0.951
9606.ENSP00000399968,NCOA2,NR5A1,0.951
9606.ENSP00000399968,NCOA2,HNF4A,0.944
9606.ENSP00000399968,NCOA2,RORC,0.92
9606.ENSP00000399968,NCOA2,NR1I3,0.911
9606.ENSP00000399968,NCOA2,PGR,0.911
9606.ENSP00000399968,NCOA2,PPARA,0.909
9606.ENSP00000399968,NCOA2,NCOR1,0.9
9606.ENSP00000400184,NDUFAF8,NDUFAF5,0.948
9606.ENSP00000401678,MYOCD,SRF,0.999
9606.ENSP00000402033,PDZD2,PKP4,0.956
9606.ENSP00000402033,PDZD2,CTNND2,0.925
9606.ENSP00000403683,NABP1,INTS3,0.999
9606.ENSP00000403683,NABP1,INTS5,0.997
9606.ENSP00000403683,NABP1,INIP,0.985
9606.ENSP00000403683,NABP1,NABP2,0.906
9606.ENSP00000404854,NDRG1,MYCN,0.937
9606.ENSP00000405514,PPP1R9A,PPP1CC,0.909
9606.ENSP00000405514,PPP1R9A,NEXN,0.908
9606.ENSP00000405890,PBX1,PKNOX1,0.999
9606.ENSP00000405890,PBX1,MEIS1,0.999
9606.ENSP00000405890,PBX1,HOXB1,0.999
9606.ENSP00000405890,PBX1,HOXA9,0.998
9606.ENSP00000405890,PBX1,MEIS2,0.987
9606.ENSP00000405890,PBX1,TCF3,0.963
9606.ENSP00000405890,PBX1,D6RAR5_HUMAN,0.931
9606.ENSP00000405890,PBX1,PDX1,0.928
9606.ENSP00000405890,PBX1,PKNOX2,0.917
9606.ENSP00000405890,PBX1,HOXB8,0.91
9606.ENSP00000405890,PBX1,PRKACB,0.907
9606.ENSP00000405890,PBX1,PRKACA,0.906
9606.ENSP00000405890,PBX1,PRKACG,0.906
9606.ENSP00000406490,PMS1,MSH6,0.999
9606.ENSP00000406490,PMS1,MLH1,0.999
9606.ENSP00000406490,PMS1,MSH3,0.999
9606.ENSP00000406490,PMS1,MSH2,0.999
9606.ENSP00000406490,PMS1,PMS2,0.991
9606.ENSP00000406490,PMS1,MLH3,0.99
9606.ENSP00000406490,PMS1,FAN1,0.961
9606.ENSP00000406490,PMS1,EXO1,0.949
9606.ENSP00000406490,PMS1,MSH4,0.942
9606.ENSP00000406490,PMS1,POLD1,0.917
9606.ENSP00000406490,PMS1,MSH5,0.915
9606.ENSP00000406861,MUC6,MUC2,0.993
9606.ENSP00000406861,MUC6,MUC1,0.977
9606.ENSP00000406861,MUC6,MUC7,0.95
9606.ENSP00000406861,MUC6,MUC5AC,0.93
9606.ENSP00000406861,MUC6,MUC4,0.911
9606.ENSP00000406861,MUC6,MUC12,0.907
9606.ENSP00000406861,MUC6,MUC17,0.905
9606.ENSP00000410216,POC5,POC1B,0.965
9606.ENSP00000410216,POC5,CETN2,0.959
9606.ENSP00000410216,POC5,CETN3,0.942
9606.ENSP00000410216,POC5,FAM161A,0.94
9606.ENSP00000410216,POC5,CETN1,0.935
9606.ENSP00000411012,NSMAF,TNFRSF1A,0.994
9606.ENSP00000411012,NSMAF,SMPD2,0.991
9606.ENSP00000412324,PPP2R5C,PPP2R1A,0.999
9606.ENSP00000412324,PPP2R5C,PPP2CA,0.999
9606.ENSP00000412324,PPP2R5C,PPP2R1B,0.998
9606.ENSP00000412324,PPP2R5C,SGO1,0.997
9606.ENSP00000412324,PPP2R5C,PPP2CB,0.995
9606.ENSP00000412324,PPP2R5C,PPP2R2A,0.995
9606.ENSP00000412324,PPP2R5C,PPME1,0.981
9606.ENSP00000412324,PPP2R5C,PPP2R5A,0.969
9606.ENSP00000412324,PPP2R5C,BUB1B,0.96
9606.ENSP00000412324,PPP2R5C,PPP2R3A,0.955
9606.ENSP00000412324,PPP2R5C,PPP3CA,0.943
9606.ENSP00000412324,PPP2R5C,PPP3CB,0.939
9606.ENSP00000412324,PPP2R5C,PPP2R2D,0.925
9606.ENSP00000412324,PPP2R5C,PTPA,0.922
9606.ENSP00000412324,PPP2R5C,PPP3R1,0.919
9606.ENSP00000412324,PPP2R5C,PPP4R2,0.918
9606.ENSP00000412324,PPP2R5C,CDCA2,0.917
9606.ENSP00000412324,PPP2R5C,BCL2,0.911
9606.ENSP00000412324,PPP2R5C,RYR2,0.909
9606.ENSP00000412324,PPP2R5C,REC8,0.906
9606.ENSP00000412324,PPP2R5C,PPP1R1A,0.903
9606.ENSP00000412324,PPP2R5C,DRD2,0.903
9606.ENSP00000412324,PPP2R5C,TNNI3,0.902
9606.ENSP00000412324,PPP2R5C,PPP2R5E,0.9
9606.ENSP00000413064,NAT8L,ASPA,0.977
9606.ENSP00000413064,NAT8L,RIMKLB,0.963
9606.ENSP00000413064,NAT8L,RIMKLA,0.96
9606.ENSP00000413064,NAT8L,ASNS,0.93
9606.ENSP00000413064,NAT8L,FOLH1,0.926
9606.ENSP00000413064,NAT8L,GOT1L1,0.92
9606.ENSP00000413064,NAT8L,GOT2,0.919
9606.ENSP00000413064,NAT8L,GOT1,0.918
9606.ENSP00000413064,NAT8L,ASS1,0.912
9606.ENSP00000413064,NAT8L,CAD,0.902
9606.ENSP00000413064,NAT8L,IL4I1,0.901
9606.ENSP00000413064,NAT8L,ADSS2,0.9
9606.ENSP00000413064,NAT8L,ASRGL1,0.9
9606.ENSP00000413064,NAT8L,ADSS1,0.9
9606.ENSP00000417142,NDUFA5,NDUFV3,0.999
9606.ENSP00000417142,NDUFA5,UQCRH,0.999
9606.ENSP00000417142,NDUFA5,NDUFB10,0.999
9606.ENSP00000417142,NDUFA5,NDUFS5,0.999
9606.ENSP00000417142,NDUFA5,NDUFS2,0.999
9606.ENSP00000417142,NDUFA5,UQCR10,0.999
9606.ENSP00000417142,NDUFA5,NDUFA2,0.999
9606.ENSP00000417142,NDUFA5,NDUFA8,0.999
9606.ENSP00000417142,NDUFA5,NDUFS8,0.999
9606.ENSP00000417142,NDUFA5,NDUFA10,0.999
9606.ENSP00000417142,NDUFA5,NDUFB6,0.999
9606.ENSP00000417142,NDUFA5,NDUFB4,0.999
9606.ENSP00000417142,NDUFA5,NDUFS7,0.999
9606.ENSP00000417142,NDUFA5,NDUFA7,0.999
9606.ENSP00000417142,NDUFA5,NDUFS4,0.999
9606.ENSP00000417142,NDUFA5,NDUFA11,0.999
9606.ENSP00000417142,NDUFA5,NDUFB7,0.999
9606.ENSP00000417142,NDUFA5,NDUFA1,0.999
9606.ENSP00000417142,NDUFA5,NDUFB9,0.999
9606.ENSP00000417142,NDUFA5,NDUFA3,0.999
9606.ENSP00000417142,NDUFA5,MT-ND4L,0.999
9606.ENSP00000417142,NDUFA5,NDUFV1,0.999
9606.ENSP00000417142,NDUFA5,NDUFS3,0.999
9606.ENSP00000417142,NDUFA5,MT-ND1,0.999
9606.ENSP00000417142,NDUFA5,MT-ND2,0.999
9606.ENSP00000417142,NDUFA5,UQCRFS1,0.999
9606.ENSP00000417142,NDUFA5,NDUFA12,0.999
9606.ENSP00000417142,NDUFA5,UQCRB,0.999
9606.ENSP00000417142,NDUFA5,NDUFS6,0.999
9606.ENSP00000417142,NDUFA5,NDUFA6,0.999
9606.ENSP00000417142,NDUFA5,NDUFB11,0.999
9606.ENSP00000417142,NDUFA5,NDUFB8,0.999
9606.ENSP00000417142,NDUFA5,NDUFA9,0.999
9606.ENSP00000417142,NDUFA5,MT-ND5,0.999
9606.ENSP00000417142,NDUFA5,NDUFC1,0.999
9606.ENSP00000417142,NDUFA5,NDUFV2,0.999
9606.ENSP00000417142,NDUFA5,NDUFAB1,0.999
9606.ENSP00000417142,NDUFA5,NDUFS1,0.999
9606.ENSP00000417142,NDUFA5,NDUFB3,0.999
9606.ENSP00000417142,NDUFA5,NDUFA13,0.999
9606.ENSP00000417142,NDUFA5,NDUFC2,0.999
9606.ENSP00000417142,NDUFA5,NDUFB5,0.999
9606.ENSP00000417142,NDUFA5,MT-ND3,0.999
9606.ENSP00000417142,NDUFA5,MT-ND4,0.999
9606.ENSP00000417142,NDUFA5,NDUFB1,0.998
9606.ENSP00000417142,NDUFA5,NDUFB2,0.998
9606.ENSP00000417142,NDUFA5,CYC1,0.997
9606.ENSP00000417142,NDUFA5,NDUFA4,0.995
9606.ENSP00000417142,NDUFA5,UQCRQ,0.994
9606.ENSP00000417142,NDUFA5,UQCRC1,0.992
9606.ENSP00000417142,NDUFA5,UQCRC2,0.99
9606.ENSP00000417142,NDUFA5,COX7C,0.989
9606.ENSP00000417142,NDUFA5,MT-ND6,0.989
9606.ENSP00000417142,NDUFA5,UQCRHL,0.987
9606.ENSP00000417142,NDUFA5,COX5B,0.986
9606.ENSP00000417142,NDUFA5,COX5A,0.985
9606.ENSP00000417142,NDUFA5,ATP5PF,0.981
9606.ENSP00000417142,NDUFA5,UQCR11,0.981
9606.ENSP00000417142,NDUFA5,MGLL,0.981
9606.ENSP00000417142,NDUFA5,NDUFAF4,0.981
9606.ENSP00000417142,NDUFA5,NDUFAF1,0.979
9606.ENSP00000417142,NDUFA5,PALB2,0.969
9606.ENSP00000417142,NDUFA5,COX6B1,0.968
9606.ENSP00000417142,NDUFA5,NDUFAF2,0.968
9606.ENSP00000417142,NDUFA5,COX4I1,0.962
9606.ENSP00000417142,NDUFA5,COX6A2,0.956
9606.ENSP00000417142,NDUFA5,NDUFAF3,0.954
9606.ENSP00000417142,NDUFA5,ATP5PD,0.951
9606.ENSP00000417142,NDUFA5,NDUFC2-KCTD14,0.951
9606.ENSP00000417142,NDUFA5,ATP5ME,0.944
9606.ENSP00000417142,NDUFA5,COX7B,0.941
9606.ENSP00000417142,NDUFA5,COX6C,0.938
9606.ENSP00000417142,NDUFA5,MT-CYB,0.935
9606.ENSP00000417142,NDUFA5,ENSP00000497305,0.928
9606.ENSP00000417142,NDUFA5,PMPCA,0.928
9606.ENSP00000417142,NDUFA5,PMPCB,0.927
9606.ENSP00000417142,NDUFA5,SDHC,0.902
9606.ENSP00000417142,NDUFA5,COX7A1,0.901
9606.ENSP00000419087,NDUFB2,NDUFB10,0.999
9606.ENSP00000419087,NDUFB2,NDUFA2,0.999
9606.ENSP00000419087,NDUFB2,NDUFB8,0.999
9606.ENSP00000419087,NDUFB2,NDUFA6,0.999
9606.ENSP00000419087,NDUFB2,NDUFA10,0.999
9606.ENSP00000419087,NDUFB2,NDUFB4,0.999
9606.ENSP00000419087,NDUFB2,NDUFA7,0.999
9606.ENSP00000419087,NDUFB2,NDUFB3,0.999
9606.ENSP00000419087,NDUFB2,NDUFA1,0.999
9606.ENSP00000419087,NDUFB2,NDUFB7,0.999
9606.ENSP00000419087,NDUFB2,NDUFAB1,0.999
9606.ENSP00000419087,NDUFB2,NDUFB9,0.999
9606.ENSP00000419087,NDUFB2,NDUFV3,0.998
9606.ENSP00000419087,NDUFB2,NDUFB1,0.998
9606.ENSP00000419087,NDUFB2,NDUFA5,0.998
9606.ENSP00000419087,NDUFB2,NDUFC1,0.998
9606.ENSP00000419087,NDUFB2,NDUFB5,0.998
9606.ENSP00000419087,NDUFB2,NDUFA8,0.997
9606.ENSP00000419087,NDUFB2,NDUFB11,0.997
9606.ENSP00000419087,NDUFB2,NDUFS6,0.997
9606.ENSP00000419087,NDUFB2,NDUFB6,0.997
9606.ENSP00000419087,NDUFB2,MT-ND5,0.997
9606.ENSP00000419087,NDUFB2,NDUFV2,0.997
9606.ENSP00000419087,NDUFB2,NDUFA13,0.997
9606.ENSP00000419087,NDUFB2,NDUFA12,0.996
9606.ENSP00000419087,NDUFB2,NDUFS2,0.996
9606.ENSP00000419087,NDUFB2,NDUFS8,0.996
9606.ENSP00000419087,NDUFB2,NDUFS7,0.996
9606.ENSP00000419087,NDUFB2,NDUFS4,0.996
9606.ENSP00000419087,NDUFB2,NDUFA11,0.996
9606.ENSP00000419087,NDUFB2,NDUFS3,0.996
9606.ENSP00000419087,NDUFB2,NDUFV1,0.996
9606.ENSP00000419087,NDUFB2,NDUFA3,0.996
9606.ENSP00000419087,NDUFB2,NDUFC2,0.996
9606.ENSP00000419087,NDUFB2,NDUFS5,0.995
9606.ENSP00000419087,NDUFB2,NDUFA9,0.995
9606.ENSP00000419087,NDUFB2,NDUFS1,0.995
9606.ENSP00000419087,NDUFB2,MT-ND1,0.994
9606.ENSP00000419087,NDUFB2,MT-ND4,0.994
9606.ENSP00000419087,NDUFB2,MT-ND2,0.994
9606.ENSP00000419087,NDUFB2,MT-ND3,0.994
9606.ENSP00000419087,NDUFB2,NDUFA4,0.99
9606.ENSP00000419087,NDUFB2,NDUFAF1,0.977
9606.ENSP00000419087,NDUFB2,MT-ND4L,0.975
9606.ENSP00000419087,NDUFB2,MT-ND6,0.974
9606.ENSP00000419087,NDUFB2,COX5B,0.969
9606.ENSP00000419087,NDUFB2,UQCRQ,0.956
9606.ENSP00000419087,NDUFB2,COX7C,0.944
9606.ENSP00000419087,NDUFB2,COX7B,0.938
9606.ENSP00000419087,NDUFB2,UQCR11,0.937
9606.ENSP00000419087,NDUFB2,MRPS33,0.929
9606.ENSP00000419087,NDUFB2,UQCR10,0.925
9606.ENSP00000419087,NDUFB2,UQCRB,0.913
9606.ENSP00000419087,NDUFB2,UQCRH,0.905
9606.ENSP00000419185,ONECUT2,SYTL4,0.93
9606.ENSP00000419260,PIK3CG,PIK3R3,0.999
9606.ENSP00000419260,PIK3CG,PIK3R1,0.999
9606.ENSP00000419260,PIK3CG,PIK3R6,0.999
9606.ENSP00000419260,PIK3CG,PIK3R5,0.999
9606.ENSP00000419260,PIK3CG,PIK3R2,0.999
9606.ENSP00000419260,PIK3CG,HRAS,0.998
9606.ENSP00000419260,PIK3CG,PIK3CB,0.997
9606.ENSP00000419260,PIK3CG,PIK3CA,0.997
9606.ENSP00000419260,PIK3CG,AKT1,0.994
9606.ENSP00000419260,PIK3CG,PIK3CD,0.994
9606.ENSP00000419260,PIK3CG,IMMT,0.992
9606.ENSP00000419260,PIK3CG,NRAS,0.991
9606.ENSP00000419260,PIK3CG,PPP1R12C,0.991
9606.ENSP00000419260,PIK3CG,LYN,0.982
9606.ENSP00000419260,PIK3CG,RRAS2,0.978
9606.ENSP00000419260,PIK3CG,RRAS,0.978
9606.ENSP00000419260,PIK3CG,AKT2,0.974
9606.ENSP00000419260,PIK3CG,AKT3,0.973
9606.ENSP00000419260,PIK3CG,KRAS,0.968
9606.ENSP00000419260,PIK3CG,PDPK1,0.967
9606.ENSP00000419260,PIK3CG,SRC,0.966
9606.ENSP00000419260,PIK3CG,IRS1,0.948
9606.ENSP00000419260,PIK3CG,IRS4,0.944
9606.ENSP00000419260,PIK3CG,GNA13,0.941
9606.ENSP00000419260,PIK3CG,IRS2,0.938
9606.ENSP00000419260,PIK3CG,ITK,0.938
9606.ENSP00000419260,PIK3CG,INPP5D,0.938
9606.ENSP00000419260,PIK3CG,HCK,0.937
9606.ENSP00000419260,PIK3CG,PIP5K1C,0.934
9606.ENSP00000419260,PIK3CG,PIP5K1A,0.932
9606.ENSP00000419260,PIK3CG,FGR,0.931
9606.ENSP00000419260,PIK3CG,PIP4K2A,0.93
9606.ENSP00000419260,PIK3CG,PIP4K2B,0.929
9606.ENSP00000419260,PIK3CG,PIP5K1B,0.928
9606.ENSP00000419260,PIK3CG,PTK2,0.928
9606.ENSP00000419260,PIK3CG,INPPL1,0.928
9606.ENSP00000419260,PIK3CG,PRKCZ,0.927
9606.ENSP00000419260,PIK3CG,PIP4K2C,0.926
9606.ENSP00000419260,PIK3CG,BECN1,0.921
9606.ENSP00000419260,PIK3CG,PIP5KL1,0.919
9606.ENSP00000419260,PIK3CG,GNAI3,0.913
9606.ENSP00000419260,PIK3CG,GNAI2,0.913
9606.ENSP00000419260,PIK3CG,GNAI1,0.913
9606.ENSP00000420927,PDK2,DLAT,0.979
9606.ENSP00000420927,PDK2,PDHB,0.974
9606.ENSP00000420927,PDK2,PDK1,0.961
9606.ENSP00000420927,PDK2,PDHX,0.946
9606.ENSP00000420927,PDK2,PDHA1,0.927
9606.ENSP00000422464,PDGFC,PDGFRA,0.999
9606.ENSP00000422464,PDGFC,PDGFRB,0.999
9606.ENSP00000422464,PDGFC,KDR,0.997
9606.ENSP00000422464,PDGFC,PDGFB,0.996
9606.ENSP00000422464,PDGFC,PDGFA,0.995
9606.ENSP00000422464,PDGFC,FLT4,0.991
9606.ENSP00000422464,PDGFC,FLT1,0.989
9606.ENSP00000422464,PDGFC,PDGFD,0.985
9606.ENSP00000422464,PDGFC,EGFR,0.961
9606.ENSP00000422464,PDGFC,IGF1,0.956
9606.ENSP00000422464,PDGFC,EGF,0.935
9606.ENSP00000422464,PDGFC,TGFA,0.934
9606.ENSP00000422464,PDGFC,INS,0.925
9606.ENSP00000424417,PLRG1,SNW1,0.999
9606.ENSP00000424417,PLRG1,BUD31,0.999
9606.ENSP00000424417,PLRG1,SYF2,0.999
9606.ENSP00000424417,PLRG1,BCAS2,0.999
9606.ENSP00000424417,PLRG1,SNRPF,0.999
9606.ENSP00000424417,PLRG1,CWC15,0.999
9606.ENSP00000424417,PLRG1,CDC5L,0.999
9606.ENSP00000424417,PLRG1,RBM22,0.999
9606.ENSP00000424417,PLRG1,YJU2,0.999
9606.ENSP00000424417,PLRG1,XAB2,0.999
9606.ENSP00000424417,PLRG1,SNRPA1,0.999
9606.ENSP00000424417,PLRG1,CRNKL1,0.999
9606.ENSP00000424417,PLRG1,PRPF8,0.999
9606.ENSP00000424417,PLRG1,SNRPD2,0.999
9606.ENSP00000424417,PLRG1,PRPF19,0.999
9606.ENSP00000424417,PLRG1,SF3B1,0.999
9606.ENSP00000424417,PLRG1,EFTUD2,0.999
9606.ENSP00000424417,PLRG1,CDC40,0.999
9606.ENSP00000424417,PLRG1,AQR,0.998
9606.ENSP00000424417,PLRG1,SNRPB2,0.998
9606.ENSP00000424417,PLRG1,SNRPE,0.998
9606.ENSP00000424417,PLRG1,CWC22,0.998
9606.ENSP00000424417,PLRG1,SNRPG,0.998
9606.ENSP00000424417,PLRG1,SNRPD1,0.998
9606.ENSP00000424417,PLRG1,SRRM2,0.997
9606.ENSP00000424417,PLRG1,ISY1,0.997
9606.ENSP00000424417,PLRG1,SNRPD3,0.997
9606.ENSP00000424417,PLRG1,CTNNBL1,0.996
9606.ENSP00000424417,PLRG1,SNRNP200,0.996
9606.ENSP00000424417,PLRG1,PPIE,0.996
9606.ENSP00000424417,PLRG1,DHX8,0.994
9606.ENSP00000424417,PLRG1,SNRPB,0.994
9606.ENSP00000424417,PLRG1,PPIL1,0.992
9606.ENSP00000424417,PLRG1,ISY1-RAB43,0.992
9606.ENSP00000424417,PLRG1,SNRNP40,0.992
9606.ENSP00000424417,PLRG1,SF3A2,0.992
9606.ENSP00000424417,PLRG1,PRPF38A,0.989
9606.ENSP00000424417,PLRG1,DHX38,0.989
9606.ENSP00000424417,PLRG1,DHX15,0.986
9606.ENSP00000424417,PLRG1,DHX16,0.984
9606.ENSP00000424417,PLRG1,SF3A1,0.982
9606.ENSP00000424417,PLRG1,TCERG1,0.98
9606.ENSP00000424417,PLRG1,SF3B2,0.978
9606.ENSP00000424417,PLRG1,HSPA8,0.977
9606.ENSP00000424417,PLRG1,SF3B3,0.973
9606.ENSP00000424417,PLRG1,CWF19L2,0.973
9606.ENSP00000424417,PLRG1,PHF5A,0.972
9606.ENSP00000424417,PLRG1,SF3A3,0.971
9606.ENSP00000424417,PLRG1,SNRPN,0.969
9606.ENSP00000424417,PLRG1,WBP11,0.963
9606.ENSP00000424417,PLRG1,CWC25,0.96
9606.ENSP00000424417,PLRG1,SNIP1,0.957
9606.ENSP00000424417,PLRG1,NCBP2,0.947
9606.ENSP00000424417,PLRG1,EIF4A3,0.945
9606.ENSP00000424417,PLRG1,SLU7,0.937
9606.ENSP00000424417,PLRG1,CWC27,0.934
9606.ENSP00000424417,PLRG1,TFIP11,0.933
9606.ENSP00000424417,PLRG1,MAGOH,0.931
9606.ENSP00000424417,PLRG1,PPIL2,0.928
9606.ENSP00000424417,PLRG1,SF3B4,0.928
9606.ENSP00000424417,PLRG1,RBMX2,0.925
9606.ENSP00000424417,PLRG1,RNF113A,0.924
9606.ENSP00000424417,PLRG1,ARMC7,0.922
9606.ENSP00000424417,PLRG1,BUD13,0.919
9606.ENSP00000424417,PLRG1,ZMAT2,0.908
9606.ENSP00000424417,PLRG1,SF3B5,0.9
9606.ENSP00000424827,NEDD4,NDFIP1,0.999
9606.ENSP00000424827,NEDD4,NDFIP2,0.998
9606.ENSP00000424827,NEDD4,SCNN1B,0.996
9606.ENSP00000424827,NEDD4,UBC,0.995
9606.ENSP00000424827,NEDD4,RPS27A,0.992
9606.ENSP00000424827,NEDD4,ARRDC3,0.992
9606.ENSP00000424827,NEDD4,PTEN,0.984
9606.ENSP00000424827,NEDD4,ISG15,0.981
9606.ENSP00000424827,NEDD4,UBE2L3,0.979
9606.ENSP00000424827,NEDD4,UBB,0.979
9606.ENSP00000424827,NEDD4,PMEPA1,0.978
9606.ENSP00000424827,NEDD4,GRB10,0.976
9606.ENSP00000424827,NEDD4,SCNN1G,0.976
9606.ENSP00000424827,NEDD4,UBA52,0.975
9606.ENSP00000424827,NEDD4,SCNN1A,0.972
9606.ENSP00000424827,NEDD4,NEDD4L,0.972
9606.ENSP00000424827,NEDD4,UBE2D1,0.971
9606.ENSP00000424827,NEDD4,UBE2D2,0.966
9606.ENSP00000424827,NEDD4,UBE2D3,0.963
9606.ENSP00000424827,NEDD4,DLG3,0.946
9606.ENSP00000424827,NEDD4,GJA1,0.937
9606.ENSP00000424827,NEDD4,ARRB2,0.936
9606.ENSP00000424827,NEDD4,IGF1R,0.934
9606.ENSP00000424827,NEDD4,EGFR,0.932
9606.ENSP00000424827,NEDD4,LYN,0.92
9606.ENSP00000424827,NEDD4,SYK,0.919
9606.ENSP00000424827,NEDD4,POLR2A,0.916
9606.ENSP00000424827,NEDD4,MAP1LC3B,0.912
9606.ENSP00000424827,NEDD4,UBE2E1,0.904
9606.ENSP00000428056,PIK3R1,IRS1,0.999
9606.ENSP00000428056,PIK3R1,PIK3R2,0.999
9606.ENSP00000428056,PIK3R1,PDGFRB,0.999
9606.ENSP00000428056,PIK3R1,CBL,0.999
9606.ENSP00000428056,PIK3R1,PIK3CB,0.999
9606.ENSP00000428056,PIK3R1,PIK3CD,0.999
9606.ENSP00000428056,PIK3R1,PIK3CA,0.999
9606.ENSP00000428056,PIK3R1,PIK3CG,0.999
9606.ENSP00000428056,PIK3R1,IRS2,0.998
9606.ENSP00000428056,PIK3R1,EGFR,0.998
9606.ENSP00000428056,PIK3R1,SRC,0.998
9606.ENSP00000428056,PIK3R1,ERBB3,0.998
9606.ENSP00000428056,PIK3R1,GRB2,0.998
9606.ENSP00000428056,PIK3R1,PIK3R3,0.997
9606.ENSP00000428056,PIK3R1,PTEN,0.997
9606.ENSP00000428056,PIK3R1,PTPN11,0.996
9606.ENSP00000428056,PIK3R1,GAB2,0.996
9606.ENSP00000428056,PIK3R1,PDGFRA,0.995
9606.ENSP00000428056,PIK3R1,ERBB2,0.995
9606.ENSP00000428056,PIK3R1,KIT,0.995
9606.ENSP00000428056,PIK3R1,AKT1,0.995
9606.ENSP00000428056,PIK3R1,ESR1,0.994
9606.ENSP00000428056,PIK3R1,IGF1R,0.994
9606.ENSP00000428056,PIK3R1,CD28,0.993
9606.ENSP00000428056,PIK3R1,CDC42,0.992
9606.ENSP00000428056,PIK3R1,FGFR1,0.992
9606.ENSP00000428056,PIK3R1,GAB1,0.991
9606.ENSP00000428056,PIK3R1,HRAS,0.99
9606.ENSP00000428056,PIK3R1,IRS4,0.989
9606.ENSP00000428056,PIK3R1,INSR,0.988
9606.ENSP00000428056,PIK3R1,FYN,0.988
9606.ENSP00000428056,PIK3R1,PTK2,0.988
9606.ENSP00000428056,PIK3R1,JAK2,0.987
9606.ENSP00000428056,PIK3R1,VAV1,0.98
9606.ENSP00000428056,PIK3R1,SYK,0.98
9606.ENSP00000428056,PIK3R1,AKT2,0.979
9606.ENSP00000428056,PIK3R1,CRK,0.979
9606.ENSP00000428056,PIK3R1,PLCG2,0.979
9606.ENSP00000428056,PIK3R1,AKT3,0.977
9606.ENSP00000428056,PIK3R1,ICOS,0.976
9606.ENSP00000428056,PIK3R1,CD19,0.976
9606.ENSP00000428056,PIK3R1,CBLB,0.974
9606.ENSP00000428056,PIK3R1,ALK,0.973
9606.ENSP00000428056,PIK3R1,PTPN6,0.971
9606.ENSP00000428056,PIK3R1,SHC1,0.971
9606.ENSP00000428056,PIK3R1,INPPL1,0.971
9606.ENSP00000428056,PIK3R1,PLCG1,0.967
9606.ENSP00000428056,PIK3R1,PIK3R5,0.966
9606.ENSP00000428056,PIK3R1,THRB,0.966
9606.ENSP00000428056,PIK3R1,INPP5D,0.965
9606.ENSP00000428056,PIK3R1,LYN,0.964
9606.ENSP00000428056,PIK3R1,KRAS,0.963
9606.ENSP00000428056,PIK3R1,NTRK1,0.962
9606.ENSP00000428056,PIK3R1,ZFPM2,0.961
9606.ENSP00000428056,PIK3R1,YWHAZ,0.961
9606.ENSP00000428056,PIK3R1,PIK3AP1,0.958
9606.ENSP00000428056,PIK3R1,FLT3,0.956
9606.ENSP00000428056,PIK3R1,MTOR,0.956
9606.ENSP00000428056,PIK3R1,NRAS,0.956
9606.ENSP00000428056,PIK3R1,THRA,0.956
9606.ENSP00000428056,PIK3R1,PIK3C3,0.955
9606.ENSP00000428056,PIK3R1,PIK3C2B,0.953
9606.ENSP00000428056,PIK3R1,PDPK1,0.953
9606.ENSP00000428056,PIK3R1,HCST,0.951
9606.ENSP00000428056,PIK3R1,ITGB1,0.951
9606.ENSP00000428056,PIK3R1,CRKL,0.951
9606.ENSP00000428056,PIK3R1,ITK,0.949
9606.ENSP00000428056,PIK3R1,INPP4B,0.949
9606.ENSP00000428056,PIK3R1,ZAP70,0.949
9606.ENSP00000428056,PIK3R1,GRB10,0.948
9606.ENSP00000428056,PIK3R1,ERBB4,0.948
9606.ENSP00000428056,PIK3R1,BTK,0.947
9606.ENSP00000428056,PIK3R1,IL6ST,0.944
9606.ENSP00000428056,PIK3R1,RAF1,0.944
9606.ENSP00000428056,PIK3R1,PIK3C2G,0.943
9606.ENSP00000428056,PIK3R1,KDR,0.943
9606.ENSP00000428056,PIK3R1,JAK1,0.939
9606.ENSP00000428056,PIK3R1,LCK,0.939
9606.ENSP00000428056,PIK3R1,PIK3C2A,0.938
9606.ENSP00000428056,PIK3R1,PIK3R6,0.937
9606.ENSP00000428056,PIK3R1,ILK,0.937
9606.ENSP00000428056,PIK3R1,KISS1R,0.936
9606.ENSP00000428056,PIK3R1,RAC2,0.934
9606.ENSP00000428056,PIK3R1,PRKCD,0.934
9606.ENSP00000428056,PIK3R1,VAV3,0.933
9606.ENSP00000428056,PIK3R1,PRKCZ,0.933
9606.ENSP00000428056,PIK3R1,JAK3,0.932
9606.ENSP00000428056,PIK3R1,PGR,0.931
9606.ENSP00000428056,PIK3R1,TXK,0.927
9606.ENSP00000428056,PIK3R1,RRAS,0.927
9606.ENSP00000428056,PIK3R1,SOS1,0.927
9606.ENSP00000428056,PIK3R1,PIP5K1A,0.926
9606.ENSP00000428056,PIK3R1,CSF1R,0.925
9606.ENSP00000428056,PIK3R1,TLR4,0.925
9606.ENSP00000428056,PIK3R1,PIP5K1C,0.925
9606.ENSP00000428056,PIK3R1,PI4KB,0.925
9606.ENSP00000428056,PIK3R1,FGFR2,0.924
9606.ENSP00000428056,PIK3R1,DAB1,0.924
9606.ENSP00000428056,PIK3R1,PI4KA,0.924
9606.ENSP00000428056,PIK3R1,PIP4K2A,0.921
9606.ENSP00000428056,PIK3R1,RAP1A,0.92
9606.ENSP00000428056,PIK3R1,PIP5K1B,0.919
9606.ENSP00000428056,PIK3R1,MRAS,0.919
9606.ENSP00000428056,PIK3R1,PRKCI,0.919
9606.ENSP00000428056,PIK3R1,ITGB2,0.918
9606.ENSP00000428056,PIK3R1,STAT3,0.918
9606.ENSP00000428056,PIK3R1,EML4,0.917
9606.ENSP00000428056,PIK3R1,IFNGR1,0.917
9606.ENSP00000428056,PIK3R1,PIKFYVE,0.917
9606.ENSP00000428056,PIK3R1,PI4K2B,0.916
9606.ENSP00000428056,PIK3R1,ITGA2,0.916
9606.ENSP00000428056,PIK3R1,PREX1,0.916
9606.ENSP00000428056,PIK3R1,GNAI2,0.915
9606.ENSP00000428056,PIK3R1,INPP4A,0.915
9606.ENSP00000428056,PIK3R1,PI4K2A,0.914
9606.ENSP00000428056,PIK3R1,PIP4K2C,0.913
9606.ENSP00000428056,PIK3R1,RAP1B,0.912
9606.ENSP00000428056,PIK3R1,GNAI1,0.912
9606.ENSP00000428056,PIK3R1,PIP4K2B,0.911
9606.ENSP00000428056,PIK3R1,EGF,0.911
9606.ENSP00000428056,PIK3R1,LIFR,0.911
9606.ENSP00000428056,PIK3R1,RAC3,0.91
9606.ENSP00000428056,PIK3R1,GNAI3,0.91
9606.ENSP00000428056,PIK3R1,NGFR,0.91
9606.ENSP00000428056,PIK3R1,VAV2,0.91
9606.ENSP00000428056,PIK3R1,ITGAM,0.91
9606.ENSP00000428056,PIK3R1,FLT1,0.909
9606.ENSP00000428056,PIK3R1,EPOR,0.909
9606.ENSP00000428056,PIK3R1,OGT,0.908
9606.ENSP00000428056,PIK3R1,TRAF2,0.907
9606.ENSP00000428056,PIK3R1,FCER1G,0.906
9606.ENSP00000428056,PIK3R1,CDIPT,0.904
9606.ENSP00000428056,PIK3R1,PIP4P1,0.9
9606.ENSP00000428056,PIK3R1,INPP5F,0.9
9606.ENSP00000428056,PIK3R1,PIP4P2,0.9
9606.ENSP00000429633,MYBL1,LIN9,0.958
9606.ENSP00000429633,MYBL1,LIN37,0.928
9606.ENSP00000429633,MYBL1,LIN54,0.919
9606.ENSP00000430344,PLCD1,PLCD4,0.936
9606.ENSP00000430344,PLCD1,PIKFYVE,0.936
9606.ENSP00000430344,PLCD1,ITPR1,0.935
9606.ENSP00000430344,PLCD1,ITPR3,0.935
9606.ENSP00000430344,PLCD1,INPP5A,0.932
9606.ENSP00000430344,PLCD1,PRKCA,0.931
9606.ENSP00000430344,PLCD1,MTM1,0.929
9606.ENSP00000430344,PLCD1,PRKCG,0.928
9606.ENSP00000430344,PLCD1,CDIPT,0.926
9606.ENSP00000430344,PLCD1,PTEN,0.922
9606.ENSP00000430344,PLCD1,IPMK,0.921
9606.ENSP00000430344,PLCD1,ITPR2,0.921
9606.ENSP00000430344,PLCD1,INPP1,0.915
9606.ENSP00000430344,PLCD1,PRKCB,0.912
9606.ENSP00000430344,PLCD1,DLC1,0.912
9606.ENSP00000430344,PLCD1,PLCD3,0.911
9606.ENSP00000430344,PLCD1,INPP5F,0.903
9606.ENSP00000430344,PLCD1,PLEK2,0.902
9606.ENSP00000430344,PLCD1,MINPP1,0.9
9606.ENSP00000431418,NTRK1,BDNF,0.999
9606.ENSP00000431418,NTRK1,NGF,0.999
9606.ENSP00000431418,NTRK1,SHC1,0.999
9606.ENSP00000431418,NTRK1,NTF4,0.999
9606.ENSP00000431418,NTRK1,NTF3,0.999
9606.ENSP00000431418,NTRK1,NGFR,0.999
9606.ENSP00000431418,NTRK1,KITLG,0.998
9606.ENSP00000431418,NTRK1,EGF,0.997
9606.ENSP00000431418,NTRK1,HGF,0.997
9606.ENSP00000431418,NTRK1,INS,0.996
9606.ENSP00000431418,NTRK1,ANGPT1,0.996
9606.ENSP00000431418,NTRK1,PLCG1,0.994
9606.ENSP00000431418,NTRK1,GRB2,0.993
9606.ENSP00000431418,NTRK1,ANGPT2,0.993
9606.ENSP00000431418,NTRK1,GDNF,0.991
9606.ENSP00000431418,NTRK1,IGF1,0.99
9606.ENSP00000431418,NTRK1,SH2B1,0.99
9606.ENSP00000431418,NTRK1,NTRK2,0.989
9606.ENSP00000431418,NTRK1,KIDINS220,0.987
9606.ENSP00000431418,NTRK1,TPM3,0.986
9606.ENSP00000431418,NTRK1,TFG,0.981
9606.ENSP00000431418,NTRK1,SHC3,0.975
9606.ENSP00000431418,NTRK1,FRS2,0.974
9606.ENSP00000431418,NTRK1,IRS1,0.971
9606.ENSP00000431418,NTRK1,PIK3R1,0.962
9606.ENSP00000431418,NTRK1,PIK3CA,0.96
9606.ENSP00000431418,NTRK1,FGF2,0.959
9606.ENSP00000431418,NTRK1,ABL1,0.958
9606.ENSP00000431418,NTRK1,SHC2,0.956
9606.ENSP00000431418,NTRK1,CCN2,0.945
9606.ENSP00000431418,NTRK1,SH2B2,0.94
9606.ENSP00000431418,NTRK1,TPR,0.939
9606.ENSP00000431418,NTRK1,SHC4,0.936
9606.ENSP00000431418,NTRK1,PIK3CB,0.932
9606.ENSP00000431418,NTRK1,MATK,0.93
9606.ENSP00000431418,NTRK1,PIK3R2,0.93
9606.ENSP00000431418,NTRK1,IGF2,0.925
9606.ENSP00000431418,NTRK1,PIK3R3,0.924
9606.ENSP00000431418,NTRK1,PIK3CD,0.922
9606.ENSP00000431418,NTRK1,SH2B3,0.916
9606.ENSP00000431418,NTRK1,PGF,0.913
9606.ENSP00000431418,NTRK1,EFNA5,0.913
9606.ENSP00000431418,NTRK1,CSF1,0.913
9606.ENSP00000431418,NTRK1,FLT3LG,0.912
9606.ENSP00000431418,NTRK1,PLCG2,0.908
9606.ENSP00000431418,NTRK1,APPL1,0.908
9606.ENSP00000431418,NTRK1,SORT1,0.905
9606.ENSP00000431418,NTRK1,FGF8,0.901
9606.ENSP00000431603,POU2F2,POU2F1,0.981
9606.ENSP00000431603,POU2F2,POU2F3,0.98
9606.ENSP00000432688,PIGY,PIGP,0.999
9606.ENSP00000432688,PIGY,PIGC,0.999
9606.ENSP00000432688,PIGY,PIGH,0.999
9606.ENSP00000432688,PIGY,PIGQ,0.999
9606.ENSP00000432688,PIGY,PIGA,0.999
9606.ENSP00000432688,PIGY,DPM2,0.998
9606.ENSP00000432688,PIGY,PIGL,0.977
9606.ENSP00000432688,PIGY,PYURF,0.912
9606.ENSP00000433681,NCAPD3,NCAPG2,0.999
9606.ENSP00000433681,NCAPD3,NCAPH2,0.999
9606.ENSP00000433681,NCAPD3,SMC4,0.999
9606.ENSP00000433681,NCAPD3,SMC2,0.995
9606.ENSP00000433681,NCAPD3,NCAPH,0.994
9606.ENSP00000433681,NCAPD3,NCAPG,0.986
9606.ENSP00000433681,NCAPD3,NCAPD2,0.984
9606.ENSP00000435289,PAFAH1B2,PAFAH1B1,0.999
9606.ENSP00000435289,PAFAH1B2,PAFAH1B3,0.998
9606.ENSP00000435289,PAFAH1B2,PAFAH2,0.944
9606.ENSP00000435289,PAFAH1B2,PLA2G7,0.929
9606.ENSP00000435289,PAFAH1B2,LPCAT1,0.91
9606.ENSP00000435289,PAFAH1B2,LPCAT2,0.909
9606.ENSP00000435289,PAFAH1B2,LPCAT4,0.902
9606.ENSP00000435289,PAFAH1B2,CHPT1,0.9
9606.ENSP00000435289,PAFAH1B2,CEPT1,0.9
9606.ENSP00000436679,NXF1,UPF3B,0.999
9606.ENSP00000436679,NXF1,NXT1,0.999
9606.ENSP00000436679,NXF1,UPF3A,0.999
9606.ENSP00000436679,NXF1,ALYREF,0.999
9606.ENSP00000436679,NXF1,UPF1,0.998
9606.ENSP00000436679,NXF1,RNPS1,0.998
9606.ENSP00000436679,NXF1,RBM8A,0.998
9606.ENSP00000436679,NXF1,RAE1,0.998
9606.ENSP00000436679,NXF1,SRRM1,0.997
9606.ENSP00000436679,NXF1,NUP98,0.997
9606.ENSP00000436679,NXF1,NXT2,0.997
9606.ENSP00000436679,NXF1,SRSF3,0.997
9606.ENSP00000436679,NXF1,NUP214,0.995
9606.ENSP00000436679,NXF1,HNRNPUL1,0.993
9606.ENSP00000436679,NXF1,THOC5,0.992
9606.ENSP00000436679,NXF1,SRSF1,0.992
9606.ENSP00000436679,NXF1,NUP62,0.989
9606.ENSP00000436679,NXF1,NUP153,0.989
9606.ENSP00000436679,NXF1,FYTTD1,0.981
9606.ENSP00000436679,NXF1,NUTF2,0.974
9606.ENSP00000436679,NXF1,TNPO1,0.97
9606.ENSP00000436679,NXF1,NUP42,0.97
9606.ENSP00000436679,NXF1,EIF4A3,0.967
9606.ENSP00000436679,NXF1,RANBP2,0.967
9606.ENSP00000436679,NXF1,RBM15,0.963
9606.ENSP00000436679,NXF1,SRSF7,0.962
9606.ENSP00000436679,NXF1,MCM3AP,0.953
9606.ENSP00000436679,NXF1,DDX39B,0.939
9606.ENSP00000436679,NXF1,GLE1,0.933
9606.ENSP00000436679,NXF1,NUP107,0.928
9606.ENSP00000436679,NXF1,TNPO2,0.924
9606.ENSP00000436679,NXF1,XPO1,0.924
9606.ENSP00000436679,NXF1,YTHDC1,0.92
9606.ENSP00000436679,NXF1,NUP88,0.919
9606.ENSP00000436679,NXF1,TPR,0.918
9606.ENSP00000436679,NXF1,NCBP1,0.917
9606.ENSP00000436679,NXF1,SH2D3A,0.91
9606.ENSP00000436679,NXF1,NCBP2,0.904
9606.ENSP00000437073,MYO18A,GOLPH3,0.971
9606.ENSP00000438071,PAAF1,PSMD10,0.999
9606.ENSP00000438071,PAAF1,PSMC5,0.998
9606.ENSP00000438071,PAAF1,PSMC4,0.997
9606.ENSP00000438071,PAAF1,PSMD7,0.971
9606.ENSP00000438071,PAAF1,PSMD12,0.971
9606.ENSP00000438071,PAAF1,PSMD14,0.97
9606.ENSP00000438071,PAAF1,PSMC2,0.954
9606.ENSP00000438071,PAAF1,ADRM1,0.953
9606.ENSP00000438071,PAAF1,PSMD13,0.95
9606.ENSP00000438071,PAAF1,PSMD3,0.949
9606.ENSP00000438071,PAAF1,PSMC3,0.921
9606.ENSP00000438071,PAAF1,UCHL5,0.917
9606.ENSP00000438071,PAAF1,PSMD2,0.91
9606.ENSP00000438071,PAAF1,PSMD4,0.907
9606.ENSP00000439120,NFE2,MAFG,0.998
9606.ENSP00000439120,NFE2,MAFK,0.988
9606.ENSP00000439120,NFE2,MAF,0.986
9606.ENSP00000439120,NFE2,MAFF,0.971
9606.ENSP00000439120,NFE2,GATA1,0.944
9606.ENSP00000440185,PDYN,POMC,0.994
9606.ENSP00000440185,PDYN,OPRM1,0.987
9606.ENSP00000440185,PDYN,PNOC,0.986
9606.ENSP00000440185,PDYN,OPRD1,0.979
9606.ENSP00000440185,PDYN,GRIN2B,0.964
9606.ENSP00000440185,PDYN,PENK,0.956
9606.ENSP00000440185,PDYN,GRIN2D,0.947
9606.ENSP00000440185,PDYN,GRIN2A,0.94
9606.ENSP00000440185,PDYN,TAC1,0.937
9606.ENSP00000440185,PDYN,NPY,0.932
9606.ENSP00000440185,PDYN,GRIN1,0.93
9606.ENSP00000440185,PDYN,GRIN2C,0.927
9606.ENSP00000440185,PDYN,GRIN3A,0.927
9606.ENSP00000440185,PDYN,GRIN3B,0.918
9606.ENSP00000440185,PDYN,NTS,0.912
9606.ENSP00000440185,PDYN,SST,0.911
9606.ENSP00000440185,PDYN,GAL,0.907
9606.ENSP00000444596,MYCBP2,FBXO45,0.999
9606.ENSP00000444596,MYCBP2,UBE2D2,0.935
9606.ENSP00000444596,MYCBP2,MYC,0.923
9606.ENSP00000444596,MYCBP2,UBC,0.913
9606.ENSP00000444596,MYCBP2,RPS27A,0.908
9606.ENSP00000444596,MYCBP2,UBB,0.902
9606.ENSP00000444596,MYCBP2,UBA52,0.9
9606.ENSP00000444896,NUTM1,BRD4,0.981
9606.ENSP00000445381,PIK3C2G,PIK3C2B,0.967
9606.ENSP00000445381,PIK3C2G,PIK3R2,0.948
9606.ENSP00000445381,PIK3C2G,PIK3C2A,0.948
9606.ENSP00000445381,PIK3C2G,PIK3R3,0.945
9606.ENSP00000445381,PIK3C2G,PIK3R1,0.943
9606.ENSP00000445381,PIK3C2G,INPP4B,0.939
9606.ENSP00000445381,PIK3C2G,PTEN,0.938
9606.ENSP00000445381,PIK3C2G,INPP4A,0.932
9606.ENSP00000445381,PIK3C2G,PIKFYVE,0.926
9606.ENSP00000445381,PIK3C2G,INPPL1,0.926
9606.ENSP00000445381,PIK3C2G,PIP5K1C,0.924
9606.ENSP00000445381,PIK3C2G,INPP5B,0.924
9606.ENSP00000445381,PIK3C2G,PIP5K1B,0.923
9606.ENSP00000445381,PIK3C2G,PI4K2B,0.921
9606.ENSP00000445381,PIK3C2G,OCRL,0.92
9606.ENSP00000445381,PIK3C2G,SYNJ2,0.92
9606.ENSP00000445381,PIK3C2G,PIP5K1A,0.92
9606.ENSP00000445381,PIK3C2G,SYNJ1,0.917
9606.ENSP00000445381,PIK3C2G,INPP5D,0.914
9606.ENSP00000445381,PIK3C2G,PI4KB,0.913
9606.ENSP00000445381,PIK3C2G,PI4K2A,0.912
9606.ENSP00000445381,PIK3C2G,PI4KA,0.911
9606.ENSP00000445381,PIK3C2G,PIP5KL1,0.907
9606.ENSP00000445381,PIK3C2G,INPP5E,0.903
9606.ENSP00000445381,PIK3C2G,CDIPT,0.9
9606.ENSP00000445381,PIK3C2G,INPP5F,0.9
9606.ENSP00000447149,NR1H4,RXRA,0.999
9606.ENSP00000447149,NR1H4,NCOA1,0.997
9606.ENSP00000447149,NR1H4,GPBAR1,0.991
9606.ENSP00000447149,NR1H4,XPR1,0.99
9606.ENSP00000447149,NR1H4,CYP7A1,0.986
9606.ENSP00000447149,NR1H4,NR0B2,0.986
9606.ENSP00000447149,NR1H4,NCOR1,0.983
9606.ENSP00000447149,NR1H4,PPARGC1A,0.983
9606.ENSP00000447149,NR1H4,NCOA2,0.981
9606.ENSP00000447149,NR1H4,ABCB11,0.964
9606.ENSP00000447149,NR1H4,FABP6,0.935
9606.ENSP00000447149,NR1H4,FGF19,0.916
9606.ENSP00000447149,NR1H4,SLC10A2,0.914
9606.ENSP00000447211,OTOGL,STRC,0.955
9606.ENSP00000447211,OTOGL,OTOG,0.903
9606.ENSP00000448035,NACA,BTF3,0.999
9606.ENSP00000448035,NACA,RPS3A,0.999
9606.ENSP00000448035,NACA,RPL24,0.99
9606.ENSP00000448035,NACA,RPL18A,0.987
9606.ENSP00000448035,NACA,RPL19,0.985
9606.ENSP00000448035,NACA,RPL4,0.985
9606.ENSP00000448035,NACA,RPLP0,0.984
9606.ENSP00000448035,NACA,RPL6,0.983
9606.ENSP00000448035,NACA,RPL23A,0.982
9606.ENSP00000448035,NACA,RPL17,0.982
9606.ENSP00000448035,NACA,RPL7,0.981
9606.ENSP00000448035,NACA,RPL18,0.98
9606.ENSP00000448035,NACA,RPL5,0.98
9606.ENSP00000448035,NACA,RPL30,0.98
9606.ENSP00000448035,NACA,RPL14,0.979
9606.ENSP00000448035,NACA,RPL15,0.978
9606.ENSP00000448035,NACA,RPL7A,0.977
9606.ENSP00000448035,NACA,RPS11,0.977
9606.ENSP00000448035,NACA,RPL10,0.975
9606.ENSP00000448035,NACA,RPL31,0.973
9606.ENSP00000448035,NACA,RPL21,0.971
9606.ENSP00000448035,NACA,RPL27,0.971
9606.ENSP00000448035,NACA,RPL32,0.971
9606.ENSP00000448035,NACA,BTF3L4,0.97
9606.ENSP00000448035,NACA,RPL13A,0.969
9606.ENSP00000448035,NACA,RPL13,0.967
9606.ENSP00000448035,NACA,RPL9,0.966
9606.ENSP00000448035,NACA,RPL3,0.966
9606.ENSP00000448035,NACA,RPL11,0.965
9606.ENSP00000448035,NACA,RPL8,0.964
9606.ENSP00000448035,NACA,RPL35A,0.964
9606.ENSP00000448035,NACA,RPL23,0.962
9606.ENSP00000448035,NACA,RPL12,0.962
9606.ENSP00000448035,NACA,RPL34,0.959
9606.ENSP00000448035,NACA,RPL35,0.955
9606.ENSP00000448035,NACA,RPL26,0.955
9606.ENSP00000448035,NACA,RPL39,0.953
9606.ENSP00000448035,NACA,EEF1G,0.946
9606.ENSP00000448035,NACA,RPL28,0.945
9606.ENSP00000448035,NACA,RPL17-C18orf32,0.938
9606.ENSP00000448035,NACA,NACA2,0.93
9606.ENSP00000448035,NACA,RACK1,0.93
9606.ENSP00000448035,NACA,RPL29,0.929
9606.ENSP00000448035,NACA,RPL37A,0.92
9606.ENSP00000448035,NACA,RPL36AL,0.918
9606.ENSP00000448035,NACA,RPS13,0.918
9606.ENSP00000448035,NACA,RPL38,0.917
9606.ENSP00000448035,NACA,RPS12,0.914
9606.ENSP00000448035,NACA,RPS8,0.914
9606.ENSP00000448035,NACA,RPS6,0.913
9606.ENSP00000448035,NACA,RPL36,0.912
9606.ENSP00000448035,NACA,UBA52,0.908
9606.ENSP00000448035,NACA,RPL37,0.908
9606.ENSP00000448035,NACA,RPL36A,0.908
9606.ENSP00000448035,NACA,RPL22,0.9
9606.ENSP00000451300,NUMB,MDM2,0.998
9606.ENSP00000451300,NUMB,LNX1,0.994
9606.ENSP00000451300,NUMB,NOTCH1,0.992
9606.ENSP00000451300,NUMB,ITCH,0.992
9606.ENSP00000451300,NUMB,DPYSL2,0.992
9606.ENSP00000451300,NUMB,EPS15,0.99
9606.ENSP00000451300,NUMB,NOTCH2,0.975
9606.ENSP00000451300,NUMB,NUMBL,0.961
9606.ENSP00000451300,NUMB,NOTCH3,0.961
9606.ENSP00000451300,NUMB,NOTCH4,0.952
9606.ENSP00000451300,NUMB,TP53,0.94
9606.ENSP00000451300,NUMB,LNX2,0.93
9606.ENSP00000451300,NUMB,MSI2,0.93
9606.ENSP00000451300,NUMB,AP2A1,0.919
9606.ENSP00000455507,OBSCN,TTN,0.998
9606.ENSP00000455507,OBSCN,ANK1,0.993
9606.ENSP00000455507,OBSCN,ANK2,0.96
9606.ENSP00000457991,PHLPP2,AKT3,0.996
9606.ENSP00000457991,PHLPP2,AKT1,0.987
9606.ENSP00000457991,PHLPP2,PHLPP1,0.987
9606.ENSP00000457991,PHLPP2,AKT2,0.986
9606.ENSP00000457991,PHLPP2,USP46,0.942
9606.ENSP00000457991,PHLPP2,USP12,0.918
9606.ENSP00000457991,PHLPP2,WDR20,0.904
9606.ENSP00000457991,PHLPP2,WDR48,0.9
9606.ENSP00000460475,NLRP1,BCL2,0.999
9606.ENSP00000460475,NLRP1,CASP1,0.999
9606.ENSP00000460475,NLRP1,CASP5,0.999
9606.ENSP00000460475,NLRP1,MEFV,0.999
9606.ENSP00000460475,NLRP1,PYCARD,0.999
9606.ENSP00000460475,NLRP1,NLRC4,0.999
9606.ENSP00000460475,NLRP1,AIM2,0.999
9606.ENSP00000460475,NLRP1,BCL2L1,0.998
9606.ENSP00000460475,NLRP1,NLRP3,0.998
9606.ENSP00000460475,NLRP1,NLRP6,0.998
9606.ENSP00000460475,NLRP1,NOD2,0.996
9606.ENSP00000460475,NLRP1,NAIP,0.986
9606.ENSP00000460475,NLRP1,NLRP7,0.986
9606.ENSP00000460475,NLRP1,NLRP12,0.985
9606.ENSP00000460475,NLRP1,NLRP2,0.984
9606.ENSP00000460475,NLRP1,NLRP9,0.96
9606.ENSP00000460475,NLRP1,CARD8,0.956
9606.ENSP00000460475,NLRP1,DPP9,0.951
9606.ENSP00000460475,NLRP1,GSDMD,0.938
9606.ENSP00000460475,NLRP1,PYDC1,0.935
9606.ENSP00000460475,NLRP1,DHX33,0.919
9606.ENSP00000460475,NLRP1,IL18,0.918
9606.ENSP00000463027,NCOA4,FTH1,0.999
9606.ENSP00000463027,NCOA4,AR,0.999
9606.ENSP00000463027,NCOA4,RET,0.993
9606.ENSP00000463027,NCOA4,FTL,0.991
9606.ENSP00000463027,NCOA4,CCDC6,0.989
9606.ENSP00000463027,NCOA4,PTCH1,0.901
9606.ENSP00000463233,PABPC4L,PAIP1,0.97
9606.ENSP00000463233,PABPC4L,PABPN1,0.915
9606.ENSP00000464359,MYL12A,MYL6,0.992
9606.ENSP00000464359,MYL12A,MYLK2,0.991
9606.ENSP00000464359,MYL12A,MYH9,0.985
9606.ENSP00000464359,MYL12A,MYL6B,0.984
9606.ENSP00000464359,MYL12A,MYH10,0.983
9606.ENSP00000464359,MYL12A,MYLK,0.972
9606.ENSP00000464359,MYL12A,MYL9,0.961
9606.ENSP00000464359,MYL12A,MYH14,0.959
9606.ENSP00000464359,MYL12A,MYH11,0.956
9606.ENSP00000464359,MYL12A,ACTB,0.951
9606.ENSP00000464359,MYL12A,MYLK3,0.945
9606.ENSP00000464359,MYL12A,MYL12B,0.945
9606.ENSP00000464359,MYL12A,PPP1R12A,0.939
9606.ENSP00000464359,MYL12A,MYL1,0.938
9606.ENSP00000464359,MYL12A,MYLK4,0.937
9606.ENSP00000464359,MYL12A,ACTG1,0.937
9606.ENSP00000464359,MYL12A,PPP1CC,0.931
9606.ENSP00000464359,MYL12A,ROCK2,0.93
9606.ENSP00000464359,MYL12A,PPP1CB,0.93
9606.ENSP00000464359,MYL12A,ROCK1,0.928
9606.ENSP00000464359,MYL12A,PPP1CA,0.918
9606.ENSP00000464359,MYL12A,MYL2,0.907
9606.ENSP00000465099,CD3EAP,POLR1A,0.999
9606.ENSP00000465099,CD3EAP,POLR2F,0.999
9606.ENSP00000465099,CD3EAP,POLR2E,0.999
9606.ENSP00000465099,CD3EAP,POLR1C,0.999
9606.ENSP00000465099,CD3EAP,POLR1E,0.999
9606.ENSP00000465099,CD3EAP,POLR2L,0.999
9606.ENSP00000465099,CD3EAP,ZNRD1,0.999
9606.ENSP00000465099,CD3EAP,POLR1B,0.999
9606.ENSP00000465099,CD3EAP,POLR1D,0.999
9606.ENSP00000465099,CD3EAP,TWISTNB,0.999
9606.ENSP00000465099,CD3EAP,POLR2H,0.996
9606.ENSP00000465099,CD3EAP,RRN3,0.996
9606.ENSP00000465099,CD3EAP,POLR2K,0.995
9606.ENSP00000465099,CD3EAP,TAF1A,0.959
9606.ENSP00000465099,CD3EAP,UBTF,0.934
9606.ENSP00000465759,POLRMT,TFB2M,0.999
9606.ENSP00000465759,POLRMT,TFAM,0.999
9606.ENSP00000465759,POLRMT,TFB1M,0.999
9606.ENSP00000465759,POLRMT,TEFM,0.997
9606.ENSP00000465759,POLRMT,MRPL12,0.962
9606.ENSP00000465759,POLRMT,GABPB1,0.905
9606.ENSP00000472445,POLD1,POLD4,0.999
9606.ENSP00000472445,POLD1,PCNA,0.999
9606.ENSP00000472445,POLD1,POLD2,0.999
9606.ENSP00000472445,POLD1,POLE,0.999
9606.ENSP00000472445,POLD1,POLD3,0.999
9606.ENSP00000472445,POLD1,FEN1,0.997
9606.ENSP00000472445,POLD1,MSH6,0.995
9606.ENSP00000472445,POLD1,MSH2,0.994
9606.ENSP00000472445,POLD1,POLA2,0.994
9606.ENSP00000472445,POLD1,PRIM2,0.992
9606.ENSP00000472445,POLD1,POLE2,0.992
9606.ENSP00000472445,POLD1,PRIM1,0.99
9606.ENSP00000472445,POLD1,POLA1,0.989
9606.ENSP00000472445,POLD1,RPA1,0.989
9606.ENSP00000472445,POLD1,MCM3,0.985
9606.ENSP00000472445,POLD1,POLE3,0.985
9606.ENSP00000472445,POLD1,REV3L,0.984
9606.ENSP00000472445,POLD1,RPA3,0.98
9606.ENSP00000472445,POLD1,MAD2L2,0.978
9606.ENSP00000472445,POLD1,LIG1,0.973
9606.ENSP00000472445,POLD1,RPA2,0.971
9606.ENSP00000472445,POLD1,MCM5,0.969
9606.ENSP00000472445,POLD1,POLE4,0.968
9606.ENSP00000472445,POLD1,POLG,0.966
9606.ENSP00000472445,POLD1,ERCC5,0.966
9606.ENSP00000472445,POLD1,XRCC5,0.963
9606.ENSP00000472445,POLD1,XRCC6,0.962
9606.ENSP00000472445,POLD1,ERCC4,0.962
9606.ENSP00000472445,POLD1,PMS2,0.961
9606.ENSP00000472445,POLD1,ATM,0.96
9606.ENSP00000472445,POLD1,MCM2,0.959
9606.ENSP00000472445,POLD1,CHTF18,0.955
9606.ENSP00000472445,POLD1,ERCC1,0.953
9606.ENSP00000472445,POLD1,LIG4,0.951
9606.ENSP00000472445,POLD1,EXO1,0.95
9606.ENSP00000472445,POLD1,PRKDC,0.947
9606.ENSP00000472445,POLD1,MSH3,0.946
9606.ENSP00000472445,POLD1,MLH1,0.944
9606.ENSP00000472445,POLD1,ERCC8,0.939
9606.ENSP00000472445,POLD1,DONSON,0.938
9606.ENSP00000472445,POLD1,BRCA1,0.937
9606.ENSP00000472445,POLD1,RPA4,0.936
9606.ENSP00000472445,POLD1,XRCC4,0.932
9606.ENSP00000472445,POLD1,RAD23B,0.925
9606.ENSP00000472445,POLD1,NHEJ1,0.924
9606.ENSP00000472445,POLD1,ZSWIM7,0.924
9606.ENSP00000472445,POLD1,DCLRE1C,0.923
9606.ENSP00000472445,POLD1,RAD51,0.921
9606.ENSP00000472445,POLD1,PHF21A,0.919
9606.ENSP00000472445,POLD1,XPC,0.919
9606.ENSP00000472445,POLD1,PMS1,0.917
9606.ENSP00000472445,POLD1,RFC4,0.916
9606.ENSP00000472445,POLD1,CETN2,0.914
9606.ENSP00000472445,POLD1,MMS19,0.913
9606.ENSP00000472445,POLD1,MLH3,0.912
9606.ENSP00000472445,POLD1,CHRAC1,0.906
9606.ENSP00000472445,POLD1,RCOR1,0.906
9606.ENSP00000472445,POLD1,KDM1A,0.906
9606.ENSP00000472445,POLD1,PAXX,0.905
9606.ENSP00000472445,POLD1,XRCC1,0.904
9606.ENSP00000472445,POLD1,POLG2,0.904
9606.ENSP00000472445,POLD1,DNA2,0.903
9606.ENSP00000472445,POLD1,WRN,0.901
9606.ENSP00000472445,POLD1,CRCP,0.9
9606.ENSP00000472445,POLD1,SWSAP1,0.9
9606.ENSP00000472445,POLD1,ATP23,0.9
9606.ENSP00000477538,NAP1L1,UBE2O,0.973
9606.ENSP00000477538,NAP1L1,NAP1L4,0.927
9606.ENSP00000477999,NOS1,CALML4,0.999
9606.ENSP00000477999,NOS1,NOS1AP,0.999
9606.ENSP00000477999,NOS1,CALM3,0.999
9606.ENSP00000477999,NOS1,CALML3,0.999
9606.ENSP00000477999,NOS1,CALML6,0.999
9606.ENSP00000477999,NOS1,CALML5,0.999
9606.ENSP00000477999,NOS1,DLG4,0.996
9606.ENSP00000477999,NOS1,RASD1,0.99
9606.ENSP00000477999,NOS1,GRIN2B,0.984
9606.ENSP00000477999,NOS1,SNTA1,0.979
9606.ENSP00000477999,NOS1,GRIN2A,0.974
9606.ENSP00000477999,NOS1,ATP2B4,0.969
9606.ENSP00000477999,NOS1,ASS1,0.96
9606.ENSP00000477999,NOS1,ARG2,0.959
9606.ENSP00000477999,NOS1,RYR2,0.958
9606.ENSP00000477999,NOS1,DYNLL1,0.957
9606.ENSP00000477999,NOS1,ASL,0.956
9606.ENSP00000477999,NOS1,GRIN1,0.955
9606.ENSP00000477999,NOS1,RYR1,0.954
9606.ENSP00000477999,NOS1,AKT1,0.953
9606.ENSP00000477999,NOS1,ARG1,0.951
9606.ENSP00000477999,NOS1,GRIN2D,0.945
9606.ENSP00000477999,NOS1,AZIN2,0.94
9606.ENSP00000477999,NOS1,NOS2,0.939
9606.ENSP00000477999,NOS1,MAPK3,0.936
9606.ENSP00000477999,NOS1,CAMK2A,0.929
9606.ENSP00000477999,NOS1,DMD,0.929
9606.ENSP00000477999,NOS1,GATM,0.925
9606.ENSP00000477999,NOS1,CACNA1C,0.924
9606.ENSP00000477999,NOS1,XDH,0.923
9606.ENSP00000477999,NOS1,OTC,0.923
9606.ENSP00000477999,NOS1,ITPR1,0.923
9606.ENSP00000477999,NOS1,ITPR3,0.922
9606.ENSP00000477999,NOS1,GRIN2C,0.922
9606.ENSP00000477999,NOS1,GUCY1B1,0.921
9606.ENSP00000477999,NOS1,CACNA1H,0.92
9606.ENSP00000477999,NOS1,CACNA1I,0.919
9606.ENSP00000477999,NOS1,CACNA1D,0.918
9606.ENSP00000477999,NOS1,RYR3,0.918
9606.ENSP00000477999,NOS1,CACNA1G,0.916
9606.ENSP00000477999,NOS1,GUCY1A1,0.915
9606.ENSP00000477999,NOS1,CAMK2B,0.915
9606.ENSP00000477999,NOS1,MAPK1,0.915
9606.ENSP00000477999,NOS1,CALM1,0.914
9606.ENSP00000477999,NOS1,GUCY1A2,0.912
9606.ENSP00000477999,NOS1,HRAS,0.911
9606.ENSP00000477999,NOS1,NOS3,0.906
9606.ENSP00000477999,NOS1,CALM2,0.906
9606.ENSP00000477999,NOS1,AKT2,0.906
9606.ENSP00000477999,NOS1,KRAS,0.903
9606.ENSP00000477999,NOS1,AKT3,0.9
9606.ENSP00000477999,NOS1,NRAS,0.9
9606.ENSP00000478417,PPP6R2,PPP6C,0.998
9606.ENSP00000478417,PPP6R2,ANKRD52,0.943
9606.ENSP00000478417,PPP6R2,ANKRD28,0.935
9606.ENSP00000478417,PPP6R2,SF3B1,0.925
9606.ENSP00000478417,PPP6R2,ANKRD44,0.914
9606.ENSP00000478767,PPP1R9B,PPP1CC,0.993
9606.ENSP00000478767,PPP1R9B,PPP1CA,0.972
9606.ENSP00000478767,PPP1R9B,SAMD14,0.934
9606.ENSP00000478767,PPP1R9B,PPP1R15B,0.932
9606.ENSP00000478767,PPP1R9B,PPP1CB,0.93
9606.ENSP00000478767,PPP1R9B,SHOC2,0.901
9606.ENSP00000478887,MYC,EP300,0.999
9606.ENSP00000478887,MYC,FBXW7,0.999
9606.ENSP00000478887,MYC,TRRAP,0.999
9606.ENSP00000478887,MYC,BRCA1,0.999
9606.ENSP00000478887,MYC,BIN1,0.999
9606.ENSP00000478887,MYC,ZBTB17,0.999
9606.ENSP00000478887,MYC,MAX,0.999
9606.ENSP00000478887,MYC,CDKN2A,0.998
9606.ENSP00000478887,MYC,TP53,0.997
9606.ENSP00000478887,MYC,GSK3B,0.996
9606.ENSP00000478887,MYC,KAT2A,0.996
9606.ENSP00000478887,MYC,CDCA7L,0.995
9606.ENSP00000478887,MYC,E2F1,0.995
9606.ENSP00000478887,MYC,SMAD3,0.993
9606.ENSP00000478887,MYC,HIF1A,0.993
9606.ENSP00000478887,MYC,HDAC1,0.991
9606.ENSP00000478887,MYC,DNMT3A,0.991
9606.ENSP00000478887,MYC,KAT2B,0.99
9606.ENSP00000478887,MYC,SKP1,0.989
9606.ENSP00000478887,MYC,IGF2BP1,0.988
9606.ENSP00000478887,MYC,ZNF346,0.987
9606.ENSP00000478887,MYC,MAPK3,0.986
9606.ENSP00000478887,MYC,STAT3,0.985
9606.ENSP00000478887,MYC,CTNNB1,0.985
9606.ENSP00000478887,MYC,EZH2,0.984
9606.ENSP00000478887,MYC,MAPK1,0.983
9606.ENSP00000478887,MYC,SMAD2,0.982
9606.ENSP00000478887,MYC,ESR1,0.982
9606.ENSP00000478887,MYC,CDKN1A,0.981
9606.ENSP00000478887,MYC,WDR5,0.98
9606.ENSP00000478887,MYC,HSP90AA1,0.975
9606.ENSP00000478887,MYC,CCNT1,0.975
9606.ENSP00000478887,MYC,SKP2,0.975
9606.ENSP00000478887,MYC,KAT5,0.974
9606.ENSP00000478887,MYC,SMARCA4,0.974
9606.ENSP00000478887,MYC,SP1,0.974
9606.ENSP00000478887,MYC,AMOTL1,0.972
9606.ENSP00000478887,MYC,JUN,0.97
9606.ENSP00000478887,MYC,CUL1,0.97
9606.ENSP00000478887,MYC,RUVBL1,0.969
9606.ENSP00000478887,MYC,CCND1,0.969
9606.ENSP00000478887,MYC,MYCBP,0.967
9606.ENSP00000478887,MYC,CDKN2B,0.966
9606.ENSP00000478887,MYC,USP28,0.966
9606.ENSP00000478887,MYC,CDK4,0.966
9606.ENSP00000478887,MYC,KDM5B,0.966
9606.ENSP00000478887,MYC,FOS,0.965
9606.ENSP00000478887,MYC,NFE2L2,0.961
9606.ENSP00000478887,MYC,RUVBL2,0.96
9606.ENSP00000478887,MYC,TFAP2C,0.96
9606.ENSP00000478887,MYC,CDK2,0.96
9606.ENSP00000478887,MYC,CEBPB,0.958
9606.ENSP00000478887,MYC,PFDN5,0.958
9606.ENSP00000478887,MYC,YY1,0.958
9606.ENSP00000478887,MYC,SOX2,0.958
9606.ENSP00000478887,MYC,SIRT6,0.957
9606.ENSP00000478887,MYC,POU5F1,0.956
9606.ENSP00000478887,MYC,BCL2,0.955
9606.ENSP00000478887,MYC,EP400,0.954
9606.ENSP00000478887,MYC,CDK9,0.953
9606.ENSP00000478887,MYC,TBP,0.953
9606.ENSP00000478887,MYC,ANXA2,0.951
9606.ENSP00000478887,MYC,CDC25A,0.95
9606.ENSP00000478887,MYC,H4C6,0.95
9606.ENSP00000478887,MYC,NANOG,0.949
9606.ENSP00000478887,MYC,HDAC3,0.949
9606.ENSP00000478887,MYC,NCL,0.947
9606.ENSP00000478887,MYC,KLF4,0.945
9606.ENSP00000478887,MYC,CREBBP,0.945
9606.ENSP00000478887,MYC,ERCC3,0.942
9606.ENSP00000478887,MYC,BRD4,0.941
9606.ENSP00000478887,MYC,H3-3B,0.938
9606.ENSP00000478887,MYC,TFAP2A,0.938
9606.ENSP00000478887,MYC,E2F4,0.937
9606.ENSP00000478887,MYC,H3C12,0.936
9606.ENSP00000478887,MYC,UBE3A,0.935
9606.ENSP00000478887,MYC,MYCN,0.933
9606.ENSP00000478887,MYC,EPAS1,0.932
9606.ENSP00000478887,MYC,SMAD4,0.931
9606.ENSP00000478887,MYC,PARP10,0.93
9606.ENSP00000478887,MYC,AKT1,0.928
9606.ENSP00000478887,MYC,NMI,0.923
9606.ENSP00000478887,MYC,MYCBP2,0.923
9606.ENSP00000478887,MYC,LOC102723407,0.922
9606.ENSP00000478887,MYC,BCL6,0.922
9606.ENSP00000478887,MYC,KDM1A,0.922
9606.ENSP00000478887,MYC,HNF4A,0.921
9606.ENSP00000478887,MYC,TERT,0.92
9606.ENSP00000478887,MYC,MXD1,0.919
9606.ENSP00000478887,MYC,NFKB1,0.917
9606.ENSP00000478887,MYC,AURKA,0.914
9606.ENSP00000478887,MYC,H3C13,0.91
9606.ENSP00000478887,MYC,CCNE1,0.908
9606.ENSP00000478887,MYC,PTEN,0.908
9606.ENSP00000478887,MYC,SMARCB1,0.906
9606.ENSP00000478887,MYC,YEATS4,0.905
9606.ENSP00000478887,MYC,CEBPA,0.904
9606.ENSP00000478887,MYC,MXI1,0.904
9606.ENSP00000480091,NMRK2,NAPRT,0.965
9606.ENSP00000480091,NMRK2,NMNAT1,0.963
9606.ENSP00000480091,NMRK2,QPRT,0.952
9606.ENSP00000480091,NMRK2,NMNAT2,0.951
9606.ENSP00000480091,NMRK2,NAMPT,0.947
9606.ENSP00000480091,NMRK2,PNP,0.942
9606.ENSP00000480091,NMRK2,NMRK1,0.91
9606.ENSP00000480091,NMRK2,NUDT12,0.901
9606.ENSP00000480091,NMRK2,ENPP1,0.901
9606.ENSP00000480091,NMRK2,ENPP3,0.901
9606.ENSP00000480157,PIK3R6,PIK3CG,0.999
9606.ENSP00000480157,PIK3R6,PIK3R3,0.967
9606.ENSP00000480157,PIK3R6,PIK3R5,0.953
9606.ENSP00000480157,PIK3R6,PIK3R2,0.945
9606.ENSP00000480157,PIK3R6,PIK3CD,0.945
9606.ENSP00000480157,PIK3R6,PIK3CB,0.942
9606.ENSP00000480157,PIK3R6,PIK3R1,0.937
9606.ENSP00000480157,PIK3R6,HCK,0.927
9606.ENSP00000480157,PIK3R6,PIK3CA,0.924
9606.ENSP00000480157,PIK3R6,FGR,0.924
9606.ENSP00000480157,PIK3R6,AKT3,0.921
9606.ENSP00000480157,PIK3R6,AKT2,0.912
9606.ENSP00000480157,PIK3R6,AKT1,0.912
9606.ENSP00000480157,PIK3R6,LYN,0.907
9606.ENSP00000480157,PIK3R6,SRC,0.905
9606.ENSP00000480157,PIK3R6,KRAS,0.904
9606.ENSP00000480157,PIK3R6,IRS1,0.903
9606.ENSP00000480157,PIK3R6,IRS2,0.903
9606.ENSP00000480157,PIK3R6,HRAS,0.902
9606.ENSP00000480157,PIK3R6,GNAI2,0.901
9606.ENSP00000480157,PIK3R6,PRKCZ,0.9
9606.ENSP00000480157,PIK3R6,GNAI1,0.9
9606.ENSP00000480157,PIK3R6,PDPK1,0.9
9606.ENSP00000480157,PIK3R6,ITK,0.9
9606.ENSP00000480157,PIK3R6,NRAS,0.9
9606.ENSP00000480157,PIK3R6,PTK2,0.9
9606.ENSP00000480157,PIK3R6,GNAI3,0.9
9606.ENSP00000480157,PIK3R6,GNA13,0.9
9606.ENSP00000480157,PIK3R6,IRS4,0.9
9606.ENSP00000482027,NR4A3,EWSR1,0.9
9606.ENSP00000482093,PER3,CRY2,0.999
9606.ENSP00000482093,PER3,CRY1,0.999
9606.ENSP00000482093,PER3,PER2,0.998
9606.ENSP00000482093,PER3,PER1,0.997
9606.ENSP00000482093,PER3,CSNK1E,0.994
9606.ENSP00000482093,PER3,CSNK1D,0.988
9606.ENSP00000482093,PER3,ARNTL,0.98
9606.ENSP00000482093,PER3,NR1D1,0.978
9606.ENSP00000482093,PER3,NR1D2,0.969
9606.ENSP00000482093,PER3,BHLHE41,0.96
9606.ENSP00000482093,PER3,NFIL3,0.957
9606.ENSP00000482093,PER3,TIMELESS,0.957
9606.ENSP00000482093,PER3,RORB,0.936
9606.ENSP00000482093,PER3,BTRC,0.931
9606.ENSP00000482093,PER3,BHLHE40,0.93
9606.ENSP00000482093,PER3,RORA,0.923
9606.ENSP00000482093,PER3,FBXW11,0.921
9606.ENSP00000482093,PER3,RBX1,0.917
9606.ENSP00000482093,PER3,SKP1,0.916
9606.ENSP00000482093,PER3,NPAS2,0.911
9606.ENSP00000482093,PER3,CUL1,0.911
9606.ENSP00000482457,PLCG2,BLNK,0.999
9606.ENSP00000482457,PLCG2,SYK,0.999
9606.ENSP00000482457,PLCG2,BTK,0.999
9606.ENSP00000482457,PLCG2,LCP2,0.998
9606.ENSP00000482457,PLCG2,VAV1,0.998
9606.ENSP00000482457,PLCG2,EGFR,0.993
9606.ENSP00000482457,PLCG2,ERBB2,0.979
9606.ENSP00000482457,PLCG2,PIK3R1,0.979
9606.ENSP00000482457,PLCG2,SRC,0.975
9606.ENSP00000482457,PLCG2,PIK3CD,0.974
9606.ENSP00000482457,PLCG2,PRKCB,0.973
9606.ENSP00000482457,PLCG2,SH3BP2,0.97
9606.ENSP00000482457,PLCG2,RAC2,0.967
9606.ENSP00000482457,PLCG2,PLCG1,0.964
9606.ENSP00000482457,PLCG2,ITPR1,0.962
9606.ENSP00000482457,PLCG2,DAPP1,0.962
9606.ENSP00000482457,PLCG2,LYN,0.961
9606.ENSP00000482457,PLCG2,ITPR2,0.958
9606.ENSP00000482457,PLCG2,GAB2,0.954
9606.ENSP00000482457,PLCG2,ICAM1,0.952
9606.ENSP00000482457,PLCG2,PRKCA,0.949
9606.ENSP00000482457,PLCG2,ITPR3,0.949
9606.ENSP00000482457,PLCG2,HCST,0.945
9606.ENSP00000482457,PLCG2,LOC102723407,0.945
9606.ENSP00000482457,PLCG2,VAV3,0.941
9606.ENSP00000482457,PLCG2,PRKCD,0.94
9606.ENSP00000482457,PLCG2,ERBB4,0.938
9606.ENSP00000482457,PLCG2,PIK3CB,0.938
9606.ENSP00000482457,PLCG2,PLA2G4A,0.936
9606.ENSP00000482457,PLCG2,FYN,0.936
9606.ENSP00000482457,PLCG2,PTPN11,0.934
9606.ENSP00000482457,PLCG2,ERBB3,0.933
9606.ENSP00000482457,PLCG2,RASGRP3,0.933
9606.ENSP00000482457,PLCG2,VAV2,0.932
9606.ENSP00000482457,PLCG2,PTEN,0.931
9606.ENSP00000482457,PLCG2,CALM3,0.931
9606.ENSP00000482457,PLCG2,FCER1G,0.931
9606.ENSP00000482457,PLCG2,CALML3,0.93
9606.ENSP00000482457,PLCG2,CALML5,0.93
9606.ENSP00000482457,PLCG2,SHC1,0.93
9606.ENSP00000482457,PLCG2,PIK3CA,0.928
9606.ENSP00000482457,PLCG2,JAK2,0.928
9606.ENSP00000482457,PLCG2,GNAQ,0.927
9606.ENSP00000482457,PLCG2,CALML6,0.927
9606.ENSP00000482457,PLCG2,CALML4,0.927
9606.ENSP00000482457,PLCG2,FGFR1,0.92
9606.ENSP00000482457,PLCG2,TEC,0.919
9606.ENSP00000482457,PLCG2,AXL,0.918
9606.ENSP00000482457,PLCG2,KDR,0.918
9606.ENSP00000482457,PLCG2,PDGFRB,0.917
9606.ENSP00000482457,PLCG2,LAT,0.916
9606.ENSP00000482457,PLCG2,MET,0.916
9606.ENSP00000482457,PLCG2,FGFR3,0.916
9606.ENSP00000482457,PLCG2,INPP5A,0.916
9606.ENSP00000482457,PLCG2,CAMK4,0.915
9606.ENSP00000482457,PLCG2,ALK,0.915
9606.ENSP00000482457,PLCG2,PPP3CB,0.914
9606.ENSP00000482457,PLCG2,PDGFRA,0.913
9606.ENSP00000482457,PLCG2,PLA2G4C,0.912
9606.ENSP00000482457,PLCG2,NTRK3,0.912
9606.ENSP00000482457,PLCG2,PPP3CA,0.912
9606.ENSP00000482457,PLCG2,SH2D2A,0.912
9606.ENSP00000482457,PLCG2,FGFR2,0.911
9606.ENSP00000482457,PLCG2,IPMK,0.911
9606.ENSP00000482457,PLCG2,PIK3R2,0.91
9606.ENSP00000482457,PLCG2,IGF1R,0.91
9606.ENSP00000482457,PLCG2,PIKFYVE,0.91
9606.ENSP00000482457,PLCG2,IL6R,0.91
9606.ENSP00000482457,PLCG2,PLA2G4E,0.91
9606.ENSP00000482457,PLCG2,PIK3R3,0.909
9606.ENSP00000482457,PLCG2,NOS3,0.909
9606.ENSP00000482457,PLCG2,PLA2G4B,0.908
9606.ENSP00000482457,PLCG2,NTRK1,0.908
9606.ENSP00000482457,PLCG2,PPP3CC,0.907
9606.ENSP00000482457,PLCG2,NTRK2,0.907
9606.ENSP00000482457,PLCG2,GNA11,0.906
9606.ENSP00000482457,PLCG2,MTM1,0.905
9606.ENSP00000482457,PLCG2,PPP3R1,0.905
9606.ENSP00000482457,PLCG2,CAMK2A,0.905
9606.ENSP00000482457,PLCG2,PLA2G4F,0.905
9606.ENSP00000482457,PLCG2,CAMK2B,0.904
9606.ENSP00000482457,PLCG2,CDIPT,0.903
9606.ENSP00000482457,PLCG2,INPP5F,0.902
9606.ENSP00000482457,PLCG2,PLA2G4D,0.902
9606.ENSP00000482457,PLCG2,PPP3R2,0.9
9606.ENSP00000482457,PLCG2,JMJD7-PLA2G4B,0.9
9606.ENSP00000482457,PLCG2,MINPP1,0.9
9606.ENSP00000482457,PLCG2,PRKCG,0.9
9606.ENSP00000482457,PLCG2,EML4,0.9
9606.ENSP00000482457,PLCG2,DCC,0.9
9606.ENSP00000482457,PLCG2,INPP1,0.9
9606.ENSP00000483946,PHF19,SUZ12,0.998
9606.ENSP00000483946,PHF19,EPOP,0.997
9606.ENSP00000483946,PHF19,JARID2,0.995
9606.ENSP00000483946,PHF19,RBBP4,0.991
9606.ENSP00000483946,PHF19,EZH2,0.989
9606.ENSP00000483946,PHF19,MTF2,0.975
9606.ENSP00000483946,PHF19,EED,0.972
9606.ENSP00000483946,PHF19,EZH1,0.971
9606.ENSP00000483946,PHF19,H3-4,0.964
9606.ENSP00000483946,PHF19,PHF1,0.963
9606.ENSP00000483946,PHF19,AEBP2,0.952
9606.ENSP00000483946,PHF19,RIOX1,0.94
9606.ENSP00000483946,PHF19,RBBP7,0.94
9606.ENSP00000484060,PACSIN1,PACSIN3,0.945
9606.ENSP00000484060,PACSIN1,PACSIN2,0.938
9606.ENSP00000484060,PACSIN1,HTT,0.917
9606.ENSP00000484342,NEB,TTN,0.998
9606.ENSP00000484342,NEB,MYPN,0.991
9606.ENSP00000484342,NEB,TMOD4,0.98
9606.ENSP00000484342,NEB,MYL1,0.973
9606.ENSP00000484342,NEB,TMOD1,0.97
9606.ENSP00000484342,NEB,KLHL41,0.969
9606.ENSP00000484342,NEB,TMOD2,0.967
9606.ENSP00000484342,NEB,DMD,0.964
9606.ENSP00000484342,NEB,TMOD3,0.958
9606.ENSP00000484342,NEB,TRIM63,0.923
9606.ENSP00000484342,NEB,TPM2,0.908
9606.ENSP00000484342,NEB,CAPZA1,0.905
9606.ENSP00000484342,NEB,TNNT1,0.904
9606.ENSP00000489551,NRXN3,NLGN2,0.978
9606.ENSP00000489551,NRXN3,NLGN1,0.964
9606.ENSP00000489551,NRXN3,NLGN3,0.94
9606.ENSP00000489551,NRXN3,LRRTM2,0.92
9606.ENSP00000492024,PAX6,DCAF7,0.993
9606.ENSP00000492024,PAX6,SOX2,0.977
9606.ENSP00000492024,PAX6,BANF1,0.952
9606.ENSP00000492024,PAX6,SIX3,0.951
9606.ENSP00000492024,PAX6,TBR1,0.915
9606.ENSP00000492024,PAX6,MITF,0.911
9606.ENSP00000492024,PAX6,NEUROG2,0.908
9606.ENSP00000492024,PAX6,INS,0.906
9606.ENSP00000492024,PAX6,MAF,0.9
9606.ENSP00000492990,OR6A2,OR2D2,0.999
9606.ENSP00000492990,OR6A2,OR2AG1,0.993
9606.ENSP00000493016,OR51I2,OR52D1,0.999
9606.ENSP00000493016,OR51I2,OR51M1,0.999
9606.ENSP00000493016,OR51I2,OR51I1,0.999
9606.ENSP00000493016,OR51I2,OR51B6,0.999
9606.ENSP00000493382,PHGDH,PSAT1,0.999
9606.ENSP00000493382,PHGDH,PGAM1,0.947
9606.ENSP00000493382,PHGDH,PSPH,0.938
9606.ENSP00000493382,PHGDH,SHMT2,0.926
9606.ENSP00000493382,PHGDH,PGAM4,0.926
9606.ENSP00000493382,PHGDH,BPGM,0.916
9606.ENSP00000493382,PHGDH,PGAM2,0.914
9606.ENSP00000493382,PHGDH,TNPO1,0.914
9606.ENSP00000494277,PATJ,MPP5,0.999
9606.ENSP00000494277,PATJ,AMOT,0.999
9606.ENSP00000494277,PATJ,CRB3,0.999
9606.ENSP00000494277,PATJ,TJP3,0.996
9606.ENSP00000494277,PATJ,CRB2,0.995
9606.ENSP00000494277,PATJ,CRB1,0.995
9606.ENSP00000494277,PATJ,PARD3,0.985
9606.ENSP00000494277,PATJ,ARHGAP17,0.977
9606.ENSP00000494277,PATJ,LIN7A,0.975
9606.ENSP00000494277,PATJ,AMOTL1,0.973
9606.ENSP00000494277,PATJ,CLDN1,0.964
9606.ENSP00000494277,PATJ,AMOTL2,0.957
9606.ENSP00000494277,PATJ,ARHGEF18,0.937
9606.ENSP00000494277,PATJ,UBE3A,0.919
9606.ENSP00000494277,PATJ,PLCB4,0.911
9606.ENSP00000494277,PATJ,LIN7C,0.905
9606.ENSP00000494277,PATJ,CLDN7,0.902
9606.ENSP00000497479,MYT1L,POU3F2,0.97
9606.ENSP00000497479,MYT1L,ASCL1,0.964
9606.ENSP00000498321,MYD88,LY96,0.999
9606.ENSP00000498321,MYD88,IRF7,0.999
9606.ENSP00000498321,MYD88,TLR4,0.999
9606.ENSP00000498321,MYD88,TLR3,0.999
9606.ENSP00000498321,MYD88,TLR8,0.999
9606.ENSP00000498321,MYD88,TLR5,0.999
9606.ENSP00000498321,MYD88,TIRAP,0.999
9606.ENSP00000498321,MYD88,MAP3K7,0.999
9606.ENSP00000498321,MYD88,IRAK2,0.999
9606.ENSP00000498321,MYD88,IKBKG,0.999
9606.ENSP00000498321,MYD88,TLR9,0.999
9606.ENSP00000498321,MYD88,IL1R1,0.999
9606.ENSP00000498321,MYD88,TLR7,0.999
9606.ENSP00000498321,MYD88,TLR2,0.999
9606.ENSP00000498321,MYD88,IRAK1,0.999
9606.ENSP00000498321,MYD88,IRAK4,0.999
9606.ENSP00000498321,MYD88,TRAF6,0.999
9606.ENSP00000498321,MYD88,IL1B,0.999
9606.ENSP00000498321,MYD88,TOLLIP,0.998
9606.ENSP00000498321,MYD88,TLR1,0.998
9606.ENSP00000498321,MYD88,IL1A,0.997
9606.ENSP00000498321,MYD88,TRAF3,0.996
9606.ENSP00000498321,MYD88,IRF5,0.995
9606.ENSP00000498321,MYD88,FADD,0.995
9606.ENSP00000498321,MYD88,TLR6,0.995
9606.ENSP00000498321,MYD88,BECN1,0.99
9606.ENSP00000498321,MYD88,TAB2,0.99
9606.ENSP00000498321,MYD88,TBK1,0.988
9606.ENSP00000498321,MYD88,CHUK,0.985
9606.ENSP00000498321,MYD88,BTK,0.984
9606.ENSP00000498321,MYD88,IRF4,0.983
9606.ENSP00000498321,MYD88,TAB1,0.979
9606.ENSP00000498321,MYD88,TAB3,0.975
9606.ENSP00000498321,MYD88,NFKB1,0.972
9606.ENSP00000498321,MYD88,IL1RL1,0.971
9606.ENSP00000498321,MYD88,IRAK3,0.969
9606.ENSP00000498321,MYD88,SARM1,0.966
9606.ENSP00000498321,MYD88,IRF1,0.965
9606.ENSP00000498321,MYD88,TLR10,0.964
9606.ENSP00000498321,MYD88,IL18,0.961
9606.ENSP00000498321,MYD88,IL1RAP,0.958
9606.ENSP00000498321,MYD88,IFNB1,0.955
9606.ENSP00000498321,MYD88,IKBKB,0.955
9606.ENSP00000498321,MYD88,IL33,0.954
9606.ENSP00000498321,MYD88,DHX9,0.952
9606.ENSP00000498321,MYD88,IL6,0.949
9606.ENSP00000498321,MYD88,CD8A,0.942
9606.ENSP00000498321,MYD88,TNF,0.939
9606.ENSP00000498321,MYD88,IRF3,0.929
9606.ENSP00000498321,MYD88,TICAM1,0.928
9606.ENSP00000498321,MYD88,SIGIRR,0.928
9606.ENSP00000498321,MYD88,DHX36,0.928
9606.ENSP00000498321,MYD88,BIRC3,0.926
9606.ENSP00000498321,MYD88,CD40,0.922
9606.ENSP00000498321,MYD88,CASP1,0.921
9606.ENSP00000498321,MYD88,NFKBIA,0.903
9606.ENSP00000498321,MYD88,BIRC2,0.903
9606.ENSP00000498587,NOTCH1,DLL1,0.999
9606.ENSP00000498587,NOTCH1,JAG2,0.999
9606.ENSP00000498587,NOTCH1,MAML1,0.999
9606.ENSP00000498587,NOTCH1,DLL4,0.999
9606.ENSP00000498587,NOTCH1,MAML2,0.999
9606.ENSP00000498587,NOTCH1,MAML3,0.999
9606.ENSP00000498587,NOTCH1,RBPJ,0.999
9606.ENSP00000498587,NOTCH1,JAG1,0.999
9606.ENSP00000498587,NOTCH1,DLL3,0.998
9606.ENSP00000498587,NOTCH1,PSEN1,0.998
9606.ENSP00000498587,NOTCH1,FBXW7,0.995
9606.ENSP00000498587,NOTCH1,HIF1A,0.993
9606.ENSP00000498587,NOTCH1,NUMB,0.992
9606.ENSP00000498587,NOTCH1,NUMBL,0.989
9606.ENSP00000498587,NOTCH1,NCSTN,0.986
9606.ENSP00000498587,NOTCH1,DTX1,0.984
9606.ENSP00000498587,NOTCH1,APH1A,0.979
9606.ENSP00000498587,NOTCH1,CTNNB1,0.976
9606.ENSP00000498587,NOTCH1,NRARP,0.975
9606.ENSP00000498587,NOTCH1,LFNG,0.973
9606.ENSP00000498587,NOTCH1,POSTN,0.969
9606.ENSP00000498587,NOTCH1,PSENEN,0.966
9606.ENSP00000498587,NOTCH1,HEY1,0.965
9606.ENSP00000498587,NOTCH1,SRRT,0.962
9606.ENSP00000498587,NOTCH1,HIF1AN,0.96
9606.ENSP00000498587,NOTCH1,SMAD3,0.958
9606.ENSP00000498587,NOTCH1,SNW1,0.957
9606.ENSP00000498587,NOTCH1,ADAM17,0.953
9606.ENSP00000498587,NOTCH1,MFNG,0.945
9606.ENSP00000498587,NOTCH1,HEY2,0.945
9606.ENSP00000498587,NOTCH1,RBPJL,0.942
9606.ENSP00000498587,NOTCH1,EP300,0.94
9606.ENSP00000498587,NOTCH1,RFNG,0.936
9606.ENSP00000498587,NOTCH1,DVL1,0.935
9606.ENSP00000498587,NOTCH1,HES5,0.934
9606.ENSP00000498587,NOTCH1,NFKB1,0.932
9606.ENSP00000498587,NOTCH1,NOTCH2,0.932
9606.ENSP00000498587,NOTCH1,DVL2,0.931
9606.ENSP00000498587,NOTCH1,DVL3,0.926
9606.ENSP00000498587,NOTCH1,ADAM10,0.924
9606.ENSP00000498587,NOTCH1,NBEA,0.909
9606.ENSP00000498587,NOTCH1,CCND1,0.902
9606.ENSP00000498616,MYT1,HERC2,0.901
9606.ENSP00000498994,PC,ME1,0.997
9606.ENSP00000498994,PC,HLCS,0.993
9606.ENSP00000498994,PC,GLUD1,0.99
9606.ENSP00000498994,PC,PCCB,0.989
9606.ENSP00000498994,PC,CS,0.987
9606.ENSP00000498994,PC,PCK2,0.986
9606.ENSP00000498994,PC,MDH2,0.986
9606.ENSP00000498994,PC,ME3,0.986
9606.ENSP00000498994,PC,ME2,0.983
9606.ENSP00000498994,PC,MCCC2,0.979
9606.ENSP00000498994,PC,PCK1,0.978
9606.ENSP00000498994,PC,LDHA,0.978
9606.ENSP00000498994,PC,GLUD2,0.976
9606.ENSP00000498994,PC,ACLY,0.974
9606.ENSP00000498994,PC,PKM,0.967
9606.ENSP00000498994,PC,LDHC,0.966
9606.ENSP00000498994,PC,LDHAL6A,0.966
9606.ENSP00000498994,PC,LDHAL6B,0.965
9606.ENSP00000498994,PC,PKLR,0.964
9606.ENSP00000498994,PC,PDHB,0.959
9606.ENSP00000498994,PC,GOT1,0.943
9606.ENSP00000498994,PC,GLUL,0.941
9606.ENSP00000498994,PC,PDHA2,0.938
9606.ENSP00000498994,PC,GOT2,0.933
9606.ENSP00000498994,PC,ACSS2,0.923
9606.ENSP00000498994,PC,ACSS1,0.922
9606.ENSP00000498994,PC,PCCA,0.922
9606.ENSP00000498994,PC,MCCC1,0.922
9606.ENSP00000498994,PC,LDHD,0.921
9606.ENSP00000498994,PC,BTD,0.905
9606.ENSP00000498994,PC,DLAT,0.903
9606.ENSP00000499129,PDIA4,HSP90B1,0.998
9606.ENSP00000499129,PDIA4,HYOU1,0.997
9606.ENSP00000499129,PDIA4,PPIB,0.994
9606.ENSP00000499129,PDIA4,HSPA5,0.99
9606.ENSP00000499129,PDIA4,DNAJB11,0.986
9606.ENSP00000499129,PDIA4,ERO1B,0.984
9606.ENSP00000499129,PDIA4,ERO1A,0.984
9606.ENSP00000499129,PDIA4,CALR,0.973
9606.ENSP00000499129,PDIA4,CANX,0.931
9606.ENSP00000500891,MUTYH,MSH6,0.982
9606.ENSP00000500891,MUTYH,APEX1,0.975
9606.ENSP00000500891,MUTYH,OGG1,0.974
9606.ENSP00000500891,MUTYH,RAD9A,0.949
9606.ENSP00000500891,MUTYH,MSH2,0.946
9606.ENSP00000500891,MUTYH,NUDT1,0.928
9606.ENSP00000500891,MUTYH,MLH1,0.92
9606.ENSP00000500891,MUTYH,PMS2,0.904
9606.ENSP00000500891,MUTYH,NTHL1,0.901
9606.ENSP00000501150,PIK3CB,PIK3R3,0.999
9606.ENSP00000501150,PIK3CB,PIK3R1,0.999
9606.ENSP00000501150,PIK3CB,CDC42,0.999
9606.ENSP00000501150,PIK3CB,PIK3R5,0.999
9606.ENSP00000501150,PIK3CB,PIK3R2,0.999
9606.ENSP00000501150,PIK3CB,PIK3CD,0.998
9606.ENSP00000501150,PIK3CB,PIK3CA,0.998
9606.ENSP00000501150,PIK3CB,PIK3CG,0.997
9606.ENSP00000501150,PIK3CB,EGFR,0.993
9606.ENSP00000501150,PIK3CB,AKT1,0.992
9606.ENSP00000501150,PIK3CB,IRS1,0.991
9606.ENSP00000501150,PIK3CB,PTEN,0.984
9606.ENSP00000501150,PIK3CB,AKT2,0.983
9606.ENSP00000501150,PIK3CB,PDPK1,0.973
9606.ENSP00000501150,PIK3CB,KRAS,0.973
9606.ENSP00000501150,PIK3CB,ERBB2,0.972
9606.ENSP00000501150,PIK3CB,IGF1R,0.971
9606.ENSP00000501150,PIK3CB,SRC,0.967
9606.ENSP00000501150,PIK3CB,GAB2,0.966
9606.ENSP00000501150,PIK3CB,ERBB3,0.966
9606.ENSP00000501150,PIK3CB,PRKCD,0.966
9606.ENSP00000501150,PIK3CB,IRS4,0.965
9606.ENSP00000501150,PIK3CB,RAC2,0.965
9606.ENSP00000501150,PIK3CB,AKT3,0.964
9606.ENSP00000501150,PIK3CB,RAB5A,0.964
9606.ENSP00000501150,PIK3CB,INPPL1,0.964
9606.ENSP00000501150,PIK3CB,ARHGEF7,0.963
9606.ENSP00000501150,PIK3CB,HRAS,0.963
9606.ENSP00000501150,PIK3CB,MRAS,0.961
9606.ENSP00000501150,PIK3CB,KIT,0.961
9606.ENSP00000501150,PIK3CB,PDGFRB,0.96
9606.ENSP00000501150,PIK3CB,RAP1B,0.96
9606.ENSP00000501150,PIK3CB,RHOG,0.96
9606.ENSP00000501150,PIK3CB,RAC3,0.957
9606.ENSP00000501150,PIK3CB,LYN,0.957
9606.ENSP00000501150,PIK3CB,PDGFRA,0.957
9606.ENSP00000501150,PIK3CB,DIRAS1,0.956
9606.ENSP00000501150,PIK3CB,VAV2,0.954
9606.ENSP00000501150,PIK3CB,FYN,0.951
9606.ENSP00000501150,PIK3CB,IRS2,0.947
9606.ENSP00000501150,PIK3CB,NRAS,0.947
9606.ENSP00000501150,PIK3CB,ERBB4,0.947
9606.ENSP00000501150,PIK3CB,INSR,0.944
9606.ENSP00000501150,PIK3CB,RRAS,0.944
9606.ENSP00000501150,PIK3CB,BTK,0.943
9606.ENSP00000501150,PIK3CB,MTOR,0.943
9606.ENSP00000501150,PIK3CB,PIK3R6,0.942
9606.ENSP00000501150,PIK3CB,GNAI1,0.942
9606.ENSP00000501150,PIK3CB,RAF1,0.939
9606.ENSP00000501150,PIK3CB,SYK,0.938
9606.ENSP00000501150,PIK3CB,PLCG2,0.938
9606.ENSP00000501150,PIK3CB,PIP5K1A,0.937
9606.ENSP00000501150,PIK3CB,ALK,0.935
9606.ENSP00000501150,PIK3CB,JAK2,0.935
9606.ENSP00000501150,PIK3CB,PTPN11,0.934
9606.ENSP00000501150,PIK3CB,PIP5K1C,0.934
9606.ENSP00000501150,PIK3CB,FGFR1,0.933
9606.ENSP00000501150,PIK3CB,PIP5K1B,0.933
9606.ENSP00000501150,PIK3CB,JAK1,0.933
9606.ENSP00000501150,PIK3CB,KDR,0.932
9606.ENSP00000501150,PIK3CB,NTRK1,0.932
9606.ENSP00000501150,PIK3CB,PTK2,0.93
9606.ENSP00000501150,PIK3CB,FLT3,0.93
9606.ENSP00000501150,PIK3CB,PREX1,0.93
9606.ENSP00000501150,PIK3CB,INPP5D,0.929
9606.ENSP00000501150,PIK3CB,VAV1,0.929
9606.ENSP00000501150,PIK3CB,PRKCZ,0.928
9606.ENSP00000501150,PIK3CB,PIP4K2A,0.928
9606.ENSP00000501150,PIK3CB,RAP1A,0.927
9606.ENSP00000501150,PIK3CB,PIP5KL1,0.925
9606.ENSP00000501150,PIK3CB,PIP4K2B,0.925
9606.ENSP00000501150,PIK3CB,MET,0.925
9606.ENSP00000501150,PIK3CB,PLCG1,0.924
9606.ENSP00000501150,PIK3CB,TLR4,0.924
9606.ENSP00000501150,PIK3CB,VAV3,0.924
9606.ENSP00000501150,PIK3CB,JAK3,0.923
9606.ENSP00000501150,PIK3CB,GAB1,0.922
9606.ENSP00000501150,PIK3CB,PIP4K2C,0.922
9606.ENSP00000501150,PIK3CB,ZAP70,0.921
9606.ENSP00000501150,PIK3CB,FCER1G,0.921
9606.ENSP00000501150,PIK3CB,PGR,0.92
9606.ENSP00000501150,PIK3CB,PIK3AP1,0.92
9606.ENSP00000501150,PIK3CB,PTPN6,0.919
9606.ENSP00000501150,PIK3CB,ITK,0.919
9606.ENSP00000501150,PIK3CB,ILK,0.918
9606.ENSP00000501150,PIK3CB,CD19,0.918
9606.ENSP00000501150,PIK3CB,ITGB1,0.918
9606.ENSP00000501150,PIK3CB,ITGA2,0.918
9606.ENSP00000501150,PIK3CB,DIRAS3,0.917
9606.ENSP00000501150,PIK3CB,CD28,0.917
9606.ENSP00000501150,PIK3CB,ICOS,0.917
9606.ENSP00000501150,PIK3CB,PRKCI,0.917
9606.ENSP00000501150,PIK3CB,TXK,0.916
9606.ENSP00000501150,PIK3CB,ITGAM,0.915
9606.ENSP00000501150,PIK3CB,GNAI3,0.915
9606.ENSP00000501150,PIK3CB,EML4,0.914
9606.ENSP00000501150,PIK3CB,ITGB2,0.913
9606.ENSP00000501150,PIK3CB,HCST,0.913
9606.ENSP00000501150,PIK3CB,IFNGR1,0.913
9606.ENSP00000501150,PIK3CB,GNAI2,0.911
9606.ENSP00000501150,PIK3CB,FLT1,0.908
9606.ENSP00000501150,PIK3CB,THRB,0.907
9606.ENSP00000501150,PIK3CB,IL6ST,0.906
9606.ENSP00000501150,PIK3CB,TRAF2,0.905
9606.ENSP00000501150,PIK3CB,OGT,0.905
9606.ENSP00000501150,PIK3CB,CBLB,0.904
9606.ENSP00000501150,PIK3CB,NGFR,0.904
9606.ENSP00000501150,PIK3CB,LIFR,0.903
9606.ENSP00000501150,PIK3CB,KISS1R,0.902
9606.ENSP00000501150,PIK3CB,DAB1,0.901
9606.ENSP00000501150,PIK3CB,PIP4P2,0.9
9606.ENSP00000501150,PIK3CB,THRA,0.9
9606.ENSP00000501150,PIK3CB,PIP4P1,0.9
9606.ENSP00000011619,RANBP9,MKLN1,0.998
9606.ENSP00000011619,RANBP9,RANBP10,0.997
9606.ENSP00000011619,RANBP9,RMND5A,0.997
9606.ENSP00000011619,RANBP9,WDR26,0.996
9606.ENSP00000011619,RANBP9,GID8,0.995
9606.ENSP00000011619,RANBP9,ARMC8,0.993
9606.ENSP00000011619,RANBP9,GID4,0.99
9606.ENSP00000011619,RANBP9,L1CAM,0.962
9606.ENSP00000011619,RANBP9,MAEA,0.952
9606.ENSP00000011619,RANBP9,YPEL5,0.949
9606.ENSP00000011619,RANBP9,MPHOSPH8,0.943
9606.ENSP00000011619,RANBP9,DDX4,0.91
9606.ENSP00000025008,RB1CC1,BECN1,0.999
9606.ENSP00000025008,RB1CC1,ULK2,0.999
9606.ENSP00000025008,RB1CC1,ULK1,0.999
9606.ENSP00000025008,RB1CC1,CCPG1,0.999
9606.ENSP00000025008,RB1CC1,ATG16L1,0.999
9606.ENSP00000025008,RB1CC1,ATG14,0.999
9606.ENSP00000025008,RB1CC1,NRBF2,0.999
9606.ENSP00000025008,RB1CC1,CALCOCO2,0.999
9606.ENSP00000025008,RB1CC1,ATG101,0.999
9606.ENSP00000025008,RB1CC1,ATG13,0.999
9606.ENSP00000025008,RB1CC1,PTK2,0.994
9606.ENSP00000025008,RB1CC1,ATG12,0.989
9606.ENSP00000025008,RB1CC1,PIK3C3,0.989
9606.ENSP00000025008,RB1CC1,PIK3R4,0.986
9606.ENSP00000025008,RB1CC1,TP53,0.984
9606.ENSP00000025008,RB1CC1,C9orf72,0.983
9606.ENSP00000025008,RB1CC1,MTOR,0.982
9606.ENSP00000025008,RB1CC1,RPTOR,0.979
9606.ENSP00000025008,RB1CC1,PTK2B,0.977
9606.ENSP00000025008,RB1CC1,ATG5,0.97
9606.ENSP00000025008,RB1CC1,GABARAP,0.97
9606.ENSP00000025008,RB1CC1,OPTN,0.969
9606.ENSP00000025008,RB1CC1,GABARAPL1,0.967
9606.ENSP00000025008,RB1CC1,AKT1S1,0.962
9606.ENSP00000025008,RB1CC1,ATG16L2,0.961
9606.ENSP00000025008,RB1CC1,BECN2,0.954
9606.ENSP00000025008,RB1CC1,GABARAPL2,0.953
9606.ENSP00000025008,RB1CC1,ATG10,0.949
9606.ENSP00000025008,RB1CC1,ATG3,0.936
9606.ENSP00000025008,RB1CC1,WIPI2,0.93
9606.ENSP00000025008,RB1CC1,ATG7,0.915
9606.ENSP00000025008,RB1CC1,SQSTM1,0.914
9606.ENSP00000025008,RB1CC1,MAP3K5,0.912
9606.ENSP00000025008,RB1CC1,NBR1,0.909
9606.ENSP00000194130,SLC13A1,SLC26A2,0.908
9606.ENSP00000202967,SIRT4,NAMPT,0.959
9606.ENSP00000202967,SIRT4,NMNAT1,0.949
9606.ENSP00000202967,SIRT4,NMNAT2,0.945
9606.ENSP00000202967,SIRT4,GLUD1,0.942
9606.ENSP00000202967,SIRT4,NADSYN1,0.934
9606.ENSP00000202967,SIRT4,BST1,0.927
9606.ENSP00000202967,SIRT4,CD38,0.921
9606.ENSP00000202967,SIRT4,NNT,0.917
9606.ENSP00000202967,SIRT4,NNMT,0.915
9606.ENSP00000202967,SIRT4,PNP,0.913
9606.ENSP00000202967,SIRT4,NUDT12,0.912
9606.ENSP00000202967,SIRT4,ENPP1,0.902
9606.ENSP00000202967,SIRT4,NADK2,0.9
9606.ENSP00000202967,SIRT4,ENPP3,0.9
9606.ENSP00000215071,PSMD8,PSMC1,0.999
9606.ENSP00000215071,PSMD8,PSMD14,0.999
9606.ENSP00000215071,PSMD8,PSMD1,0.999
9606.ENSP00000215071,PSMD8,PSMB2,0.999
9606.ENSP00000215071,PSMD8,PSMC6,0.999
9606.ENSP00000215071,PSMD8,PSMB3,0.999
9606.ENSP00000215071,PSMD8,PSMA3,0.999
9606.ENSP00000215071,PSMD8,PSMD7,0.999
9606.ENSP00000215071,PSMD8,PSMD5,0.999
9606.ENSP00000215071,PSMD8,PSMD13,0.999
9606.ENSP00000215071,PSMD8,PSMD12,0.999
9606.ENSP00000215071,PSMD8,PSMA4,0.999
9606.ENSP00000215071,PSMD8,PSMD2,0.999
9606.ENSP00000215071,PSMD8,PSMB4,0.999
9606.ENSP00000215071,PSMD8,PSMD6,0.999
9606.ENSP00000215071,PSMD8,UCHL5,0.999
9606.ENSP00000215071,PSMD8,PSMA1,0.999
9606.ENSP00000215071,PSMD8,PSMB6,0.999
9606.ENSP00000215071,PSMD8,ADRM1,0.999
9606.ENSP00000215071,PSMD8,PSMC3,0.999
9606.ENSP00000215071,PSMD8,PSMC4,0.999
9606.ENSP00000215071,PSMD8,PSMC5,0.999
9606.ENSP00000215071,PSMD8,PSMD11,0.999
9606.ENSP00000215071,PSMD8,PSMD3,0.999
9606.ENSP00000215071,PSMD8,PSMA2,0.999
9606.ENSP00000215071,PSMD8,PSMD4,0.999
9606.ENSP00000215071,PSMD8,PSMC2,0.999
9606.ENSP00000215071,PSMD8,PSMB1,0.998
9606.ENSP00000215071,PSMD8,PSMA6,0.998
9606.ENSP00000215071,PSMD8,PSMA5,0.998
9606.ENSP00000215071,PSMD8,USP14,0.998
9606.ENSP00000215071,PSMD8,PSMA7,0.997
9606.ENSP00000215071,PSMD8,UBQLN4,0.996
9606.ENSP00000215071,PSMD8,SEM1,0.994
9606.ENSP00000215071,PSMD8,DESI1,0.994
9606.ENSP00000215071,PSMD8,PSMB7,0.993
9606.ENSP00000215071,PSMD8,PSMB5,0.991
9606.ENSP00000215071,PSMD8,PSMD10,0.988
9606.ENSP00000215071,PSMD8,PSMB9,0.983
9606.ENSP00000215071,PSMD8,PSMD9,0.98
9606.ENSP00000215071,PSMD8,NOB1,0.968
9606.ENSP00000215071,PSMD8,RPS27A,0.964
9606.ENSP00000215071,PSMD8,PSMA8,0.962
9606.ENSP00000215071,PSMD8,PSMB8,0.957
9606.ENSP00000215071,PSMD8,UBC,0.954
9606.ENSP00000215071,PSMD8,UBB,0.954
9606.ENSP00000215071,PSMD8,NINJ1,0.94
9606.ENSP00000215071,PSMD8,ECPAS,0.936
9606.ENSP00000215071,PSMD8,UBA52,0.936
9606.ENSP00000215071,PSMD8,KIAA2012,0.935
9606.ENSP00000215071,PSMD8,KATNAL2,0.927
9606.ENSP00000215071,PSMD8,PSMB10,0.922
9606.ENSP00000215071,PSMD8,PSME3,0.914
9606.ENSP00000215071,PSMD8,CSF3,0.904
9606.ENSP00000216036,RSPH14,RAB36,0.983
9606.ENSP00000217086,SALL4,NANOG,0.999
9606.ENSP00000217086,SALL4,POU5F1,0.998
9606.ENSP00000217086,SALL4,SOX2,0.983
9606.ENSP00000217086,SALL4,RBBP4,0.972
9606.ENSP00000217086,SALL4,SALL1,0.939
9606.ENSP00000217086,SALL4,ESRRB,0.923
9606.ENSP00000217086,SALL4,PRDM14,0.908
9606.ENSP00000217086,SALL4,LIN28A,0.905
9606.ENSP00000217086,SALL4,NR0B1,0.904
9606.ENSP00000217270,PROKR2,PROK2,0.999
9606.ENSP00000217270,PROKR2,PROK1,0.997
9606.ENSP00000217270,PROKR2,ANOS1,0.975
9606.ENSP00000219315,SETD6,RELA,0.984
9606.ENSP00000219833,SLC6A2,STX1A,0.921
9606.ENSP00000220772,SFRP1,WNT1,0.981
9606.ENSP00000220772,SFRP1,WNT7B,0.963
9606.ENSP00000220772,SFRP1,WNT5A,0.963
9606.ENSP00000220772,SFRP1,WNT3A,0.947
9606.ENSP00000220772,SFRP1,WNT4,0.946
9606.ENSP00000220772,SFRP1,WNT8B,0.941
9606.ENSP00000220772,SFRP1,FZD2,0.938
9606.ENSP00000220772,SFRP1,WNT7A,0.93
9606.ENSP00000220772,SFRP1,WNT2,0.928
9606.ENSP00000220772,SFRP1,TNFSF11,0.925
9606.ENSP00000220772,SFRP1,WIF1,0.924
9606.ENSP00000220772,SFRP1,WNT3,0.921
9606.ENSP00000220772,SFRP1,WNT6,0.918
9606.ENSP00000220772,SFRP1,WNT5B,0.915
9606.ENSP00000220772,SFRP1,LRP5,0.91
9606.ENSP00000220772,SFRP1,WNT16,0.906
9606.ENSP00000220772,SFRP1,LRP6,0.901
9606.ENSP00000221452,RELB,NFKB2,0.999
9606.ENSP00000221452,RELB,RELA,0.999
9606.ENSP00000221452,RELB,NFKB1,0.999
9606.ENSP00000221452,RELB,REL,0.998
9606.ENSP00000221452,RELB,NFKBIE,0.996
9606.ENSP00000221452,RELB,NFKBIA,0.995
9606.ENSP00000221452,RELB,CHUK,0.995
9606.ENSP00000221452,RELB,NFKBIB,0.993
9606.ENSP00000221452,RELB,BCL3,0.959
9606.ENSP00000221452,RELB,CD40,0.934
9606.ENSP00000221452,RELB,MAP3K14,0.903
9606.ENSP00000221486,RNASEH2A,RNASEH2C,0.999
9606.ENSP00000221486,RNASEH2A,RNASEH2B,0.999
9606.ENSP00000221486,RNASEH2A,SAMHD1,0.967
9606.ENSP00000221486,RNASEH2A,RNASEH1,0.951
9606.ENSP00000221486,RNASEH2A,PCNA,0.943
9606.ENSP00000221486,RNASEH2A,FEN1,0.902
9606.ENSP00000221742,SLC1A6,SPTBN2,0.95
9606.ENSP00000221742,SLC1A6,SLC1A1,0.943
9606.ENSP00000221742,SLC1A6,ARHGEF11,0.914
9606.ENSP00000221742,SLC1A6,KAT5,0.911
9606.ENSP00000221742,SLC1A6,RORA,0.902
9606.ENSP00000222247,RPL18A,RPLP2,0.999
9606.ENSP00000222247,RPL18A,RPS14,0.999
9606.ENSP00000222247,RPL18A,RPL12,0.999
9606.ENSP00000222247,RPL18A,RPS15A,0.999
9606.ENSP00000222247,RPL18A,RPS9,0.999
9606.ENSP00000222247,RPL18A,RPS23,0.999
9606.ENSP00000222247,RPL18A,RPL39,0.999
9606.ENSP00000222247,RPL18A,RPL13A,0.999
9606.ENSP00000222247,RPL18A,RPL38,0.999
9606.ENSP00000222247,RPL18A,RPL27,0.999
9606.ENSP00000222247,RPL18A,RPL29,0.999
9606.ENSP00000222247,RPL18A,RPL36A,0.999
9606.ENSP00000222247,RPL18A,FAU,0.999
9606.ENSP00000222247,RPL18A,RPLP0,0.999
9606.ENSP00000222247,RPL18A,RPL32,0.999
9606.ENSP00000222247,RPL18A,RPS13,0.999
9606.ENSP00000222247,RPL18A,RPS3A,0.999
9606.ENSP00000222247,RPL18A,RPS27A,0.999
9606.ENSP00000222247,RPL18A,RPS3,0.999
9606.ENSP00000222247,RPL18A,RPS11,0.999
9606.ENSP00000222247,RPL18A,RPL31,0.999
9606.ENSP00000222247,RPL18A,RPL3,0.999
9606.ENSP00000222247,RPL18A,RPS27,0.999
9606.ENSP00000222247,RPL18A,RPL28,0.999
9606.ENSP00000222247,RPL18A,RPL35A,0.999
9606.ENSP00000222247,RPL18A,RPL37,0.999
9606.ENSP00000222247,RPL18A,RPS26,0.999
9606.ENSP00000222247,RPL18A,EEF2,0.999
9606.ENSP00000222247,RPL18A,RPL14,0.999
9606.ENSP00000222247,RPL18A,RPL21,0.999
9606.ENSP00000222247,RPL18A,RPS29,0.999
9606.ENSP00000222247,RPL18A,RPS17,0.999
9606.ENSP00000222247,RPL18A,RPL30,0.999
9606.ENSP00000222247,RPL18A,RPLP1,0.999
9606.ENSP00000222247,RPL18A,RPS4X,0.999
9606.ENSP00000222247,RPL18A,RPS7,0.999
9606.ENSP00000222247,RPL18A,RPL4,0.999
9606.ENSP00000222247,RPL18A,RPS28,0.999
9606.ENSP00000222247,RPL18A,RPS5,0.999
9606.ENSP00000222247,RPL18A,RPL10A,0.999
9606.ENSP00000222247,RPL18A,EIF6,0.999
9606.ENSP00000222247,RPL18A,RPS25,0.999
9606.ENSP00000222247,RPL18A,RPL17,0.999
9606.ENSP00000222247,RPL18A,RPL23A,0.999
9606.ENSP00000222247,RPL18A,RPS20,0.999
9606.ENSP00000222247,RPL18A,RPL8,0.999
9606.ENSP00000222247,RPL18A,RPL37A,0.999
9606.ENSP00000222247,RPL18A,RPL24,0.999
9606.ENSP00000222247,RPL18A,RPS15,0.999
9606.ENSP00000222247,RPL18A,RPS2,0.999
9606.ENSP00000222247,RPL18A,RPS8,0.999
9606.ENSP00000222247,RPL18A,RPL26,0.999
9606.ENSP00000222247,RPL18A,UBA52,0.999
9606.ENSP00000222247,RPL18A,RPS6,0.999
9606.ENSP00000222247,RPL18A,RPS24,0.999
9606.ENSP00000222247,RPL18A,RPL11,0.999
9606.ENSP00000222247,RPL18A,RPL7,0.999
9606.ENSP00000222247,RPL18A,RPL9,0.999
9606.ENSP00000222247,RPL18A,RPL18,0.999
9606.ENSP00000222247,RPL18A,RPS21,0.999
9606.ENSP00000222247,RPL18A,RPL13,0.999
9606.ENSP00000222247,RPL18A,RPL7A,0.999
9606.ENSP00000222247,RPL18A,RPL27A,0.999
9606.ENSP00000222247,RPL18A,RPS10,0.999
9606.ENSP00000222247,RPL18A,RPL36,0.999
9606.ENSP00000222247,RPL18A,RPL6,0.999
9606.ENSP00000222247,RPL18A,RPS19,0.999
9606.ENSP00000222247,RPL18A,RPL23,0.999
9606.ENSP00000222247,RPL18A,RPSA,0.999
9606.ENSP00000222247,RPL18A,RPL35,0.999
9606.ENSP00000222247,RPL18A,RACK1,0.999
9606.ENSP00000222247,RPL18A,RPL15,0.999
9606.ENSP00000222247,RPL18A,RPL10,0.999
9606.ENSP00000222247,RPL18A,RPS18,0.999
9606.ENSP00000222247,RPL18A,RPL34,0.999
9606.ENSP00000222247,RPL18A,RPL5,0.999
9606.ENSP00000222247,RPL18A,RPL19,0.999
9606.ENSP00000222247,RPL18A,RPS16,0.999
9606.ENSP00000222247,RPL18A,RPS12,0.999
9606.ENSP00000222247,RPL18A,RPL10L,0.998
9606.ENSP00000222247,RPL18A,RPL22,0.998
9606.ENSP00000222247,RPL18A,RPL26L1,0.998
9606.ENSP00000222247,RPL18A,RPL17-C18orf32,0.996
9606.ENSP00000222247,RPL18A,PA2G4,0.996
9606.ENSP00000222247,RPL18A,EEF1A1,0.996
9606.ENSP00000222247,RPL18A,RPL36AL,0.995
9606.ENSP00000222247,RPL18A,RPS10-NUDT3,0.995
9606.ENSP00000222247,RPL18A,RSL24D1,0.992
9606.ENSP00000222247,RPL18A,RPS4Y1,0.992
9606.ENSP00000222247,RPL18A,H3BNC9_HUMAN,0.99
9606.ENSP00000222247,RPL18A,EIF5A,0.988
9606.ENSP00000222247,RPL18A,RPL3L,0.988
9606.ENSP00000222247,RPL18A,SERBP1,0.988
9606.ENSP00000222247,RPL18A,NACA,0.987
9606.ENSP00000222247,RPL18A,EEF1G,0.985
9606.ENSP00000222247,RPL18A,BTF3,0.982
9606.ENSP00000222247,RPL18A,NSA2,0.982
9606.ENSP00000222247,RPL18A,FANCE,0.98
9606.ENSP00000222247,RPL18A,RPL7L1,0.979
9606.ENSP00000222247,RPL18A,MRNIP,0.978
9606.ENSP00000222247,RPL18A,MED1,0.978
9606.ENSP00000222247,RPL18A,CXorf66,0.978
9606.ENSP00000222247,RPL18A,IFI35,0.977
9606.ENSP00000222247,RPL18A,FLT3LG,0.977
9606.ENSP00000222247,RPL18A,MRPL13,0.977
9606.ENSP00000222247,RPL18A,GTPBP4,0.976
9606.ENSP00000222247,RPL18A,RPS27L,0.976
9606.ENSP00000222247,RPL18A,MRPS5,0.975
9606.ENSP00000222247,RPL18A,IMP3,0.975
9606.ENSP00000222247,RPL18A,DOCK4,0.973
9606.ENSP00000222247,RPL18A,MRPS10,0.973
9606.ENSP00000222247,RPL18A,RPL39L,0.973
9606.ENSP00000222247,RPL18A,CD74,0.973
9606.ENSP00000222247,RPL18A,MRPS12,0.973
9606.ENSP00000222247,RPL18A,WDR31,0.97
9606.ENSP00000222247,RPL18A,NIFK,0.969
9606.ENSP00000222247,RPL18A,MRTO4,0.969
9606.ENSP00000222247,RPL18A,RPL41,0.965
9606.ENSP00000222247,RPL18A,MRPS7,0.964
9606.ENSP00000222247,RPL18A,RSRC1,0.963
9606.ENSP00000222247,RPL18A,CCDC105,0.962
9606.ENSP00000222247,RPL18A,EEF1B2,0.961
9606.ENSP00000222247,RPL18A,RPS4Y2,0.959
9606.ENSP00000222247,RPL18A,MRPL3,0.956
9606.ENSP00000222247,RPL18A,AKNAD1,0.954
9606.ENSP00000222247,RPL18A,EIF5B,0.953
9606.ENSP00000222247,RPL18A,RSAD1,0.952
9606.ENSP00000222247,RPL18A,MRPL22,0.951
9606.ENSP00000222247,RPL18A,RPL22L1,0.95
9606.ENSP00000222247,RPL18A,MRPS15,0.949
9606.ENSP00000222247,RPL18A,RPL36A-HNRNPH2,0.948
9606.ENSP00000222247,RPL18A,MRPL1,0.948
9606.ENSP00000222247,RPL18A,MRPL24,0.947
9606.ENSP00000222247,RPL18A,MRPL4,0.947
9606.ENSP00000222247,RPL18A,TPT1,0.945
9606.ENSP00000222247,RPL18A,NPSR1,0.945
9606.ENSP00000222247,RPL18A,NACA2,0.943
9606.ENSP00000222247,RPL18A,BRIX1,0.941
9606.ENSP00000222247,RPL18A,NOP53,0.94
9606.ENSP00000222247,RPL18A,FTSJ3,0.938
9606.ENSP00000222247,RPL18A,MRPL2,0.938
9606.ENSP00000222247,RPL18A,CUL7,0.937
9606.ENSP00000222247,RPL18A,PES1,0.936
9606.ENSP00000222247,RPL18A,SEC61B,0.935
9606.ENSP00000222247,RPL18A,SRP68,0.935
9606.ENSP00000222247,RPL18A,ARL6IP1,0.934
9606.ENSP00000222247,RPL18A,TEX48,0.934
9606.ENSP00000222247,RPL18A,H3BN98_HUMAN,0.933
9606.ENSP00000222247,RPL18A,ETF1,0.931
9606.ENSP00000222247,RPL18A,EEF1D,0.928
9606.ENSP00000222247,RPL18A,HMGN2,0.927
9606.ENSP00000222247,RPL18A,RPF1,0.924
9606.ENSP00000222247,RPL18A,WDR12,0.923
9606.ENSP00000222247,RPL18A,ABCF1,0.923
9606.ENSP00000222247,RPL18A,BOP1,0.923
9606.ENSP00000222247,RPL18A,HMGN4,0.92
9606.ENSP00000222247,RPL18A,HMGN1,0.92
9606.ENSP00000222247,RPL18A,EIF5AL1,0.919
9606.ENSP00000222247,RPL18A,EIF5A2,0.919
9606.ENSP00000222247,RPL18A,EBNA1BP2,0.919
9606.ENSP00000222247,RPL18A,NOC2L,0.918
9606.ENSP00000222247,RPL18A,GNL2,0.918
9606.ENSP00000222247,RPL18A,SRP54,0.913
9606.ENSP00000222247,RPL18A,NOP2,0.912
9606.ENSP00000222247,RPL18A,GSPT1,0.911
9606.ENSP00000222247,RPL18A,NMD3,0.91
9606.ENSP00000222247,RPL18A,MRPS11,0.909
9606.ENSP00000222247,RPL18A,DHX9,0.906
9606.ENSP00000222247,RPL18A,EEFSEC,0.906
9606.ENSP00000222247,RPL18A,SEC61G,0.905
9606.ENSP00000222247,RPL18A,NOP58,0.905
9606.ENSP00000222247,RPL18A,LARP4B,0.901
9606.ENSP00000229340,RAB35,DENND1B,0.999
9606.ENSP00000229340,RAB35,DENND1A,0.999
9606.ENSP00000229340,RAB35,ACAP2,0.995
9606.ENSP00000229340,RAB35,TBC1D10A,0.992
9606.ENSP00000229340,RAB35,DENND1C,0.978
9606.ENSP00000229340,RAB35,RUSC2,0.964
9606.ENSP00000229340,RAB35,MADD,0.955
9606.ENSP00000229340,RAB35,OCRL,0.946
9606.ENSP00000229340,RAB35,TBC1D10B,0.941
9606.ENSP00000233735,REG1A,REG1B,0.977
9606.ENSP00000233735,REG1A,REG3A,0.938
9606.ENSP00000235349,PRAMEF4,FAU,0.961
9606.ENSP00000246194,RALY,CELF1,0.995
9606.ENSP00000246194,RALY,HNRNPC,0.953
9606.ENSP00000246194,RALY,EIF2S2,0.936
9606.ENSP00000246515,SLURP1,LYNX1,0.967
9606.ENSP00000246515,SLURP1,SLURP2,0.967
9606.ENSP00000246515,SLURP1,LYPD6,0.952
9606.ENSP00000246792,RRAS,RALGDS,0.999
9606.ENSP00000246792,RRAS,PIK3CA,0.997
9606.ENSP00000246792,RRAS,PIK3CD,0.997
9606.ENSP00000246792,RRAS,PLXNB1,0.993
9606.ENSP00000246792,RRAS,RAF1,0.991
9606.ENSP00000246792,RRAS,RASA1,0.979
9606.ENSP00000246792,RRAS,PIK3CG,0.978
9606.ENSP00000246792,RRAS,RASSF5,0.971
9606.ENSP00000246792,RRAS,RALBP1,0.97
9606.ENSP00000246792,RRAS,PLXNB2,0.969
9606.ENSP00000246792,RRAS,ARAF,0.969
9606.ENSP00000246792,RRAS,SHOC2,0.964
9606.ENSP00000246792,RRAS,NF1,0.96
9606.ENSP00000246792,RRAS,RASA2,0.959
9606.ENSP00000246792,RRAS,SOS1,0.959
9606.ENSP00000246792,RRAS,AFDN,0.957
9606.ENSP00000246792,RRAS,BRAF,0.956
9606.ENSP00000246792,RRAS,SOS2,0.955
9606.ENSP00000246792,RRAS,RGL2,0.944
9606.ENSP00000246792,RRAS,RND1,0.944
9606.ENSP00000246792,RRAS,PIK3CB,0.944
9606.ENSP00000246792,RRAS,RIN1,0.944
9606.ENSP00000246792,RRAS,RASGRF1,0.938
9606.ENSP00000246792,RRAS,PLXNB3,0.937
9606.ENSP00000246792,RRAS,RAPGEF4,0.936
9606.ENSP00000246792,RRAS,ARHGEF12,0.934
9606.ENSP00000246792,RRAS,RASGRF2,0.932
9606.ENSP00000246792,RRAS,RGL1,0.931
9606.ENSP00000246792,RRAS,TIAM1,0.931
9606.ENSP00000246792,RRAS,CDKN2A,0.93
9606.ENSP00000246792,RRAS,PLCE1,0.93
9606.ENSP00000246792,RRAS,MAP3K1,0.929
9606.ENSP00000246792,RRAS,RAPGEF3,0.928
9606.ENSP00000246792,RRAS,PIK3R1,0.927
9606.ENSP00000246792,RRAS,RHOA,0.927
9606.ENSP00000246792,RRAS,OSBPL3,0.925
9606.ENSP00000246792,RRAS,RAPGEF2,0.923
9606.ENSP00000246792,RRAS,SEMA4D,0.922
9606.ENSP00000246792,RRAS,RAPGEF5,0.92
9606.ENSP00000246792,RRAS,PRKCB,0.919
9606.ENSP00000246792,RRAS,PRKCE,0.919
9606.ENSP00000246792,RRAS,RASSF1,0.917
9606.ENSP00000246792,RRAS,PIK3R3,0.915
9606.ENSP00000246792,RRAS,PRKCA,0.914
9606.ENSP00000246792,RRAS,PIK3R2,0.914
9606.ENSP00000246792,RRAS,PLD2,0.914
9606.ENSP00000246792,RRAS,ARHGEF6,0.912
9606.ENSP00000246792,RRAS,PLD1,0.912
9606.ENSP00000246792,RRAS,PRKCG,0.91
9606.ENSP00000246792,RRAS,BCL2,0.907
9606.ENSP00000246792,RRAS,RRAS2,0.905
9606.ENSP00000246792,RRAS,BRAP,0.901
9606.ENSP00000246868,SBDS,EFL1,0.999
9606.ENSP00000246868,SBDS,UBA52,0.934
9606.ENSP00000246868,SBDS,RPL37A,0.932
9606.ENSP00000246868,SBDS,RPL11,0.902
9606.ENSP00000248594,PTPN12,PXN,0.999
9606.ENSP00000248594,PTPN12,PSTPIP1,0.998
9606.ENSP00000248594,PTPN12,SHC1,0.968
9606.ENSP00000248594,PTPN12,EGFR,0.963
9606.ENSP00000248594,PTPN12,BCAR1,0.962
9606.ENSP00000248594,PTPN12,GRB2,0.94
9606.ENSP00000248594,PTPN12,PTS,0.937
9606.ENSP00000248594,PTPN12,ERBB2,0.935
9606.ENSP00000248594,PTPN12,PTK2,0.922
9606.ENSP00000249071,RAC2,NCF2,0.999
9606.ENSP00000249071,RAC2,NCF4,0.999
9606.ENSP00000249071,RAC2,CYBA,0.999
9606.ENSP00000249071,RAC2,CYBB,0.999
9606.ENSP00000249071,RAC2,NCF1,0.999
9606.ENSP00000249071,RAC2,DOCK2,0.994
9606.ENSP00000249071,RAC2,ARHGDIA,0.993
9606.ENSP00000249071,RAC2,DOCK1,0.993
9606.ENSP00000249071,RAC2,ARHGDIB,0.992
9606.ENSP00000249071,RAC2,NOXO1,0.987
9606.ENSP00000249071,RAC2,PAK2,0.984
9606.ENSP00000249071,RAC2,VAV1,0.977
9606.ENSP00000249071,RAC2,IQGAP1,0.976
9606.ENSP00000249071,RAC2,RAC3,0.976
9606.ENSP00000249071,RAC2,ELMO1,0.975
9606.ENSP00000249071,RAC2,PREX1,0.975
9606.ENSP00000249071,RAC2,NOX1,0.975
9606.ENSP00000249071,RAC2,NOXA1,0.973
9606.ENSP00000249071,RAC2,ELMO2,0.969
9606.ENSP00000249071,RAC2,PLCG2,0.967
9606.ENSP00000249071,RAC2,PAK1,0.967
9606.ENSP00000249071,RAC2,ARHGEF6,0.966
9606.ENSP00000249071,RAC2,PLXNB1,0.966
9606.ENSP00000249071,RAC2,PIK3CB,0.965
9606.ENSP00000249071,RAC2,VAV2,0.96
9606.ENSP00000249071,RAC2,VAV3,0.959
9606.ENSP00000249071,RAC2,WASL,0.957
9606.ENSP00000249071,RAC2,PIK3CD,0.957
9606.ENSP00000249071,RAC2,FYN,0.956
9606.ENSP00000249071,RAC2,SRC,0.955
9606.ENSP00000249071,RAC2,TIAM1,0.955
9606.ENSP00000249071,RAC2,NCKAP1L,0.953
9606.ENSP00000249071,RAC2,MAPK8,0.953
9606.ENSP00000249071,RAC2,PAK4,0.953
9606.ENSP00000249071,RAC2,BAIAP2,0.953
9606.ENSP00000249071,RAC2,WASF2,0.95
9606.ENSP00000249071,RAC2,MAPK3,0.95
9606.ENSP00000249071,RAC2,ABI2,0.947
9606.ENSP00000249071,RAC2,PIK3CA,0.947
9606.ENSP00000249071,RAC2,ARHGEF7,0.947
9606.ENSP00000249071,RAC2,PRKCD,0.946
9606.ENSP00000249071,RAC2,CYFIP2,0.945
9606.ENSP00000249071,RAC2,PAK6,0.944
9606.ENSP00000249071,RAC2,PLXNA1,0.943
9606.ENSP00000249071,RAC2,CDC42,0.943
9606.ENSP00000249071,RAC2,MAPK1,0.942
9606.ENSP00000249071,RAC2,WASF1,0.941
9606.ENSP00000249071,RAC2,ARHGEF4,0.941
9606.ENSP00000249071,RAC2,PAK5,0.94
9606.ENSP00000249071,RAC2,ABL1,0.94
9606.ENSP00000249071,RAC2,RHOA,0.94
9606.ENSP00000249071,RAC2,PLD2,0.939
9606.ENSP00000249071,RAC2,NFKB1,0.938
9606.ENSP00000249071,RAC2,NCKAP1,0.938
9606.ENSP00000249071,RAC2,PARD6B,0.936
9606.ENSP00000249071,RAC2,PTK2B,0.936
9606.ENSP00000249071,RAC2,SPATA13,0.936
9606.ENSP00000249071,RAC2,IQGAP2,0.935
9606.ENSP00000249071,RAC2,PAK3,0.935
9606.ENSP00000249071,RAC2,PARD6A,0.934
9606.ENSP00000249071,RAC2,PIK3R1,0.934
9606.ENSP00000249071,RAC2,PRKCZ,0.934
9606.ENSP00000249071,RAC2,PARD6G,0.932
9606.ENSP00000249071,RAC2,PLXNA3,0.932
9606.ENSP00000249071,RAC2,RALA,0.932
9606.ENSP00000249071,RAC2,RALGDS,0.931
9606.ENSP00000249071,RAC2,CYFIP1,0.93
9606.ENSP00000249071,RAC2,MAP3K1,0.929
9606.ENSP00000249071,RAC2,WAS,0.929
9606.ENSP00000249071,RAC2,PARD3,0.928
9606.ENSP00000249071,RAC2,MAPK9,0.928
9606.ENSP00000249071,RAC2,IQGAP3,0.927
9606.ENSP00000249071,RAC2,PRKCI,0.927
9606.ENSP00000249071,RAC2,ABL2,0.926
9606.ENSP00000249071,RAC2,CTNND1,0.925
9606.ENSP00000249071,RAC2,WASF3,0.924
9606.ENSP00000249071,RAC2,PLXNA2,0.924
9606.ENSP00000249071,RAC2,RALB,0.924
9606.ENSP00000249071,RAC2,PLXNB2,0.924
9606.ENSP00000249071,RAC2,PLXNA4,0.924
9606.ENSP00000249071,RAC2,RELA,0.922
9606.ENSP00000249071,RAC2,MAP2K3,0.922
9606.ENSP00000249071,RAC2,PIK3R2,0.921
9606.ENSP00000249071,RAC2,MAP2K7,0.92
9606.ENSP00000249071,RAC2,RALBP1,0.92
9606.ENSP00000249071,RAC2,PIP5K1A,0.92
9606.ENSP00000249071,RAC2,DAPP1,0.917
9606.ENSP00000249071,RAC2,ABLIM1,0.917
9606.ENSP00000249071,RAC2,PLXNB3,0.915
9606.ENSP00000249071,RAC2,NCK2,0.915
9606.ENSP00000249071,RAC2,MAP2K6,0.914
9606.ENSP00000249071,RAC2,MAP2K4,0.914
9606.ENSP00000249071,RAC2,PIK3R3,0.913
9606.ENSP00000249071,RAC2,PIP5K1B,0.913
9606.ENSP00000249071,RAC2,PIP5K1C,0.91
9606.ENSP00000249071,RAC2,ABLIM3,0.908
9606.ENSP00000249071,RAC2,NGEF,0.907
9606.ENSP00000251020,SALL1,NANOG,0.972
9606.ENSP00000251020,SALL1,SALL4,0.939
9606.ENSP00000252804,PXDN,PXDNL,0.981
9606.ENSP00000252804,PXDN,ALB,0.938
9606.ENSP00000252804,PXDN,ACTB,0.925
9606.ENSP00000252804,PXDN,GAPDH,0.924
9606.ENSP00000252804,PXDN,CASP3,0.918
9606.ENSP00000253063,SESN2,DEPDC5,0.998
9606.ENSP00000253063,SESN2,WDR24,0.995
9606.ENSP00000253063,SESN2,MIOS,0.99
9606.ENSP00000253063,SESN2,WDR59,0.986
9606.ENSP00000253063,SESN2,RBX1,0.983
9606.ENSP00000253063,SESN2,SEH1L,0.966
9606.ENSP00000253063,SESN2,ULK1,0.965
9606.ENSP00000253063,SESN2,SEC13,0.965
9606.ENSP00000253063,SESN2,SQSTM1,0.953
9606.ENSP00000253063,SESN2,SESN1,0.94
9606.ENSP00000253063,SESN2,PRDX1,0.924
9606.ENSP00000253063,SESN2,KEAP1,0.921
9606.ENSP00000253063,SESN2,SESN3,0.91
9606.ENSP00000253063,SESN2,NPRL3,0.91
9606.ENSP00000253063,SESN2,SZT2,0.906
9606.ENSP00000253363,RBM39,SON,0.999
9606.ENSP00000253363,RBM39,DCAF15,0.999
9606.ENSP00000253363,RBM39,U2AF2,0.993
9606.ENSP00000253363,RBM39,RBM25,0.985
9606.ENSP00000253363,RBM39,SRSF11,0.982
9606.ENSP00000253363,RBM39,DDB1,0.977
9606.ENSP00000253363,RBM39,DDX5,0.971
9606.ENSP00000253363,RBM39,DDA1,0.968
9606.ENSP00000253363,RBM39,PRPF40A,0.962
9606.ENSP00000253363,RBM39,SF3B1,0.962
9606.ENSP00000253363,RBM39,LUC7L3,0.957
9606.ENSP00000253363,RBM39,CDC5L,0.956
9606.ENSP00000253363,RBM39,RBM5,0.955
9606.ENSP00000253363,RBM39,SF1,0.952
9606.ENSP00000253363,RBM39,U2AF1,0.945
9606.ENSP00000253363,RBM39,SRRT,0.936
9606.ENSP00000253363,RBM39,SRRM1,0.934
9606.ENSP00000253363,RBM39,SRRM2,0.926
9606.ENSP00000253363,RBM39,SAP18,0.925
9606.ENSP00000253363,RBM39,SMU1,0.924
9606.ENSP00000253363,RBM39,DDX39B,0.922
9606.ENSP00000253363,RBM39,RSRC1,0.917
9606.ENSP00000253363,RBM39,DHX9,0.909
9606.ENSP00000253363,RBM39,LUC7L,0.906
9606.ENSP00000253363,RBM39,ALYREF,0.906
9606.ENSP00000253363,RBM39,PRPF4B,0.903
9606.ENSP00000253363,RBM39,SNRPA,0.902
9606.ENSP00000253363,RBM39,CDC40,0.9
9606.ENSP00000254066,RARA,NCOR1,0.999
9606.ENSP00000254066,RARA,NCOR2,0.999
9606.ENSP00000254066,RARA,RXRA,0.999
9606.ENSP00000254066,RARA,PML,0.998
9606.ENSP00000254066,RARA,ZBTB16,0.997
9606.ENSP00000254066,RARA,NCOA1,0.996
9606.ENSP00000254066,RARA,RXRB,0.993
9606.ENSP00000254066,RARA,NCOA2,0.992
9606.ENSP00000254066,RARA,RARB,0.984
9606.ENSP00000254066,RARA,RXRG,0.983
9606.ENSP00000254066,RARA,SPI1,0.978
9606.ENSP00000254066,RARA,RARG,0.958
9606.ENSP00000254066,RARA,MED1,0.958
9606.ENSP00000254066,RARA,PRAM1,0.951
9606.ENSP00000254066,RARA,NCOA6,0.949
9606.ENSP00000254066,RARA,NCOA3,0.948
9606.ENSP00000254066,RARA,RARS1,0.941
9606.ENSP00000254066,RARA,NPM1,0.938
9606.ENSP00000254066,RARA,KLF5,0.938
9606.ENSP00000254066,RARA,TRIM24,0.924
9606.ENSP00000254066,RARA,CEBPA,0.909
9606.ENSP00000254066,RARA,RUNX1,0.905
9606.ENSP00000254066,RARA,CRABP2,0.902
9606.ENSP00000254101,PRKAB2,PRKAG1,0.999
9606.ENSP00000254101,PRKAB2,PRKAG3,0.999
9606.ENSP00000254101,PRKAB2,PRKAA2,0.999
9606.ENSP00000254101,PRKAB2,PRKAA1,0.999
9606.ENSP00000254101,PRKAB2,PRKAG2,0.999
9606.ENSP00000254101,PRKAB2,PRKAB1,0.997
9606.ENSP00000254101,PRKAB2,GYS1,0.977
9606.ENSP00000254101,PRKAB2,STK11,0.976
9606.ENSP00000254101,PRKAB2,CAMKK2,0.975
9606.ENSP00000254101,PRKAB2,CFTR,0.944
9606.ENSP00000254101,PRKAB2,FOXO1,0.943
9606.ENSP00000254101,PRKAB2,TSC2,0.937
9606.ENSP00000254101,PRKAB2,MTOR,0.935
9606.ENSP00000254101,PRKAB2,TBC1D1,0.935
9606.ENSP00000254101,PRKAB2,ACACA,0.934
9606.ENSP00000254101,PRKAB2,RPTOR,0.933
9606.ENSP00000254101,PRKAB2,PPARGC1A,0.933
9606.ENSP00000254101,PRKAB2,ACACB,0.929
9606.ENSP00000254101,PRKAB2,GYS2,0.927
9606.ENSP00000254101,PRKAB2,CRY1,0.923
9606.ENSP00000254101,PRKAB2,HMGCR,0.921
9606.ENSP00000254101,PRKAB2,CRTC2,0.919
9606.ENSP00000254101,PRKAB2,FOXO3,0.918
9606.ENSP00000254101,PRKAB2,MAP3K7,0.917
9606.ENSP00000254101,PRKAB2,CRY2,0.914
9606.ENSP00000254101,PRKAB2,MLYCD,0.913
9606.ENSP00000254101,PRKAB2,LIPE,0.911
9606.ENSP00000254101,PRKAB2,TSC1,0.908
9606.ENSP00000254101,PRKAB2,EEF2K,0.905
9606.ENSP00000254101,PRKAB2,ELAVL1,0.905
9606.ENSP00000254260,RHPN2,RHOB,0.929
9606.ENSP00000254260,RHPN2,RHOA,0.915
9606.ENSP00000254488,SLC6A11,SLC6A13,0.903
9606.ENSP00000256196,RRAS2,PIK3CD,0.989
9606.ENSP00000256196,RRAS2,PIK3CA,0.988
9606.ENSP00000256196,RRAS2,RAF1,0.985
9606.ENSP00000256196,RRAS2,RIN1,0.981
9606.ENSP00000256196,RRAS2,PIK3CG,0.978
9606.ENSP00000256196,RRAS2,RALGDS,0.97
9606.ENSP00000256196,RRAS2,ARAF,0.967
9606.ENSP00000256196,RRAS2,NF1,0.958
9606.ENSP00000256196,RRAS2,AFDN,0.956
9606.ENSP00000256196,RRAS2,BRAF,0.951
9606.ENSP00000256196,RRAS2,RALBP1,0.95
9606.ENSP00000256196,RRAS2,SHOC2,0.949
9606.ENSP00000256196,RRAS2,SOS1,0.948
9606.ENSP00000256196,RRAS2,RGL2,0.94
9606.ENSP00000256196,RRAS2,SOS2,0.94
9606.ENSP00000256196,RRAS2,MAP3K1,0.938
9606.ENSP00000256196,RRAS2,RGL1,0.937
9606.ENSP00000256196,RRAS2,RASA1,0.935
9606.ENSP00000256196,RRAS2,RASA2,0.933
9606.ENSP00000256196,RRAS2,RASGRF1,0.931
9606.ENSP00000256196,RRAS2,RASGRF2,0.929
9606.ENSP00000256196,RRAS2,RAPGEF2,0.928
9606.ENSP00000256196,RRAS2,RAPGEF4,0.927
9606.ENSP00000256196,RRAS2,PRKCB,0.923
9606.ENSP00000256196,RRAS2,RASSF5,0.922
9606.ENSP00000256196,RRAS2,CDKN2A,0.922
9606.ENSP00000256196,RRAS2,PLCE1,0.919
9606.ENSP00000256196,RRAS2,TIAM1,0.917
9606.ENSP00000256196,RRAS2,PRKCE,0.917
9606.ENSP00000256196,RRAS2,ARHGEF6,0.916
9606.ENSP00000256196,RRAS2,RAPGEF5,0.916
9606.ENSP00000256196,RRAS2,PLD1,0.915
9606.ENSP00000256196,RRAS2,ARHGEF12,0.912
9606.ENSP00000256196,RRAS2,RAPGEF3,0.911
9606.ENSP00000256196,RRAS2,RASSF1,0.91
9606.ENSP00000256196,RRAS2,PRKCA,0.908
9606.ENSP00000256196,RRAS2,PLD2,0.908
9606.ENSP00000256196,RRAS2,PRKCG,0.906
9606.ENSP00000256196,RRAS2,RRAS,0.905
9606.ENSP00000256196,RRAS2,BRAP,0.901
9606.ENSP00000256958,SLCO1B1,SLC22A7,0.963
9606.ENSP00000256958,SLCO1B1,CYP2C8,0.94
9606.ENSP00000256958,SLCO1B1,CYP3A4,0.932
9606.ENSP00000256958,SLCO1B1,UGT1A1,0.927
9606.ENSP00000256958,SLCO1B1,CYP2C9,0.922
9606.ENSP00000257414,SEMA6A,PLXNA4,0.999
9606.ENSP00000257414,SEMA6A,PLXNA2,0.999
9606.ENSP00000257414,SEMA6A,PLXNA3,0.953
9606.ENSP00000257414,SEMA6A,NRP2,0.924
9606.ENSP00000257414,SEMA6A,NRP1,0.922
9606.ENSP00000257414,SEMA6A,PLXNA1,0.92
9606.ENSP00000259698,RIPOR2,RHOA,0.905
9606.ENSP00000259808,RIPK1,CFLAR,0.999
9606.ENSP00000259808,RIPK1,BIRC3,0.999
9606.ENSP00000259808,RIPK1,FADD,0.999
9606.ENSP00000259808,RIPK1,IKBKG,0.999
9606.ENSP00000259808,RIPK1,TNFRSF1A,0.999
9606.ENSP00000259808,RIPK1,TRAF5,0.999
9606.ENSP00000259808,RIPK1,BIRC2,0.999
9606.ENSP00000259808,RIPK1,RIPK3,0.999
9606.ENSP00000259808,RIPK1,CASP8,0.999
9606.ENSP00000259808,RIPK1,TAB2,0.999
9606.ENSP00000259808,RIPK1,TRAF2,0.999
9606.ENSP00000259808,RIPK1,TNF,0.999
9606.ENSP00000259808,RIPK1,CYLD,0.999
9606.ENSP00000259808,RIPK1,TRADD,0.999
9606.ENSP00000259808,RIPK1,TLR3,0.998
9606.ENSP00000259808,RIPK1,ZBP1,0.998
9606.ENSP00000259808,RIPK1,CHUK,0.998
9606.ENSP00000259808,RIPK1,TRAF6,0.998
9606.ENSP00000259808,RIPK1,SQSTM1,0.997
9606.ENSP00000259808,RIPK1,MAP3K7,0.996
9606.ENSP00000259808,RIPK1,CASP10,0.996
9606.ENSP00000259808,RIPK1,MLKL,0.996
9606.ENSP00000259808,RIPK1,TNFRSF10B,0.995
9606.ENSP00000259808,RIPK1,TICAM1,0.994
9606.ENSP00000259808,RIPK1,RNF31,0.993
9606.ENSP00000259808,RIPK1,TNFAIP3,0.992
9606.ENSP00000259808,RIPK1,HSP90AA1,0.988
9606.ENSP00000259808,RIPK1,TRAF1,0.988
9606.ENSP00000259808,RIPK1,XIAP,0.988
9606.ENSP00000259808,RIPK1,TAB3,0.987
9606.ENSP00000259808,RIPK1,IKBKB,0.987
9606.ENSP00000259808,RIPK1,RBCK1,0.986
9606.ENSP00000259808,RIPK1,TAB1,0.983
9606.ENSP00000259808,RIPK1,USP21,0.982
9606.ENSP00000259808,RIPK1,SHARPIN,0.981
9606.ENSP00000259808,RIPK1,TBK1,0.979
9606.ENSP00000259808,RIPK1,PELI1,0.976
9606.ENSP00000259808,RIPK1,EIF2AK2,0.974
9606.ENSP00000259808,RIPK1,MAVS,0.973
9606.ENSP00000259808,RIPK1,IFNB1,0.972
9606.ENSP00000259808,RIPK1,HSP90AB1,0.972
9606.ENSP00000259808,RIPK1,OPTN,0.971
9606.ENSP00000259808,RIPK1,TNFRSF10A,0.971
9606.ENSP00000259808,RIPK1,FAS,0.966
9606.ENSP00000259808,RIPK1,TLR4,0.962
9606.ENSP00000259808,RIPK1,TNFSF10,0.948
9606.ENSP00000259808,RIPK1,GAPDH,0.946
9606.ENSP00000259808,RIPK1,DNM1L,0.942
9606.ENSP00000259808,RIPK1,TICAM2,0.94
9606.ENSP00000259808,RIPK1,PGAM5,0.936
9606.ENSP00000259808,RIPK1,PIDD1,0.927
9606.ENSP00000259808,RIPK1,MAP2K7,0.92
9606.ENSP00000259808,RIPK1,MAP2K3,0.919
9606.ENSP00000259808,RIPK1,MAP2K6,0.917
9606.ENSP00000259808,RIPK1,DDX58,0.915
9606.ENSP00000259808,RIPK1,VHL,0.915
9606.ENSP00000259808,RIPK1,FAF1,0.913
9606.ENSP00000259808,RIPK1,RNF216,0.91
9606.ENSP00000259808,RIPK1,MIB2,0.909
9606.ENSP00000259808,RIPK1,CASP3,0.908
9606.ENSP00000260563,RTCA,BMS1,0.978
9606.ENSP00000260563,RTCA,RTCB,0.945
9606.ENSP00000260563,RTCA,BYSL,0.942
9606.ENSP00000260563,RTCA,UTP6,0.93
9606.ENSP00000260563,RTCA,IMP4,0.925
9606.ENSP00000260563,RTCA,WDR36,0.925
9606.ENSP00000260563,RTCA,NGDN,0.914
9606.ENSP00000260563,RTCA,UTP4,0.913
9606.ENSP00000260563,RTCA,NOC4L,0.912
9606.ENSP00000260563,RTCA,WDR3,0.904
9606.ENSP00000260563,RTCA,UTP18,0.901
9606.ENSP00000261655,RIMBP2,RIMS2,0.979
9606.ENSP00000261655,RIMBP2,RIMS1,0.963
9606.ENSP00000261890,RAB11A,RAB11FIP2,0.999
9606.ENSP00000261890,RAB11A,MYO5B,0.999
9606.ENSP00000261890,RAB11A,RAB11FIP1,0.999
9606.ENSP00000261890,RAB11A,EXOC6,0.999
9606.ENSP00000261890,RAB11A,RAB3IP,0.999
9606.ENSP00000261890,RAB11A,RAB11FIP5,0.999
9606.ENSP00000261890,RAB11A,RAB11FIP3,0.999
9606.ENSP00000261890,RAB11A,PI4KB,0.998
9606.ENSP00000261890,RAB11A,IKBKG,0.996
9606.ENSP00000261890,RAB11A,ZFYVE27,0.994
9606.ENSP00000261890,RAB11A,OPTN,0.993
9606.ENSP00000261890,RAB11A,SH3BP5,0.992
9606.ENSP00000261890,RAB11A,RAB11FIP4,0.99
9606.ENSP00000261890,RAB11A,MYO5A,0.988
9606.ENSP00000261890,RAB11A,RAB11B,0.98
9606.ENSP00000261890,RAB11A,DENND5A,0.976
9606.ENSP00000261890,RAB11A,RAB5A,0.973
9606.ENSP00000261890,RAB11A,VPS33B,0.95
9606.ENSP00000261890,RAB11A,ASAP1,0.941
9606.ENSP00000261890,RAB11A,RAB8A,0.939
9606.ENSP00000261890,RAB11A,EVI5,0.936
9606.ENSP00000261890,RAB11A,EXOC3,0.934
9606.ENSP00000261890,RAB11A,EXOC7,0.933
9606.ENSP00000261890,RAB11A,ARF4,0.928
9606.ENSP00000261890,RAB11A,TBC1D14,0.926
9606.ENSP00000261890,RAB11A,RAB3IL1,0.924
9606.ENSP00000261890,RAB11A,EXOC2,0.921
9606.ENSP00000261890,RAB11A,ARF6,0.911
9606.ENSP00000261890,RAB11A,EXOC4,0.906
9606.ENSP00000261973,RBM25,PRRC2C,0.999
9606.ENSP00000261973,RBM25,SRRM1,0.999
9606.ENSP00000261973,RBM25,PRPF40A,0.998
9606.ENSP00000261973,RBM25,NCBP1,0.997
9606.ENSP00000261973,RBM25,SNRPC,0.997
9606.ENSP00000261973,RBM25,LUC7L,0.997
9606.ENSP00000261973,RBM25,SNRNP70,0.994
9606.ENSP00000261973,RBM25,SART1,0.994
9606.ENSP00000261973,RBM25,SRRM2,0.993
9606.ENSP00000261973,RBM25,PRPF40B,0.99
9606.ENSP00000261973,RBM25,LUC7L3,0.989
9606.ENSP00000261973,RBM25,SNRPA1,0.987
9606.ENSP00000261973,RBM25,RBM39,0.985
9606.ENSP00000261973,RBM25,U2AF2,0.983
9606.ENSP00000261973,RBM25,SF3B3,0.979
9606.ENSP00000261973,RBM25,NCBP2,0.975
9606.ENSP00000261973,RBM25,DDX46,0.97
9606.ENSP00000261973,RBM25,SRSF11,0.967
9606.ENSP00000261973,RBM25,RBM5,0.959
9606.ENSP00000261973,RBM25,SNRPN,0.956
9606.ENSP00000261973,RBM25,SNRPA,0.953
9606.ENSP00000261973,RBM25,TCERG1,0.953
9606.ENSP00000261973,RBM25,PRPF4B,0.95
9606.ENSP00000261973,RBM25,PRPF39,0.942
9606.ENSP00000261973,RBM25,SF1,0.938
9606.ENSP00000261973,RBM25,SNRPF,0.938
9606.ENSP00000261973,RBM25,SNRPD2,0.932
9606.ENSP00000261973,RBM25,SNRPD1,0.931
9606.ENSP00000261973,RBM25,SF3B1,0.927
9606.ENSP00000261973,RBM25,SRSF5,0.926
9606.ENSP00000261973,RBM25,SNRPG,0.923
9606.ENSP00000261973,RBM25,SNRNP35,0.9
9606.ENSP00000262160,SMAD2,FOXH1,0.999
9606.ENSP00000262160,SMAD2,SKIL,0.999
9606.ENSP00000262160,SMAD2,TRIM33,0.999
9606.ENSP00000262160,SMAD2,SMAD3,0.999
9606.ENSP00000262160,SMAD2,ZFYVE9,0.999
9606.ENSP00000262160,SMAD2,SMAD4,0.999
9606.ENSP00000262160,SMAD2,TGFBR1,0.999
9606.ENSP00000262160,SMAD2,SMURF2,0.999
9606.ENSP00000262160,SMAD2,CTNNB1,0.998
9606.ENSP00000262160,SMAD2,TGFBR2,0.998
9606.ENSP00000262160,SMAD2,SKI,0.997
9606.ENSP00000262160,SMAD2,TP53,0.993
9606.ENSP00000262160,SMAD2,FOXO3,0.992
9606.ENSP00000262160,SMAD2,TGIF1,0.991
9606.ENSP00000262160,SMAD2,EP300,0.987
9606.ENSP00000262160,SMAD2,CREBBP,0.986
9606.ENSP00000262160,SMAD2,TGFB1,0.983
9606.ENSP00000262160,SMAD2,ACVR2B,0.983
9606.ENSP00000262160,SMAD2,SMAD7,0.983
9606.ENSP00000262160,SMAD2,ACVR1C,0.982
9606.ENSP00000262160,SMAD2,LEMD3,0.982
9606.ENSP00000262160,SMAD2,MYC,0.982
9606.ENSP00000262160,SMAD2,WTAP,0.982
9606.ENSP00000262160,SMAD2,METTL14,0.981
9606.ENSP00000262160,SMAD2,HDAC1,0.98
9606.ENSP00000262160,SMAD2,YAP1,0.979
9606.ENSP00000262160,SMAD2,SMAD1,0.979
9606.ENSP00000262160,SMAD2,MAPK3,0.979
9606.ENSP00000262160,SMAD2,LEF1,0.978
9606.ENSP00000262160,SMAD2,DROSHA,0.978
9606.ENSP00000262160,SMAD2,METTL3,0.977
9606.ENSP00000262160,SMAD2,ACVR2A,0.977
9606.ENSP00000262160,SMAD2,E2F4,0.977
9606.ENSP00000262160,SMAD2,SMURF1,0.976
9606.ENSP00000262160,SMAD2,FOXO1,0.975
9606.ENSP00000262160,SMAD2,ACVR1B,0.972
9606.ENSP00000262160,SMAD2,SMAD5,0.972
9606.ENSP00000262160,SMAD2,SMAD6,0.972
9606.ENSP00000262160,SMAD2,ACVR1,0.97
9606.ENSP00000262160,SMAD2,MAPK1,0.967
9606.ENSP00000262160,SMAD2,BMPR1A,0.965
9606.ENSP00000262160,SMAD2,BMPR2,0.965
9606.ENSP00000262160,SMAD2,BMPR1B,0.963
9606.ENSP00000262160,SMAD2,NEDD4L,0.962
9606.ENSP00000262160,SMAD2,PMEPA1,0.962
9606.ENSP00000262160,SMAD2,SMAD9,0.959
9606.ENSP00000262160,SMAD2,SP1,0.959
9606.ENSP00000262160,SMAD2,E2F5,0.942
9606.ENSP00000262160,SMAD2,ZFYVE16,0.941
9606.ENSP00000262160,SMAD2,HMGA2,0.941
9606.ENSP00000262160,SMAD2,TGFB2,0.941
9606.ENSP00000262160,SMAD2,PPM1A,0.939
9606.ENSP00000262160,SMAD2,RNF111,0.935
9606.ENSP00000262160,SMAD2,WWTR1,0.933
9606.ENSP00000262160,SMAD2,TGIF2,0.931
9606.ENSP00000262160,SMAD2,POU5F1,0.928
9606.ENSP00000262160,SMAD2,CUL1,0.926
9606.ENSP00000262160,SMAD2,JUN,0.925
9606.ENSP00000262160,SMAD2,CHUK,0.922
9606.ENSP00000262160,SMAD2,RBL1,0.919
9606.ENSP00000262160,SMAD2,SKP1,0.918
9606.ENSP00000262160,SMAD2,AKT1,0.918
9606.ENSP00000262160,SMAD2,RBX1,0.916
9606.ENSP00000262160,SMAD2,MSTN,0.915
9606.ENSP00000262160,SMAD2,EOMES,0.914
9606.ENSP00000262160,SMAD2,HBZ,0.909
9606.ENSP00000262160,SMAD2,TFDP1,0.909
9606.ENSP00000262160,SMAD2,ZEB1,0.904
9606.ENSP00000262187,RHEB,RPTOR,0.999
9606.ENSP00000262187,RHEB,MTOR,0.999
9606.ENSP00000262187,RHEB,TSC2,0.999
9606.ENSP00000262187,RHEB,MLST8,0.999
9606.ENSP00000262187,RHEB,TSC1,0.999
9606.ENSP00000262187,RHEB,BNIP3,0.998
9606.ENSP00000262187,RHEB,AKT1S1,0.997
9606.ENSP00000262187,RHEB,DEPTOR,0.988
9606.ENSP00000262187,RHEB,PDE6D,0.982
9606.ENSP00000262187,RHEB,TBC1D7,0.982
9606.ENSP00000262187,RHEB,EIF4EBP1,0.979
9606.ENSP00000262187,RHEB,BNIP3L,0.973
9606.ENSP00000262187,RHEB,RRAGC,0.971
9606.ENSP00000262187,RHEB,RRAGA,0.969
9606.ENSP00000262187,RHEB,RRAGB,0.969
9606.ENSP00000262187,RHEB,RPS6KB1,0.968
9606.ENSP00000262187,RHEB,RRAGD,0.963
9606.ENSP00000262187,RHEB,FKBP8,0.951
9606.ENSP00000262187,RHEB,AKT1,0.947
9606.ENSP00000262187,RHEB,GAPDH,0.947
9606.ENSP00000262187,RHEB,TPT1,0.93
9606.ENSP00000262187,RHEB,RPS6KB2,0.904
9606.ENSP00000262187,RHEB,SARS1,0.902
9606.ENSP00000262519,SETD1A,WDR5,0.999
9606.ENSP00000262519,SETD1A,HCFC1,0.999
9606.ENSP00000262519,SETD1A,RBBP5,0.999
9606.ENSP00000262519,SETD1A,ASH2L,0.999
9606.ENSP00000262519,SETD1A,DPY30,0.999
9606.ENSP00000262519,SETD1A,CXXC1,0.999
9606.ENSP00000262519,SETD1A,WDR82,0.999
9606.ENSP00000262519,SETD1A,SETD1B,0.998
9606.ENSP00000262519,SETD1A,KMT2C,0.988
9606.ENSP00000262519,SETD1A,H3C12,0.96
9606.ENSP00000262519,SETD1A,H3C13,0.957
9606.ENSP00000262519,SETD1A,CTNNB1,0.947
9606.ENSP00000262519,SETD1A,KDM1A,0.936
9606.ENSP00000262519,SETD1A,KMT2A,0.933
9606.ENSP00000262519,SETD1A,BOD1L1,0.927
9606.ENSP00000262519,SETD1A,KDM6A,0.927
9606.ENSP00000262519,SETD1A,H3-3B,0.924
9606.ENSP00000262519,SETD1A,H3-4,0.917
9606.ENSP00000262519,SETD1A,H3-2,0.917
9606.ENSP00000262519,SETD1A,H3-5,0.917
9606.ENSP00000262519,SETD1A,DOT1L,0.911
9606.ENSP00000262519,SETD1A,PAXIP1,0.908
9606.ENSP00000262613,SLC9A3R1,CFTR,0.999
9606.ENSP00000262613,SLC9A3R1,MSN,0.999
9606.ENSP00000262613,SLC9A3R1,EZR,0.999
9606.ENSP00000262613,SLC9A3R1,RDX,0.999
9606.ENSP00000262613,SLC9A3R1,ADRB2,0.997
9606.ENSP00000262613,SLC9A3R1,SLC9A3,0.994
9606.ENSP00000262613,SLC9A3R1,SLC34A1,0.983
9606.ENSP00000262613,SLC9A3R1,PTEN,0.982
9606.ENSP00000262613,SLC9A3R1,PRKACB,0.969
9606.ENSP00000262613,SLC9A3R1,PRKACA,0.969
9606.ENSP00000262613,SLC9A3R1,PRKACG,0.969
9606.ENSP00000262613,SLC9A3R1,PODXL,0.963
9606.ENSP00000262613,SLC9A3R1,SLC34A3,0.961
9606.ENSP00000262613,SLC9A3R1,TBC1D10A,0.955
9606.ENSP00000262613,SLC9A3R1,NF2,0.954
9606.ENSP00000262613,SLC9A3R1,PRKCA,0.947
9606.ENSP00000262613,SLC9A3R1,SLC26A3,0.942
9606.ENSP00000262613,SLC9A3R1,TRPC4,0.926
9606.ENSP00000262613,SLC9A3R1,SLC34A2,0.923
9606.ENSP00000262613,SLC9A3R1,PRKCB,0.908
9606.ENSP00000262613,SLC9A3R1,PRKCG,0.908
9606.ENSP00000262613,SLC9A3R1,CTNNB1,0.903
9606.ENSP00000262613,SLC9A3R1,SLC9A3R2,0.901
9606.ENSP00000262848,PRKX,PRKAR2B,0.977
9606.ENSP00000262848,PRKX,PRKAR1A,0.94
9606.ENSP00000263125,PRKCQ,CARD11,0.998
9606.ENSP00000263125,PRKCQ,CD28,0.994
9606.ENSP00000263125,PRKCQ,IKBKB,0.981
9606.ENSP00000263125,PRKCQ,BCL10,0.973
9606.ENSP00000263125,PRKCQ,PLCG1,0.971
9606.ENSP00000263125,PRKCQ,CHUK,0.969
9606.ENSP00000263125,PRKCQ,IKBKG,0.968
9606.ENSP00000263125,PRKCQ,MAP3K7,0.955
9606.ENSP00000263125,PRKCQ,NFKB1,0.953
9606.ENSP00000263125,PRKCQ,CARD10,0.949
9606.ENSP00000263125,PRKCQ,PTPN6,0.948
9606.ENSP00000263125,PRKCQ,LCK,0.94
9606.ENSP00000263125,PRKCQ,PRKCD,0.935
9606.ENSP00000263125,PRKCQ,IRS1,0.934
9606.ENSP00000263125,PRKCQ,RELA,0.934
9606.ENSP00000263125,PRKCQ,CARD14,0.932
9606.ENSP00000263125,PRKCQ,PTPN11,0.927
9606.ENSP00000263125,PRKCQ,GLRX3,0.922
9606.ENSP00000263125,PRKCQ,PRKCB,0.915
9606.ENSP00000263125,PRKCQ,MALT1,0.913
9606.ENSP00000263125,PRKCQ,MAPK8,0.913
9606.ENSP00000263125,PRKCQ,MAPK9,0.91
9606.ENSP00000263125,PRKCQ,PRKCE,0.907
9606.ENSP00000263125,PRKCQ,PDPK1,0.905
9606.ENSP00000263125,PRKCQ,TRAF2,0.905
9606.ENSP00000263125,PRKCQ,TRPV4,0.902
9606.ENSP00000263431,PRKCG,PRKCA,0.984
9606.ENSP00000263431,PRKCG,CACNA1A,0.98
9606.ENSP00000263431,PRKCG,TRPC3,0.971
9606.ENSP00000263431,PRKCG,ITPR1,0.954
9606.ENSP00000263431,PRKCG,PRKCB,0.946
9606.ENSP00000263431,PRKCG,CACNA1D,0.943
9606.ENSP00000263431,PRKCG,BRAF,0.943
9606.ENSP00000263431,PRKCG,PLCB4,0.942
9606.ENSP00000263431,PRKCG,FOS,0.938
9606.ENSP00000263431,PRKCG,PLCB1,0.93
9606.ENSP00000263431,PRKCG,PLCD1,0.928
9606.ENSP00000263431,PRKCG,PLCB3,0.923
9606.ENSP00000263431,PRKCG,KCNN4,0.922
9606.ENSP00000263431,PRKCG,CASP3,0.921
9606.ENSP00000263431,PRKCG,MTOR,0.921
9606.ENSP00000263431,PRKCG,ITPR3,0.918
9606.ENSP00000263431,PRKCG,PLCG1,0.918
9606.ENSP00000263431,PRKCG,KCNN1,0.917
9606.ENSP00000263431,PRKCG,CACNA1C,0.916
9606.ENSP00000263431,PRKCG,PLCB2,0.915
9606.ENSP00000263431,PRKCG,PPP2CA,0.914
9606.ENSP00000263431,PRKCG,HRAS,0.913
9606.ENSP00000263431,PRKCG,KCNN2,0.913
9606.ENSP00000263431,PRKCG,MAPK3,0.913
9606.ENSP00000263431,PRKCG,EEF2K,0.913
9606.ENSP00000263431,PRKCG,TRPV4,0.911
9606.ENSP00000263431,PRKCG,PLCD4,0.911
9606.ENSP00000263431,PRKCG,KCNN3,0.911
9606.ENSP00000263431,PRKCG,MAPK1,0.911
9606.ENSP00000263431,PRKCG,KRAS,0.911
9606.ENSP00000263431,PRKCG,RRAS,0.91
9606.ENSP00000263431,PRKCG,PLCD3,0.91
9606.ENSP00000263431,PRKCG,ITPR2,0.909
9606.ENSP00000263431,PRKCG,PLCE1,0.909
9606.ENSP00000263431,PRKCG,SLC9A3R1,0.908
9606.ENSP00000263431,PRKCG,PLCZ1,0.908
9606.ENSP00000263431,PRKCG,CACNA1F,0.908
9606.ENSP00000263431,PRKCG,CACNA1S,0.908
9606.ENSP00000263431,PRKCG,MRAS,0.908
9606.ENSP00000263431,PRKCG,PPP2CB,0.907
9606.ENSP00000263431,PRKCG,PRKD1,0.906
9606.ENSP00000263431,PRKCG,RRAS2,0.906
9606.ENSP00000263431,PRKCG,SLC6A3,0.905
9606.ENSP00000263431,PRKCG,PTK2,0.904
9606.ENSP00000263431,PRKCG,NRAS,0.904
9606.ENSP00000263431,PRKCG,PAX8,0.904
9606.ENSP00000263431,PRKCG,RAF1,0.903
9606.ENSP00000263431,PRKCG,EZR,0.903
9606.ENSP00000263431,PRKCG,LYN,0.903
9606.ENSP00000263431,PRKCG,NCF1,0.903
9606.ENSP00000263431,PRKCG,TRPV5,0.902
9606.ENSP00000263431,PRKCG,ELK1,0.902
9606.ENSP00000263431,PRKCG,CD38,0.902
9606.ENSP00000263431,PRKCG,ARAF,0.902
9606.ENSP00000263431,PRKCG,PRKD2,0.902
9606.ENSP00000263431,PRKCG,EGLN2,0.901
9606.ENSP00000263431,PRKCG,EGLN1,0.901
9606.ENSP00000263431,PRKCG,EGLN3,0.901
9606.ENSP00000263431,PRKCG,SLC9A1,0.901
9606.ENSP00000263431,PRKCG,SPHK1,0.901
9606.ENSP00000263431,PRKCG,PRKD3,0.901
9606.ENSP00000263431,PRKCG,PLCG2,0.9
9606.ENSP00000263431,PRKCG,TTF1,0.9
9606.ENSP00000263431,PRKCG,ATP6AP1,0.9
9606.ENSP00000263431,PRKCG,TTF2,0.9
9606.ENSP00000263431,PRKCG,PPP2R1A,0.9
9606.ENSP00000263431,PRKCG,PLA2G6,0.9
9606.ENSP00000263431,PRKCG,PPP2R1B,0.9
9606.ENSP00000263431,PRKCG,SPHK2,0.9
9606.ENSP00000263686,SELP,VWF,0.999
9606.ENSP00000263686,SELP,GP1BA,0.999
9606.ENSP00000263686,SELP,SELPLG,0.999
9606.ENSP00000263686,SELP,SNX17,0.998
9606.ENSP00000263686,SELP,CD24,0.995
9606.ENSP00000263686,SELP,CD44,0.993
9606.ENSP00000263686,SELP,C3,0.991
9606.ENSP00000263686,SELP,SELL,0.986
9606.ENSP00000263686,SELP,CD40,0.985
9606.ENSP00000263686,SELP,GLG1,0.983
9606.ENSP00000263686,SELP,ITGB2,0.978
9606.ENSP00000263686,SELP,ITGA2B,0.965
9606.ENSP00000263686,SELP,VCAM1,0.963
9606.ENSP00000263686,SELP,CD40LG,0.951
9606.ENSP00000263686,SELP,SELE,0.937
9606.ENSP00000263686,SELP,ITGAM,0.934
9606.ENSP00000263686,SELP,PTX3,0.933
9606.ENSP00000263686,SELP,ICAM1,0.932
9606.ENSP00000263686,SELP,ITGB3,0.928
9606.ENSP00000263686,SELP,PF4,0.921
9606.ENSP00000263686,SELP,GP6,0.908
9606.ENSP00000263686,SELP,PECAM1,0.908
9606.ENSP00000263686,SELP,CD63,0.907
9606.ENSP00000263686,SELP,F3,0.905
9606.ENSP00000263686,SELP,PF4V1,0.901
9606.ENSP00000263686,SELP,AP2M1,0.9
9606.ENSP00000263997,SLC7A6OS,POLR2C,0.927
9606.ENSP00000264382,SI,AMY2A,0.993
9606.ENSP00000264382,SI,AMY1B,0.992
9606.ENSP00000264382,SI,AMY2B,0.992
9606.ENSP00000264382,SI,GLA,0.972
9606.ENSP00000264382,SI,GAA,0.943
9606.ENSP00000264382,SI,MGAM2,0.941
9606.ENSP00000264382,SI,GANC,0.92
9606.ENSP00000264382,SI,HKDC1,0.919
9606.ENSP00000264382,SI,HK1,0.917
9606.ENSP00000264382,SI,HK2,0.915
9606.ENSP00000264382,SI,HK3,0.915
9606.ENSP00000264382,SI,MGAM,0.909
9606.ENSP00000264932,SDHA,F5H5T6_HUMAN,0.999
9606.ENSP00000264932,SDHA,SDHD,0.999
9606.ENSP00000264932,SDHA,NDUFS8,0.999
9606.ENSP00000264932,SDHA,SDHAF2,0.999
9606.ENSP00000264932,SDHA,NDUFV1,0.999
9606.ENSP00000264932,SDHA,SDHB,0.999
9606.ENSP00000264932,SDHA,SDHC,0.999
9606.ENSP00000264932,SDHA,SUCLG1,0.999
9606.ENSP00000264932,SDHA,FH,0.999
9606.ENSP00000264932,SDHA,NDUFS2,0.998
9606.ENSP00000264932,SDHA,SUCLA2,0.998
9606.ENSP00000264932,SDHA,SUCLG2,0.997
9606.ENSP00000264932,SDHA,SDHAF1,0.997
9606.ENSP00000264932,SDHA,NDUFS1,0.995
9606.ENSP00000264932,SDHA,UQCRFS1,0.993
9606.ENSP00000264932,SDHA,NDUFS3,0.992
9606.ENSP00000264932,SDHA,UQCRC2,0.99
9606.ENSP00000264932,SDHA,NDUFS7,0.988
9606.ENSP00000264932,SDHA,CS,0.984
9606.ENSP00000264932,SDHA,NDUFV2,0.984
9606.ENSP00000264932,SDHA,NDUFA9,0.982
9606.ENSP00000264932,SDHA,MT-CO1,0.982
9606.ENSP00000264932,SDHA,GOT2,0.981
9606.ENSP00000264932,SDHA,MT-CO3,0.976
9606.ENSP00000264932,SDHA,ACO2,0.975
9606.ENSP00000264932,SDHA,ATP5F1A,0.972
9606.ENSP00000264932,SDHA,UQCRC1,0.968
9606.ENSP00000264932,SDHA,CYC1,0.966
9606.ENSP00000264932,SDHA,ACLY,0.964
9606.ENSP00000264932,SDHA,NDUFB8,0.964
9606.ENSP00000264932,SDHA,GOT1,0.961
9606.ENSP00000264932,SDHA,MT-CO2,0.958
9606.ENSP00000264932,SDHA,GOT1L1,0.956
9606.ENSP00000264932,SDHA,OGDH,0.955
9606.ENSP00000264932,SDHA,SDHAF3,0.95
9606.ENSP00000264932,SDHA,MT-ND1,0.949
9606.ENSP00000264932,SDHA,MT-ND3,0.937
9606.ENSP00000264932,SDHA,CYCS,0.93
9606.ENSP00000264932,SDHA,COX5B,0.925
9606.ENSP00000264932,SDHA,MT-CYB,0.924
9606.ENSP00000264932,SDHA,MT-ND4,0.922
9606.ENSP00000264932,SDHA,QPRT,0.92
9606.ENSP00000264932,SDHA,HTT,0.92
9606.ENSP00000264932,SDHA,SDHAF4,0.92
9606.ENSP00000264932,SDHA,FLAD1,0.918
9606.ENSP00000264932,SDHA,ATP5F1B,0.917
9606.ENSP00000264932,SDHA,GPT,0.916
9606.ENSP00000264932,SDHA,GPD2,0.912
9606.ENSP00000264932,SDHA,GPT2,0.912
9606.ENSP00000264932,SDHA,MDH2,0.905
9606.ENSP00000265080,RASGRF2,KRAS,0.946
9606.ENSP00000265080,RASGRF2,RASGRF1,0.939
9606.ENSP00000265080,RASGRF2,RRAS,0.932
9606.ENSP00000265080,RASGRF2,RRAS2,0.929
9606.ENSP00000265080,RASGRF2,NRAS,0.929
9606.ENSP00000265080,RASGRF2,HRAS,0.929
9606.ENSP00000265080,RASGRF2,CALM3,0.926
9606.ENSP00000265080,RASGRF2,CALML5,0.925
9606.ENSP00000265080,RASGRF2,CALML6,0.925
9606.ENSP00000265080,RASGRF2,CALML3,0.925
9606.ENSP00000265080,RASGRF2,MRAS,0.925
9606.ENSP00000265080,RASGRF2,CALML4,0.925
9606.ENSP00000265080,RASGRF2,PRKACB,0.922
9606.ENSP00000265080,RASGRF2,PRKACG,0.92
9606.ENSP00000265080,RASGRF2,PRKACA,0.92
9606.ENSP00000265113,SLC1A3,SLC1A2,0.919
9606.ENSP00000265361,SEMA3C,NRP1,0.998
9606.ENSP00000265361,SEMA3C,NRP2,0.992
9606.ENSP00000265361,SEMA3C,PLXND1,0.988
9606.ENSP00000265361,SEMA3C,PLXNA1,0.965
9606.ENSP00000265361,SEMA3C,PLXNA2,0.961
9606.ENSP00000265362,SEMA3A,PLXNA2,0.999
9606.ENSP00000265362,SEMA3A,PLXNA3,0.999
9606.ENSP00000265362,SEMA3A,PLXNA4,0.999
9606.ENSP00000265362,SEMA3A,PLXNA1,0.999
9606.ENSP00000265362,SEMA3A,NRP1,0.999
9606.ENSP00000265362,SEMA3A,NRP2,0.996
9606.ENSP00000265362,SEMA3A,PLXND1,0.945
9606.ENSP00000265717,PRKAR2B,PRKACB,0.999
9606.ENSP00000265717,PRKAR2B,PRKACA,0.999
9606.ENSP00000265717,PRKAR2B,PRKACG,0.999
9606.ENSP00000265717,PRKAR2B,AKAP5,0.996
9606.ENSP00000265717,PRKAR2B,PRKAR2A,0.989
9606.ENSP00000265717,PRKAR2B,AKAP1,0.981
9606.ENSP00000265717,PRKAR2B,PRKX,0.977
9606.ENSP00000265717,PRKAR2B,PRKAR1B,0.968
9606.ENSP00000265717,PRKAR2B,PRKAR1A,0.954
9606.ENSP00000265717,PRKAR2B,LIPE,0.928
9606.ENSP00000265717,PRKAR2B,AKAP7,0.926
9606.ENSP00000265717,PRKAR2B,AKAP14,0.909
9606.ENSP00000265717,PRKAR2B,AKAP9,0.902
9606.ENSP00000267163,RB1,E2F1,0.999
9606.ENSP00000267163,RB1,E2F2,0.999
9606.ENSP00000267163,RB1,MDM2,0.999
9606.ENSP00000267163,RB1,E2F4,0.999
9606.ENSP00000267163,RB1,CDK2,0.999
9606.ENSP00000267163,RB1,TFDP1,0.999
9606.ENSP00000267163,RB1,HDAC1,0.999
9606.ENSP00000267163,RB1,CDK4,0.999
9606.ENSP00000267163,RB1,CCNA2,0.998
9606.ENSP00000267163,RB1,CCND1,0.998
9606.ENSP00000267163,RB1,E2F3,0.998
9606.ENSP00000267163,RB1,CDK6,0.997
9606.ENSP00000267163,RB1,CDK1,0.995
9606.ENSP00000267163,RB1,CCNA1,0.995
9606.ENSP00000267163,RB1,CCNE1,0.994
9606.ENSP00000267163,RB1,E2F5,0.992
9606.ENSP00000267163,RB1,CCND3,0.989
9606.ENSP00000267163,RB1,CCND2,0.988
9606.ENSP00000267163,RB1,TFDP2,0.987
9606.ENSP00000267163,RB1,HDAC2,0.986
9606.ENSP00000267163,RB1,SKP2,0.985
9606.ENSP00000267163,RB1,ARID4A,0.984
9606.ENSP00000267163,RB1,PPP1CA,0.984
9606.ENSP00000267163,RB1,ABL1,0.98
9606.ENSP00000267163,RB1,SMARCA4,0.979
9606.ENSP00000267163,RB1,RUNX2,0.97
9606.ENSP00000267163,RB1,PPP1CC,0.959
9606.ENSP00000267163,RB1,CCNE2,0.957
9606.ENSP00000267163,RB1,PPP1CB,0.953
9606.ENSP00000267163,RB1,RBL2,0.949
9606.ENSP00000267163,RB1,RBBP4,0.947
9606.ENSP00000267163,RB1,KDM5A,0.947
9606.ENSP00000267163,RB1,TP53,0.936
9606.ENSP00000267163,RB1,TP53BP1,0.928
9606.ENSP00000267163,RB1,RBL1,0.923
9606.ENSP00000267163,RB1,S100A6,0.921
9606.ENSP00000267163,RB1,PSMC1,0.901
9606.ENSP00000267163,RB1,LIN9,0.9
9606.ENSP00000268231,SEPTIN12,SEPTIN4,0.997
9606.ENSP00000268231,SEPTIN12,SEPTIN7,0.992
9606.ENSP00000268231,SEPTIN12,SEPTIN2,0.991
9606.ENSP00000268231,SEPTIN12,SEPTIN6,0.989
9606.ENSP00000268231,SEPTIN12,SEPTIN5,0.988
9606.ENSP00000268231,SEPTIN12,SEPTIN11,0.986
9606.ENSP00000268231,SEPTIN12,SEPTIN1,0.957
9606.ENSP00000268231,SEPTIN12,SEPTIN3,0.953
9606.ENSP00000268231,SEPTIN12,SEPTIN9,0.939
9606.ENSP00000268231,SEPTIN12,SEPTIN10,0.937
9606.ENSP00000268231,SEPTIN12,SEPTIN8,0.935
9606.ENSP00000268231,SEPTIN12,SQSTM1,0.9
9606.ENSP00000269489,SERPINB13,CTSG,0.922
9606.ENSP00000269489,SERPINB13,CTSK,0.918
9606.ENSP00000269886,SH3GL1,SYNJ1,0.969
9606.ENSP00000269886,SH3GL1,SH3GL2,0.936
9606.ENSP00000269886,SH3GL1,SH3GL3,0.931
9606.ENSP00000269886,SH3GL1,PDCD6IP,0.922
9606.ENSP00000269886,SH3GL1,SYNJ2,0.918
9606.ENSP00000270349,SLC6A3,DRD2,0.999
9606.ENSP00000270349,SLC6A3,SNCA,0.996
9606.ENSP00000270349,SLC6A3,STX1A,0.992
9606.ENSP00000270349,SLC6A3,SLC18A2,0.966
9606.ENSP00000270349,SLC6A3,DRD4,0.96
9606.ENSP00000270349,SLC6A3,TH,0.95
9606.ENSP00000270349,SLC6A3,CAMK2A,0.949
9606.ENSP00000270349,SLC6A3,SYNGR3,0.944
9606.ENSP00000270349,SLC6A3,FLOT1,0.94
9606.ENSP00000270349,SLC6A3,PRKCB,0.917
9606.ENSP00000270349,SLC6A3,COMT,0.917
9606.ENSP00000270349,SLC6A3,PRKCA,0.913
9606.ENSP00000270349,SLC6A3,CAMK2B,0.907
9606.ENSP00000270349,SLC6A3,DRD1,0.906
9606.ENSP00000270349,SLC6A3,PRKCG,0.905
9606.ENSP00000270349,SLC6A3,FLOT2,0.903
9606.ENSP00000270349,SLC6A3,CDH1,0.901
9606.ENSP00000270722,PRDM16,PPARG,0.996
9606.ENSP00000270722,PRDM16,PPARGC1A,0.995
9606.ENSP00000270722,PRDM16,CEBPB,0.995
9606.ENSP00000270722,PRDM16,ZNF516,0.992
9606.ENSP00000270722,PRDM16,CTBP1,0.971
9606.ENSP00000270722,PRDM16,EHMT1,0.962
9606.ENSP00000270722,PRDM16,UCP1,0.946
9606.ENSP00000270722,PRDM16,CTBP2,0.93
9606.ENSP00000270722,PRDM16,KDM1A,0.926
9606.ENSP00000271526,PRCC,ASPSCR1,0.968
9606.ENSP00000271526,PRCC,TFE3,0.968
9606.ENSP00000271526,PRCC,CRNKL1,0.944
9606.ENSP00000271526,PRCC,ZNF830,0.941
9606.ENSP00000271640,SETDB1,ATF7IP,0.999
9606.ENSP00000271640,SETDB1,TRIM28,0.998
9606.ENSP00000271640,SETDB1,DNMT3A,0.996
9606.ENSP00000271640,SETDB1,H3C13,0.992
9606.ENSP00000271640,SETDB1,HDAC1,0.992
9606.ENSP00000271640,SETDB1,H3C12,0.988
9606.ENSP00000271640,SETDB1,SUV39H1,0.988
9606.ENSP00000271640,SETDB1,DNMT3B,0.985
9606.ENSP00000271640,SETDB1,H3-3B,0.982
9606.ENSP00000271640,SETDB1,H3-4,0.982
9606.ENSP00000271640,SETDB1,H3-2,0.982
9606.ENSP00000271640,SETDB1,H3-5,0.982
9606.ENSP00000271640,SETDB1,CBX5,0.981
9606.ENSP00000271640,SETDB1,ZNF274,0.98
9606.ENSP00000271640,SETDB1,H3C1,0.967
9606.ENSP00000271640,SETDB1,EHMT2,0.965
9606.ENSP00000271640,SETDB1,DNMT1,0.962
9606.ENSP00000271640,SETDB1,ATF7IP2,0.96
9606.ENSP00000271640,SETDB1,H3C6,0.938
9606.ENSP00000271640,SETDB1,H3C3,0.938
9606.ENSP00000271640,SETDB1,H3-3A,0.92
9606.ENSP00000271640,SETDB1,H3C14,0.919
9606.ENSP00000271640,SETDB1,MPHOSPH8,0.918
9606.ENSP00000271640,SETDB1,H3C15,0.916
9606.ENSP00000271640,SETDB1,H3C10,0.915
9606.ENSP00000271640,SETDB1,H3C2,0.915
9606.ENSP00000271640,SETDB1,H3C4,0.915
9606.ENSP00000271640,SETDB1,H3C8,0.915
9606.ENSP00000271640,SETDB1,H3C11,0.915
9606.ENSP00000271640,SETDB1,H3C7,0.915
9606.ENSP00000271640,SETDB1,ZKSCAN7,0.902
9606.ENSP00000272233,RHOB,ARHGDIG,0.953
9606.ENSP00000272233,RHOB,ARHGEF3,0.948
9606.ENSP00000272233,RHOB,ROCK1,0.946
9606.ENSP00000272233,RHOB,DIAPH3,0.935
9606.ENSP00000272233,RHOB,RHPN2,0.929
9606.ENSP00000272233,RHOB,RHOH,0.928
9606.ENSP00000272233,RHOB,PKN1,0.927
9606.ENSP00000272233,RHOB,ARHGDIA,0.901
9606.ENSP00000272233,RHOB,ARHGEF1,0.901
9606.ENSP00000272233,RHOB,RTKN,0.9
9606.ENSP00000272317,RPS27A,RPS21,0.999
9606.ENSP00000272317,RPS27A,RPL9,0.999
9606.ENSP00000272317,RPS27A,RPL18,0.999
9606.ENSP00000272317,RPS27A,RPS24,0.999
9606.ENSP00000272317,RPS27A,RPL11,0.999
9606.ENSP00000272317,RPS27A,RPL27A,0.999
9606.ENSP00000272317,RPS27A,RPS10,0.999
9606.ENSP00000272317,RPS27A,RPL7A,0.999
9606.ENSP00000272317,RPS27A,RPL6,0.999
9606.ENSP00000272317,RPS27A,RPL36,0.999
9606.ENSP00000272317,RPS27A,RPL13,0.999
9606.ENSP00000272317,RPS27A,RACK1,0.999
9606.ENSP00000272317,RPS27A,RPL15,0.999
9606.ENSP00000272317,RPS27A,RPSA,0.999
9606.ENSP00000272317,RPS27A,RPL35,0.999
9606.ENSP00000272317,RPS27A,UBA1,0.999
9606.ENSP00000272317,RPS27A,RPL23,0.999
9606.ENSP00000272317,RPS27A,RPS19,0.999
9606.ENSP00000272317,RPS27A,RPS18,0.999
9606.ENSP00000272317,RPS27A,RPL34,0.999
9606.ENSP00000272317,RPS27A,RPL19,0.999
9606.ENSP00000272317,RPS27A,RPS16,0.999
9606.ENSP00000272317,RPS27A,RPS12,0.999
9606.ENSP00000272317,RPS27A,RPL5,0.999
9606.ENSP00000272317,RPS27A,RPL30,0.999
9606.ENSP00000272317,RPS27A,RPS17,0.999
9606.ENSP00000272317,RPS27A,RPS28,0.999
9606.ENSP00000272317,RPS27A,UBE2N,0.999
9606.ENSP00000272317,RPS27A,RPS5,0.999
9606.ENSP00000272317,RPS27A,RPLP1,0.999
9606.ENSP00000272317,RPS27A,RPL4,0.999
9606.ENSP00000272317,RPS27A,RPS4X,0.999
9606.ENSP00000272317,RPS27A,RPS7,0.999
9606.ENSP00000272317,RPS27A,PSMD4,0.999
9606.ENSP00000272317,RPS27A,RPL17,0.999
9606.ENSP00000272317,RPS27A,RPL23A,0.999
9606.ENSP00000272317,RPS27A,RPL8,0.999
9606.ENSP00000272317,RPS27A,RPS20,0.999
9606.ENSP00000272317,RPS27A,RPS25,0.999
9606.ENSP00000272317,RPS27A,RPL26,0.999
9606.ENSP00000272317,RPS27A,UBA52,0.999
9606.ENSP00000272317,RPS27A,RPS6,0.999
9606.ENSP00000272317,RPS27A,RPL37A,0.999
9606.ENSP00000272317,RPS27A,RPL24,0.999
9606.ENSP00000272317,RPS27A,RPS8,0.999
9606.ENSP00000272317,RPS27A,RPS15,0.999
9606.ENSP00000272317,RPS27A,RPS2,0.999
9606.ENSP00000272317,RPS27A,RPS11,0.999
9606.ENSP00000272317,RPS27A,RPL35A,0.999
9606.ENSP00000272317,RPS27A,RPL37,0.999
9606.ENSP00000272317,RPS27A,RPL31,0.999
9606.ENSP00000272317,RPS27A,RPS27,0.999
9606.ENSP00000272317,RPS27A,RPL18A,0.999
9606.ENSP00000272317,RPS27A,RPS26,0.999
9606.ENSP00000272317,RPS27A,RPS29,0.999
9606.ENSP00000272317,RPS27A,RPL14,0.999
9606.ENSP00000272317,RPS27A,RPL21,0.999
9606.ENSP00000272317,RPS27A,RPS15A,0.999
9606.ENSP00000272317,RPS27A,RPLP2,0.999
9606.ENSP00000272317,RPS27A,RPS14,0.999
9606.ENSP00000272317,RPS27A,RPL12,0.999
9606.ENSP00000272317,RPS27A,RPS23,0.999
9606.ENSP00000272317,RPS27A,RPL13A,0.999
9606.ENSP00000272317,RPS27A,RPL38,0.999
9606.ENSP00000272317,RPS27A,RPS9,0.999
9606.ENSP00000272317,RPS27A,RPL32,0.999
9606.ENSP00000272317,RPS27A,RPLP0,0.999
9606.ENSP00000272317,RPS27A,RPL27,0.999
9606.ENSP00000272317,RPS27A,RPL29,0.999
9606.ENSP00000272317,RPS27A,FAU,0.999
9606.ENSP00000272317,RPS27A,RPL36A,0.999
9606.ENSP00000272317,RPS27A,RPS3,0.999
9606.ENSP00000272317,RPS27A,RPS3A,0.999
9606.ENSP00000272317,RPS27A,RPS13,0.999
9606.ENSP00000272317,RPS27A,RPL7,0.998
9606.ENSP00000272317,RPS27A,ADRM1,0.998
9606.ENSP00000272317,RPS27A,RPL10,0.998
9606.ENSP00000272317,RPS27A,UBB,0.998
9606.ENSP00000272317,RPS27A,RPL10A,0.998
9606.ENSP00000272317,RPS27A,UBC,0.998
9606.ENSP00000272317,RPS27A,RPL28,0.998
9606.ENSP00000272317,RPS27A,RPL39,0.998
9606.ENSP00000272317,RPS27A,UBE2K,0.998
9606.ENSP00000272317,RPS27A,PRKN,0.997
9606.ENSP00000272317,RPS27A,UBE2V2,0.997
9606.ENSP00000272317,RPS27A,RPL3,0.997
9606.ENSP00000272317,RPS27A,EEF2,0.997
9606.ENSP00000272317,RPS27A,PSMD5,0.997
9606.ENSP00000272317,RPS27A,TSG101,0.996
9606.ENSP00000272317,RPS27A,RPL10L,0.996
9606.ENSP00000272317,RPS27A,PSMD2,0.996
9606.ENSP00000272317,RPS27A,UBE2D2,0.996
9606.ENSP00000272317,RPS27A,RPL22,0.996
9606.ENSP00000272317,RPS27A,H3BNC9_HUMAN,0.995
9606.ENSP00000272317,RPS27A,RPS10-NUDT3,0.995
9606.ENSP00000272317,RPS27A,RPS4Y1,0.995
9606.ENSP00000272317,RPS27A,UBE2L6,0.995
9606.ENSP00000272317,RPS27A,RPL36AL,0.995
9606.ENSP00000272317,RPS27A,UBA6,0.994
9606.ENSP00000272317,RPS27A,RPL26L1,0.994
9606.ENSP00000272317,RPS27A,MDM2,0.994
9606.ENSP00000272317,RPS27A,EIF2S1,0.994
9606.ENSP00000272317,RPS27A,RPL17-C18orf32,0.994
9606.ENSP00000272317,RPS27A,USP14,0.993
9606.ENSP00000272317,RPS27A,UBE2D1,0.993
9606.ENSP00000272317,RPS27A,STAM,0.993
9606.ENSP00000272317,RPS27A,SMURF2,0.993
9606.ENSP00000272317,RPS27A,RPS27L,0.992
9606.ENSP00000272317,RPS27A,CDC34,0.992
9606.ENSP00000272317,RPS27A,NEDD4,0.992
9606.ENSP00000272317,RPS27A,USP30,0.992
9606.ENSP00000272317,RPS27A,RBBP5,0.991
9606.ENSP00000272317,RPS27A,UCHL1,0.991
9606.ENSP00000272317,RPS27A,UBE2V1,0.99
9606.ENSP00000272317,RPS27A,NPLOC4,0.99
9606.ENSP00000272317,RPS27A,SQSTM1,0.989
9606.ENSP00000272317,RPS27A,ITCH,0.989
9606.ENSP00000272317,RPS27A,TRAF6,0.989
9606.ENSP00000272317,RPS27A,UCHL3,0.989
9606.ENSP00000272317,RPS27A,SERBP1,0.988
9606.ENSP00000272317,RPS27A,EIF2S2,0.988
9606.ENSP00000272317,RPS27A,YOD1,0.988
9606.ENSP00000272317,RPS27A,UBQLN2,0.988
9606.ENSP00000272317,RPS27A,USP7,0.987
9606.ENSP00000272317,RPS27A,PSMD14,0.987
9606.ENSP00000272317,RPS27A,NFKBIA,0.986
9606.ENSP00000272317,RPS27A,FLT3LG,0.986
9606.ENSP00000272317,RPS27A,USP5,0.986
9606.ENSP00000272317,RPS27A,H2BC21,0.985
9606.ENSP00000272317,RPS27A,EEF1A1,0.984
9606.ENSP00000272317,RPS27A,H2AC13,0.984
9606.ENSP00000272317,RPS27A,PCNA,0.983
9606.ENSP00000272317,RPS27A,EIF2S3,0.983
9606.ENSP00000272317,RPS27A,DDX58,0.983
9606.ENSP00000272317,RPS27A,UBE2G1,0.982
9606.ENSP00000272317,RPS27A,UBA7,0.982
9606.ENSP00000272317,RPS27A,VPS36,0.982
9606.ENSP00000272317,RPS27A,UBE2R2,0.982
9606.ENSP00000272317,RPS27A,BIRC2,0.981
9606.ENSP00000272317,RPS27A,TAB2,0.981
9606.ENSP00000272317,RPS27A,NEDD4L,0.981
9606.ENSP00000272317,RPS27A,UBQLN1,0.98
9606.ENSP00000272317,RPS27A,TMEM189-UBE2V1,0.98
9606.ENSP00000272317,RPS27A,PSMA6,0.98
9606.ENSP00000272317,RPS27A,RPS4Y2,0.979
9606.ENSP00000272317,RPS27A,NEDD8,0.979
9606.ENSP00000272317,RPS27A,SH3KBP1,0.979
9606.ENSP00000272317,RPS27A,FANCI,0.978
9606.ENSP00000272317,RPS27A,PSMC2,0.978
9606.ENSP00000272317,RPS27A,HGS,0.978
9606.ENSP00000272317,RPS27A,ATXN3,0.978
9606.ENSP00000272317,RPS27A,PSMA4,0.978
9606.ENSP00000272317,RPS27A,EIF1,0.978
9606.ENSP00000272317,RPS27A,CUL1,0.977
9606.ENSP00000272317,RPS27A,TNFAIP3,0.977
9606.ENSP00000272317,RPS27A,STAM2,0.976
9606.ENSP00000272317,RPS27A,RAD23A,0.976
9606.ENSP00000272317,RPS27A,PSMD1,0.976
9606.ENSP00000272317,RPS27A,FANCE,0.976
9606.ENSP00000272317,RPS27A,RNF31,0.976
9606.ENSP00000272317,RPS27A,RPL7L1,0.975
9606.ENSP00000272317,RPS27A,PSMA2,0.975
9606.ENSP00000272317,RPS27A,RNF168,0.975
9606.ENSP00000272317,RPS27A,PSMC5,0.975
9606.ENSP00000272317,RPS27A,PSMC3,0.975
9606.ENSP00000272317,RPS27A,PSMD11,0.975
9606.ENSP00000272317,RPS27A,CYLD,0.975
9606.ENSP00000272317,RPS27A,RPL39L,0.975
9606.ENSP00000272317,RPS27A,OTUB1,0.975
9606.ENSP00000272317,RPS27A,CD74,0.974
9606.ENSP00000272317,RPS27A,DOCK4,0.974
9606.ENSP00000272317,RPS27A,EIF5B,0.974
9606.ENSP00000272317,RPS27A,PSMA3,0.974
9606.ENSP00000272317,RPS27A,H2AC18,0.974
9606.ENSP00000272317,RPS27A,NBR1,0.973
9606.ENSP00000272317,RPS27A,RBX1,0.973
9606.ENSP00000272317,RPS27A,MRNIP,0.973
9606.ENSP00000272317,RPS27A,EIF1AX,0.973
9606.ENSP00000272317,RPS27A,RPL3L,0.973
9606.ENSP00000272317,RPS27A,MED1,0.972
9606.ENSP00000272317,RPS27A,EIF3E,0.972
9606.ENSP00000272317,RPS27A,TP53,0.971
9606.ENSP00000272317,RPS27A,EIF3A,0.971
9606.ENSP00000272317,RPS27A,EIF3B,0.971
9606.ENSP00000272317,RPS27A,USP2,0.971
9606.ENSP00000272317,RPS27A,MDM4,0.97
9606.ENSP00000272317,RPS27A,AMFR,0.97
9606.ENSP00000272317,RPS27A,TRIM25,0.97
9606.ENSP00000272317,RPS27A,UIMC1,0.97
9606.ENSP00000272317,RPS27A,UBE2S,0.97
9606.ENSP00000272317,RPS27A,PSMD12,0.97
9606.ENSP00000272317,RPS27A,PSMA1,0.969
9606.ENSP00000272317,RPS27A,POLI,0.969
9606.ENSP00000272317,RPS27A,PSMB1,0.969
9606.ENSP00000272317,RPS27A,USP8,0.968
9606.ENSP00000272317,RPS27A,SKP1,0.968
9606.ENSP00000272317,RPS27A,PSMB4,0.967
9606.ENSP00000272317,RPS27A,H4C6,0.967
9606.ENSP00000272317,RPS27A,H2AX,0.967
9606.ENSP00000272317,RPS27A,STAMBPL1,0.967
9606.ENSP00000272317,RPS27A,PSMB2,0.967
9606.ENSP00000272317,RPS27A,H2AC8,0.966
9606.ENSP00000272317,RPS27A,PSMD3,0.966
9606.ENSP00000272317,RPS27A,CDKN1B,0.966
9606.ENSP00000272317,RPS27A,PSMD6,0.965
9606.ENSP00000272317,RPS27A,EIF3C,0.965
9606.ENSP00000272317,RPS27A,PSMB3,0.965
9606.ENSP00000272317,RPS27A,PSMD13,0.965
9606.ENSP00000272317,RPS27A,RAD18,0.965
9606.ENSP00000272317,RPS27A,DPY30,0.964
9606.ENSP00000272317,RPS27A,ASH2L,0.964
9606.ENSP00000272317,RPS27A,USP21,0.964
9606.ENSP00000272317,RPS27A,PSMD8,0.964
9606.ENSP00000272317,RPS27A,PSMC6,0.964
9606.ENSP00000272317,RPS27A,ABCE1,0.964
9606.ENSP00000272317,RPS27A,EIF3K,0.963
9606.ENSP00000272317,RPS27A,PSMB6,0.962
9606.ENSP00000272317,RPS27A,OTUD7B,0.962
9606.ENSP00000272317,RPS27A,PSMC4,0.962
9606.ENSP00000272317,RPS27A,ETF1,0.962
9606.ENSP00000272317,RPS27A,FANCD2,0.962
9606.ENSP00000272317,RPS27A,TP53BP1,0.962
9606.ENSP00000272317,RPS27A,PSMA5,0.962
9606.ENSP00000272317,RPS27A,BYSL,0.961
9606.ENSP00000272317,RPS27A,USP34,0.961
9606.ENSP00000272317,RPS27A,RPL36A-HNRNPH2,0.961
9606.ENSP00000272317,RPS27A,H2BC12,0.96
9606.ENSP00000272317,RPS27A,DOT1L,0.96
9606.ENSP00000272317,RPS27A,HDAC6,0.96
9606.ENSP00000272317,RPS27A,PSMC1,0.96
9606.ENSP00000272317,RPS27A,PSMD7,0.96
9606.ENSP00000272317,RPS27A,H2BC4,0.959
9606.ENSP00000272317,RPS27A,H2AC6,0.959
9606.ENSP00000272317,RPS27A,H2BC11,0.959
9606.ENSP00000272317,RPS27A,PSMB7,0.959
9606.ENSP00000272317,RPS27A,TRIM21,0.959
9606.ENSP00000272317,RPS27A,NOB1,0.959
9606.ENSP00000272317,RPS27A,KLF1,0.959
9606.ENSP00000272317,RPS27A,EIF3D,0.958
9606.ENSP00000272317,RPS27A,KXD1,0.956
9606.ENSP00000272317,RPS27A,USP1,0.956
9606.ENSP00000272317,RPS27A,WDR48,0.955
9606.ENSP00000272317,RPS27A,PSMA7,0.955
9606.ENSP00000272317,RPS27A,REV1,0.955
9606.ENSP00000272317,RPS27A,ANAPC2,0.954
9606.ENSP00000272317,RPS27A,CBL,0.954
9606.ENSP00000272317,RPS27A,RSAD1,0.954
9606.ENSP00000272317,RPS27A,RSRC1,0.954
9606.ENSP00000272317,RPS27A,BARD1,0.953
9606.ENSP00000272317,RPS27A,EIF3I,0.953
9606.ENSP00000272317,RPS27A,H3C12,0.952
9606.ENSP00000272317,RPS27A,IDE,0.952
9606.ENSP00000272317,RPS27A,ERCC6,0.952
9606.ENSP00000272317,RPS27A,AKNAD1,0.951
9606.ENSP00000272317,RPS27A,OTUD5,0.951
9606.ENSP00000272317,RPS27A,WDR31,0.95
9606.ENSP00000272317,RPS27A,RNF4,0.95
9606.ENSP00000272317,RPS27A,PINK1,0.95
9606.ENSP00000272317,RPS27A,H3C13,0.949
9606.ENSP00000272317,RPS27A,PICALM,0.949
9606.ENSP00000272317,RPS27A,ZUP1,0.948
9606.ENSP00000272317,RPS27A,H3-2,0.948
9606.ENSP00000272317,RPS27A,EDF1,0.948
9606.ENSP00000272317,RPS27A,TSR1,0.948
9606.ENSP00000272317,RPS27A,JOSD2,0.947
9606.ENSP00000272317,RPS27A,UBE2B,0.947
9606.ENSP00000272317,RPS27A,ARIH1,0.946
9606.ENSP00000272317,RPS27A,RABGEF1,0.946
9606.ENSP00000272317,RPS27A,TPT1,0.946
9606.ENSP00000272317,RPS27A,ATXN3L,0.945
9606.ENSP00000272317,RPS27A,H3C15,0.945
9606.ENSP00000272317,RPS27A,DNMT1,0.944
9606.ENSP00000272317,RPS27A,BIRC7,0.944
9606.ENSP00000272317,RPS27A,PSMB5,0.943
9606.ENSP00000272317,RPS27A,H3C14,0.943
9606.ENSP00000272317,RPS27A,CBLB,0.942
9606.ENSP00000272317,RPS27A,PA2G4,0.942
9606.ENSP00000272317,RPS27A,MYO6,0.942
9606.ENSP00000272317,RPS27A,TOM1,0.941
9606.ENSP00000272317,RPS27A,H3C6,0.94
9606.ENSP00000272317,RPS27A,H3C3,0.94
9606.ENSP00000272317,RPS27A,H3C10,0.94
9606.ENSP00000272317,RPS27A,H3C2,0.94
9606.ENSP00000272317,RPS27A,H3C1,0.94
9606.ENSP00000272317,RPS27A,H3C4,0.94
9606.ENSP00000272317,RPS27A,H3C11,0.94
9606.ENSP00000272317,RPS27A,H3C8,0.94
9606.ENSP00000272317,RPS27A,H3C7,0.94
9606.ENSP00000272317,RPS27A,ZRANB1,0.939
9606.ENSP00000272317,RPS27A,H2AC4,0.938
9606.ENSP00000272317,RPS27A,SNU13,0.938
9606.ENSP00000272317,RPS27A,CXorf66,0.937
9606.ENSP00000272317,RPS27A,PLAA,0.936
9606.ENSP00000272317,RPS27A,IKBKG,0.936
9606.ENSP00000272317,RPS27A,OTUB2,0.935
9606.ENSP00000272317,RPS27A,ARL6IP1,0.935
9606.ENSP00000272317,RPS27A,EEF1B2,0.934
9606.ENSP00000272317,RPS27A,H2AC15,0.934
9606.ENSP00000272317,RPS27A,H2AC11,0.934
9606.ENSP00000272317,RPS27A,H2AC16,0.934
9606.ENSP00000272317,RPS27A,HUWE1,0.934
9606.ENSP00000272317,RPS27A,H2AC17,0.934
9606.ENSP00000272317,RPS27A,H2AC19,0.934
9606.ENSP00000272317,RPS27A,UBR5,0.932
9606.ENSP00000272317,RPS27A,USP28,0.932
9606.ENSP00000272317,RPS27A,MAVS,0.932
9606.ENSP00000272317,RPS27A,RPL22L1,0.932
9606.ENSP00000272317,RPS27A,H3BN98_HUMAN,0.932
9606.ENSP00000272317,RPS27A,GGA3,0.932
9606.ENSP00000272317,RPS27A,IFIH1,0.931
9606.ENSP00000272317,RPS27A,FBL,0.93
9606.ENSP00000272317,RPS27A,DENR,0.93
9606.ENSP00000272317,RPS27A,UBE2D3,0.929
9606.ENSP00000272317,RPS27A,UBL7,0.928
9606.ENSP00000272317,RPS27A,EIF5,0.928
9606.ENSP00000272317,RPS27A,CSNK1A1,0.927
9606.ENSP00000272317,RPS27A,EEFSEC,0.926
9606.ENSP00000272317,RPS27A,EIF3L,0.925
9606.ENSP00000272317,RPS27A,RNF38,0.925
9606.ENSP00000272317,RPS27A,EIF3J,0.925
9606.ENSP00000272317,RPS27A,IMP3,0.924
9606.ENSP00000272317,RPS27A,RIOK2,0.923
9606.ENSP00000272317,RPS27A,MRPS7,0.923
9606.ENSP00000272317,RPS27A,NPSR1,0.921
9606.ENSP00000272317,RPS27A,KRR1,0.92
9606.ENSP00000272317,RPS27A,CCDC105,0.92
9606.ENSP00000272317,RPS27A,EIF3F,0.919
9606.ENSP00000272317,RPS27A,EIF3G,0.918
9606.ENSP00000272317,RPS27A,IFI35,0.918
9606.ENSP00000272317,RPS27A,RNF8,0.917
9606.ENSP00000272317,RPS27A,UBE2L5,0.917
9606.ENSP00000272317,RPS27A,UFD1,0.917
9606.ENSP00000272317,RPS27A,ZFAND2B,0.916
9606.ENSP00000272317,RPS27A,NOP56,0.916
9606.ENSP00000272317,RPS27A,TRIM23,0.916
9606.ENSP00000272317,RPS27A,NOP58,0.915
9606.ENSP00000272317,RPS27A,OTULIN,0.915
9606.ENSP00000272317,RPS27A,LTV1,0.915
9606.ENSP00000272317,RPS27A,H2BC7,0.914
9606.ENSP00000272317,RPS27A,H2BC8,0.914
9606.ENSP00000272317,RPS27A,H2BC10,0.914
9606.ENSP00000272317,RPS27A,H2BC6,0.914
9606.ENSP00000272317,RPS27A,CDK2,0.914
9606.ENSP00000272317,RPS27A,USP46,0.913
9606.ENSP00000272317,RPS27A,SKP2,0.913
9606.ENSP00000272317,RPS27A,PELO,0.911
9606.ENSP00000272317,RPS27A,EMG1,0.911
9606.ENSP00000272317,RPS27A,RLIM,0.91
9606.ENSP00000272317,RPS27A,RNF216,0.91
9606.ENSP00000272317,RPS27A,EIF3M,0.91
9606.ENSP00000272317,RPS27A,RRP9,0.91
9606.ENSP00000272317,RPS27A,USP12,0.909
9606.ENSP00000272317,RPS27A,HBA1,0.908
9606.ENSP00000272317,RPS27A,MYCBP2,0.908
9606.ENSP00000272317,RPS27A,MINDY1,0.907
9606.ENSP00000272317,RPS27A,HEATR1,0.907
9606.ENSP00000272317,RPS27A,HBA2,0.907
9606.ENSP00000272317,RPS27A,MINDY2,0.907
9606.ENSP00000272317,RPS27A,CKS1B,0.906
9606.ENSP00000272317,RPS27A,UCHL5,0.906
9606.ENSP00000272317,RPS27A,EIF4G1,0.906
9606.ENSP00000272317,RPS27A,WDR36,0.906
9606.ENSP00000272317,RPS27A,GSPT1,0.906
9606.ENSP00000272317,RPS27A,CDH1,0.904
9606.ENSP00000272317,RPS27A,BTRC,0.904
9606.ENSP00000272317,RPS27A,CCNA2,0.904
9606.ENSP00000272317,RPS27A,STAMBP,0.903
9606.ENSP00000272317,RPS27A,BMS1,0.903
9606.ENSP00000272317,RPS27A,RNF13,0.901
9606.ENSP00000272317,RPS27A,TDP2,0.901
9606.ENSP00000272317,RPS27A,WWP2,0.901
9606.ENSP00000272317,RPS27A,LNX1,0.901
9606.ENSP00000272317,RPS27A,CD2AP,0.9
9606.ENSP00000272317,RPS27A,NOD1,0.9
9606.ENSP00000272317,RPS27A,UTP18,0.9
9606.ENSP00000274031,SETD7,H3C12,0.951
9606.ENSP00000274031,SETD7,TP53,0.947
9606.ENSP00000274031,SETD7,DNMT1,0.936
9606.ENSP00000274031,SETD7,FOXO1,0.933
9606.ENSP00000274031,SETD7,FOXO3,0.931
9606.ENSP00000274031,SETD7,H3-4,0.925
9606.ENSP00000274031,SETD7,FOXO4,0.914
9606.ENSP00000274031,SETD7,H3C13,0.91
9606.ENSP00000274063,SFRP2,WNT3A,0.936
9606.ENSP00000274063,SFRP2,WNT5A,0.91
9606.ENSP00000274063,SFRP2,WNT7B,0.91
9606.ENSP00000274063,SFRP2,WNT4,0.906
9606.ENSP00000274063,SFRP2,WNT2,0.903
9606.ENSP00000274255,SKP2,CDKN1B,0.999
9606.ENSP00000274255,SKP2,CCNA2,0.999
9606.ENSP00000274255,SKP2,CCNA1,0.999
9606.ENSP00000274255,SKP2,SKP1,0.999
9606.ENSP00000274255,SKP2,CDK2,0.999
9606.ENSP00000274255,SKP2,CKS1B,0.999
9606.ENSP00000274255,SKP2,CUL1,0.999
9606.ENSP00000274255,SKP2,RBX1,0.999
9606.ENSP00000274255,SKP2,BTRC,0.998
9606.ENSP00000274255,SKP2,CDC20,0.998
9606.ENSP00000274255,SKP2,CDKN1A,0.996
9606.ENSP00000274255,SKP2,FBXW7,0.991
9606.ENSP00000274255,SKP2,CCNE1,0.99
9606.ENSP00000274255,SKP2,RB1,0.985
9606.ENSP00000274255,SKP2,CKS2,0.982
9606.ENSP00000274255,SKP2,FBXW11,0.98
9606.ENSP00000274255,SKP2,CDT1,0.977
9606.ENSP00000274255,SKP2,CDKN1C,0.975
9606.ENSP00000274255,SKP2,MYC,0.975
9606.ENSP00000274255,SKP2,NEDD8,0.974
9606.ENSP00000274255,SKP2,FZR1,0.96
9606.ENSP00000274255,SKP2,CCND1,0.959
9606.ENSP00000274255,SKP2,FBXO4,0.958
9606.ENSP00000274255,SKP2,E2F1,0.953
9606.ENSP00000274255,SKP2,CCNE2,0.953
9606.ENSP00000274255,SKP2,FBXO2,0.952
9606.ENSP00000274255,SKP2,CCNF,0.946
9606.ENSP00000274255,SKP2,CDK1,0.943
9606.ENSP00000274255,SKP2,EP300,0.942
9606.ENSP00000274255,SKP2,UFD1,0.941
9606.ENSP00000274255,SKP2,FOXO1,0.94
9606.ENSP00000274255,SKP2,CDH1,0.927
9606.ENSP00000274255,SKP2,ORC1,0.925
9606.ENSP00000274255,SKP2,UBB,0.925
9606.ENSP00000274255,SKP2,UBC,0.915
9606.ENSP00000274255,SKP2,RRAGA,0.915
9606.ENSP00000274255,SKP2,DDB1,0.915
9606.ENSP00000274255,SKP2,RPS27A,0.913
9606.ENSP00000274255,SKP2,RRAGB,0.905
9606.ENSP00000274255,SKP2,CAND1,0.903
9606.ENSP00000274255,SKP2,CUL2,0.902
9606.ENSP00000274255,SKP2,UBA52,0.902
9606.ENSP00000274376,RASA1,HRAS,0.999
9606.ENSP00000274376,RASA1,ARHGAP35,0.999
9606.ENSP00000274376,RASA1,DOK1,0.997
9606.ENSP00000274376,RASA1,G3BP1,0.994
9606.ENSP00000274376,RASA1,RALA,0.988
9606.ENSP00000274376,RASA1,PDGFRB,0.986
9606.ENSP00000274376,RASA1,NRAS,0.984
9606.ENSP00000274376,RASA1,DOK2,0.982
9606.ENSP00000274376,RASA1,RRAS,0.979
9606.ENSP00000274376,RASA1,EPHB2,0.977
9606.ENSP00000274376,RASA1,KHDRBS1,0.977
9606.ENSP00000274376,RASA1,KRAS,0.971
9606.ENSP00000274376,RASA1,EGFR,0.97
9606.ENSP00000274376,RASA1,EPHB4,0.963
9606.ENSP00000274376,RASA1,EFNA5,0.962
9606.ENSP00000274376,RASA1,MRAS,0.962
9606.ENSP00000274376,RASA1,DLC1,0.961
9606.ENSP00000274376,RASA1,PXN,0.959
9606.ENSP00000274376,RASA1,EFNA1,0.95
9606.ENSP00000274376,RASA1,EPHA4,0.95
9606.ENSP00000274376,RASA1,SOS1,0.939
9606.ENSP00000274376,RASA1,RRAS2,0.935
9606.ENSP00000274376,RASA1,EPHB3,0.934
9606.ENSP00000274376,RASA1,CDC42,0.933
9606.ENSP00000274376,RASA1,TSC1,0.933
9606.ENSP00000274376,RASA1,RABIF,0.93
9606.ENSP00000274376,RASA1,EFNA3,0.929
9606.ENSP00000274376,RASA1,TSC2,0.928
9606.ENSP00000274376,RASA1,EPHA1,0.927
9606.ENSP00000274376,RASA1,EPHA2,0.927
9606.ENSP00000274376,RASA1,EFNA2,0.917
9606.ENSP00000274376,RASA1,EFNA4,0.917
9606.ENSP00000274376,RASA1,EPHB1,0.917
9606.ENSP00000274376,RASA1,ARHGAP1,0.914
9606.ENSP00000274376,RASA1,EPHA3,0.914
9606.ENSP00000274376,RASA1,EPHA7,0.913
9606.ENSP00000274376,RASA1,EPHA5,0.911
9606.ENSP00000274376,RASA1,EPHB6,0.91
9606.ENSP00000274376,RASA1,EPHA8,0.909
9606.ENSP00000274376,RASA1,EPHA6,0.905
9606.ENSP00000274376,RASA1,AKT1,0.902
9606.ENSP00000275233,SHPRH,RAD18,0.994
9606.ENSP00000275233,SHPRH,UBE2V2,0.988
9606.ENSP00000275233,SHPRH,UBE2N,0.978
9606.ENSP00000276594,PRDM14,NANOG,0.979
9606.ENSP00000276594,PRDM14,POU5F1,0.972
9606.ENSP00000276594,PRDM14,CBFA2T2,0.969
9606.ENSP00000276594,PRDM14,SOX2,0.965
9606.ENSP00000276594,PRDM14,LIN28A,0.928
9606.ENSP00000276594,PRDM14,SALL4,0.908
9606.ENSP00000276659,RSPO2,ZNRF3,0.999
9606.ENSP00000276659,RSPO2,LGR5,0.999
9606.ENSP00000276659,RSPO2,LGR4,0.998
9606.ENSP00000276659,RSPO2,RNF43,0.991
9606.ENSP00000276659,RSPO2,LGR6,0.962
9606.ENSP00000276659,RSPO2,KRT71,0.91
9606.ENSP00000278379,SLC1A2,SLC1A3,0.919
9606.ENSP00000278407,SERPING1,C1S,0.999
9606.ENSP00000278407,SERPING1,MASP2,0.999
9606.ENSP00000278407,SERPING1,C1R,0.999
9606.ENSP00000278407,SERPING1,KLK4,0.998
9606.ENSP00000278407,SERPING1,KLKB1,0.996
9606.ENSP00000278407,SERPING1,MASP1,0.99
9606.ENSP00000278407,SERPING1,F12,0.987
9606.ENSP00000278407,SERPING1,C1QB,0.98
9606.ENSP00000278407,SERPING1,MBL2,0.979
9606.ENSP00000278407,SERPING1,C1QA,0.973
9606.ENSP00000278407,SERPING1,KNG1,0.964
9606.ENSP00000278407,SERPING1,C1QC,0.959
9606.ENSP00000278407,SERPING1,C3,0.954
9606.ENSP00000278407,SERPING1,A2M,0.905
9606.ENSP00000279575,PRB4,PRB1,0.999
9606.ENSP00000279575,PRB4,PRB3,0.999
9606.ENSP00000279575,PRB4,PRH1,0.924
9606.ENSP00000279575,PRB4,PRH2,0.916
9606.ENSP00000283109,RIOK2,TSR1,0.999
9606.ENSP00000283109,RIOK2,LTV1,0.999
9606.ENSP00000283109,RIOK2,NOB1,0.999
9606.ENSP00000283109,RIOK2,RPS2,0.999
9606.ENSP00000283109,RIOK2,BYSL,0.999
9606.ENSP00000283109,RIOK2,RPS15,0.997
9606.ENSP00000283109,RIOK2,RPS5,0.997
9606.ENSP00000283109,RIOK2,RPS3,0.996
9606.ENSP00000283109,RIOK2,PNO1,0.996
9606.ENSP00000283109,RIOK2,KRR1,0.996
9606.ENSP00000283109,RIOK2,RPS20,0.995
9606.ENSP00000283109,RIOK2,RPS9,0.994
9606.ENSP00000283109,RIOK2,RPS14,0.994
9606.ENSP00000283109,RIOK2,RPS6,0.994
9606.ENSP00000283109,RIOK2,RPS7,0.994
9606.ENSP00000283109,RIOK2,RPS13,0.993
9606.ENSP00000283109,RIOK2,FAU,0.993
9606.ENSP00000283109,RIOK2,RRP12,0.992
9606.ENSP00000283109,RIOK2,RPS12,0.992
9606.ENSP00000283109,RIOK2,RACK1,0.992
9606.ENSP00000283109,RIOK2,RPS21,0.991
9606.ENSP00000283109,RIOK2,RIOK1,0.985
9606.ENSP00000283109,RIOK2,DIMT1,0.984
9606.ENSP00000283109,RIOK2,RPS19,0.983
9606.ENSP00000283109,RIOK2,RIOK3,0.982
9606.ENSP00000283109,RIOK2,RPS10,0.982
9606.ENSP00000283109,RIOK2,RPS23,0.98
9606.ENSP00000283109,RIOK2,RPS8,0.977
9606.ENSP00000283109,RIOK2,RPS3A,0.976
9606.ENSP00000283109,RIOK2,RPS11,0.975
9606.ENSP00000283109,RIOK2,RPS17,0.975
9606.ENSP00000283109,RIOK2,RPS16,0.974
9606.ENSP00000283109,RIOK2,RPS18,0.973
9606.ENSP00000283109,RIOK2,RPSA,0.968
9606.ENSP00000283109,RIOK2,RPLP0,0.966
9606.ENSP00000283109,RIOK2,RPS4X,0.956
9606.ENSP00000283109,RIOK2,NOP14,0.951
9606.ENSP00000283109,RIOK2,RPS27,0.947
9606.ENSP00000283109,RIOK2,RPS29,0.943
9606.ENSP00000283109,RIOK2,RPS26,0.934
9606.ENSP00000283109,RIOK2,RPS28,0.929
9606.ENSP00000283109,RIOK2,CSNK1D,0.928
9606.ENSP00000283109,RIOK2,RPS24,0.927
9606.ENSP00000283109,RIOK2,MPHOSPH10,0.924
9606.ENSP00000283109,RIOK2,RPS27A,0.923
9606.ENSP00000283109,RIOK2,RPS25,0.923
9606.ENSP00000283109,RIOK2,CSNK1E,0.923
9606.ENSP00000283109,RIOK2,RPS15A,0.921
9606.ENSP00000283109,RIOK2,NMD3,0.918
9606.ENSP00000283109,RIOK2,TFB2M,0.909
9606.ENSP00000283195,RANBP2,RAN,0.999
9606.ENSP00000283195,RANBP2,RANGAP1,0.999
9606.ENSP00000283195,RANBP2,NUP155,0.999
9606.ENSP00000283195,RANBP2,NUP54,0.999
9606.ENSP00000283195,RANBP2,NUP214,0.999
9606.ENSP00000283195,RANBP2,UBE2I,0.999
9606.ENSP00000283195,RANBP2,NUP88,0.999
9606.ENSP00000283195,RANBP2,NUP98,0.999
9606.ENSP00000283195,RANBP2,SUMO1,0.999
9606.ENSP00000283195,RANBP2,SUMO2,0.998
9606.ENSP00000283195,RANBP2,NUP107,0.998
9606.ENSP00000283195,RANBP2,NUP93,0.998
9606.ENSP00000283195,RANBP2,NUP62,0.997
9606.ENSP00000283195,RANBP2,NUP133,0.997
9606.ENSP00000283195,RANBP2,NUP35,0.997
9606.ENSP00000283195,RANBP2,NUP153,0.996
9606.ENSP00000283195,RANBP2,BICD2,0.995
9606.ENSP00000283195,RANBP2,AAAS,0.995
9606.ENSP00000283195,RANBP2,NUP205,0.994
9606.ENSP00000283195,RANBP2,NUP210,0.994
9606.ENSP00000283195,RANBP2,SEH1L,0.993
9606.ENSP00000283195,RANBP2,KPNB1,0.993
9606.ENSP00000283195,RANBP2,XPO1,0.993
9606.ENSP00000283195,RANBP2,KIF5B,0.992
9606.ENSP00000283195,RANBP2,KIF5C,0.992
9606.ENSP00000283195,RANBP2,AHCTF1,0.992
9606.ENSP00000283195,RANBP2,NUP160,0.992
9606.ENSP00000283195,RANBP2,NUP85,0.992
9606.ENSP00000283195,RANBP2,TPR,0.99
9606.ENSP00000283195,RANBP2,NUP188,0.989
9606.ENSP00000283195,RANBP2,NUP43,0.985
9606.ENSP00000283195,RANBP2,NUP58,0.984
9606.ENSP00000283195,RANBP2,SEC13,0.981
9606.ENSP00000283195,RANBP2,NUP37,0.978
9606.ENSP00000283195,RANBP2,RCC1,0.977
9606.ENSP00000283195,RANBP2,SUMO4,0.972
9606.ENSP00000283195,RANBP2,NDC1,0.971
9606.ENSP00000283195,RANBP2,NXF1,0.967
9606.ENSP00000283195,RANBP2,MCM3AP,0.96
9606.ENSP00000283195,RANBP2,NUP50,0.956
9606.ENSP00000283195,RANBP2,POM121,0.948
9606.ENSP00000283195,RANBP2,GCC2,0.946
9606.ENSP00000283195,RANBP2,POM121C,0.944
9606.ENSP00000283195,RANBP2,MAD2L1,0.931
9606.ENSP00000283195,RANBP2,NUP42,0.928
9606.ENSP00000283195,RANBP2,CETN2,0.926
9606.ENSP00000283195,RANBP2,ENY2,0.92
9606.ENSP00000283195,RANBP2,RAE1,0.92
9606.ENSP00000283195,RANBP2,PCID2,0.918
9606.ENSP00000283195,RANBP2,CETN3,0.916
9606.ENSP00000283195,RANBP2,MAD1L1,0.91
9606.ENSP00000283195,RANBP2,ADGRD1,0.908
9606.ENSP00000283195,RANBP2,HDAC4,0.907
9606.ENSP00000283195,RANBP2,GLE1,0.903
9606.ENSP00000283195,RANBP2,PLK1,0.902
9606.ENSP00000283195,RANBP2,IGHV3-16,0.9
9606.ENSP00000283195,RANBP2,ADGRB2,0.9
9606.ENSP00000283195,RANBP2,ADGRB1,0.9
9606.ENSP00000283195,RANBP2,ADGRB3,0.9
9606.ENSP00000283254,SCN3A,SCN1B,0.998
9606.ENSP00000283254,SCN3A,SCN2B,0.997
9606.ENSP00000283254,SCN3A,SCN2A,0.982
9606.ENSP00000283254,SCN3A,SCN9A,0.939
9606.ENSP00000283254,SCN3A,CALHM1,0.929
9606.ENSP00000283254,SCN3A,SCN4B,0.917
9606.ENSP00000283254,SCN3A,SCN4A,0.909
9606.ENSP00000283646,RPIA,TALDO1,0.998
9606.ENSP00000283646,RPIA,RPE,0.998
9606.ENSP00000283646,RPIA,RPEL1,0.996
9606.ENSP00000283646,RPIA,PGD,0.995
9606.ENSP00000283646,RPIA,TKT,0.995
9606.ENSP00000283646,RPIA,TKTL2,0.993
9606.ENSP00000283646,RPIA,TKTL1,0.993
9606.ENSP00000283646,RPIA,RBKS,0.975
9606.ENSP00000283646,RPIA,PRPS1,0.961
9606.ENSP00000283646,RPIA,PRPS1L1,0.96
9606.ENSP00000283646,RPIA,PRPS2,0.957
9606.ENSP00000283646,RPIA,PGM2,0.952
9606.ENSP00000283752,SERPINB3,SERPINB4,0.999
9606.ENSP00000283752,SERPINB3,CTSG,0.932
9606.ENSP00000286364,RASA2,RRAS,0.959
9606.ENSP00000286364,RASA2,NRAS,0.958
9606.ENSP00000286364,RASA2,HRAS,0.955
9606.ENSP00000286364,RASA2,KRAS,0.947
9606.ENSP00000286364,RASA2,MRAS,0.942
9606.ENSP00000286364,RASA2,RRAS2,0.933
9606.ENSP00000286364,RASA2,GNA12,0.917
9606.ENSP00000286364,RASA2,GNG12,0.9
9606.ENSP00000286398,SMC2,NCAPH,0.999
9606.ENSP00000286398,SMC2,NCAPD2,0.999
9606.ENSP00000286398,SMC2,SMC4,0.999
9606.ENSP00000286398,SMC2,NCAPG,0.999
9606.ENSP00000286398,SMC2,NCAPD3,0.995
9606.ENSP00000286398,SMC2,NCAPG2,0.994
9606.ENSP00000286398,SMC2,NCAPH2,0.99
9606.ENSP00000286398,SMC2,KIF11,0.967
9606.ENSP00000286398,SMC2,TOP2A,0.928
9606.ENSP00000286835,SCAF4,SETX,0.926
9606.ENSP00000286835,SCAF4,POLR2A,0.918
9606.ENSP00000288368,PREX2,PTEN,0.99
9606.ENSP00000288840,SMAD6,SMURF1,0.999
9606.ENSP00000288840,SMAD6,SMURF2,0.998
9606.ENSP00000288840,SMAD6,SMAD4,0.989
9606.ENSP00000288840,SMAD6,SMAD1,0.985
9606.ENSP00000288840,SMAD6,SMAD7,0.984
9606.ENSP00000288840,SMAD6,TGFBR1,0.982
9606.ENSP00000288840,SMAD6,SMAD2,0.972
9606.ENSP00000288840,SMAD6,SMAD9,0.956
9606.ENSP00000288840,SMAD6,SMAD5,0.953
9606.ENSP00000288840,SMAD6,SMAD3,0.933
9606.ENSP00000288840,SMAD6,BMPR1B,0.913
9606.ENSP00000291842,SHKBP1,ZNF177,0.925
9606.ENSP00000292169,S100A1,S100B,0.98
9606.ENSP00000292169,S100A1,ANXA2,0.947
9606.ENSP00000293441,SHANK1,DLGAP1,0.996
9606.ENSP00000293441,SHANK1,DLG4,0.992
9606.ENSP00000293441,SHANK1,HOMER1,0.984
9606.ENSP00000293441,SHANK1,SHANK3,0.982
9606.ENSP00000293441,SHANK1,SHANK2,0.968
9606.ENSP00000293441,SHANK1,HOMER3,0.966
9606.ENSP00000293441,SHANK1,ARHGEF7,0.957
9606.ENSP00000293441,SHANK1,GRM5,0.939
9606.ENSP00000293441,SHANK1,HOMER2,0.927
9606.ENSP00000293441,SHANK1,NLGN1,0.926
9606.ENSP00000293441,SHANK1,DLGAP3,0.92
9606.ENSP00000293441,SHANK1,NLGN3,0.904
9606.ENSP00000294008,SLX4,MUS81,0.999
9606.ENSP00000294008,SLX4,SLX1A,0.999
9606.ENSP00000294008,SLX4,ERCC1,0.999
9606.ENSP00000294008,SLX4,EME1,0.999
9606.ENSP00000294008,SLX4,ERCC4,0.999
9606.ENSP00000294008,SLX4,TERF2,0.996
9606.ENSP00000294008,SLX4,FANCD2,0.992
9606.ENSP00000294008,SLX4,SLX4IP,0.988
9606.ENSP00000294008,SLX4,EPRS1,0.983
9606.ENSP00000294008,SLX4,SLX1B,0.981
9606.ENSP00000294008,SLX4,TOPBP1,0.975
9606.ENSP00000294008,SLX4,MSH2,0.972
9606.ENSP00000294008,SLX4,MSH3,0.967
9606.ENSP00000294008,SLX4,FANCI,0.967
9606.ENSP00000294008,SLX4,RTEL1,0.955
9606.ENSP00000294008,SLX4,TERF2IP,0.948
9606.ENSP00000294008,SLX4,DCLRE1B,0.944
9606.ENSP00000294008,SLX4,FANCM,0.938
9606.ENSP00000294008,SLX4,PLK1,0.938
9606.ENSP00000294008,SLX4,FANCA,0.935
9606.ENSP00000294008,SLX4,GEN1,0.908
9606.ENSP00000294008,SLX4,BRIP1,0.907
9606.ENSP00000294008,SLX4,BRCA1,0.905
9606.ENSP00000294008,SLX4,FANCB,0.901
9606.ENSP00000294008,SLX4,FANCG,0.9
9606.ENSP00000294008,SLX4,FANCL,0.9
9606.ENSP00000294189,RPL29,RPS12,0.999
9606.ENSP00000294189,RPL29,RPS16,0.999
9606.ENSP00000294189,RPL29,RPL19,0.999
9606.ENSP00000294189,RPL29,RPL5,0.999
9606.ENSP00000294189,RPL29,RPL34,0.999
9606.ENSP00000294189,RPL29,RPS18,0.999
9606.ENSP00000294189,RPL29,RPL23,0.999
9606.ENSP00000294189,RPL29,RPS19,0.999
9606.ENSP00000294189,RPL29,RPL15,0.999
9606.ENSP00000294189,RPL29,RACK1,0.999
9606.ENSP00000294189,RPL29,RPL35,0.999
9606.ENSP00000294189,RPL29,RPSA,0.999
9606.ENSP00000294189,RPL29,RPL13,0.999
9606.ENSP00000294189,RPL29,RPL6,0.999
9606.ENSP00000294189,RPL29,RPL36,0.999
9606.ENSP00000294189,RPL29,RPS10,0.999
9606.ENSP00000294189,RPL29,RPL27A,0.999
9606.ENSP00000294189,RPL29,RPL7A,0.999
9606.ENSP00000294189,RPL29,RPS24,0.999
9606.ENSP00000294189,RPL29,RPL11,0.999
9606.ENSP00000294189,RPL29,RPS21,0.999
9606.ENSP00000294189,RPL29,RPL18,0.999
9606.ENSP00000294189,RPL29,RPL9,0.999
9606.ENSP00000294189,RPL29,RPL7,0.999
9606.ENSP00000294189,RPL29,RPS8,0.999
9606.ENSP00000294189,RPL29,RPS2,0.999
9606.ENSP00000294189,RPL29,RPS15,0.999
9606.ENSP00000294189,RPL29,RPL24,0.999
9606.ENSP00000294189,RPL29,RPL37A,0.999
9606.ENSP00000294189,RPL29,RPS6,0.999
9606.ENSP00000294189,RPL29,UBA52,0.999
9606.ENSP00000294189,RPL29,RPL26,0.999
9606.ENSP00000294189,RPL29,RPS25,0.999
9606.ENSP00000294189,RPL29,RPL8,0.999
9606.ENSP00000294189,RPL29,RPS20,0.999
9606.ENSP00000294189,RPL29,RPL23A,0.999
9606.ENSP00000294189,RPL29,RPL4,0.999
9606.ENSP00000294189,RPL29,RPS7,0.999
9606.ENSP00000294189,RPL29,RPLP1,0.999
9606.ENSP00000294189,RPL29,RPS5,0.999
9606.ENSP00000294189,RPL29,RPS28,0.999
9606.ENSP00000294189,RPL29,RPL30,0.999
9606.ENSP00000294189,RPL29,RPS17,0.999
9606.ENSP00000294189,RPL29,RPL21,0.999
9606.ENSP00000294189,RPL29,RPL14,0.999
9606.ENSP00000294189,RPL29,RPS29,0.999
9606.ENSP00000294189,RPL29,RPS26,0.999
9606.ENSP00000294189,RPL29,RPL18A,0.999
9606.ENSP00000294189,RPL29,RPL28,0.999
9606.ENSP00000294189,RPL29,RPS27,0.999
9606.ENSP00000294189,RPL29,RPL3,0.999
9606.ENSP00000294189,RPL29,RPL31,0.999
9606.ENSP00000294189,RPL29,RPL37,0.999
9606.ENSP00000294189,RPL29,RPL35A,0.999
9606.ENSP00000294189,RPL29,RPS11,0.999
9606.ENSP00000294189,RPL29,RPS27A,0.999
9606.ENSP00000294189,RPL29,RPS3A,0.999
9606.ENSP00000294189,RPL29,RPS13,0.999
9606.ENSP00000294189,RPL29,RPS3,0.999
9606.ENSP00000294189,RPL29,FAU,0.999
9606.ENSP00000294189,RPL29,RPL22,0.999
9606.ENSP00000294189,RPL29,RPL27,0.999
9606.ENSP00000294189,RPL29,RPL32,0.999
9606.ENSP00000294189,RPL29,RPLP0,0.999
9606.ENSP00000294189,RPL29,RPS9,0.999
9606.ENSP00000294189,RPL29,RPL38,0.999
9606.ENSP00000294189,RPL29,RPL13A,0.999
9606.ENSP00000294189,RPL29,RPS23,0.999
9606.ENSP00000294189,RPL29,RPL12,0.999
9606.ENSP00000294189,RPL29,RPS14,0.999
9606.ENSP00000294189,RPL29,RPLP2,0.999
9606.ENSP00000294189,RPL29,RPL10,0.998
9606.ENSP00000294189,RPL29,RPL10A,0.998
9606.ENSP00000294189,RPL29,RPL17,0.998
9606.ENSP00000294189,RPL29,RPS4X,0.998
9606.ENSP00000294189,RPL29,RPL39,0.998
9606.ENSP00000294189,RPL29,RPS15A,0.998
9606.ENSP00000294189,RPL29,EEF2,0.997
9606.ENSP00000294189,RPL29,RPL26L1,0.996
9606.ENSP00000294189,RPL29,RPL36A,0.996
9606.ENSP00000294189,RPL29,RPS10-NUDT3,0.995
9606.ENSP00000294189,RPL29,RPL36AL,0.995
9606.ENSP00000294189,RPL29,RPL10L,0.992
9606.ENSP00000294189,RPL29,RPL17-C18orf32,0.991
9606.ENSP00000294189,RPL29,EIF6,0.99
9606.ENSP00000294189,RPL29,PA2G4,0.99
9606.ENSP00000294189,RPL29,RSL24D1,0.99
9606.ENSP00000294189,RPL29,RPS4Y1,0.987
9606.ENSP00000294189,RPL29,SERBP1,0.986
9606.ENSP00000294189,RPL29,H3BNC9_HUMAN,0.985
9606.ENSP00000294189,RPL29,RPL39L,0.984
9606.ENSP00000294189,RPL29,RPS27L,0.981
9606.ENSP00000294189,RPL29,IMP3,0.979
9606.ENSP00000294189,RPL29,CD74,0.979
9606.ENSP00000294189,RPL29,MRPS10,0.979
9606.ENSP00000294189,RPL29,RSAD1,0.978
9606.ENSP00000294189,RPL29,AKNAD1,0.977
9606.ENSP00000294189,RPL29,IFI35,0.976
9606.ENSP00000294189,RPL29,DOCK4,0.974
9606.ENSP00000294189,RPL29,BTF3,0.973
9606.ENSP00000294189,RPL29,RPL22L1,0.972
9606.ENSP00000294189,RPL29,EIF5A,0.971
9606.ENSP00000294189,RPL29,NOP53,0.97
9606.ENSP00000294189,RPL29,FLT3LG,0.969
9606.ENSP00000294189,RPL29,MED1,0.964
9606.ENSP00000294189,RPL29,EIF5B,0.962
9606.ENSP00000294189,RPL29,RPL7L1,0.959
9606.ENSP00000294189,RPL29,RSRC1,0.959
9606.ENSP00000294189,RPL29,FANCE,0.958
9606.ENSP00000294189,RPL29,MRPS14,0.956
9606.ENSP00000294189,RPL29,MRNIP,0.956
9606.ENSP00000294189,RPL29,CXorf66,0.955
9606.ENSP00000294189,RPL29,EEF1A1,0.954
9606.ENSP00000294189,RPL29,RPL36A-HNRNPH2,0.954
9606.ENSP00000294189,RPL29,MRPL24,0.95
9606.ENSP00000294189,RPL29,NMD3,0.949
9606.ENSP00000294189,RPL29,WDR31,0.948
9606.ENSP00000294189,RPL29,MRPS7,0.948
9606.ENSP00000294189,RPL29,MRPS15,0.948
9606.ENSP00000294189,RPL29,MRPS12,0.947
9606.ENSP00000294189,RPL29,MRPS11,0.946
9606.ENSP00000294189,RPL29,CUL7,0.946
9606.ENSP00000294189,RPL29,MRPL4,0.945
9606.ENSP00000294189,RPL29,MRPS5,0.943
9606.ENSP00000294189,RPL29,CCDC105,0.941
9606.ENSP00000294189,RPL29,MRPL13,0.94
9606.ENSP00000294189,RPL29,MRPL2,0.938
9606.ENSP00000294189,RPL29,RPS4Y2,0.933
9606.ENSP00000294189,RPL29,EDF1,0.933
9606.ENSP00000294189,RPL29,ARL6IP1,0.933
9606.ENSP00000294189,RPL29,H3BN98_HUMAN,0.932
9606.ENSP00000294189,RPL29,MRTO4,0.929
9606.ENSP00000294189,RPL29,NACA,0.929
9606.ENSP00000294189,RPL29,SEC61G,0.928
9606.ENSP00000294189,RPL29,SEC61B,0.926
9606.ENSP00000294189,RPL29,ZNF622,0.923
9606.ENSP00000294189,RPL29,MRPL1,0.923
9606.ENSP00000294189,RPL29,RPL3L,0.921
9606.ENSP00000294189,RPL29,ETF1,0.917
9606.ENSP00000294189,RPL29,ZNF593,0.906
9606.ENSP00000294189,RPL29,SRP19,0.906
9606.ENSP00000294189,RPL29,GTPBP4,0.905
9606.ENSP00000294189,RPL29,LSG1,0.902
9606.ENSP00000294189,RPL29,GNL2,0.901
9606.ENSP00000294189,RPL29,NPSR1,0.9
9606.ENSP00000295025,REL,NFKBIA,0.999
9606.ENSP00000295025,REL,NFKBIE,0.999
9606.ENSP00000295025,REL,NFKBIB,0.999
9606.ENSP00000295025,REL,NFKB2,0.999
9606.ENSP00000295025,REL,RELA,0.999
9606.ENSP00000295025,REL,NFKB1,0.999
9606.ENSP00000295025,REL,RELB,0.998
9606.ENSP00000295025,REL,CD40,0.992
9606.ENSP00000295025,REL,CHUK,0.967
9606.ENSP00000295025,REL,TBK1,0.957
9606.ENSP00000295025,REL,IKBKB,0.956
9606.ENSP00000295025,REL,BCL3,0.952
9606.ENSP00000295025,REL,NFKBID,0.952
9606.ENSP00000295025,REL,EP300,0.903
9606.ENSP00000295797,PRKCI,PARD3,0.999
9606.ENSP00000295797,PRKCI,PARD6A,0.999
9606.ENSP00000295797,PRKCI,PARD6B,0.997
9606.ENSP00000295797,PRKCI,LLGL2,0.996
9606.ENSP00000295797,PRKCI,LLGL1,0.993
9606.ENSP00000295797,PRKCI,PARD6G,0.99
9606.ENSP00000295797,PRKCI,PRKCZ,0.989
9606.ENSP00000295797,PRKCI,CDC42,0.968
9606.ENSP00000295797,PRKCI,SQSTM1,0.959
9606.ENSP00000295797,PRKCI,PIK3CA,0.952
9606.ENSP00000295797,PRKCI,PTEN,0.933
9606.ENSP00000295797,PRKCI,RAC2,0.927
9606.ENSP00000295797,PRKCI,RAC3,0.927
9606.ENSP00000295797,PRKCI,AMOT,0.926
9606.ENSP00000295797,PRKCI,PIK3R1,0.919
9606.ENSP00000295797,PRKCI,RAP1B,0.917
9606.ENSP00000295797,PRKCI,RAP1A,0.917
9606.ENSP00000295797,PRKCI,PIK3CB,0.917
9606.ENSP00000295797,PRKCI,PIK3R2,0.916
9606.ENSP00000295797,PRKCI,PPP2CB,0.915
9606.ENSP00000295797,PRKCI,EPB41L4B,0.914
9606.ENSP00000295797,PRKCI,STK11,0.914
9606.ENSP00000295797,PRKCI,PPP2R2A,0.914
9606.ENSP00000295797,PRKCI,PPP2CA,0.913
9606.ENSP00000295797,PRKCI,MAGI1,0.912
9606.ENSP00000295797,PRKCI,PPP2R1A,0.909
9606.ENSP00000295797,PRKCI,PIK3CD,0.908
9606.ENSP00000295797,PRKCI,AMOTL1,0.907
9606.ENSP00000295797,PRKCI,PPP2R2B,0.907
9606.ENSP00000295797,PRKCI,AMOTL2,0.906
9606.ENSP00000295797,PRKCI,PIK3R3,0.906
9606.ENSP00000295797,PRKCI,PPP2R1B,0.905
9606.ENSP00000295797,PRKCI,PPP2R2D,0.902
9606.ENSP00000295797,PRKCI,PPP2R2C,0.902
9606.ENSP00000295927,PTX3,FGF2,0.982
9606.ENSP00000295927,PTX3,FCN1,0.982
9606.ENSP00000295927,PTX3,TNFAIP6,0.975
9606.ENSP00000295927,PTX3,MBL2,0.972
9606.ENSP00000295927,PTX3,FCN2,0.954
9606.ENSP00000295927,PTX3,SELP,0.933
9606.ENSP00000295927,PTX3,CFHR5,0.916
9606.ENSP00000295927,PTX3,C1QB,0.914
9606.ENSP00000295927,PTX3,CFH,0.913
9606.ENSP00000295927,PTX3,FGF13,0.903
9606.ENSP00000296043,SHROOM3,SFN,0.905
9606.ENSP00000296255,RPN1,OST4,0.999
9606.ENSP00000296255,RPN1,SEC61A1,0.999
9606.ENSP00000296255,RPN1,STT3B,0.999
9606.ENSP00000296255,RPN1,MAGT1,0.999
9606.ENSP00000296255,RPN1,DDOST,0.999
9606.ENSP00000296255,RPN1,DAD1,0.999
9606.ENSP00000296255,RPN1,STT3A,0.999
9606.ENSP00000296255,RPN1,RPN2,0.999
9606.ENSP00000296255,RPN1,TMEM258,0.997
9606.ENSP00000296255,RPN1,MLEC,0.997
9606.ENSP00000296255,RPN1,TUSC3,0.996
9606.ENSP00000296255,RPN1,SEC61G,0.996
9606.ENSP00000296255,RPN1,SEC61B,0.99
9606.ENSP00000296255,RPN1,OSTC,0.984
9606.ENSP00000296255,RPN1,SSR1,0.981
9606.ENSP00000296255,RPN1,SEC61A2,0.976
9606.ENSP00000296255,RPN1,SSR3,0.961
9606.ENSP00000296255,RPN1,MOGS,0.961
9606.ENSP00000296255,RPN1,ALG10B,0.954
9606.ENSP00000296255,RPN1,SSR4,0.953
9606.ENSP00000296255,RPN1,KRTCAP2,0.944
9606.ENSP00000296255,RPN1,SSR2,0.944
9606.ENSP00000296255,RPN1,DOLPP1,0.911
9606.ENSP00000296255,RPN1,ALG10,0.9
9606.ENSP00000296682,PRDM9,CXXC1,0.976
9606.ENSP00000296682,PRDM9,SPO11,0.935
9606.ENSP00000296682,PRDM9,H3C13,0.91
9606.ENSP00000296682,PRDM9,H3-3B,0.908
9606.ENSP00000296782,RICTOR,MLST8,0.999
9606.ENSP00000296782,RICTOR,PRR5,0.999
9606.ENSP00000296782,RICTOR,DEPTOR,0.999
9606.ENSP00000296782,RICTOR,TTI1,0.999
9606.ENSP00000296782,RICTOR,MTOR,0.999
9606.ENSP00000296782,RICTOR,PRR5L,0.999
9606.ENSP00000296782,RICTOR,RPTOR,0.999
9606.ENSP00000296782,RICTOR,MAPKAP1,0.999
9606.ENSP00000296782,RICTOR,AKT1S1,0.993
9606.ENSP00000296782,RICTOR,AKT1,0.992
9606.ENSP00000296782,RICTOR,TELO2,0.984
9606.ENSP00000296782,RICTOR,RPS6KB1,0.981
9606.ENSP00000296782,RICTOR,ILK,0.977
9606.ENSP00000296782,RICTOR,SMG1,0.96
9606.ENSP00000296782,RICTOR,HSPA4,0.945
9606.ENSP00000296782,RICTOR,CUL1,0.927
9606.ENSP00000296782,RICTOR,FKBP1A,0.923
9606.ENSP00000296782,RICTOR,SGK1,0.921
9606.ENSP00000296782,RICTOR,PRKDC,0.915
9606.ENSP00000296782,RICTOR,TSC2,0.908
9606.ENSP00000297029,SCIN,HCLS1,0.986
9606.ENSP00000297029,SCIN,CTTN,0.985
9606.ENSP00000297029,SCIN,TLN1,0.94
9606.ENSP00000297029,SCIN,WASL,0.936
9606.ENSP00000297029,SCIN,TLN2,0.935
9606.ENSP00000297029,SCIN,PIP5K1C,0.919
9606.ENSP00000297029,SCIN,PIKFYVE,0.916
9606.ENSP00000297029,SCIN,PIP5K1A,0.914
9606.ENSP00000297029,SCIN,PIP4K2A,0.908
9606.ENSP00000297029,SCIN,PIP5K1B,0.907
9606.ENSP00000297029,SCIN,GSN,0.904
9606.ENSP00000297029,SCIN,PIP4K2C,0.903
9606.ENSP00000297029,SCIN,PIP4K2B,0.902
9606.ENSP00000297261,SHH,GAS1,0.999
9606.ENSP00000297261,SHH,HHIP,0.999
9606.ENSP00000297261,SHH,PTCH1,0.999
9606.ENSP00000297261,SHH,CDON,0.999
9606.ENSP00000297261,SHH,SMO,0.999
9606.ENSP00000297261,SHH,PTCH2,0.999
9606.ENSP00000297261,SHH,DISP1,0.996
9606.ENSP00000297261,SHH,BOC,0.996
9606.ENSP00000297261,SHH,LRP2,0.992
9606.ENSP00000297261,SHH,GLI1,0.979
9606.ENSP00000297261,SHH,GLI2,0.975
9606.ENSP00000297261,SHH,GLI3,0.966
9606.ENSP00000297261,SHH,GPC3,0.959
9606.ENSP00000297261,SHH,FOXA2,0.956
9606.ENSP00000297261,SHH,FGF8,0.954
9606.ENSP00000297261,SHH,IHH,0.951
9606.ENSP00000297261,SHH,DHH,0.938
9606.ENSP00000297261,SHH,SUFU,0.937
9606.ENSP00000297261,SHH,NOG,0.936
9606.ENSP00000297261,SHH,FGF4,0.928
9606.ENSP00000297261,SHH,FGF10,0.924
9606.ENSP00000297261,SHH,BMP4,0.922
9606.ENSP00000297261,SHH,DISP2,0.916
9606.ENSP00000297261,SHH,FOXF1,0.915
9606.ENSP00000297261,SHH,SIX3,0.904
9606.ENSP00000297338,RAD21,STAG1,0.999
9606.ENSP00000297338,RAD21,STAG3,0.999
9606.ENSP00000297338,RAD21,WAPL,0.999
9606.ENSP00000297338,RAD21,CTCF,0.999
9606.ENSP00000297338,RAD21,SMC1B,0.999
9606.ENSP00000297338,RAD21,SMC1A,0.999
9606.ENSP00000297338,RAD21,SMC3,0.999
9606.ENSP00000297338,RAD21,NIPBL,0.999
9606.ENSP00000297338,RAD21,STAG2,0.999
9606.ENSP00000297338,RAD21,PDS5A,0.999
9606.ENSP00000297338,RAD21,PDS5B,0.998
9606.ENSP00000297338,RAD21,ESPL1,0.997
9606.ENSP00000297338,RAD21,SGO2,0.988
9606.ENSP00000297338,RAD21,CDCA5,0.988
9606.ENSP00000297338,RAD21,SGO1,0.973
9606.ENSP00000297338,RAD21,REC8,0.965
9606.ENSP00000297338,RAD21,ESCO2,0.963
9606.ENSP00000297338,RAD21,SMC4,0.962
9606.ENSP00000297338,RAD21,ESCO1,0.959
9606.ENSP00000297338,RAD21,SMC5,0.952
9606.ENSP00000297338,RAD21,SMC6,0.93
9606.ENSP00000297338,RAD21,SMARCA5,0.906
9606.ENSP00000297338,RAD21,YY1,0.902
9606.ENSP00000297338,RAD21,MAU2,0.902
9606.ENSP00000299440,RAG1,RAG2,0.999
9606.ENSP00000300175,SCG5,PCSK2,0.983
9606.ENSP00000300175,SCG5,SCG3,0.925
9606.ENSP00000300305,RUNX1,RUNX1T1,0.999
9606.ENSP00000300305,RUNX1,ETS1,0.999
9606.ENSP00000300305,RUNX1,FOXP3,0.999
9606.ENSP00000300305,RUNX1,CBFB,0.999
9606.ENSP00000300305,RUNX1,HDAC1,0.998
9606.ENSP00000300305,RUNX1,TAL1,0.996
9606.ENSP00000300305,RUNX1,GATA2,0.996
9606.ENSP00000300305,RUNX1,CEBPA,0.994
9606.ENSP00000300305,RUNX1,SPI1,0.993
9606.ENSP00000300305,RUNX1,EP300,0.989
9606.ENSP00000300305,RUNX1,GATA3,0.989
9606.ENSP00000300305,RUNX1,GATA1,0.989
9606.ENSP00000300305,RUNX1,LMO2,0.988
9606.ENSP00000300305,RUNX1,MECOM,0.988
9606.ENSP00000300305,RUNX1,HDAC2,0.984
9606.ENSP00000300305,RUNX1,CSF1R,0.983
9606.ENSP00000300305,RUNX1,ETV6,0.983
9606.ENSP00000300305,RUNX1,RUNX3,0.98
9606.ENSP00000300305,RUNX1,CREBBP,0.977
9606.ENSP00000300305,RUNX1,CBFA2T3,0.976
9606.ENSP00000300305,RUNX1,TCF3,0.975
9606.ENSP00000300305,RUNX1,PML,0.974
9606.ENSP00000300305,RUNX1,TBX21,0.974
9606.ENSP00000300305,RUNX1,CTBP1,0.973
9606.ENSP00000300305,RUNX1,IL3,0.973
9606.ENSP00000300305,RUNX1,CEBPB,0.972
9606.ENSP00000300305,RUNX1,LEF1,0.963
9606.ENSP00000300305,RUNX1,PTPN11,0.96
9606.ENSP00000300305,RUNX1,PRMT1,0.96
9606.ENSP00000300305,RUNX1,KAT6A,0.959
9606.ENSP00000300305,RUNX1,SIN3A,0.952
9606.ENSP00000300305,RUNX1,MPO,0.947
9606.ENSP00000300305,RUNX1,HIF1A,0.945
9606.ENSP00000300305,RUNX1,LDB1,0.944
9606.ENSP00000300305,RUNX1,SRC,0.943
9606.ENSP00000300305,RUNX1,CTBP2,0.942
9606.ENSP00000300305,RUNX1,CSF2,0.941
9606.ENSP00000300305,RUNX1,IKZF1,0.941
9606.ENSP00000300305,RUNX1,MYB,0.936
9606.ENSP00000300305,RUNX1,YAP1,0.936
9606.ENSP00000300305,RUNX1,CDK6,0.929
9606.ENSP00000300305,RUNX1,MYH11,0.922
9606.ENSP00000300305,RUNX1,FLI1,0.921
9606.ENSP00000300305,RUNX1,PAX5,0.92
9606.ENSP00000300305,RUNX1,TCF12,0.911
9606.ENSP00000300305,RUNX1,FOXO3,0.908
9606.ENSP00000300305,RUNX1,CBFA2T2,0.907
9606.ENSP00000300305,RUNX1,RARA,0.905
9606.ENSP00000301761,SDHAF2,SDHA,0.999
9606.ENSP00000301761,SDHAF2,SDHC,0.999
9606.ENSP00000301761,SDHAF2,SDHD,0.998
9606.ENSP00000301761,SDHAF2,SDHB,0.998
9606.ENSP00000301761,SDHAF2,SDHAF1,0.928
9606.ENSP00000301891,SLC22A11,SLC2A9,0.977
9606.ENSP00000301891,SLC22A11,SLC17A1,0.931
9606.ENSP00000303192,RGL1,KRAS,0.997
9606.ENSP00000303192,RGL1,RALA,0.989
9606.ENSP00000303192,RGL1,HRAS,0.98
9606.ENSP00000303192,RGL1,RALB,0.96
9606.ENSP00000303192,RGL1,NRAS,0.956
9606.ENSP00000303192,RGL1,RRAS2,0.937
9606.ENSP00000303192,RGL1,MRAS,0.935
9606.ENSP00000303192,RGL1,RRAS,0.931
9606.ENSP00000304502,SIX2,EYA1,0.972
9606.ENSP00000304502,SIX2,EYA2,0.94
9606.ENSP00000305416,S1PR1,CD69,0.995
9606.ENSP00000305416,S1PR1,GNAI1,0.993
9606.ENSP00000305416,S1PR1,GNAI3,0.963
9606.ENSP00000305416,S1PR1,S1PR4,0.948
9606.ENSP00000305416,S1PR1,GNAI2,0.922
9606.ENSP00000305416,S1PR1,GNB1,0.92
9606.ENSP00000305416,S1PR1,SPHK1,0.918
9606.ENSP00000305529,SIRPG,CD47,0.999
9606.ENSP00000305529,SIRPG,SIRPA,0.977
9606.ENSP00000305529,SIRPG,TYROBP,0.954
9606.ENSP00000305529,SIRPG,SYK,0.913
9606.ENSP00000305529,SIRPG,TREM2,0.903
9606.ENSP00000305790,SF3B3,SF3B6,0.999
9606.ENSP00000305790,SF3B3,EFTUD2,0.999
9606.ENSP00000305790,SF3B3,SF3B1,0.999
9606.ENSP00000305790,SF3B3,SF3A3,0.999
9606.ENSP00000305790,SF3B3,RBMX2,0.999
9606.ENSP00000305790,SF3B3,SF3B4,0.999
9606.ENSP00000305790,SF3B3,DHX16,0.999
9606.ENSP00000305790,SF3B3,MFAP1,0.999
9606.ENSP00000305790,SF3B3,SF3B5,0.999
9606.ENSP00000305790,SF3B3,SNRPG,0.999
9606.ENSP00000305790,SF3B3,SF3A2,0.999
9606.ENSP00000305790,SF3B3,PRPF8,0.999
9606.ENSP00000305790,SF3B3,SF3A1,0.999
9606.ENSP00000305790,SF3B3,SNRPA1,0.999
9606.ENSP00000305790,SF3B3,SNRPE,0.999
9606.ENSP00000305790,SF3B3,PRPF6,0.999
9606.ENSP00000305790,SF3B3,SART1,0.999
9606.ENSP00000305790,SF3B3,SNRPB2,0.999
9606.ENSP00000305790,SF3B3,SNRNP200,0.999
9606.ENSP00000305790,SF3B3,SNRPF,0.999
9606.ENSP00000305790,SF3B3,SF3B2,0.999
9606.ENSP00000305790,SF3B3,PHF5A,0.999
9606.ENSP00000305790,SF3B3,SNRPD1,0.998
9606.ENSP00000305790,SF3B3,PRPF19,0.998
9606.ENSP00000305790,SF3B3,SNRPD2,0.998
9606.ENSP00000305790,SF3B3,U2AF2,0.998
9606.ENSP00000305790,SF3B3,SNRPD3,0.998
9606.ENSP00000305790,SF3B3,CDC5L,0.997
9606.ENSP00000305790,SF3B3,PRPF31,0.997
9606.ENSP00000305790,SF3B3,SNIP1,0.997
9606.ENSP00000305790,SF3B3,DDX46,0.997
9606.ENSP00000305790,SF3B3,RNF113A,0.996
9606.ENSP00000305790,SF3B3,DDX42,0.995
9606.ENSP00000305790,SF3B3,PRPF3,0.995
9606.ENSP00000305790,SF3B3,SNRPB,0.995
9606.ENSP00000305790,SF3B3,PRPF4,0.995
9606.ENSP00000305790,SF3B3,BUD13,0.995
9606.ENSP00000305790,SF3B3,SNU13,0.994
9606.ENSP00000305790,SF3B3,CWC22,0.994
9606.ENSP00000305790,SF3B3,LSM4,0.994
9606.ENSP00000305790,SF3B3,CRNKL1,0.994
9606.ENSP00000305790,SF3B3,SMU1,0.994
9606.ENSP00000305790,SF3B3,SRRM2,0.994
9606.ENSP00000305790,SF3B3,LSM2,0.993
9606.ENSP00000305790,SF3B3,CWC27,0.993
9606.ENSP00000305790,SF3B3,LSM5,0.993
9606.ENSP00000305790,SF3B3,ZMAT2,0.993
9606.ENSP00000305790,SF3B3,LSM6,0.992
9606.ENSP00000305790,SF3B3,LSM3,0.992
9606.ENSP00000305790,SF3B3,LSM8,0.991
9606.ENSP00000305790,SF3B3,LSM7,0.991
9606.ENSP00000305790,SF3B3,TXNL4A,0.99
9606.ENSP00000305790,SF3B3,SNW1,0.99
9606.ENSP00000305790,SF3B3,IK,0.989
9606.ENSP00000305790,SF3B3,NCBP2,0.988
9606.ENSP00000305790,SF3B3,SUPT3H,0.987
9606.ENSP00000305790,SF3B3,SNRPN,0.986
9606.ENSP00000305790,SF3B3,PRPF38A,0.986
9606.ENSP00000305790,SF3B3,SUPT20H,0.985
9606.ENSP00000305790,SF3B3,SNRPA,0.985
9606.ENSP00000305790,SF3B3,WBP4,0.985
9606.ENSP00000305790,SF3B3,CDC40,0.981
9606.ENSP00000305790,SF3B3,TAF10,0.98
9606.ENSP00000305790,SF3B3,RBM25,0.979
9606.ENSP00000305790,SF3B3,DHX15,0.978
9606.ENSP00000305790,SF3B3,XAB2,0.977
9606.ENSP00000305790,SF3B3,TCERG1,0.977
9606.ENSP00000305790,SF3B3,TAF6L,0.976
9606.ENSP00000305790,SF3B3,TAF9,0.976
9606.ENSP00000305790,SF3B3,PLRG1,0.973
9606.ENSP00000305790,SF3B3,PUF60,0.971
9606.ENSP00000305790,SF3B3,HNRNPK,0.971
9606.ENSP00000305790,SF3B3,SUPT7L,0.966
9606.ENSP00000305790,SF3B3,RNPC3,0.964
9606.ENSP00000305790,SF3B3,SNRPC,0.959
9606.ENSP00000305790,SF3B3,NCBP1,0.958
9606.ENSP00000305790,SF3B3,ZRSR2,0.957
9606.ENSP00000305790,SF3B3,HTATSF1,0.956
9606.ENSP00000305790,SF3B3,SNRNP70,0.952
9606.ENSP00000305790,SF3B3,TAF5L,0.949
9606.ENSP00000305790,SF3B3,TAF12,0.947
9606.ENSP00000305790,SF3B3,SGF29,0.947
9606.ENSP00000305790,SF3B3,CLEC4E,0.947
9606.ENSP00000305790,SF3B3,TRRAP,0.947
9606.ENSP00000305790,SF3B3,ATXN7,0.943
9606.ENSP00000305790,SF3B3,KAT2A,0.942
9606.ENSP00000305790,SF3B3,SRSF1,0.941
9606.ENSP00000305790,SF3B3,LUC7L,0.939
9606.ENSP00000305790,SF3B3,BUD31,0.937
9606.ENSP00000305790,SF3B3,YBX1,0.933
9606.ENSP00000305790,SF3B3,RBM22,0.93
9606.ENSP00000305790,SF3B3,PPIL1,0.93
9606.ENSP00000305790,SF3B3,KAT2B,0.929
9606.ENSP00000305790,SF3B3,FXR2,0.925
9606.ENSP00000305790,SF3B3,TADA1,0.924
9606.ENSP00000305790,SF3B3,DDX23,0.923
9606.ENSP00000305790,SF3B3,ARMC7,0.922
9606.ENSP00000305790,SF3B3,MAGOHB,0.921
9606.ENSP00000305790,SF3B3,SCNM1,0.92
9606.ENSP00000305790,SF3B3,GPKOW,0.912
9606.ENSP00000305790,SF3B3,KIN,0.91
9606.ENSP00000305790,SF3B3,CWC15,0.904
9606.ENSP00000305790,SF3B3,BCAS2,0.904
9606.ENSP00000305790,SF3B3,AQR,0.901
9606.ENSP00000305790,SF3B3,CRIPT,0.9
9606.ENSP00000306627,SLC9C1,SLC9A1,0.925
9606.ENSP00000307272,RPTOR,LAMTOR4,0.999
9606.ENSP00000307272,RPTOR,AKT1S1,0.999
9606.ENSP00000307272,RPTOR,RRAGA,0.999
9606.ENSP00000307272,RPTOR,RRAGB,0.999
9606.ENSP00000307272,RPTOR,RHEB,0.999
9606.ENSP00000307272,RPTOR,RPS6KB1,0.999
9606.ENSP00000307272,RPTOR,MTOR,0.999
9606.ENSP00000307272,RPTOR,FKBP1A,0.999
9606.ENSP00000307272,RPTOR,RRAGC,0.999
9606.ENSP00000307272,RPTOR,DEPTOR,0.999
9606.ENSP00000307272,RPTOR,LAMTOR1,0.999
9606.ENSP00000307272,RPTOR,RICTOR,0.999
9606.ENSP00000307272,RPTOR,TTI1,0.999
9606.ENSP00000307272,RPTOR,RRAGD,0.999
9606.ENSP00000307272,RPTOR,LAMTOR3,0.999
9606.ENSP00000307272,RPTOR,MLST8,0.999
9606.ENSP00000307272,RPTOR,EIF4EBP1,0.999
9606.ENSP00000307272,RPTOR,LAMTOR5,0.999
9606.ENSP00000307272,RPTOR,MAPKAP1,0.996
9606.ENSP00000307272,RPTOR,LAMP1,0.996
9606.ENSP00000307272,RPTOR,AKT1,0.996
9606.ENSP00000307272,RPTOR,UBAP2L,0.996
9606.ENSP00000307272,RPTOR,ULK1,0.996
9606.ENSP00000307272,RPTOR,FKBP8,0.995
9606.ENSP00000307272,RPTOR,RPS6KB2,0.993
9606.ENSP00000307272,RPTOR,TELO2,0.991
9606.ENSP00000307272,RPTOR,LAMTOR2,0.988
9606.ENSP00000307272,RPTOR,PRR5,0.985
9606.ENSP00000307272,RPTOR,EIF4EBP2,0.98
9606.ENSP00000307272,RPTOR,RB1CC1,0.979
9606.ENSP00000307272,RPTOR,AKT2,0.976
9606.ENSP00000307272,RPTOR,EFNA5,0.975
9606.ENSP00000307272,RPTOR,ATG101,0.973
9606.ENSP00000307272,RPTOR,PRKAA2,0.973
9606.ENSP00000307272,RPTOR,TSC2,0.966
9606.ENSP00000307272,RPTOR,ULK2,0.966
9606.ENSP00000307272,RPTOR,PRKAA1,0.965
9606.ENSP00000307272,RPTOR,AKT3,0.959
9606.ENSP00000307272,RPTOR,TFEB,0.959
9606.ENSP00000307272,RPTOR,SMG1,0.956
9606.ENSP00000307272,RPTOR,ATG13,0.953
9606.ENSP00000307272,RPTOR,EIF4E,0.949
9606.ENSP00000307272,RPTOR,PRKAB1,0.947
9606.ENSP00000307272,RPTOR,IGBP1,0.942
9606.ENSP00000307272,RPTOR,PRR5L,0.94
9606.ENSP00000307272,RPTOR,PRKAG1,0.939
9606.ENSP00000307272,RPTOR,SQSTM1,0.939
9606.ENSP00000307272,RPTOR,PPARG,0.937
9606.ENSP00000307272,RPTOR,PRKAB2,0.933
9606.ENSP00000307272,RPTOR,PRKAG3,0.932
9606.ENSP00000307272,RPTOR,PRKAG2,0.931
9606.ENSP00000307272,RPTOR,TSC1,0.915
9606.ENSP00000307272,RPTOR,RPS6,0.9
9606.ENSP00000308413,RPS6KB2,RPS6,0.996
9606.ENSP00000308413,RPS6KB2,MTOR,0.995
9606.ENSP00000308413,RPS6KB2,RPTOR,0.993
9606.ENSP00000308413,RPS6KB2,IRS1,0.986
9606.ENSP00000308413,RPS6KB2,MLST8,0.975
9606.ENSP00000308413,RPS6KB2,AKT1S1,0.972
9606.ENSP00000308413,RPS6KB2,PPP2CA,0.963
9606.ENSP00000308413,RPS6KB2,EIF4B,0.962
9606.ENSP00000308413,RPS6KB2,PDPK1,0.959
9606.ENSP00000308413,RPS6KB2,DEPTOR,0.956
9606.ENSP00000308413,RPS6KB2,AKT1,0.949
9606.ENSP00000308413,RPS6KB2,JUN,0.946
9606.ENSP00000308413,RPS6KB2,AKT3,0.939
9606.ENSP00000308413,RPS6KB2,ESR1,0.935
9606.ENSP00000308413,RPS6KB2,FOS,0.933
9606.ENSP00000308413,RPS6KB2,PRKACB,0.931
9606.ENSP00000308413,RPS6KB2,MAPK3,0.93
9606.ENSP00000308413,RPS6KB2,PRKACA,0.93
9606.ENSP00000308413,RPS6KB2,PRKACG,0.93
9606.ENSP00000308413,RPS6KB2,BRAF,0.927
9606.ENSP00000308413,RPS6KB2,AKT2,0.923
9606.ENSP00000308413,RPS6KB2,PPP2R1A,0.922
9606.ENSP00000308413,RPS6KB2,MAPK1,0.921
9606.ENSP00000308413,RPS6KB2,PPP2CB,0.919
9606.ENSP00000308413,RPS6KB2,SP1,0.914
9606.ENSP00000308413,RPS6KB2,FOXA2,0.914
9606.ENSP00000308413,RPS6KB2,RPS6KB1,0.913
9606.ENSP00000308413,RPS6KB2,NCOA3,0.913
9606.ENSP00000308413,RPS6KB2,CARM1,0.912
9606.ENSP00000308413,RPS6KB2,ESR2,0.91
9606.ENSP00000308413,RPS6KB2,PPP2R1B,0.91
9606.ENSP00000308413,RPS6KB2,TSC2,0.908
9606.ENSP00000308413,RPS6KB2,EIF4E,0.905
9606.ENSP00000308413,RPS6KB2,RHEB,0.904
9606.ENSP00000308413,RPS6KB2,MED1,0.903
9606.ENSP00000308720,PRSS1,SPINK1,0.999
9606.ENSP00000308720,PRSS1,TMPRSS15,0.92
9606.ENSP00000308720,PRSS1,PRSS3,0.918
9606.ENSP00000309591,PRKACA,PRKAR2A,0.999
9606.ENSP00000309591,PRKACA,PRKAR2B,0.999
9606.ENSP00000309591,PRKACA,PRKAR1B,0.999
9606.ENSP00000309591,PRKACA,AKAP1,0.999
9606.ENSP00000309591,PRKACA,PRKAR1A,0.999
9606.ENSP00000309591,PRKACA,EZR,0.998
9606.ENSP00000309591,PRKACA,AKAP5,0.998
9606.ENSP00000309591,PRKACA,PKIA,0.998
9606.ENSP00000309591,PRKACA,CREB1,0.996
9606.ENSP00000309591,PRKACA,RYR2,0.994
9606.ENSP00000309591,PRKACA,AKAP9,0.993
9606.ENSP00000309591,PRKACA,RELA,0.992
9606.ENSP00000309591,PRKACA,AKAP12,0.991
9606.ENSP00000309591,PRKACA,AKAP4,0.991
9606.ENSP00000309591,PRKACA,GSK3B,0.99
9606.ENSP00000309591,PRKACA,CALML4,0.989
9606.ENSP00000309591,PRKACA,LIPE,0.989
9606.ENSP00000309591,PRKACA,CALM3,0.989
9606.ENSP00000309591,PRKACA,CALML5,0.989
9606.ENSP00000309591,PRKACA,CALML3,0.989
9606.ENSP00000309591,PRKACA,CALML6,0.988
9606.ENSP00000309591,PRKACA,PRKACB,0.987
9606.ENSP00000309591,PRKACA,RAPGEF3,0.986
9606.ENSP00000309591,PRKACA,RAPGEF4,0.983
9606.ENSP00000309591,PRKACA,ADCY5,0.983
9606.ENSP00000309591,PRKACA,CFTR,0.982
9606.ENSP00000309591,PRKACA,FOXO1,0.974
9606.ENSP00000309591,PRKACA,ITPR1,0.974
9606.ENSP00000309591,PRKACA,ITPR3,0.972
9606.ENSP00000309591,PRKACA,AKAP14,0.972
9606.ENSP00000309591,PRKACA,CACNA1C,0.971
9606.ENSP00000309591,PRKACA,BAD,0.971
9606.ENSP00000309591,PRKACA,ADCY8,0.971
9606.ENSP00000309591,PRKACA,KCNQ1,0.97
9606.ENSP00000309591,PRKACA,GRIA1,0.97
9606.ENSP00000309591,PRKACA,SLC9A3R1,0.969
9606.ENSP00000309591,PRKACA,ADCY3,0.968
9606.ENSP00000309591,PRKACA,PDE4D,0.968
9606.ENSP00000309591,PRKACA,RHOA,0.967
9606.ENSP00000309591,PRKACA,GLI1,0.966
9606.ENSP00000309591,PRKACA,SUFU,0.966
9606.ENSP00000309591,PRKACA,GLI2,0.966
9606.ENSP00000309591,PRKACA,PDE4A,0.966
9606.ENSP00000309591,PRKACA,SMO,0.965
9606.ENSP00000309591,PRKACA,NFKBIA,0.965
9606.ENSP00000309591,PRKACA,AKAP7,0.965
9606.ENSP00000309591,PRKACA,PRKACG,0.965
9606.ENSP00000309591,PRKACA,PPP1R1B,0.964
9606.ENSP00000309591,PRKACA,PLN,0.964
9606.ENSP00000309591,PRKACA,GLI3,0.963
9606.ENSP00000309591,PRKACA,JUN,0.963
9606.ENSP00000309591,PRKACA,TRPV1,0.963
9606.ENSP00000309591,PRKACA,PLIN1,0.961
9606.ENSP00000309591,PRKACA,AQP2,0.96
9606.ENSP00000309591,PRKACA,KCNK2,0.96
9606.ENSP00000309591,PRKACA,FOS,0.959
9606.ENSP00000309591,PRKACA,MAPK3,0.959
9606.ENSP00000309591,PRKACA,CTNNB1,0.957
9606.ENSP00000309591,PRKACA,ESR1,0.956
9606.ENSP00000309591,PRKACA,VASP,0.955
9606.ENSP00000309591,PRKACA,AKAP6,0.953
9606.ENSP00000309591,PRKACA,TNNI3,0.952
9606.ENSP00000309591,PRKACA,KCNE1,0.952
9606.ENSP00000309591,PRKACA,GRIN2B,0.951
9606.ENSP00000309591,PRKACA,ADCY9,0.95
9606.ENSP00000309591,PRKACA,ADCY1,0.948
9606.ENSP00000309591,PRKACA,PPARA,0.946
9606.ENSP00000309591,PRKACA,PFKFB1,0.946
9606.ENSP00000309591,PRKACA,GRIA4,0.946
9606.ENSP00000309591,PRKACA,NFKB1,0.944
9606.ENSP00000309591,PRKACA,KCNMA1,0.944
9606.ENSP00000309591,PRKACA,GPR161,0.944
9606.ENSP00000309591,PRKACA,RAB13,0.944
9606.ENSP00000309591,PRKACA,ESR2,0.943
9606.ENSP00000309591,PRKACA,FXYD1,0.943
9606.ENSP00000309591,PRKACA,RAP1B,0.943
9606.ENSP00000309591,PRKACA,GRIN2A,0.942
9606.ENSP00000309591,PRKACA,SLC9A1,0.94
9606.ENSP00000309591,PRKACA,RAP1A,0.939
9606.ENSP00000309591,PRKACA,AR,0.939
9606.ENSP00000309591,PRKACA,SLC12A2,0.939
9606.ENSP00000309591,PRKACA,AKAP11,0.939
9606.ENSP00000309591,PRKACA,GABARAPL2,0.938
9606.ENSP00000309591,PRKACA,FOXO3,0.938
9606.ENSP00000309591,PRKACA,RUNX2,0.937
9606.ENSP00000309591,PRKACA,SCN5A,0.937
9606.ENSP00000309591,PRKACA,ITPR2,0.937
9606.ENSP00000309591,PRKACA,PGR,0.937
9606.ENSP00000309591,PRKACA,GRIA2,0.937
9606.ENSP00000309591,PRKACA,GABARAPL1,0.937
9606.ENSP00000309591,PRKACA,SP1,0.937
9606.ENSP00000309591,PRKACA,PSEN1,0.936
9606.ENSP00000309591,PRKACA,CACNA1D,0.935
9606.ENSP00000309591,PRKACA,ABCC8,0.935
9606.ENSP00000309591,PRKACA,SIK2,0.935
9606.ENSP00000309591,PRKACA,NR5A1,0.934
9606.ENSP00000309591,PRKACA,GABARAP,0.934
9606.ENSP00000309591,PRKACA,RPS6KB1,0.934
9606.ENSP00000309591,PRKACA,AKAP10,0.934
9606.ENSP00000309591,PRKACA,SLC8A1,0.934
9606.ENSP00000309591,PRKACA,WASF1,0.933
9606.ENSP00000309591,PRKACA,GYS1,0.933
9606.ENSP00000309591,PRKACA,NR4A1,0.932
9606.ENSP00000309591,PRKACA,KCNJ5,0.932
9606.ENSP00000309591,PRKACA,ATP2B3,0.932
9606.ENSP00000309591,PRKACA,ARHGDIA,0.931
9606.ENSP00000309591,PRKACA,SOX9,0.93
9606.ENSP00000309591,PRKACA,RPS6KB2,0.93
9606.ENSP00000309591,PRKACA,KCNU1,0.929
9606.ENSP00000309591,PRKACA,PALM2AKAP2,0.929
9606.ENSP00000309591,PRKACA,MAP2K1,0.929
9606.ENSP00000309591,PRKACA,ATP2B4,0.929
9606.ENSP00000309591,PRKACA,MAPK1,0.929
9606.ENSP00000309591,PRKACA,PDE3A,0.928
9606.ENSP00000309591,PRKACA,RASGRF1,0.928
9606.ENSP00000309591,PRKACA,NFATC1,0.927
9606.ENSP00000309591,PRKACA,ADCY10,0.927
9606.ENSP00000309591,PRKACA,PKM,0.927
9606.ENSP00000309591,PRKACA,ATF4,0.926
9606.ENSP00000309591,PRKACA,GYS2,0.925
9606.ENSP00000309591,PRKACA,CSNK1E,0.925
9606.ENSP00000309591,PRKACA,TRPV5,0.924
9606.ENSP00000309591,PRKACA,ATP2B2,0.924
9606.ENSP00000309591,PRKACA,CSNK1D,0.924
9606.ENSP00000309591,PRKACA,BAX,0.924
9606.ENSP00000309591,PRKACA,KCNJ3,0.924
9606.ENSP00000309591,PRKACA,AKT1S1,0.924
9606.ENSP00000309591,PRKACA,RAF1,0.923
9606.ENSP00000309591,PRKACA,PRKAA1,0.923
9606.ENSP00000309591,PRKACA,CAV1,0.922
9606.ENSP00000309591,PRKACA,GRIA3,0.922
9606.ENSP00000309591,PRKACA,BRAF,0.922
9606.ENSP00000309591,PRKACA,IGF1R,0.921
9606.ENSP00000309591,PRKACA,PRKAA2,0.921
9606.ENSP00000309591,PRKACA,ORAI1,0.921
9606.ENSP00000309591,PRKACA,ATP2B1,0.921
9606.ENSP00000309591,PRKACA,PDX1,0.921
9606.ENSP00000309591,PRKACA,KDM3A,0.92
9606.ENSP00000309591,PRKACA,RASGRF2,0.92
9606.ENSP00000309591,PRKACA,SCN1A,0.919
9606.ENSP00000309591,PRKACA,PPP1R1A,0.919
9606.ENSP00000309591,PRKACA,NCOA3,0.919
9606.ENSP00000309591,PRKACA,CACNA1S,0.919
9606.ENSP00000309591,PRKACA,KCNMB1,0.919
9606.ENSP00000309591,PRKACA,CARM1,0.918
9606.ENSP00000309591,PRKACA,KCNJ6,0.916
9606.ENSP00000309591,PRKACA,SLC8A2,0.916
9606.ENSP00000309591,PRKACA,ULK1,0.915
9606.ENSP00000309591,PRKACA,MAPT,0.915
9606.ENSP00000309591,PRKACA,CACNA1F,0.915
9606.ENSP00000309591,PRKACA,MAP2K2,0.915
9606.ENSP00000309591,PRKACA,ARAF,0.915
9606.ENSP00000309591,PRKACA,MYLK3,0.915
9606.ENSP00000309591,PRKACA,CDC25C,0.914
9606.ENSP00000309591,PRKACA,MYLK4,0.914
9606.ENSP00000309591,PRKACA,ITGB1,0.914
9606.ENSP00000309591,PRKACA,ARHGDIG,0.914
9606.ENSP00000309591,PRKACA,ARHGDIB,0.914
9606.ENSP00000309591,PRKACA,MED1,0.913
9606.ENSP00000309591,PRKACA,PAX8,0.913
9606.ENSP00000309591,PRKACA,SLC8A3,0.912
9606.ENSP00000309591,PRKACA,PTK2,0.911
9606.ENSP00000309591,PRKACA,MYLK2,0.91
9606.ENSP00000309591,PRKACA,KCNMB4,0.909
9606.ENSP00000309591,PRKACA,KCNJ9,0.909
9606.ENSP00000309591,PRKACA,MAP3K5,0.909
9606.ENSP00000309591,PRKACA,SCN4B,0.909
9606.ENSP00000309591,PRKACA,AKAP13,0.908
9606.ENSP00000309591,PRKACA,SCN1B,0.908
9606.ENSP00000309591,PRKACA,ITGA2,0.908
9606.ENSP00000309591,PRKACA,CSNK1G2,0.908
9606.ENSP00000309591,PRKACA,MYLK,0.908
9606.ENSP00000309591,PRKACA,KDM3B,0.907
9606.ENSP00000309591,PRKACA,CSNK1G3,0.907
9606.ENSP00000309591,PRKACA,CSNK1A1L,0.907
9606.ENSP00000309591,PRKACA,ULK2,0.906
9606.ENSP00000309591,PRKACA,PBX1,0.906
9606.ENSP00000309591,PRKACA,SCN7A,0.902
9606.ENSP00000309591,PRKACA,KCNMB3,0.902
9606.ENSP00000309591,PRKACA,NACA-2,0.9
9606.ENSP00000309591,PRKACA,TTF1,0.9
9606.ENSP00000309591,PRKACA,TTF2,0.9
9606.ENSP00000309591,PRKACA,KCNMB2,0.9
9606.ENSP00000309591,PRKACA,KCNE1B,0.9
9606.ENSP00000310356,RMI2,RMI1,0.999
9606.ENSP00000310356,RMI2,FANCM,0.999
9606.ENSP00000310356,RMI2,TOP3A,0.999
9606.ENSP00000310356,RMI2,BLM,0.996
9606.ENSP00000310356,RMI2,FANCA,0.996
9606.ENSP00000310356,RMI2,FAAP100,0.996
9606.ENSP00000310356,RMI2,CENPS,0.995
9606.ENSP00000311816,REST,RCOR1,0.999
9606.ENSP00000311816,REST,KDM1A,0.995
9606.ENSP00000311816,REST,HDAC1,0.994
9606.ENSP00000311816,REST,HTT,0.991
9606.ENSP00000311816,REST,CTDSP1,0.987
9606.ENSP00000311816,REST,SIN3A,0.973
9606.ENSP00000311816,REST,SIN3B,0.971
9606.ENSP00000311816,REST,HDAC2,0.964
9606.ENSP00000311816,REST,EHMT2,0.926
9606.ENSP00000311857,PTPN2,STAT3,0.99
9606.ENSP00000311857,PTPN2,STAT1,0.978
9606.ENSP00000311857,PTPN2,JAK3,0.971
9606.ENSP00000311857,PTPN2,STAT4,0.965
9606.ENSP00000311857,PTPN2,JAK1,0.961
9606.ENSP00000311857,PTPN2,JAK2,0.957
9606.ENSP00000311857,PTPN2,TYK2,0.953
9606.ENSP00000311857,PTPN2,STAT6,0.953
9606.ENSP00000311857,PTPN2,STAT5A,0.948
9606.ENSP00000311857,PTPN2,STAT5B,0.948
9606.ENSP00000311857,PTPN2,STAT2,0.937
9606.ENSP00000313420,PRKDC,XRCC5,0.999
9606.ENSP00000313420,PRKDC,XRCC6,0.999
9606.ENSP00000313420,PRKDC,DCLRE1C,0.999
9606.ENSP00000313420,PRKDC,NHEJ1,0.999
9606.ENSP00000313420,PRKDC,XRCC4,0.999
9606.ENSP00000313420,PRKDC,LIG4,0.999
9606.ENSP00000313420,PRKDC,TP53,0.997
9606.ENSP00000313420,PRKDC,PAXX,0.996
9606.ENSP00000313420,PRKDC,PARP1,0.993
9606.ENSP00000313420,PRKDC,H2AX,0.983
9606.ENSP00000313420,PRKDC,WRN,0.978
9606.ENSP00000313420,PRKDC,ATRIP,0.973
9606.ENSP00000313420,PRKDC,ATM,0.971
9606.ENSP00000313420,PRKDC,RPA2,0.97
9606.ENSP00000313420,PRKDC,MSH6,0.967
9606.ENSP00000313420,PRKDC,RNF144A,0.963
9606.ENSP00000313420,PRKDC,XRCC1,0.963
9606.ENSP00000313420,PRKDC,ERCC1,0.958
9606.ENSP00000313420,PRKDC,MSH2,0.957
9606.ENSP00000313420,PRKDC,BRCA1,0.955
9606.ENSP00000313420,PRKDC,HOXB7,0.954
9606.ENSP00000313420,PRKDC,MDC1,0.952
9606.ENSP00000313420,PRKDC,POLD1,0.947
9606.ENSP00000313420,PRKDC,ERCC5,0.94
9606.ENSP00000313420,PRKDC,CHEK2,0.937
9606.ENSP00000313420,PRKDC,RAD23B,0.936
9606.ENSP00000313420,PRKDC,EGFR,0.936
9606.ENSP00000313420,PRKDC,ERCC4,0.935
9606.ENSP00000313420,PRKDC,CHEK1,0.928
9606.ENSP00000313420,PRKDC,ERCC8,0.928
9606.ENSP00000313420,PRKDC,MAPKAP1,0.924
9606.ENSP00000313420,PRKDC,CETN2,0.923
9606.ENSP00000313420,PRKDC,XPC,0.923
9606.ENSP00000313420,PRKDC,KDM1A,0.919
9606.ENSP00000313420,PRKDC,KAT5,0.918
9606.ENSP00000313420,PRKDC,NBN,0.918
9606.ENSP00000313420,PRKDC,RICTOR,0.915
9606.ENSP00000313420,PRKDC,FANCD2,0.913
9606.ENSP00000313420,PRKDC,ATP23,0.91
9606.ENSP00000313420,PRKDC,RCOR1,0.91
9606.ENSP00000313420,PRKDC,PHF21A,0.908
9606.ENSP00000313420,PRKDC,TELO2,0.902
9606.ENSP00000313420,PRKDC,SWSAP1,0.9
9606.ENSP00000313420,PRKDC,ZSWIM7,0.9
9606.ENSP00000315182,SHQ1,DKC1,0.999
9606.ENSP00000315182,SHQ1,GAR1,0.995
9606.ENSP00000315182,SHQ1,NOP10,0.994
9606.ENSP00000315182,SHQ1,NHP2,0.983
9606.ENSP00000315379,PRPF3,DHX8,0.999
9606.ENSP00000315379,PRPF3,SART1,0.999
9606.ENSP00000315379,PRPF3,PRPF6,0.999
9606.ENSP00000315379,PRPF3,SNRPD3,0.999
9606.ENSP00000315379,PRPF3,SF3B2,0.999
9606.ENSP00000315379,PRPF3,PPIH,0.999
9606.ENSP00000315379,PRPF3,PRPF31,0.999
9606.ENSP00000315379,PRPF3,PRPF4,0.999
9606.ENSP00000315379,PRPF3,LSM3,0.999
9606.ENSP00000315379,PRPF3,SNRNP200,0.999
9606.ENSP00000315379,PRPF3,SNRPD2,0.999
9606.ENSP00000315379,PRPF3,SNRPD1,0.999
9606.ENSP00000315379,PRPF3,EFTUD2,0.999
9606.ENSP00000315379,PRPF3,DDX23,0.999
9606.ENSP00000315379,PRPF3,SNU13,0.999
9606.ENSP00000315379,PRPF3,LSM2,0.999
9606.ENSP00000315379,PRPF3,LSM8,0.999
9606.ENSP00000315379,PRPF3,LSM4,0.999
9606.ENSP00000315379,PRPF3,PRPF8,0.999
9606.ENSP00000315379,PRPF3,LSM6,0.999
9606.ENSP00000315379,PRPF3,SNRPG,0.999
9606.ENSP00000315379,PRPF3,SNRPE,0.998
9606.ENSP00000315379,PRPF3,SNRPF,0.998
9606.ENSP00000315379,PRPF3,SF3B1,0.998
9606.ENSP00000315379,PRPF3,ZMAT2,0.998
9606.ENSP00000315379,PRPF3,SNRPA1,0.998
9606.ENSP00000315379,PRPF3,SF3A2,0.998
9606.ENSP00000315379,PRPF3,LSM7,0.998
9606.ENSP00000315379,PRPF3,SNRPB,0.997
9606.ENSP00000315379,PRPF3,SLU7,0.997
9606.ENSP00000315379,PRPF3,SF3A3,0.997
9606.ENSP00000315379,PRPF3,TXNL4A,0.997
9606.ENSP00000315379,PRPF3,SF3A1,0.997
9606.ENSP00000315379,PRPF3,LSM5,0.997
9606.ENSP00000315379,PRPF3,SF3B4,0.996
9606.ENSP00000315379,PRPF3,SF3B3,0.995
9606.ENSP00000315379,PRPF3,USP39,0.995
9606.ENSP00000315379,PRPF3,MFAP1,0.995
9606.ENSP00000315379,PRPF3,PHF5A,0.992
9606.ENSP00000315379,PRPF3,PRPF38A,0.992
9606.ENSP00000315379,PRPF3,SNRPB2,0.991
9606.ENSP00000315379,PRPF3,SF3B5,0.991
9606.ENSP00000315379,PRPF3,WBP4,0.988
9606.ENSP00000315379,PRPF3,SNRNP40,0.988
9606.ENSP00000315379,PRPF3,IK,0.985
9606.ENSP00000315379,PRPF3,SMU1,0.984
9606.ENSP00000315379,PRPF3,SNRPN,0.98
9606.ENSP00000315379,PRPF3,SNIP1,0.974
9606.ENSP00000315379,PRPF3,RBMX2,0.974
9606.ENSP00000315379,PRPF3,DHX16,0.973
9606.ENSP00000315379,PRPF3,BUD13,0.969
9606.ENSP00000315379,PRPF3,SART3,0.968
9606.ENSP00000315379,PRPF3,SNRPA,0.966
9606.ENSP00000315379,PRPF3,RBM42,0.958
9606.ENSP00000315379,PRPF3,SNRNP70,0.953
9606.ENSP00000315379,PRPF3,SRRM2,0.949
9606.ENSP00000315379,PRPF3,CWC27,0.948
9606.ENSP00000315379,PRPF3,SNRNP27,0.941
9606.ENSP00000315379,PRPF3,CWC22,0.932
9606.ENSP00000315379,PRPF3,RNF113A,0.927
9606.ENSP00000315379,PRPF3,SNRPC,0.924
9606.ENSP00000315379,PRPF3,U2AF2,0.916
9606.ENSP00000315379,PRPF3,MAGOHB,0.902
9606.ENSP00000315379,PRPF3,MEPCE,0.901
9606.ENSP00000315379,PRPF3,TXNL4B,0.901
9606.ENSP00000315379,PRPF3,PRPF4B,0.9
9606.ENSP00000316589,RANBP10,RANBP9,0.997
9606.ENSP00000316589,RANBP10,WDR26,0.995
9606.ENSP00000316589,RANBP10,ARMC8,0.993
9606.ENSP00000316589,RANBP10,GID8,0.99
9606.ENSP00000316589,RANBP10,GID4,0.99
9606.ENSP00000316589,RANBP10,RMND5A,0.977
9606.ENSP00000316589,RANBP10,MKLN1,0.949
9606.ENSP00000316589,RANBP10,YPEL5,0.949
9606.ENSP00000316589,RANBP10,MAEA,0.92
9606.ENSP00000316675,PVRIG,NECTIN2,0.993
9606.ENSP00000317872,RBBP6,CPSF3,0.994
9606.ENSP00000317872,RBBP6,CPSF1,0.993
9606.ENSP00000317872,RBBP6,WDR33,0.991
9606.ENSP00000317872,RBBP6,CPSF2,0.99
9606.ENSP00000317872,RBBP6,SYMPK,0.989
9606.ENSP00000317872,RBBP6,TP53,0.982
9606.ENSP00000317872,RBBP6,WDR82,0.981
9606.ENSP00000317872,RBBP6,FIP1L1,0.978
9606.ENSP00000317872,RBBP6,UBE3D,0.969
9606.ENSP00000317872,RBBP6,CPSF4,0.956
9606.ENSP00000317872,RBBP6,PAPOLG,0.938
9606.ENSP00000317872,RBBP6,CSTF2,0.929
9606.ENSP00000317872,RBBP6,PAPOLA,0.927
9606.ENSP00000317872,RBBP6,PAPOLB,0.923
9606.ENSP00000317872,RBBP6,PCF11,0.917
9606.ENSP00000317872,RBBP6,MDM2,0.903
9606.ENSP00000318861,SF3B2,SNRPA1,0.999
9606.ENSP00000318861,SF3B2,SF3A1,0.999
9606.ENSP00000318861,SF3B2,PRPF8,0.999
9606.ENSP00000318861,SF3B2,SF3A2,0.999
9606.ENSP00000318861,SF3B2,SNRPG,0.999
9606.ENSP00000318861,SF3B2,SF3B5,0.999
9606.ENSP00000318861,SF3B2,RNF113A,0.999
9606.ENSP00000318861,SF3B2,PRPF3,0.999
9606.ENSP00000318861,SF3B2,SF3B4,0.999
9606.ENSP00000318861,SF3B2,DHX16,0.999
9606.ENSP00000318861,SF3B2,SNRPD2,0.999
9606.ENSP00000318861,SF3B2,SNRPD1,0.999
9606.ENSP00000318861,SF3B2,RBMX2,0.999
9606.ENSP00000318861,SF3B2,SF3A3,0.999
9606.ENSP00000318861,SF3B2,SF3B1,0.999
9606.ENSP00000318861,SF3B2,EFTUD2,0.999
9606.ENSP00000318861,SF3B2,SF3B6,0.999
9606.ENSP00000318861,SF3B2,PHF5A,0.999
9606.ENSP00000318861,SF3B2,SNRNP200,0.999
9606.ENSP00000318861,SF3B2,SNRPF,0.999
9606.ENSP00000318861,SF3B2,SF3B3,0.999
9606.ENSP00000318861,SF3B2,SNRPB2,0.999
9606.ENSP00000318861,SF3B2,SART1,0.999
9606.ENSP00000318861,SF3B2,PRPF6,0.999
9606.ENSP00000318861,SF3B2,SNRPE,0.999
9606.ENSP00000318861,SF3B2,XAB2,0.999
9606.ENSP00000318861,SF3B2,U2AF2,0.998
9606.ENSP00000318861,SF3B2,BUD13,0.998
9606.ENSP00000318861,SF3B2,SNRPD3,0.998
9606.ENSP00000318861,SF3B2,SLU7,0.997
9606.ENSP00000318861,SF3B2,DDX46,0.997
9606.ENSP00000318861,SF3B2,CDC5L,0.997
9606.ENSP00000318861,SF3B2,SNRPB,0.997
9606.ENSP00000318861,SF3B2,CWC22,0.995
9606.ENSP00000318861,SF3B2,SNIP1,0.995
9606.ENSP00000318861,SF3B2,LSM3,0.995
9606.ENSP00000318861,SF3B2,ZNF830,0.994
9606.ENSP00000318861,SF3B2,LSM2,0.994
9606.ENSP00000318861,SF3B2,SRRM2,0.994
9606.ENSP00000318861,SF3B2,BUD31,0.994
9606.ENSP00000318861,SF3B2,PRPF19,0.993
9606.ENSP00000318861,SF3B2,CWC27,0.993
9606.ENSP00000318861,SF3B2,PRPF4,0.993
9606.ENSP00000318861,SF3B2,PRPF31,0.992
9606.ENSP00000318861,SF3B2,LSM4,0.991
9606.ENSP00000318861,SF3B2,ZMAT2,0.991
9606.ENSP00000318861,SF3B2,LSM7,0.991
9606.ENSP00000318861,SF3B2,SNU13,0.991
9606.ENSP00000318861,SF3B2,TXNL4A,0.99
9606.ENSP00000318861,SF3B2,RBM7,0.99
9606.ENSP00000318861,SF3B2,LSM5,0.989
9606.ENSP00000318861,SF3B2,LSM6,0.989
9606.ENSP00000318861,SF3B2,LSM8,0.989
9606.ENSP00000318861,SF3B2,NCBP2,0.988
9606.ENSP00000318861,SF3B2,SNRPA,0.988
9606.ENSP00000318861,SF3B2,SNRPN,0.988
9606.ENSP00000318861,SF3B2,CRNKL1,0.986
9606.ENSP00000318861,SF3B2,MFAP1,0.985
9606.ENSP00000318861,SF3B2,WBP4,0.985
9606.ENSP00000318861,SF3B2,PRPF38A,0.985
9606.ENSP00000318861,SF3B2,RNPC3,0.981
9606.ENSP00000318861,SF3B2,SNRNP70,0.981
9606.ENSP00000318861,SF3B2,DDX42,0.979
9606.ENSP00000318861,SF3B2,SMU1,0.979
9606.ENSP00000318861,SF3B2,PLRG1,0.978
9606.ENSP00000318861,SF3B2,HTATSF1,0.977
9606.ENSP00000318861,SF3B2,ZRSR2,0.969
9606.ENSP00000318861,SF3B2,CDC40,0.968
9606.ENSP00000318861,SF3B2,SNRPC,0.968
9606.ENSP00000318861,SF3B2,DHX15,0.964
9606.ENSP00000318861,SF3B2,SNW1,0.958
9606.ENSP00000318861,SF3B2,SNRNP35,0.945
9606.ENSP00000318861,SF3B2,YBX1,0.939
9606.ENSP00000318861,SF3B2,PPIE,0.935
9606.ENSP00000318861,SF3B2,RBM22,0.931
9606.ENSP00000318861,SF3B2,CWC15,0.93
9606.ENSP00000318861,SF3B2,TCERG1,0.93
9606.ENSP00000318861,SF3B2,ZCRB1,0.928
9606.ENSP00000318861,SF3B2,SRSF1,0.926
9606.ENSP00000318861,SF3B2,IK,0.924
9606.ENSP00000318861,SF3B2,DDX23,0.923
9606.ENSP00000318861,SF3B2,ARMC7,0.923
9606.ENSP00000318861,SF3B2,NCBP1,0.922
9606.ENSP00000318861,SF3B2,SRRM1,0.917
9606.ENSP00000318861,SF3B2,RBM17,0.915
9606.ENSP00000318861,SF3B2,MAGOHB,0.909
9606.ENSP00000318861,SF3B2,SCNM1,0.902
9606.ENSP00000318861,SF3B2,CRIPT,0.9
9606.ENSP00000319169,PRMT5,CLNS1A,0.999
9606.ENSP00000319169,PRMT5,WDR77,0.999
9606.ENSP00000319169,PRMT5,H4C6,0.997
9606.ENSP00000319169,PRMT5,SNRPD3,0.996
9606.ENSP00000319169,PRMT5,RIOK1,0.996
9606.ENSP00000319169,PRMT5,PRMT1,0.993
9606.ENSP00000319169,PRMT5,SNRPD1,0.991
9606.ENSP00000319169,PRMT5,COPRS,0.989
9606.ENSP00000319169,PRMT5,SNRPB,0.989
9606.ENSP00000319169,PRMT5,PRMT7,0.979
9606.ENSP00000319169,PRMT5,SNRPE,0.977
9606.ENSP00000319169,PRMT5,SMARCA4,0.977
9606.ENSP00000319169,PRMT5,SNRPD2,0.966
9606.ENSP00000319169,PRMT5,ERH,0.936
9606.ENSP00000319169,PRMT5,CDK4,0.933
9606.ENSP00000319169,PRMT5,SNRPF,0.931
9606.ENSP00000319169,PRMT5,DNMT3A,0.924
9606.ENSP00000319169,PRMT5,TP53,0.924
9606.ENSP00000319169,PRMT5,H4C1,0.92
9606.ENSP00000319169,PRMT5,H4C3,0.92
9606.ENSP00000319169,PRMT5,H4C12,0.919
9606.ENSP00000319169,PRMT5,H4C13,0.919
9606.ENSP00000319169,PRMT5,SNRPG,0.919
9606.ENSP00000319169,PRMT5,H4C14,0.919
9606.ENSP00000319169,PRMT5,H4C15,0.919
9606.ENSP00000319169,PRMT5,H4C9,0.919
9606.ENSP00000319169,PRMT5,H4C2,0.919
9606.ENSP00000319169,PRMT5,H4C5,0.919
9606.ENSP00000319169,PRMT5,H4C8,0.919
9606.ENSP00000319169,PRMT5,H4C11,0.919
9606.ENSP00000319169,PRMT5,H4C4,0.918
9606.ENSP00000319169,PRMT5,H4-16,0.918
9606.ENSP00000319169,PRMT5,JAK2,0.91
9606.ENSP00000319169,PRMT5,PRMT3,0.908
9606.ENSP00000319169,PRMT5,WDR5,0.907
9606.ENSP00000319169,PRMT5,CCND1,0.903
9606.ENSP00000320508,RNF185,RNF5,0.972
9606.ENSP00000320508,RNF185,ERLIN1,0.915
9606.ENSP00000320898,RNF168,UBE2N,0.999
9606.ENSP00000320898,RNF168,TP53BP1,0.997
9606.ENSP00000320898,RNF168,MDC1,0.997
9606.ENSP00000320898,RNF168,RNF8,0.997
9606.ENSP00000320898,RNF168,UBC,0.991
9606.ENSP00000320898,RNF168,VPS29,0.985
9606.ENSP00000320898,RNF168,H2AC20,0.983
9606.ENSP00000320898,RNF168,BRCA1,0.982
9606.ENSP00000320898,RNF168,H2AX,0.978
9606.ENSP00000320898,RNF168,RPS27A,0.975
9606.ENSP00000320898,RNF168,UBB,0.964
9606.ENSP00000320898,RNF168,H1-0,0.963
9606.ENSP00000320898,RNF168,H2AC18,0.961
9606.ENSP00000320898,RNF168,PIAS4,0.957
9606.ENSP00000320898,RNF168,UBA52,0.951
9606.ENSP00000320898,RNF168,UIMC1,0.944
9606.ENSP00000320898,RNF168,SUMO2,0.925
9606.ENSP00000320898,RNF168,PALB2,0.918
9606.ENSP00000320898,RNF168,H2BC21,0.914
9606.ENSP00000320898,RNF168,ATM,0.906
9606.ENSP00000322396,RRS1,RPF2,0.999
9606.ENSP00000322396,RRS1,NIFK,0.999
9606.ENSP00000322396,RRS1,EBNA1BP2,0.996
9606.ENSP00000322396,RRS1,MRTO4,0.992
9606.ENSP00000322396,RRS1,RPL11,0.992
9606.ENSP00000322396,RRS1,RSL1D1,0.992
9606.ENSP00000322396,RRS1,GTPBP4,0.99
9606.ENSP00000322396,RRS1,GNL2,0.99
9606.ENSP00000322396,RRS1,RPL5,0.988
9606.ENSP00000322396,RRS1,NIP7,0.987
9606.ENSP00000322396,RRS1,PES1,0.981
9606.ENSP00000322396,RRS1,NSA2,0.979
9606.ENSP00000322396,RRS1,NOC2L,0.977
9606.ENSP00000322396,RRS1,BRIX1,0.977
9606.ENSP00000322396,RRS1,FTSJ3,0.976
9606.ENSP00000322396,RRS1,RSL24D1,0.976
9606.ENSP00000322396,RRS1,WDR12,0.974
9606.ENSP00000322396,RRS1,RRP1B,0.973
9606.ENSP00000322396,RRS1,BOP1,0.962
9606.ENSP00000322396,RRS1,PUM3,0.962
9606.ENSP00000322396,RRS1,KRR1,0.961
9606.ENSP00000322396,RRS1,RPF1,0.958
9606.ENSP00000322396,RRS1,MAK16,0.957
9606.ENSP00000322396,RRS1,RRP15,0.955
9606.ENSP00000322396,RRS1,GNL3,0.95
9606.ENSP00000322396,RRS1,SURF6,0.949
9606.ENSP00000322396,RRS1,RRP1,0.949
9606.ENSP00000322396,RRS1,BYSL,0.945
9606.ENSP00000322396,RRS1,NOP2,0.944
9606.ENSP00000322396,RRS1,BMS1,0.939
9606.ENSP00000322396,RRS1,TSR1,0.934
9606.ENSP00000322396,RRS1,NOP53,0.932
9606.ENSP00000322396,RRS1,PPAN,0.931
9606.ENSP00000322396,RRS1,NLE1,0.928
9606.ENSP00000322396,RRS1,DIMT1,0.928
9606.ENSP00000322396,RRS1,GRWD1,0.926
9606.ENSP00000322396,RRS1,ZNF593,0.921
9606.ENSP00000322396,RRS1,LYAR,0.919
9606.ENSP00000322396,RRS1,NHP2,0.916
9606.ENSP00000322396,RRS1,GNL3L,0.915
9606.ENSP00000322396,RRS1,RBM28,0.915
9606.ENSP00000322396,RRS1,DDX56,0.914
9606.ENSP00000322396,RRS1,WDR74,0.908
9606.ENSP00000322396,RRS1,NOC3L,0.901
9606.ENSP00000323421,SMC1A,STAG3,0.999
9606.ENSP00000323421,SMC1A,STAG1,0.999
9606.ENSP00000323421,SMC1A,STAG2,0.999
9606.ENSP00000323421,SMC1A,NIPBL,0.999
9606.ENSP00000323421,SMC1A,RAD21,0.999
9606.ENSP00000323421,SMC1A,SMC3,0.999
9606.ENSP00000323421,SMC1A,PDS5A,0.998
9606.ENSP00000323421,SMC1A,PDS5B,0.997
9606.ENSP00000323421,SMC1A,RAD21L1,0.996
9606.ENSP00000323421,SMC1A,REC8,0.996
9606.ENSP00000323421,SMC1A,WAPL,0.993
9606.ENSP00000323421,SMC1A,ESPL1,0.975
9606.ENSP00000323421,SMC1A,CDCA5,0.973
9606.ENSP00000323421,SMC1A,CTCF,0.963
9606.ENSP00000323421,SMC1A,SMC1B,0.948
9606.ENSP00000323421,SMC1A,BRCA1,0.93
9606.ENSP00000323421,SMC1A,SGO2,0.924
9606.ENSP00000323421,SMC1A,PLK1,0.924
9606.ENSP00000323421,SMC1A,ESCO2,0.92
9606.ENSP00000323421,SMC1A,MDC1,0.92
9606.ENSP00000323421,SMC1A,HDAC8,0.913
9606.ENSP00000323867,PRKAG1,PRKAB2,0.999
9606.ENSP00000323867,PRKAG1,PRKAB1,0.999
9606.ENSP00000323867,PRKAG1,PRKAA1,0.999
9606.ENSP00000323867,PRKAG1,PRKAA2,0.999
9606.ENSP00000323867,PRKAG1,PRKAG2,0.979
9606.ENSP00000323867,PRKAG1,CAMKK2,0.975
9606.ENSP00000323867,PRKAG1,STK11,0.974
9606.ENSP00000323867,PRKAG1,MTOR,0.964
9606.ENSP00000323867,PRKAG1,PRKAG3,0.957
9606.ENSP00000323867,PRKAG1,ACACA,0.953
9606.ENSP00000323867,PRKAG1,RPTOR,0.939
9606.ENSP00000323867,PRKAG1,TSC2,0.936
9606.ENSP00000323867,PRKAG1,TBC1D1,0.932
9606.ENSP00000323867,PRKAG1,HMGCR,0.932
9606.ENSP00000323867,PRKAG1,GYS1,0.931
9606.ENSP00000323867,PRKAG1,PPARGC1A,0.927
9606.ENSP00000323867,PRKAG1,TSC1,0.927
9606.ENSP00000323867,PRKAG1,ACACB,0.925
9606.ENSP00000323867,PRKAG1,CRTC2,0.923
9606.ENSP00000323867,PRKAG1,GYS2,0.923
9606.ENSP00000323867,PRKAG1,CFTR,0.922
9606.ENSP00000323867,PRKAG1,FOXO3,0.921
9606.ENSP00000323867,PRKAG1,LIPE,0.919
9606.ENSP00000323867,PRKAG1,MAP3K7,0.918
9606.ENSP00000323867,PRKAG1,CRY1,0.913
9606.ENSP00000323867,PRKAG1,EEF2K,0.912
9606.ENSP00000323867,PRKAG1,MLYCD,0.91
9606.ENSP00000323867,PRKAG1,FOXO1,0.906
9606.ENSP00000323867,PRKAG1,CRY2,0.905
9606.ENSP00000323867,PRKAG1,ELAVL1,0.904
9606.ENSP00000323967,SMARCE1,SMARCC2,0.999
9606.ENSP00000323967,SMARCE1,SMARCA2,0.999
9606.ENSP00000323967,SMARCE1,ARID2,0.999
9606.ENSP00000323967,SMARCE1,BRD7,0.999
9606.ENSP00000323967,SMARCE1,SMARCB1,0.999
9606.ENSP00000323967,SMARCE1,PHF10,0.999
9606.ENSP00000323967,SMARCE1,PBRM1,0.999
9606.ENSP00000323967,SMARCE1,SMARCD1,0.999
9606.ENSP00000323967,SMARCE1,ACTL6A,0.999
9606.ENSP00000323967,SMARCE1,ARID1A,0.999
9606.ENSP00000323967,SMARCE1,SMARCA4,0.999
9606.ENSP00000323967,SMARCE1,SMARCD3,0.999
9606.ENSP00000323967,SMARCE1,SMARCD2,0.999
9606.ENSP00000323967,SMARCE1,ARID1B,0.999
9606.ENSP00000323967,SMARCE1,SMARCC1,0.999
9606.ENSP00000323967,SMARCE1,DPF2,0.999
9606.ENSP00000323967,SMARCE1,SS18,0.999
9606.ENSP00000323967,SMARCE1,ACTB,0.996
9606.ENSP00000323967,SMARCE1,DPF1,0.993
9606.ENSP00000323967,SMARCE1,BCL7C,0.993
9606.ENSP00000323967,SMARCE1,BCL7A,0.993
9606.ENSP00000323967,SMARCE1,DPF3,0.992
9606.ENSP00000323967,SMARCE1,BCL7B,0.989
9606.ENSP00000323967,SMARCE1,BRD9,0.985
9606.ENSP00000323967,SMARCE1,ACTL6B,0.982
9606.ENSP00000323967,SMARCE1,BICRA,0.977
9606.ENSP00000323967,SMARCE1,BCL11A,0.957
9606.ENSP00000323967,SMARCE1,BICRAL,0.955
9606.ENSP00000323967,SMARCE1,H3C12,0.947
9606.ENSP00000323967,SMARCE1,SS18L1,0.946
9606.ENSP00000323967,SMARCE1,BANF1,0.941
9606.ENSP00000323967,SMARCE1,H4C6,0.94
9606.ENSP00000323967,SMARCE1,BCL11B,0.922
9606.ENSP00000323967,SMARCE1,ACTG1,0.915
9606.ENSP00000323967,SMARCE1,PPARG,0.906
9606.ENSP00000324729,SAV1,STK3,0.999
9606.ENSP00000324729,SAV1,LATS1,0.999
9606.ENSP00000324729,SAV1,STK4,0.999
9606.ENSP00000324729,SAV1,LATS2,0.998
9606.ENSP00000324729,SAV1,GFER,0.99
9606.ENSP00000324729,SAV1,WTIP,0.983
9606.ENSP00000324729,SAV1,RASSF1,0.967
9606.ENSP00000324729,SAV1,MOB1A,0.967
9606.ENSP00000324729,SAV1,LIMD1,0.964
9606.ENSP00000324729,SAV1,AJUBA,0.958
9606.ENSP00000324729,SAV1,MOB1B,0.939
9606.ENSP00000324729,SAV1,NF2,0.938
9606.ENSP00000324729,SAV1,YAP1,0.932
9606.ENSP00000324729,SAV1,AMOT,0.906
9606.ENSP00000324857,SEMA6D,PLXNA1,0.999
9606.ENSP00000324857,SEMA6D,PLXNA4,0.938
9606.ENSP00000325594,RUFY1,RAB4A,0.989
9606.ENSP00000325677,RNF40,RNF20,0.999
9606.ENSP00000325677,RNF40,UBE2A,0.998
9606.ENSP00000325677,RNF40,UBE2B,0.997
9606.ENSP00000325677,RNF40,WAC,0.964
9606.ENSP00000325677,RNF40,UBE2N,0.948
9606.ENSP00000325677,RNF40,H2BC21,0.943
9606.ENSP00000325677,RNF40,CDC73,0.94
9606.ENSP00000325677,RNF40,PAF1,0.932
9606.ENSP00000325677,RNF40,UBE2V1,0.908
9606.ENSP00000325827,SEC16A,SEC23B,0.999
9606.ENSP00000325827,SEC16A,SEC24C,0.999
9606.ENSP00000325827,SEC16A,SEC13,0.999
9606.ENSP00000325827,SEC16A,SEC24B,0.999
9606.ENSP00000325827,SEC16A,SEC24A,0.999
9606.ENSP00000325827,SEC16A,SEC24D,0.998
9606.ENSP00000325827,SEC16A,SEC23A,0.988
9606.ENSP00000325827,SEC16A,SEC31A,0.98
9606.ENSP00000325827,SEC16A,PREB,0.96
9606.ENSP00000325827,SEC16A,TFG,0.943
9606.ENSP00000325827,SEC16A,LMAN1,0.937
9606.ENSP00000325827,SEC16A,SAR1A,0.933
9606.ENSP00000325827,SEC16A,SEC16B,0.921
9606.ENSP00000326018,PRX,DRP2,0.997
9606.ENSP00000326018,PRX,PPL,0.973
9606.ENSP00000326018,PRX,EGR2,0.963
9606.ENSP00000326018,PRX,EZR,0.959
9606.ENSP00000326018,PRX,AHNAK,0.941
9606.ENSP00000326018,PRX,SOX10,0.908
9606.ENSP00000326247,SAMD9L,IFI44,0.914
9606.ENSP00000326247,SAMD9L,IFIT3,0.913
9606.ENSP00000327436,SETD3,ACTB,0.916
9606.ENSP00000327436,SETD3,ACTG1,0.915
9606.ENSP00000327436,SETD3,ACTA1,0.911
9606.ENSP00000327436,SETD3,ACTG2,0.907
9606.ENSP00000327436,SETD3,ACTA2,0.904
9606.ENSP00000327436,SETD3,ACTC1,0.904
9606.ENSP00000328059,RLIM,UBE2E2,0.976
9606.ENSP00000328059,RLIM,UBE2D2,0.97
9606.ENSP00000328059,RLIM,UBC,0.937
9606.ENSP00000328059,RLIM,AXIN2,0.935
9606.ENSP00000328059,RLIM,UBA52,0.932
9606.ENSP00000328059,RLIM,LDB1,0.917
9606.ENSP00000328059,RLIM,UBE2D1,0.916
9606.ENSP00000328059,RLIM,RPS27A,0.91
9606.ENSP00000328059,RLIM,UBB,0.91
9606.ENSP00000328708,RXFP3,RLN3,0.999
9606.ENSP00000328708,RXFP3,RXFP1,0.989
9606.ENSP00000328708,RXFP3,RXFP2,0.983
9606.ENSP00000328708,RXFP3,RLN1,0.956
9606.ENSP00000328708,RXFP3,INSL5,0.951
9606.ENSP00000328708,RXFP3,RLN2,0.95
9606.ENSP00000328708,RXFP3,ARRB2,0.925
9606.ENSP00000328708,RXFP3,ARRB1,0.924
9606.ENSP00000328708,RXFP3,GNAI1,0.918
9606.ENSP00000328708,RXFP3,INSL3,0.914
9606.ENSP00000328708,RXFP3,RXFP4,0.91
9606.ENSP00000328708,RXFP3,GNAI3,0.909
9606.ENSP00000328708,RXFP3,GNAI2,0.909
9606.ENSP00000328848,RBM10,U2AF2,0.997
9606.ENSP00000328848,RBM10,DHX15,0.996
9606.ENSP00000328848,RBM10,GPKOW,0.996
9606.ENSP00000328848,RBM10,SUGP1,0.996
9606.ENSP00000328848,RBM10,DHX38,0.995
9606.ENSP00000328968,SCN5A,CALM3,0.999
9606.ENSP00000328968,SCN5A,SCN1B,0.998
9606.ENSP00000328968,SCN5A,SCN4B,0.994
9606.ENSP00000328968,SCN5A,ANK3,0.993
9606.ENSP00000328968,SCN5A,FGF13,0.992
9606.ENSP00000328968,SCN5A,FGF12,0.988
9606.ENSP00000328968,SCN5A,CALM1,0.986
9606.ENSP00000328968,SCN5A,KCNH2,0.978
9606.ENSP00000328968,SCN5A,KCNE1,0.977
9606.ENSP00000328968,SCN5A,KCNE2,0.977
9606.ENSP00000328968,SCN5A,PKP2,0.976
9606.ENSP00000328968,SCN5A,CALML3,0.974
9606.ENSP00000328968,SCN5A,CALML5,0.974
9606.ENSP00000328968,SCN5A,GPD1L,0.974
9606.ENSP00000328968,SCN5A,SCN2B,0.974
9606.ENSP00000328968,SCN5A,KCNQ1,0.973
9606.ENSP00000328968,SCN5A,SCN3B,0.968
9606.ENSP00000328968,SCN5A,CALML6,0.967
9606.ENSP00000328968,SCN5A,CALML4,0.967
9606.ENSP00000328968,SCN5A,CALM2,0.966
9606.ENSP00000328968,SCN5A,SNTA1,0.963
9606.ENSP00000328968,SCN5A,HCN4,0.953
9606.ENSP00000328968,SCN5A,TRPM4,0.949
9606.ENSP00000328968,SCN5A,PRKACG,0.937
9606.ENSP00000328968,SCN5A,PRKACA,0.937
9606.ENSP00000328968,SCN5A,FGF17,0.936
9606.ENSP00000328968,SCN5A,PRKACB,0.936
9606.ENSP00000328968,SCN5A,CAV3,0.927
9606.ENSP00000328968,SCN5A,CAMK2B,0.92
9606.ENSP00000328968,SCN5A,CAMK2A,0.919
9606.ENSP00000328968,SCN5A,SCN7A,0.916
9606.ENSP00000328968,SCN5A,DPP6,0.909
9606.ENSP00000328968,SCN5A,CACNB2,0.905
9606.ENSP00000328968,SCN5A,DLG1,0.905
9606.ENSP00000332164,SLIT3,ROBO2,0.999
9606.ENSP00000332164,SLIT3,ROBO4,0.999
9606.ENSP00000332164,SLIT3,ROBO1,0.999
9606.ENSP00000332164,SLIT3,ROBO3,0.986
9606.ENSP00000332164,SLIT3,SRGAP1,0.922
9606.ENSP00000332164,SLIT3,NTN1,0.9
9606.ENSP00000332353,PTCH1,DHH,0.999
9606.ENSP00000332353,PTCH1,IHH,0.999
9606.ENSP00000332353,PTCH1,SHH,0.999
9606.ENSP00000332353,PTCH1,SMO,0.999
9606.ENSP00000332353,PTCH1,GAS1,0.998
9606.ENSP00000332353,PTCH1,CDON,0.998
9606.ENSP00000332353,PTCH1,BOC,0.993
9606.ENSP00000332353,PTCH1,GLI3,0.989
9606.ENSP00000332353,PTCH1,SUFU,0.979
9606.ENSP00000332353,PTCH1,GLI1,0.978
9606.ENSP00000332353,PTCH1,GLI2,0.972
9606.ENSP00000332353,PTCH1,HHIP,0.969
9606.ENSP00000332353,PTCH1,CCNB1,0.964
9606.ENSP00000332353,PTCH1,SMURF2,0.951
9606.ENSP00000332353,PTCH1,SMURF1,0.95
9606.ENSP00000332353,PTCH1,LRP2,0.932
9606.ENSP00000332353,PTCH1,PTCH2,0.928
9606.ENSP00000332353,PTCH1,RET,0.915
9606.ENSP00000332353,PTCH1,NCOA4,0.901
9606.ENSP00000332973,SMAD3,NEDD4L,0.999
9606.ENSP00000332973,SMAD3,EP300,0.999
9606.ENSP00000332973,SMAD3,SMAD4,0.999
9606.ENSP00000332973,SMAD3,ZFYVE9,0.999
9606.ENSP00000332973,SMAD3,SMAD2,0.999
9606.ENSP00000332973,SMAD3,E2F4,0.999
9606.ENSP00000332973,SMAD3,TGFBR1,0.999
9606.ENSP00000332973,SMAD3,CTNNB1,0.999
9606.ENSP00000332973,SMAD3,SKIL,0.998
9606.ENSP00000332973,SMAD3,FOXH1,0.998
9606.ENSP00000332973,SMAD3,TGFBR2,0.998
9606.ENSP00000332973,SMAD3,JUN,0.997
9606.ENSP00000332973,SMAD3,TRIM33,0.997
9606.ENSP00000332973,SMAD3,SMURF2,0.997
9606.ENSP00000332973,SMAD3,AKT1,0.996
9606.ENSP00000332973,SMAD3,E2F5,0.996
9606.ENSP00000332973,SMAD3,FOXO3,0.995
9606.ENSP00000332973,SMAD3,CREBBP,0.995
9606.ENSP00000332973,SMAD3,SNAI1,0.994
9606.ENSP00000332973,SMAD3,MYC,0.993
9606.ENSP00000332973,SMAD3,SMAD9,0.99
9606.ENSP00000332973,SMAD3,TGFB1,0.99
9606.ENSP00000332973,SMAD3,FOXO1,0.99
9606.ENSP00000332973,SMAD3,ATF3,0.988
9606.ENSP00000332973,SMAD3,SKI,0.983
9606.ENSP00000332973,SMAD3,MEN1,0.983
9606.ENSP00000332973,SMAD3,IL37,0.98
9606.ENSP00000332973,SMAD3,SMAD5,0.98
9606.ENSP00000332973,SMAD3,HDAC1,0.98
9606.ENSP00000332973,SMAD3,STUB1,0.979
9606.ENSP00000332973,SMAD3,ACVR2A,0.979
9606.ENSP00000332973,SMAD3,LEF1,0.978
9606.ENSP00000332973,SMAD3,SP1,0.978
9606.ENSP00000332973,SMAD3,MAPK8,0.977
9606.ENSP00000332973,SMAD3,FOS,0.976
9606.ENSP00000332973,SMAD3,SMAD7,0.976
9606.ENSP00000332973,SMAD3,RNF111,0.975
9606.ENSP00000332973,SMAD3,HIF1A,0.975
9606.ENSP00000332973,SMAD3,TGIF1,0.974
9606.ENSP00000332973,SMAD3,LEMD3,0.973
9606.ENSP00000332973,SMAD3,ACVR2B,0.968
9606.ENSP00000332973,SMAD3,TGFB2,0.966
9606.ENSP00000332973,SMAD3,YAP1,0.965
9606.ENSP00000332973,SMAD3,MAPK3,0.964
9606.ENSP00000332973,SMAD3,DDX5,0.963
9606.ENSP00000332973,SMAD3,TP53,0.963
9606.ENSP00000332973,SMAD3,ACVR1C,0.963
9606.ENSP00000332973,SMAD3,HMGA2,0.963
9606.ENSP00000332973,SMAD3,POU5F1,0.962
9606.ENSP00000332973,SMAD3,MAPK1,0.962
9606.ENSP00000332973,SMAD3,ACVR1,0.961
9606.ENSP00000332973,SMAD3,RUNX2,0.96
9606.ENSP00000332973,SMAD3,CEBPB,0.959
9606.ENSP00000332973,SMAD3,TGIF2,0.958
9606.ENSP00000332973,SMAD3,NOTCH1,0.958
9606.ENSP00000332973,SMAD3,BMPR2,0.958
9606.ENSP00000332973,SMAD3,BMPR1A,0.957
9606.ENSP00000332973,SMAD3,HNF4A,0.957
9606.ENSP00000332973,SMAD3,TRAF6,0.955
9606.ENSP00000332973,SMAD3,SMAD1,0.954
9606.ENSP00000332973,SMAD3,BMPR1B,0.954
9606.ENSP00000332973,SMAD3,RUNX3,0.954
9606.ENSP00000332973,SMAD3,AR,0.953
9606.ENSP00000332973,SMAD3,ZFYVE16,0.953
9606.ENSP00000332973,SMAD3,SMURF1,0.952
9606.ENSP00000332973,SMAD3,RELA,0.95
9606.ENSP00000332973,SMAD3,GSK3B,0.95
9606.ENSP00000332973,SMAD3,ZEB1,0.95
9606.ENSP00000332973,SMAD3,PPARG,0.95
9606.ENSP00000332973,SMAD3,NOTCH4,0.947
9606.ENSP00000332973,SMAD3,CUL1,0.947
9606.ENSP00000332973,SMAD3,TFDP1,0.945
9606.ENSP00000332973,SMAD3,HDAC4,0.944
9606.ENSP00000332973,SMAD3,NR3C1,0.942
9606.ENSP00000332973,SMAD3,RBX1,0.941
9606.ENSP00000332973,SMAD3,YBX1,0.941
9606.ENSP00000332973,SMAD3,FOXL2,0.941
9606.ENSP00000332973,SMAD3,RBL1,0.939
9606.ENSP00000332973,SMAD3,ACVR1B,0.936
9606.ENSP00000332973,SMAD3,SMAD6,0.933
9606.ENSP00000332973,SMAD3,NFATC2,0.93
9606.ENSP00000332973,SMAD3,MYOD1,0.929
9606.ENSP00000332973,SMAD3,SOX2,0.929
9606.ENSP00000332973,SMAD3,PCBP1,0.928
9606.ENSP00000332973,SMAD3,MAPK9,0.927
9606.ENSP00000332973,SMAD3,KAT2B,0.926
9606.ENSP00000332973,SMAD3,NEDD9,0.925
9606.ENSP00000332973,SMAD3,NCOR1,0.923
9606.ENSP00000332973,SMAD3,PPM1A,0.92
9606.ENSP00000332973,SMAD3,SKP1,0.919
9606.ENSP00000332973,SMAD3,CDKN1A,0.918
9606.ENSP00000332973,SMAD3,METTL3,0.915
9606.ENSP00000332973,SMAD3,FOXM1,0.911
9606.ENSP00000332973,SMAD3,STAT3,0.909
9606.ENSP00000332973,SMAD3,DROSHA,0.907
9606.ENSP00000332973,SMAD3,WWP1,0.901
9606.ENSP00000333896,RPS6KA4,MAPK14,0.984
9606.ENSP00000333896,RPS6KA4,MAPK11,0.933
9606.ENSP00000333896,RPS6KA4,MAPK13,0.917
9606.ENSP00000333896,RPS6KA4,MAPK12,0.915
9606.ENSP00000333896,RPS6KA4,RPS6KA5,0.904
9606.ENSP00000333896,RPS6KA4,ATF4,0.9
9606.ENSP00000334374,SLITRK2,PTPRD,0.956
9606.ENSP00000334928,PTPRB,PTN,0.992
9606.ENSP00000334928,PTPRB,CDH5,0.982
9606.ENSP00000334928,PTPRB,CTNNB1,0.967
9606.ENSP00000334941,PTPRU,KIT,0.932
9606.ENSP00000335321,SF3B1,SF3A1,0.999
9606.ENSP00000335321,SF3B1,U2AF2,0.999
9606.ENSP00000335321,SF3B1,SNRPA1,0.999
9606.ENSP00000335321,SF3B1,SF3A2,0.999
9606.ENSP00000335321,SF3B1,PRPF8,0.999
9606.ENSP00000335321,SF3B1,SF3B5,0.999
9606.ENSP00000335321,SF3B1,SNRPG,0.999
9606.ENSP00000335321,SF3B1,MFAP1,0.999
9606.ENSP00000335321,SF3B1,PLRG1,0.999
9606.ENSP00000335321,SF3B1,SF3B4,0.999
9606.ENSP00000335321,SF3B1,DHX16,0.999
9606.ENSP00000335321,SF3B1,RBMX2,0.999
9606.ENSP00000335321,SF3B1,EFTUD2,0.999
9606.ENSP00000335321,SF3B1,DDX42,0.999
9606.ENSP00000335321,SF3B1,SF3A3,0.999
9606.ENSP00000335321,SF3B1,SF3B6,0.999
9606.ENSP00000335321,SF3B1,SF3B2,0.999
9606.ENSP00000335321,SF3B1,PHF5A,0.999
9606.ENSP00000335321,SF3B1,DDX46,0.999
9606.ENSP00000335321,SF3B1,SF3B3,0.999
9606.ENSP00000335321,SF3B1,SNIP1,0.999
9606.ENSP00000335321,SF3B1,SNRPF,0.999
9606.ENSP00000335321,SF3B1,SNRNP200,0.999
9606.ENSP00000335321,SF3B1,SART1,0.999
9606.ENSP00000335321,SF3B1,PRPF6,0.999
9606.ENSP00000335321,SF3B1,CDC5L,0.999
9606.ENSP00000335321,SF3B1,SNRPE,0.999
9606.ENSP00000335321,SF3B1,CWC22,0.998
9606.ENSP00000335321,SF3B1,PRPF3,0.998
9606.ENSP00000335321,SF3B1,SNRPD2,0.998
9606.ENSP00000335321,SF3B1,SNRPD1,0.998
9606.ENSP00000335321,SF3B1,HTATSF1,0.998
9606.ENSP00000335321,SF3B1,BUD13,0.998
9606.ENSP00000335321,SF3B1,SNRPB2,0.998
9606.ENSP00000335321,SF3B1,RNF113A,0.997
9606.ENSP00000335321,SF3B1,PRPF31,0.997
9606.ENSP00000335321,SF3B1,RBM17,0.997
9606.ENSP00000335321,SF3B1,SNRPB,0.997
9606.ENSP00000335321,SF3B1,LSM4,0.996
9606.ENSP00000335321,SF3B1,PRPF19,0.996
9606.ENSP00000335321,SF3B1,SNW1,0.996
9606.ENSP00000335321,SF3B1,SRRM2,0.996
9606.ENSP00000335321,SF3B1,PRPF4,0.996
9606.ENSP00000335321,SF3B1,SNRPD3,0.996
9606.ENSP00000335321,SF3B1,CRNKL1,0.995
9606.ENSP00000335321,SF3B1,LSM2,0.995
9606.ENSP00000335321,SF3B1,SNRPA,0.995
9606.ENSP00000335321,SF3B1,CWC27,0.994
9606.ENSP00000335321,SF3B1,LSM5,0.993
9606.ENSP00000335321,SF3B1,SNRPC,0.993
9606.ENSP00000335321,SF3B1,SNU13,0.992
9606.ENSP00000335321,SF3B1,TXNL4A,0.992
9606.ENSP00000335321,SF3B1,LSM3,0.992
9606.ENSP00000335321,SF3B1,LSM7,0.991
9606.ENSP00000335321,SF3B1,LSM8,0.991
9606.ENSP00000335321,SF3B1,TCERG1,0.991
9606.ENSP00000335321,SF3B1,ZMAT2,0.99
9606.ENSP00000335321,SF3B1,LSM6,0.99
9606.ENSP00000335321,SF3B1,ZRSR2,0.989
9606.ENSP00000335321,SF3B1,SMU1,0.989
9606.ENSP00000335321,SF3B1,WBP4,0.988
9606.ENSP00000335321,SF3B1,PRPF38A,0.988
9606.ENSP00000335321,SF3B1,DHX15,0.987
9606.ENSP00000335321,SF3B1,IK,0.985
9606.ENSP00000335321,SF3B1,CDC40,0.981
9606.ENSP00000335321,SF3B1,SNRNP70,0.979
9606.ENSP00000335321,SF3B1,SNRPN,0.978
9606.ENSP00000335321,SF3B1,RNPC3,0.976
9606.ENSP00000335321,SF3B1,SRRM1,0.971
9606.ENSP00000335321,SF3B1,XAB2,0.965
9606.ENSP00000335321,SF3B1,SF1,0.963
9606.ENSP00000335321,SF3B1,NCBP2,0.962
9606.ENSP00000335321,SF3B1,RBM39,0.962
9606.ENSP00000335321,SF3B1,PUF60,0.962
9606.ENSP00000335321,SF3B1,DDX23,0.956
9606.ENSP00000335321,SF3B1,BUD31,0.956
9606.ENSP00000335321,SF3B1,ZMAT5,0.953
9606.ENSP00000335321,SF3B1,SRSF1,0.952
9606.ENSP00000335321,SF3B1,CWC15,0.952
9606.ENSP00000335321,SF3B1,PPP1R8,0.95
9606.ENSP00000335321,SF3B1,RBM22,0.949
9606.ENSP00000335321,SF3B1,NCBP1,0.942
9606.ENSP00000335321,SF3B1,PRPF39,0.94
9606.ENSP00000335321,SF3B1,YBX1,0.939
9606.ENSP00000335321,SF3B1,PRPF4B,0.93
9606.ENSP00000335321,SF3B1,DEK,0.928
9606.ENSP00000335321,SF3B1,RBM25,0.927
9606.ENSP00000335321,SF3B1,DDX21,0.927
9606.ENSP00000335321,SF3B1,U2AF1,0.927
9606.ENSP00000335321,SF3B1,PPP6R1,0.926
9606.ENSP00000335321,SF3B1,PPP6R2,0.925
9606.ENSP00000335321,SF3B1,ZCRB1,0.924
9606.ENSP00000335321,SF3B1,ARMC7,0.922
9606.ENSP00000335321,SF3B1,BAZ1B,0.919
9606.ENSP00000335321,SF3B1,SCNM1,0.917
9606.ENSP00000335321,SF3B1,MAGOHB,0.911
9606.ENSP00000335321,SF3B1,USP39,0.91
9606.ENSP00000335321,SF3B1,SNRNP35,0.909
9606.ENSP00000335321,SF3B1,SRSF2,0.909
9606.ENSP00000335321,SF3B1,U2SURP,0.908
9606.ENSP00000335321,SF3B1,MYBBP1A,0.908
9606.ENSP00000335321,SF3B1,SMARCA5,0.905
9606.ENSP00000335321,SF3B1,KIN,0.904
9606.ENSP00000335321,SF3B1,DDX5,0.901
9606.ENSP00000335321,SF3B1,CRIPT,0.9
9606.ENSP00000335321,SF3B1,BCAS2,0.9
9606.ENSP00000335321,SF3B1,AQR,0.9
9606.ENSP00000336701,RAD51C,RAD51B,0.999
9606.ENSP00000336701,RAD51C,RAD51D-2,0.999
9606.ENSP00000336701,RAD51C,XRCC2,0.999
9606.ENSP00000336701,RAD51C,PALB2,0.999
9606.ENSP00000336701,RAD51C,BRCA2,0.999
9606.ENSP00000336701,RAD51C,RAD51D,0.999
9606.ENSP00000336701,RAD51C,XRCC3,0.999
9606.ENSP00000336701,RAD51C,RAD51,0.996
9606.ENSP00000336701,RAD51C,BRCA1,0.98
9606.ENSP00000336701,RAD51C,BARD1,0.967
9606.ENSP00000336701,RAD51C,FANCM,0.96
9606.ENSP00000336701,RAD51C,RAD18,0.96
9606.ENSP00000336701,RAD51C,SWI5,0.948
9606.ENSP00000336701,RAD51C,FANCI,0.944
9606.ENSP00000336701,RAD51C,BRIP1,0.941
9606.ENSP00000336701,RAD51C,FANCD2,0.934
9606.ENSP00000336701,RAD51C,MRE11,0.933
9606.ENSP00000336701,RAD51C,RAD52,0.926
9606.ENSP00000336701,RAD51C,ATM,0.921
9606.ENSP00000336701,RAD51C,FANCL,0.92
9606.ENSP00000336701,RAD51C,SFR1,0.918
9606.ENSP00000336701,RAD51C,FANCG,0.915
9606.ENSP00000337194,PRPF4B,PRPF6,0.973
9606.ENSP00000337194,PRPF4B,PRPF31,0.965
9606.ENSP00000337194,PRPF4B,PRPF4,0.959
9606.ENSP00000337194,PRPF4B,PRPF8,0.957
9606.ENSP00000337194,PRPF4B,EFTUD2,0.956
9606.ENSP00000337194,PRPF4B,PNN,0.951
9606.ENSP00000337194,PRPF4B,RBM25,0.95
9606.ENSP00000337194,PRPF4B,SART1,0.948
9606.ENSP00000337194,PRPF4B,SNRNP200,0.94
9606.ENSP00000337194,PRPF4B,DDX23,0.937
9606.ENSP00000337194,PRPF4B,USP39,0.93
9606.ENSP00000337194,PRPF4B,SF3B1,0.93
9606.ENSP00000337194,PRPF4B,TCERG1,0.927
9606.ENSP00000337194,PRPF4B,SNRNP40,0.92
9606.ENSP00000337194,PRPF4B,SNRPF,0.912
9606.ENSP00000337194,PRPF4B,SMU1,0.912
9606.ENSP00000337194,PRPF4B,SRRM2,0.909
9606.ENSP00000337194,PRPF4B,RBM39,0.903
9606.ENSP00000337194,PRPF4B,PRPF3,0.9
9606.ENSP00000337335,SLC22A8,SLC22A7,0.952
9606.ENSP00000337335,SLC22A8,ABCC2,0.913
9606.ENSP00000337623,RNASEH2B,RNASEH2C,0.999
9606.ENSP00000337623,RNASEH2B,RNASEH2A,0.999
9606.ENSP00000337623,RNASEH2B,SAMHD1,0.95
9606.ENSP00000337623,RNASEH2B,PCNA,0.931
9606.ENSP00000337838,RTN4,RTN4R,0.999
9606.ENSP00000337838,RTN4,BACE1,0.994
9606.ENSP00000337838,RTN4,RTN3,0.993
9606.ENSP00000337838,RTN4,LINGO1,0.991
9606.ENSP00000337838,RTN4,OMG,0.99
9606.ENSP00000337838,RTN4,RTN4IP1,0.989
9606.ENSP00000337838,RTN4,MAG,0.989
9606.ENSP00000337838,RTN4,NGFR,0.977
9606.ENSP00000337838,RTN4,BACE2,0.962
9606.ENSP00000337838,RTN4,REEP5,0.954
9606.ENSP00000337838,RTN4,RTN4RL1,0.951
9606.ENSP00000337838,RTN4,NUS1,0.941
9606.ENSP00000338039,PSMF1,PSMB7,0.99
9606.ENSP00000338039,PSMF1,PSMB4,0.987
9606.ENSP00000338039,PSMF1,PSMB1,0.986
9606.ENSP00000338039,PSMF1,PSMA1,0.985
9606.ENSP00000338039,PSMF1,PSMB2,0.983
9606.ENSP00000338039,PSMF1,PSMA4,0.982
9606.ENSP00000338039,PSMF1,PSMA7,0.981
9606.ENSP00000338039,PSMF1,PSMA5,0.978
9606.ENSP00000338039,PSMF1,PSMA2,0.978
9606.ENSP00000338039,PSMF1,PSMB3,0.976
9606.ENSP00000338039,PSMF1,FBXO7,0.976
9606.ENSP00000338039,PSMF1,PSMB9,0.958
9606.ENSP00000338039,PSMF1,PSMA6,0.958
9606.ENSP00000338039,PSMF1,PSMA3,0.942
9606.ENSP00000338039,PSMF1,PSMB5,0.928
9606.ENSP00000338039,PSMF1,PSMB6,0.924
9606.ENSP00000338864,RASGRP2,RAP1A,0.993
9606.ENSP00000338864,RASGRP2,RAP1B,0.989
9606.ENSP00000338864,RASGRP2,NRAS,0.954
9606.ENSP00000338864,RASGRP2,HRAS,0.948
9606.ENSP00000338864,RASGRP2,KRAS,0.922
9606.ENSP00000338864,RASGRP2,RASGRP1,0.914
9606.ENSP00000338864,RASGRP2,FERMT3,0.907
9606.ENSP00000339090,RBMX2,BUD13,0.999
9606.ENSP00000339090,RBMX2,PHF5A,0.999
9606.ENSP00000339090,RBMX2,SF3B2,0.999
9606.ENSP00000339090,RBMX2,SNRNP200,0.999
9606.ENSP00000339090,RBMX2,SNIP1,0.999
9606.ENSP00000339090,RBMX2,SF3B3,0.999
9606.ENSP00000339090,RBMX2,SF3B4,0.999
9606.ENSP00000339090,RBMX2,SF3B1,0.999
9606.ENSP00000339090,RBMX2,DHX16,0.998
9606.ENSP00000339090,RBMX2,SRRM2,0.997
9606.ENSP00000339090,RBMX2,SNRPA1,0.997
9606.ENSP00000339090,RBMX2,CWC27,0.997
9606.ENSP00000339090,RBMX2,SF3A2,0.996
9606.ENSP00000339090,RBMX2,CWC22,0.996
9606.ENSP00000339090,RBMX2,SF3B5,0.995
9606.ENSP00000339090,RBMX2,RNF113A,0.995
9606.ENSP00000339090,RBMX2,ZMAT2,0.994
9606.ENSP00000339090,RBMX2,SF3A3,0.994
9606.ENSP00000339090,RBMX2,CDC5L,0.994
9606.ENSP00000339090,RBMX2,EFTUD2,0.994
9606.ENSP00000339090,RBMX2,SF3A1,0.993
9606.ENSP00000339090,RBMX2,PRPF8,0.992
9606.ENSP00000339090,RBMX2,PRPF19,0.992
9606.ENSP00000339090,RBMX2,SNRPB2,0.991
9606.ENSP00000339090,RBMX2,SART1,0.991
9606.ENSP00000339090,RBMX2,SNRPE,0.991
9606.ENSP00000339090,RBMX2,SNRPF,0.99
9606.ENSP00000339090,RBMX2,SNRPD1,0.99
9606.ENSP00000339090,RBMX2,SNRPD2,0.99
9606.ENSP00000339090,RBMX2,SNRPG,0.989
9606.ENSP00000339090,RBMX2,MFAP1,0.988
9606.ENSP00000339090,RBMX2,SNRPD3,0.988
9606.ENSP00000339090,RBMX2,SNRPB,0.985
9606.ENSP00000339090,RBMX2,SNW1,0.983
9606.ENSP00000339090,RBMX2,PRPF38A,0.981
9606.ENSP00000339090,RBMX2,LSM7,0.974
9606.ENSP00000339090,RBMX2,PRPF3,0.974
9606.ENSP00000339090,RBMX2,PRPF31,0.964
9606.ENSP00000339090,RBMX2,LSM5,0.96
9606.ENSP00000339090,RBMX2,PRPF6,0.959
9606.ENSP00000339090,RBMX2,LSM6,0.958
9606.ENSP00000339090,RBMX2,PRPF4,0.955
9606.ENSP00000339090,RBMX2,LSM2,0.955
9606.ENSP00000339090,RBMX2,LSM8,0.953
9606.ENSP00000339090,RBMX2,SNU13,0.951
9606.ENSP00000339090,RBMX2,LSM4,0.95
9606.ENSP00000339090,RBMX2,RBM22,0.948
9606.ENSP00000339090,RBMX2,LSM3,0.947
9606.ENSP00000339090,RBMX2,XAB2,0.945
9606.ENSP00000339090,RBMX2,TXNL4A,0.943
9606.ENSP00000339090,RBMX2,CRNKL1,0.939
9606.ENSP00000339090,RBMX2,CDC40,0.937
9606.ENSP00000339090,RBMX2,SF3B6,0.936
9606.ENSP00000339090,RBMX2,BUD31,0.934
9606.ENSP00000339090,RBMX2,WBP4,0.931
9606.ENSP00000339090,RBMX2,CWC15,0.928
9606.ENSP00000339090,RBMX2,PLRG1,0.925
9606.ENSP00000339090,RBMX2,ARMC7,0.923
9606.ENSP00000339090,RBMX2,ISY1-RAB43,0.922
9606.ENSP00000339090,RBMX2,SYF2,0.919
9606.ENSP00000339090,RBMX2,KIN,0.919
9606.ENSP00000339090,RBMX2,MAGOHB,0.907
9606.ENSP00000339090,RBMX2,SMU1,0.904
9606.ENSP00000339090,RBMX2,IK,0.901
9606.ENSP00000339381,RGS12,GNAI1,0.961
9606.ENSP00000339381,RGS12,GNAI3,0.958
9606.ENSP00000339381,RGS12,GNB5,0.945
9606.ENSP00000340454,RAP1GDS1,RHOA,0.945
9606.ENSP00000340578,RASSF6,STK3,0.981
9606.ENSP00000340578,RASSF6,MOAP1,0.901
9606.ENSP00000340883,SMARCB1,PHF10,0.999
9606.ENSP00000340883,SMARCB1,PBRM1,0.999
9606.ENSP00000340883,SMARCB1,SMARCC2,0.999
9606.ENSP00000340883,SMARCB1,SMARCA2,0.999
9606.ENSP00000340883,SMARCB1,ARID2,0.999
9606.ENSP00000340883,SMARCB1,SMARCE1,0.999
9606.ENSP00000340883,SMARCB1,ACTL6A,0.999
9606.ENSP00000340883,SMARCB1,ARID1A,0.999
9606.ENSP00000340883,SMARCB1,SMARCD1,0.999
9606.ENSP00000340883,SMARCB1,SMARCD3,0.999
9606.ENSP00000340883,SMARCB1,SMARCA4,0.999
9606.ENSP00000340883,SMARCB1,SMARCC1,0.999
9606.ENSP00000340883,SMARCB1,ARID1B,0.999
9606.ENSP00000340883,SMARCB1,SMARCD2,0.999
9606.ENSP00000340883,SMARCB1,DPF2,0.999
9606.ENSP00000340883,SMARCB1,BRD7,0.998
9606.ENSP00000340883,SMARCB1,BCL7A,0.996
9606.ENSP00000340883,SMARCB1,SS18,0.995
9606.ENSP00000340883,SMARCB1,BCL7C,0.991
9606.ENSP00000340883,SMARCB1,DPF3,0.99
9606.ENSP00000340883,SMARCB1,BCL7B,0.989
9606.ENSP00000340883,SMARCB1,ACTL6B,0.989
9606.ENSP00000340883,SMARCB1,BRD9,0.988
9606.ENSP00000340883,SMARCB1,DPF1,0.987
9606.ENSP00000340883,SMARCB1,BICRA,0.983
9606.ENSP00000340883,SMARCB1,H4C6,0.979
9606.ENSP00000340883,SMARCB1,ACTB,0.977
9606.ENSP00000340883,SMARCB1,TP53,0.976
9606.ENSP00000340883,SMARCB1,XPC,0.97
9606.ENSP00000340883,SMARCB1,H2BC21,0.969
9606.ENSP00000340883,SMARCB1,H3C12,0.965
9606.ENSP00000340883,SMARCB1,BCL11A,0.962
9606.ENSP00000340883,SMARCB1,BICRAL,0.945
9606.ENSP00000340883,SMARCB1,HDAC1,0.932
9606.ENSP00000340883,SMARCB1,H2AC6,0.927
9606.ENSP00000340883,SMARCB1,BCL11B,0.921
9606.ENSP00000340883,SMARCB1,H2BC4,0.917
9606.ENSP00000340883,SMARCB1,H2BC8,0.913
9606.ENSP00000340883,SMARCB1,H2BC7,0.913
9606.ENSP00000340883,SMARCB1,H2BC6,0.913
9606.ENSP00000340883,SMARCB1,H2BC10,0.913
9606.ENSP00000340883,SMARCB1,MYC,0.906
9606.ENSP00000340883,SMARCB1,KMT2A,0.901
9606.ENSP00000341170,PTN,ALK,0.999
9606.ENSP00000341170,PTN,PTPRZ1,0.999
9606.ENSP00000341170,PTN,SDC3,0.993
9606.ENSP00000341170,PTN,PTPRB,0.992
9606.ENSP00000341170,PTN,PLXNB2,0.905
9606.ENSP00000341189,PTK2,EGFR,0.999
9606.ENSP00000341189,PTK2,BCAR1,0.999
9606.ENSP00000341189,PTK2,SOS1,0.999
9606.ENSP00000341189,PTK2,GRB2,0.999
9606.ENSP00000341189,PTK2,PXN,0.999
9606.ENSP00000341189,PTK2,SRC,0.999
9606.ENSP00000341189,PTK2,TLN1,0.999
9606.ENSP00000341189,PTK2,TLN2,0.999
9606.ENSP00000341189,PTK2,FYN,0.998
9606.ENSP00000341189,PTK2,VCL,0.998
9606.ENSP00000341189,PTK2,PTPN11,0.997
9606.ENSP00000341189,PTK2,ITGB1,0.997
9606.ENSP00000341189,PTK2,CRK,0.997
9606.ENSP00000341189,PTK2,PTEN,0.995
9606.ENSP00000341189,PTK2,SHC1,0.995
9606.ENSP00000341189,PTK2,RB1CC1,0.994
9606.ENSP00000341189,PTK2,FOXO3,0.992
9606.ENSP00000341189,PTK2,DCC,0.991
9606.ENSP00000341189,PTK2,ITGB3,0.99
9606.ENSP00000341189,PTK2,ERBB2,0.99
9606.ENSP00000341189,PTK2,PIK3R1,0.988
9606.ENSP00000341189,PTK2,HCLS1,0.987
9606.ENSP00000341189,PTK2,ITGAV,0.984
9606.ENSP00000341189,PTK2,PTK2B,0.984
9606.ENSP00000341189,PTK2,RHOA,0.983
9606.ENSP00000341189,PTK2,NEO1,0.981
9606.ENSP00000341189,PTK2,DOCK1,0.979
9606.ENSP00000341189,PTK2,IGF1R,0.978
9606.ENSP00000341189,PTK2,ITGA3,0.978
9606.ENSP00000341189,PTK2,CRKL,0.973
9606.ENSP00000341189,PTK2,ITGA5,0.972
9606.ENSP00000341189,PTK2,ITGB5,0.972
9606.ENSP00000341189,PTK2,PIK3R3,0.971
9606.ENSP00000341189,PTK2,LYN,0.97
9606.ENSP00000341189,PTK2,PIK3CA,0.97
9606.ENSP00000341189,PTK2,ITGB4,0.964
9606.ENSP00000341189,PTK2,JAK2,0.962
9606.ENSP00000341189,PTK2,ITGA6,0.961
9606.ENSP00000341189,PTK2,NCK2,0.96
9606.ENSP00000341189,PTK2,KDR,0.958
9606.ENSP00000341189,PTK2,SDC4,0.953
9606.ENSP00000341189,PTK2,ITGB7,0.951
9606.ENSP00000341189,PTK2,HCK,0.951
9606.ENSP00000341189,PTK2,ARHGEF2,0.95
9606.ENSP00000341189,PTK2,FLT1,0.948
9606.ENSP00000341189,PTK2,UNC5B,0.946
9606.ENSP00000341189,PTK2,ITGA4,0.945
9606.ENSP00000341189,PTK2,FGR,0.944
9606.ENSP00000341189,PTK2,MAPK14,0.941
9606.ENSP00000341189,PTK2,ITGA2,0.94
9606.ENSP00000341189,PTK2,ARHGEF1,0.939
9606.ENSP00000341189,PTK2,NCK1,0.939
9606.ENSP00000341189,PTK2,FN1,0.937
9606.ENSP00000341189,PTK2,MET,0.935
9606.ENSP00000341189,PTK2,ZYX,0.934
9606.ENSP00000341189,PTK2,PIK3R2,0.934
9606.ENSP00000341189,PTK2,ITGB8,0.933
9606.ENSP00000341189,PTK2,ITGB6,0.932
9606.ENSP00000341189,PTK2,PIK3CB,0.93
9606.ENSP00000341189,PTK2,ARHGEF12,0.929
9606.ENSP00000341189,PTK2,PIK3CG,0.928
9606.ENSP00000341189,PTK2,STAT3,0.928
9606.ENSP00000341189,PTK2,TP53,0.928
9606.ENSP00000341189,PTK2,ASAP1,0.928
9606.ENSP00000341189,PTK2,PDGFRB,0.925
9606.ENSP00000341189,PTK2,PIK3CD,0.924
9606.ENSP00000341189,PTK2,PTPN12,0.922
9606.ENSP00000341189,PTK2,ARHGEF28,0.922
9606.ENSP00000341189,PTK2,FLT4,0.921
9606.ENSP00000341189,PTK2,ITGA2B,0.921
9606.ENSP00000341189,PTK2,CTTN,0.919
9606.ENSP00000341189,PTK2,PDGFRA,0.919
9606.ENSP00000341189,PTK2,PRKCA,0.918
9606.ENSP00000341189,PTK2,TGFB1I1,0.917
9606.ENSP00000341189,PTK2,SHC2,0.915
9606.ENSP00000341189,PTK2,NEDD9,0.915
9606.ENSP00000341189,PTK2,MAPK13,0.914
9606.ENSP00000341189,PTK2,MEF2C,0.914
9606.ENSP00000341189,PTK2,MAPK11,0.913
9606.ENSP00000341189,PTK2,MAPK12,0.913
9606.ENSP00000341189,PTK2,PRKACA,0.911
9606.ENSP00000341189,PTK2,PRKACB,0.911
9606.ENSP00000341189,PTK2,GPER1,0.91
9606.ENSP00000341189,PTK2,PRKACG,0.91
9606.ENSP00000341189,PTK2,SHC3,0.909
9606.ENSP00000341189,PTK2,SHC4,0.909
9606.ENSP00000341189,PTK2,UNC5C,0.909
9606.ENSP00000341189,PTK2,PRKCB,0.908
9606.ENSP00000341189,PTK2,UNC5A,0.907
9606.ENSP00000341189,PTK2,RASGRF1,0.907
9606.ENSP00000341189,PTK2,UNC5D,0.905
9606.ENSP00000341189,PTK2,PRKCG,0.904
9606.ENSP00000341189,PTK2,VTN,0.903
9606.ENSP00000341189,PTK2,PIK3R5,0.902
9606.ENSP00000341189,PTK2,PIK3R6,0.9
9606.ENSP00000341382,SMC4,NCAPH,0.999
9606.ENSP00000341382,SMC4,NCAPD2,0.999
9606.ENSP00000341382,SMC4,NCAPG,0.999
9606.ENSP00000341382,SMC4,NCAPG2,0.999
9606.ENSP00000341382,SMC4,SMC2,0.999
9606.ENSP00000341382,SMC4,NCAPH2,0.999
9606.ENSP00000341382,SMC4,NCAPD3,0.999
9606.ENSP00000341382,SMC4,RAD21,0.962
9606.ENSP00000341382,SMC4,KIF11,0.927
9606.ENSP00000341382,SMC4,CDK1,0.906
9606.ENSP00000341382,SMC4,TOP2A,0.903
9606.ENSP00000341524,SEPTIN6,SEPTIN2,0.999
9606.ENSP00000341524,SEPTIN6,SEPTIN7,0.999
9606.ENSP00000341524,SEPTIN6,SEPTIN4,0.999
9606.ENSP00000341524,SEPTIN6,SEPTIN9,0.999
9606.ENSP00000341524,SEPTIN6,SEPTIN11,0.996
9606.ENSP00000341524,SEPTIN6,SEPTIN5,0.996
9606.ENSP00000341524,SEPTIN6,SEPTIN12,0.989
9606.ENSP00000341524,SEPTIN6,SEPTIN3,0.977
9606.ENSP00000341524,SEPTIN6,SEPTIN1,0.975
9606.ENSP00000341524,SEPTIN6,SEPTIN8,0.96
9606.ENSP00000341524,SEPTIN6,SEPTIN10,0.957
9606.ENSP00000341524,SEPTIN6,SEPTIN14,0.924
9606.ENSP00000341524,SEPTIN6,SQSTM1,0.904
9606.ENSP00000341550,SLC24A5,SLC45A2,0.985
9606.ENSP00000341550,SLC24A5,OCA2,0.952
9606.ENSP00000341550,SLC24A5,TYR,0.907
9606.ENSP00000341550,SLC24A5,TPCN2,0.903
9606.ENSP00000341550,SLC24A5,EDAR,0.902
9606.ENSP00000341551,SMAD4,SMAD3,0.999
9606.ENSP00000341551,SMAD4,SMAD2,0.999
9606.ENSP00000341551,SMAD4,SKIL,0.999
9606.ENSP00000341551,SMAD4,SMAD9,0.999
9606.ENSP00000341551,SMAD4,LEF1,0.999
9606.ENSP00000341551,SMAD4,SMAD5,0.999
9606.ENSP00000341551,SMAD4,TGFBR1,0.998
9606.ENSP00000341551,SMAD4,CTNNB1,0.998
9606.ENSP00000341551,SMAD4,SKI,0.998
9606.ENSP00000341551,SMAD4,E2F4,0.997
9606.ENSP00000341551,SMAD4,SMAD1,0.997
9606.ENSP00000341551,SMAD4,FOXH1,0.997
9606.ENSP00000341551,SMAD4,TGFBR2,0.996
9606.ENSP00000341551,SMAD4,EP300,0.994
9606.ENSP00000341551,SMAD4,HNF4A,0.99
9606.ENSP00000341551,SMAD4,SMAD6,0.989
9606.ENSP00000341551,SMAD4,JUN,0.989
9606.ENSP00000341551,SMAD4,E2F5,0.986
9606.ENSP00000341551,SMAD4,TRIM33,0.986
9606.ENSP00000341551,SMAD4,MAPK8,0.98
9606.ENSP00000341551,SMAD4,FOXO3,0.979
9606.ENSP00000341551,SMAD4,HDAC1,0.972
9606.ENSP00000341551,SMAD4,USP9X,0.971
9606.ENSP00000341551,SMAD4,SNAI1,0.96
9606.ENSP00000341551,SMAD4,SMURF2,0.959
9606.ENSP00000341551,SMAD4,TGFB1,0.959
9606.ENSP00000341551,SMAD4,ACVR1B,0.957
9606.ENSP00000341551,SMAD4,BMPR1A,0.957
9606.ENSP00000341551,SMAD4,BMP2,0.954
9606.ENSP00000341551,SMAD4,TCF7L2,0.948
9606.ENSP00000341551,SMAD4,SMAD7,0.947
9606.ENSP00000341551,SMAD4,BMPR2,0.946
9606.ENSP00000341551,SMAD4,YAP1,0.943
9606.ENSP00000341551,SMAD4,CDKN1A,0.94
9606.ENSP00000341551,SMAD4,DAXX,0.938
9606.ENSP00000341551,SMAD4,HMGA2,0.936
9606.ENSP00000341551,SMAD4,RBL1,0.934
9606.ENSP00000341551,SMAD4,BMP4,0.933
9606.ENSP00000341551,SMAD4,SP1,0.933
9606.ENSP00000341551,SMAD4,MAPK9,0.932
9606.ENSP00000341551,SMAD4,TFDP1,0.932
9606.ENSP00000341551,SMAD4,MYC,0.931
9606.ENSP00000341551,SMAD4,CEBPB,0.928
9606.ENSP00000341551,SMAD4,DACH1,0.927
9606.ENSP00000341551,SMAD4,TCF7L1,0.925
9606.ENSP00000341551,SMAD4,TCF7,0.925
9606.ENSP00000341551,SMAD4,KRAS,0.917
9606.ENSP00000341551,SMAD4,CREBBP,0.917
9606.ENSP00000341551,SMAD4,AKT1,0.914
9606.ENSP00000341551,SMAD4,PTEN,0.912
9606.ENSP00000341551,SMAD4,SMURF1,0.912
9606.ENSP00000341551,SMAD4,BMPR1B,0.906
9606.ENSP00000341551,SMAD4,COPS5,0.906
9606.ENSP00000341885,RPS2,RPS29,0.999
9606.ENSP00000341885,RPS2,RPL14,0.999
9606.ENSP00000341885,RPS2,RPL21,0.999
9606.ENSP00000341885,RPS2,EEF2,0.999
9606.ENSP00000341885,RPS2,RPL18A,0.999
9606.ENSP00000341885,RPS2,RPS26,0.999
9606.ENSP00000341885,RPS2,RPL35A,0.999
9606.ENSP00000341885,RPS2,RPL37,0.999
9606.ENSP00000341885,RPS2,RPL31,0.999
9606.ENSP00000341885,RPS2,RPL3,0.999
9606.ENSP00000341885,RPS2,LTV1,0.999
9606.ENSP00000341885,RPS2,RPS27,0.999
9606.ENSP00000341885,RPS2,RPL28,0.999
9606.ENSP00000341885,RPS2,RPS11,0.999
9606.ENSP00000341885,RPS2,RIOK2,0.999
9606.ENSP00000341885,RPS2,RPS3,0.999
9606.ENSP00000341885,RPS2,RPS13,0.999
9606.ENSP00000341885,RPS2,RPS3A,0.999
9606.ENSP00000341885,RPS2,RPS27A,0.999
9606.ENSP00000341885,RPS2,RPL32,0.999
9606.ENSP00000341885,RPS2,RPLP0,0.999
9606.ENSP00000341885,RPS2,RPL27,0.999
9606.ENSP00000341885,RPS2,RPL29,0.999
9606.ENSP00000341885,RPS2,FAU,0.999
9606.ENSP00000341885,RPS2,RPS23,0.999
9606.ENSP00000341885,RPS2,RPL13A,0.999
9606.ENSP00000341885,RPS2,RPL38,0.999
9606.ENSP00000341885,RPS2,RPS9,0.999
9606.ENSP00000341885,RPS2,RPS15A,0.999
9606.ENSP00000341885,RPS2,RPLP2,0.999
9606.ENSP00000341885,RPS2,RPS14,0.999
9606.ENSP00000341885,RPS2,RPL12,0.999
9606.ENSP00000341885,RPS2,RPL10,0.999
9606.ENSP00000341885,RPS2,RPS18,0.999
9606.ENSP00000341885,RPS2,RPL34,0.999
9606.ENSP00000341885,RPS2,RPL5,0.999
9606.ENSP00000341885,RPS2,RPL19,0.999
9606.ENSP00000341885,RPS2,RPS16,0.999
9606.ENSP00000341885,RPS2,RPS12,0.999
9606.ENSP00000341885,RPS2,RPSA,0.999
9606.ENSP00000341885,RPS2,RPL35,0.999
9606.ENSP00000341885,RPS2,RACK1,0.999
9606.ENSP00000341885,RPS2,RPL15,0.999
9606.ENSP00000341885,RPS2,RPS19,0.999
9606.ENSP00000341885,RPS2,RPL23,0.999
9606.ENSP00000341885,RPS2,RPL7A,0.999
9606.ENSP00000341885,RPS2,RPL27A,0.999
9606.ENSP00000341885,RPS2,RPS10,0.999
9606.ENSP00000341885,RPS2,RPL36,0.999
9606.ENSP00000341885,RPS2,RPL6,0.999
9606.ENSP00000341885,RPS2,RPL13,0.999
9606.ENSP00000341885,RPS2,RPL7,0.999
9606.ENSP00000341885,RPS2,RPL9,0.999
9606.ENSP00000341885,RPS2,RPL18,0.999
9606.ENSP00000341885,RPS2,RPS21,0.999
9606.ENSP00000341885,RPS2,RPL11,0.999
9606.ENSP00000341885,RPS2,RPS24,0.999
9606.ENSP00000341885,RPS2,RPL26,0.999
9606.ENSP00000341885,RPS2,UBA52,0.999
9606.ENSP00000341885,RPS2,RPS6,0.999
9606.ENSP00000341885,RPS2,RPL37A,0.999
9606.ENSP00000341885,RPS2,RPL24,0.999
9606.ENSP00000341885,RPS2,RPS15,0.999
9606.ENSP00000341885,RPS2,RPS8,0.999
9606.ENSP00000341885,RPS2,RPL17,0.999
9606.ENSP00000341885,RPS2,RPL23A,0.999
9606.ENSP00000341885,RPS2,RPS20,0.999
9606.ENSP00000341885,RPS2,RPL8,0.999
9606.ENSP00000341885,RPS2,RPL10A,0.999
9606.ENSP00000341885,RPS2,RPS25,0.999
9606.ENSP00000341885,RPS2,RPS28,0.999
9606.ENSP00000341885,RPS2,RPS5,0.999
9606.ENSP00000341885,RPS2,RPLP1,0.999
9606.ENSP00000341885,RPS2,RPS4X,0.999
9606.ENSP00000341885,RPS2,RPS7,0.999
9606.ENSP00000341885,RPS2,RPL4,0.999
9606.ENSP00000341885,RPS2,RPS17,0.999
9606.ENSP00000341885,RPS2,RPL30,0.999
9606.ENSP00000341885,RPS2,EIF2S1,0.998
9606.ENSP00000341885,RPS2,RPL22,0.998
9606.ENSP00000341885,RPS2,RPL10L,0.998
9606.ENSP00000341885,RPS2,BYSL,0.998
9606.ENSP00000341885,RPS2,EEF1A1,0.998
9606.ENSP00000341885,RPS2,RPL26L1,0.998
9606.ENSP00000341885,RPS2,RPS4Y1,0.997
9606.ENSP00000341885,RPS2,RPL39,0.997
9606.ENSP00000341885,RPS2,RPL36AL,0.996
9606.ENSP00000341885,RPS2,EIF2S2,0.996
9606.ENSP00000341885,RPS2,RPL36A,0.996
9606.ENSP00000341885,RPS2,RPL17-C18orf32,0.996
9606.ENSP00000341885,RPS2,EIF3I,0.995
9606.ENSP00000341885,RPS2,PDCD11,0.995
9606.ENSP00000341885,RPS2,EIF2S3,0.995
9606.ENSP00000341885,RPS2,RPS10-NUDT3,0.995
9606.ENSP00000341885,RPS2,SERBP1,0.994
9606.ENSP00000341885,RPS2,H3BNC9_HUMAN,0.994
9606.ENSP00000341885,RPS2,EIF3B,0.994
9606.ENSP00000341885,RPS2,EIF5B,0.993
9606.ENSP00000341885,RPS2,EIF3A,0.993
9606.ENSP00000341885,RPS2,RPS27L,0.993
9606.ENSP00000341885,RPS2,EIF1AX,0.992
9606.ENSP00000341885,RPS2,TSR1,0.992
9606.ENSP00000341885,RPS2,PRMT3,0.992
9606.ENSP00000341885,RPS2,RPL3L,0.991
9606.ENSP00000341885,RPS2,NOB1,0.99
9606.ENSP00000341885,RPS2,RIOK1,0.989
9606.ENSP00000341885,RPS2,BUD23,0.987
9606.ENSP00000341885,RPS2,EIF5A,0.987
9606.ENSP00000341885,RPS2,EIF3E,0.987
9606.ENSP00000341885,RPS2,RPS4Y2,0.987
9606.ENSP00000341885,RPS2,TUFM,0.987
9606.ENSP00000341885,RPS2,MRPL12,0.987
9606.ENSP00000341885,RPS2,EEF1G,0.986
9606.ENSP00000341885,RPS2,EIF3J,0.985
9606.ENSP00000341885,RPS2,RPL7L1,0.984
9606.ENSP00000341885,RPS2,EEF1B2,0.984
9606.ENSP00000341885,RPS2,MRPL17,0.983
9606.ENSP00000341885,RPS2,MRPS9,0.983
9606.ENSP00000341885,RPS2,MRPL33,0.983
9606.ENSP00000341885,RPS2,MRPL36,0.983
9606.ENSP00000341885,RPS2,EIF3D,0.982
9606.ENSP00000341885,RPS2,MRPS16,0.982
9606.ENSP00000341885,RPS2,MRPL21,0.982
9606.ENSP00000341885,RPS2,MRPL27,0.981
9606.ENSP00000341885,RPS2,FLT3LG,0.981
9606.ENSP00000341885,RPS2,MRPL9,0.981
9606.ENSP00000341885,RPS2,MRPS6,0.981
9606.ENSP00000341885,RPS2,CD74,0.981
9606.ENSP00000341885,RPS2,MRNIP,0.98
9606.ENSP00000341885,RPS2,MRPL20,0.98
9606.ENSP00000341885,RPS2,EIF1,0.98
9606.ENSP00000341885,RPS2,PNO1,0.98
9606.ENSP00000341885,RPS2,EIF3G,0.979
9606.ENSP00000341885,RPS2,MED1,0.979
9606.ENSP00000341885,RPS2,FANCE,0.978
9606.ENSP00000341885,RPS2,EIF3C,0.978
9606.ENSP00000341885,RPS2,DOCK4,0.977
9606.ENSP00000341885,RPS2,SEC61A1,0.977
9606.ENSP00000341885,RPS2,IMP3,0.976
9606.ENSP00000341885,RPS2,WDR31,0.975
9606.ENSP00000341885,RPS2,MRPL32,0.975
9606.ENSP00000341885,RPS2,RSRC1,0.974
9606.ENSP00000341885,RPS2,ABCE1,0.973
9606.ENSP00000341885,RPS2,CXorf66,0.973
9606.ENSP00000341885,RPS2,PA2G4,0.972
9606.ENSP00000341885,RPS2,EIF3M,0.97
9606.ENSP00000341885,RPS2,EIF3K,0.969
9606.ENSP00000341885,RPS2,EIF5,0.969
9606.ENSP00000341885,RPS2,EDF1,0.968
9606.ENSP00000341885,RPS2,EIF3F,0.968
9606.ENSP00000341885,RPS2,MRPS11,0.967
9606.ENSP00000341885,RPS2,MRPL19,0.966
9606.ENSP00000341885,RPS2,IFI35,0.966
9606.ENSP00000341885,RPS2,RSAD1,0.966
9606.ENSP00000341885,RPS2,EEFSEC,0.965
9606.ENSP00000341885,RPS2,SRP54,0.964
9606.ENSP00000341885,RPS2,ETF1,0.964
9606.ENSP00000341885,RPS2,RPL39L,0.961
9606.ENSP00000341885,RPS2,EIF1AY,0.96
9606.ENSP00000341885,RPS2,MRPS10,0.959
9606.ENSP00000341885,RPS2,AKNAD1,0.958
9606.ENSP00000341885,RPS2,TPT1,0.956
9606.ENSP00000341885,RPS2,EIF3L,0.955
9606.ENSP00000341885,RPS2,MRTO4,0.952
9606.ENSP00000341885,RPS2,EIF4A1,0.952
9606.ENSP00000341885,RPS2,ARL6IP1,0.951
9606.ENSP00000341885,RPS2,MRPS7,0.95
9606.ENSP00000341885,RPS2,GCN1,0.948
9606.ENSP00000341885,RPS2,CCDC105,0.948
9606.ENSP00000341885,RPS2,RPL36A-HNRNPH2,0.947
9606.ENSP00000341885,RPS2,H3BN98_HUMAN,0.946
9606.ENSP00000341885,RPS2,POLR2C,0.946
9606.ENSP00000341885,RPS2,MRPS12,0.944
9606.ENSP00000341885,RPS2,NPSR1,0.943
9606.ENSP00000341885,RPS2,RPP38,0.943
9606.ENSP00000341885,RPS2,RPL22L1,0.943
9606.ENSP00000341885,RPS2,MRRF,0.934
9606.ENSP00000341885,RPS2,MRPL4,0.93
9606.ENSP00000341885,RPS2,GSPT1,0.928
9606.ENSP00000341885,RPS2,MRPS2,0.927
9606.ENSP00000341885,RPS2,DENR,0.925
9606.ENSP00000341885,RPS2,NSA2,0.925
9606.ENSP00000341885,RPS2,MRPS14,0.923
9606.ENSP00000341885,RPS2,MRPS35,0.922
9606.ENSP00000341885,RPS2,POLR1C,0.92
9606.ENSP00000341885,RPS2,CUL7,0.919
9606.ENSP00000341885,RPS2,EIF3H,0.919
9606.ENSP00000341885,RPS2,GFM1,0.918
9606.ENSP00000341885,RPS2,HMGN1,0.916
9606.ENSP00000341885,RPS2,KRR1,0.916
9606.ENSP00000341885,RPS2,HMGN2,0.915
9606.ENSP00000341885,RPS2,PPP1R26,0.915
9606.ENSP00000341885,RPS2,MTIF2,0.912
9606.ENSP00000341885,RPS2,MRPL1,0.912
9606.ENSP00000341885,RPS2,EIF5AL1,0.911
9606.ENSP00000341885,RPS2,EIF5A2,0.911
9606.ENSP00000341885,RPS2,ATP5F1A,0.91
9606.ENSP00000341885,RPS2,HBA1,0.908
9606.ENSP00000341885,RPS2,MRPL22,0.906
9606.ENSP00000341885,RPS2,MRPL3,0.906
9606.ENSP00000341885,RPS2,HBA2,0.905
9606.ENSP00000341885,RPS2,HMGN4,0.905
9606.ENSP00000341885,RPS2,SNU13,0.903
9606.ENSP00000341885,RPS2,RRP12,0.903
9606.ENSP00000341885,RPS2,MRPL47,0.902
9606.ENSP00000341885,RPS2,CCDC124,0.901
9606.ENSP00000341885,RPS2,HBS1L,0.9
9606.ENSP00000341885,RPS2,HABP4,0.9
9606.ENSP00000343445,SERPINB4,SERPINB3,0.999
9606.ENSP00000343445,SERPINB4,CTSG,0.973
9606.ENSP00000343656,RAPGEF5,RAP1A,0.986
9606.ENSP00000343656,RAPGEF5,MRAS,0.984
9606.ENSP00000343656,RAPGEF5,RAP1B,0.945
9606.ENSP00000343656,RAPGEF5,HRAS,0.942
9606.ENSP00000343656,RAPGEF5,RRAS,0.92
9606.ENSP00000343656,RAPGEF5,RRAS2,0.916
9606.ENSP00000343656,RAPGEF5,NRAS,0.913
9606.ENSP00000343656,RAPGEF5,KRAS,0.911
9606.ENSP00000343896,SMARCA4,SMARCE1,0.999
9606.ENSP00000343896,SMARCA4,ACTL6A,0.999
9606.ENSP00000343896,SMARCA4,ARID1A,0.999
9606.ENSP00000343896,SMARCA4,SMARCD1,0.999
9606.ENSP00000343896,SMARCA4,SMARCD3,0.999
9606.ENSP00000343896,SMARCA4,SMARCC1,0.999
9606.ENSP00000343896,SMARCA4,ARID1B,0.999
9606.ENSP00000343896,SMARCA4,SMARCD2,0.999
9606.ENSP00000343896,SMARCA4,ACTB,0.999
9606.ENSP00000343896,SMARCA4,DPF2,0.999
9606.ENSP00000343896,SMARCA4,PHF10,0.999
9606.ENSP00000343896,SMARCA4,HDAC2,0.999
9606.ENSP00000343896,SMARCA4,PBRM1,0.999
9606.ENSP00000343896,SMARCA4,SMARCC2,0.999
9606.ENSP00000343896,SMARCA4,SMARCA2,0.999
9606.ENSP00000343896,SMARCA4,ARID2,0.999
9606.ENSP00000343896,SMARCA4,SMARCB1,0.999
9606.ENSP00000343896,SMARCA4,BRD7,0.999
9606.ENSP00000343896,SMARCA4,BANF1,0.998
9606.ENSP00000343896,SMARCA4,BRD9,0.998
9606.ENSP00000343896,SMARCA4,CTNNB1,0.998
9606.ENSP00000343896,SMARCA4,BCL7A,0.997
9606.ENSP00000343896,SMARCA4,SS18,0.996
9606.ENSP00000343896,SMARCA4,PARP1,0.996
9606.ENSP00000343896,SMARCA4,H3C12,0.995
9606.ENSP00000343896,SMARCA4,BCL7C,0.994
9606.ENSP00000343896,SMARCA4,TP53,0.993
9606.ENSP00000343896,SMARCA4,BCL7B,0.993
9606.ENSP00000343896,SMARCA4,BICRA,0.99
9606.ENSP00000343896,SMARCA4,H4C6,0.99
9606.ENSP00000343896,SMARCA4,DPF3,0.99
9606.ENSP00000343896,SMARCA4,TERT,0.99
9606.ENSP00000343896,SMARCA4,HDAC1,0.989
9606.ENSP00000343896,SMARCA4,DPF1,0.987
9606.ENSP00000343896,SMARCA4,H3-3B,0.983
9606.ENSP00000343896,SMARCA4,BRCA1,0.983
9606.ENSP00000343896,SMARCA4,ACTL6B,0.98
9606.ENSP00000343896,SMARCA4,RB1,0.979
9606.ENSP00000343896,SMARCA4,PRMT5,0.977
9606.ENSP00000343896,SMARCA4,MYC,0.974
9606.ENSP00000343896,SMARCA4,BICRAL,0.974
9606.ENSP00000343896,SMARCA4,KDM3A,0.972
9606.ENSP00000343896,SMARCA4,H3C1,0.97
9606.ENSP00000343896,SMARCA4,EP300,0.969
9606.ENSP00000343896,SMARCA4,BCL11B,0.967
9606.ENSP00000343896,SMARCA4,H3-4,0.966
9606.ENSP00000343896,SMARCA4,CHD4,0.966
9606.ENSP00000343896,SMARCA4,PPARG,0.966
9606.ENSP00000343896,SMARCA4,ZEB1,0.962
9606.ENSP00000343896,SMARCA4,H2BC21,0.961
9606.ENSP00000343896,SMARCA4,SMARCA1,0.958
9606.ENSP00000343896,SMARCA4,MYOD1,0.957
9606.ENSP00000343896,SMARCA4,BRD4,0.957
9606.ENSP00000343896,SMARCA4,DNMT3A,0.957
9606.ENSP00000343896,SMARCA4,BCL11A,0.956
9606.ENSP00000343896,SMARCA4,H3C3,0.95
9606.ENSP00000343896,SMARCA4,H3C6,0.949
9606.ENSP00000343896,SMARCA4,BRWD1,0.949
9606.ENSP00000343896,SMARCA4,SIN3A,0.948
9606.ENSP00000343896,SMARCA4,KAT2A,0.947
9606.ENSP00000343896,SMARCA4,H3C13,0.946
9606.ENSP00000343896,SMARCA4,KAT2B,0.946
9606.ENSP00000343896,SMARCA4,CREBBP,0.944
9606.ENSP00000343896,SMARCA4,H3C2,0.944
9606.ENSP00000343896,SMARCA4,SOX10,0.937
9606.ENSP00000343896,SMARCA4,H3-5,0.936
9606.ENSP00000343896,SMARCA4,HDAC9,0.935
9606.ENSP00000343896,SMARCA4,KDM6B,0.935
9606.ENSP00000343896,SMARCA4,H3C8,0.933
9606.ENSP00000343896,SMARCA4,H3C10,0.932
9606.ENSP00000343896,SMARCA4,H3C4,0.931
9606.ENSP00000343896,SMARCA4,H3C7,0.931
9606.ENSP00000343896,SMARCA4,H3C11,0.931
9606.ENSP00000343896,SMARCA4,H3-3A,0.93
9606.ENSP00000343896,SMARCA4,H4C2,0.93
9606.ENSP00000343896,SMARCA4,H4C3,0.93
9606.ENSP00000343896,SMARCA4,H4C13,0.93
9606.ENSP00000343896,SMARCA4,H4C8,0.929
9606.ENSP00000343896,SMARCA4,H4C11,0.929
9606.ENSP00000343896,SMARCA4,POLR2A,0.929
9606.ENSP00000343896,SMARCA4,H4C5,0.929
9606.ENSP00000343896,SMARCA4,H4-16,0.929
9606.ENSP00000343896,SMARCA4,H4C9,0.929
9606.ENSP00000343896,SMARCA4,H4C15,0.929
9606.ENSP00000343896,SMARCA4,H4C4,0.929
9606.ENSP00000343896,SMARCA4,H4C14,0.929
9606.ENSP00000343896,SMARCA4,H4C1,0.929
9606.ENSP00000343896,SMARCA4,H4C12,0.929
9606.ENSP00000343896,SMARCA4,FANCA,0.925
9606.ENSP00000343896,SMARCA4,NR3C1,0.924
9606.ENSP00000343896,SMARCA4,CBX5,0.923
9606.ENSP00000343896,SMARCA4,STK11,0.92
9606.ENSP00000343896,SMARCA4,VHL,0.917
9606.ENSP00000343896,SMARCA4,H3-2,0.913
9606.ENSP00000343896,SMARCA4,NKX2-5,0.91
9606.ENSP00000343896,SMARCA4,EZH2,0.909
9606.ENSP00000343896,SMARCA4,ATF3,0.908
9606.ENSP00000343896,SMARCA4,SMARCA5,0.908
9606.ENSP00000344458,PROZ,SERPINA10,0.996
9606.ENSP00000344547,PTMA,KEAP1,0.993
9606.ENSP00000344547,PTMA,H1-0,0.991
9606.ENSP00000344547,PTMA,PTMS,0.991
9606.ENSP00000345193,SHANK2,DLG4,0.993
9606.ENSP00000345193,SHANK2,DLGAP1,0.981
9606.ENSP00000345193,SHANK2,SHANK3,0.98
9606.ENSP00000345193,SHANK2,CTTN,0.969
9606.ENSP00000345193,SHANK2,DLGAP2,0.969
9606.ENSP00000345193,SHANK2,SHANK1,0.968
9606.ENSP00000345193,SHANK2,NLGN4X,0.964
9606.ENSP00000345193,SHANK2,NLGN3,0.958
9606.ENSP00000345193,SHANK2,HOMER1,0.937
9606.ENSP00000345193,SHANK2,DLGAP3,0.917
9606.ENSP00000345193,SHANK2,NRXN1,0.914
9606.ENSP00000345193,SHANK2,NLGN1,0.914
9606.ENSP00000345193,SHANK2,HCLS1,0.902
9606.ENSP00000345206,RBPJ,MAML3,0.999
9606.ENSP00000345206,RBPJ,MAML1,0.999
9606.ENSP00000345206,RBPJ,MAML2,0.999
9606.ENSP00000345206,RBPJ,NOTCH1,0.999
9606.ENSP00000345206,RBPJ,NCOR2,0.998
9606.ENSP00000345206,RBPJ,NOTCH2,0.998
9606.ENSP00000345206,RBPJ,NOTCH3,0.998
9606.ENSP00000345206,RBPJ,KAT2B,0.992
9606.ENSP00000345206,RBPJ,CIR1,0.989
9606.ENSP00000345206,RBPJ,NOTCH4,0.988
9606.ENSP00000345206,RBPJ,KAT2A,0.988
9606.ENSP00000345206,RBPJ,PTF1A,0.987
9606.ENSP00000345206,RBPJ,FHL1,0.986
9606.ENSP00000345206,RBPJ,HDAC1,0.986
9606.ENSP00000345206,RBPJ,SNW1,0.981
9606.ENSP00000345206,RBPJ,EP300,0.98
9606.ENSP00000345206,RBPJ,SPEN,0.973
9606.ENSP00000345206,RBPJ,CTNNB1,0.971
9606.ENSP00000345206,RBPJ,HDAC2,0.969
9606.ENSP00000345206,RBPJ,CTBP1,0.969
9606.ENSP00000345206,RBPJ,ATXN1,0.967
9606.ENSP00000345206,RBPJ,GNLY,0.965
9606.ENSP00000345206,RBPJ,ATXN1L,0.964
9606.ENSP00000345206,RBPJ,SIN3A,0.963
9606.ENSP00000345206,RBPJ,NRARP,0.96
9606.ENSP00000345206,RBPJ,NCOR1,0.958
9606.ENSP00000345206,RBPJ,SAP30,0.952
9606.ENSP00000345206,RBPJ,HES1,0.946
9606.ENSP00000345206,RBPJ,CTBP2,0.94
9606.ENSP00000345206,RBPJ,CREBBP,0.939
9606.ENSP00000345206,RBPJ,JAG1,0.938
9606.ENSP00000345206,RBPJ,TBP,0.936
9606.ENSP00000345206,RBPJ,RBPJL,0.93
9606.ENSP00000345206,RBPJ,DLL1,0.924
9606.ENSP00000345206,RBPJ,HEY1,0.919
9606.ENSP00000345206,RBPJ,TBPL1,0.908
9606.ENSP00000345206,RBPJ,SAP30L,0.906
9606.ENSP00000345206,RBPJ,DLL4,0.905
9606.ENSP00000345206,RBPJ,TBPL2,0.905
9606.ENSP00000345206,RBPJ,HEY2,0.9
9606.ENSP00000345445,SAMM50,CHCHD3,0.999
9606.ENSP00000345445,SAMM50,TOMM40,0.999
9606.ENSP00000345445,SAMM50,IMMT,0.999
9606.ENSP00000345445,SAMM50,MTX2,0.999
9606.ENSP00000345445,SAMM50,MTX1,0.998
9606.ENSP00000345445,SAMM50,TOMM22,0.997
9606.ENSP00000345445,SAMM50,MTX3,0.993
9606.ENSP00000345445,SAMM50,DNAJC11,0.975
9606.ENSP00000345445,SAMM50,CHCHD6,0.972
9606.ENSP00000345445,SAMM50,MICOS10,0.966
9606.ENSP00000345445,SAMM50,TOMM20,0.963
9606.ENSP00000345445,SAMM50,APOOL,0.959
9606.ENSP00000345445,SAMM50,TOMM40L,0.95
9606.ENSP00000345445,SAMM50,MICOS13,0.945
9606.ENSP00000345445,SAMM50,APOO,0.943
9606.ENSP00000345445,SAMM50,TOMM70,0.938
9606.ENSP00000345445,SAMM50,PNPLA3,0.928
9606.ENSP00000345445,SAMM50,VDAC1,0.91
9606.ENSP00000345445,SAMM50,MBTPS2,0.906
9606.ENSP00000345492,SH2B3,JAK2,0.988
9606.ENSP00000345492,SH2B3,GRB2,0.972
9606.ENSP00000345492,SH2B3,NTRK3,0.927
9606.ENSP00000345492,SH2B3,SH2B1,0.916
9606.ENSP00000345492,SH2B3,NTRK1,0.916
9606.ENSP00000345492,SH2B3,NTRK2,0.905
9606.ENSP00000345873,SLC26A3,SLC9A3R1,0.942
9606.ENSP00000345873,SLC26A3,CALM3,0.911
9606.ENSP00000345873,SLC26A3,PDZK1,0.908
9606.ENSP00000345873,SLC26A3,SLC9A3,0.904
9606.ENSP00000345873,SLC26A3,CALM2,0.903
9606.ENSP00000345873,SLC26A3,CALM1,0.903
9606.ENSP00000346050,RPS3A,RPL27A,0.999
9606.ENSP00000346050,RPS3A,RPS10,0.999
9606.ENSP00000346050,RPS3A,RPL7A,0.999
9606.ENSP00000346050,RPS3A,RPL6,0.999
9606.ENSP00000346050,RPS3A,RPL36,0.999
9606.ENSP00000346050,RPS3A,RPL13,0.999
9606.ENSP00000346050,RPS3A,RPL7,0.999
9606.ENSP00000346050,RPS3A,RPS21,0.999
9606.ENSP00000346050,RPS3A,RPL9,0.999
9606.ENSP00000346050,RPS3A,RPL18,0.999
9606.ENSP00000346050,RPS3A,H3BNC9_HUMAN,0.999
9606.ENSP00000346050,RPS3A,RPL11,0.999
9606.ENSP00000346050,RPS3A,RPS24,0.999
9606.ENSP00000346050,RPS3A,RPL34,0.999
9606.ENSP00000346050,RPS3A,RPS18,0.999
9606.ENSP00000346050,RPS3A,RPL10,0.999
9606.ENSP00000346050,RPS3A,RPS12,0.999
9606.ENSP00000346050,RPS3A,RPL19,0.999
9606.ENSP00000346050,RPS3A,RPS16,0.999
9606.ENSP00000346050,RPS3A,RPL5,0.999
9606.ENSP00000346050,RPS3A,RACK1,0.999
9606.ENSP00000346050,RPS3A,RPL15,0.999
9606.ENSP00000346050,RPS3A,RPL35,0.999
9606.ENSP00000346050,RPS3A,RPSA,0.999
9606.ENSP00000346050,RPS3A,RPL23,0.999
9606.ENSP00000346050,RPS3A,RPS19,0.999
9606.ENSP00000346050,RPS3A,RPS28,0.999
9606.ENSP00000346050,RPS3A,RPS5,0.999
9606.ENSP00000346050,RPS3A,RPLP1,0.999
9606.ENSP00000346050,RPS3A,RPL4,0.999
9606.ENSP00000346050,RPS3A,RPS4X,0.999
9606.ENSP00000346050,RPS3A,RPS7,0.999
9606.ENSP00000346050,RPS3A,RPL30,0.999
9606.ENSP00000346050,RPS3A,RPS17,0.999
9606.ENSP00000346050,RPS3A,UBA52,0.999
9606.ENSP00000346050,RPS3A,RPS6,0.999
9606.ENSP00000346050,RPS3A,RPL26,0.999
9606.ENSP00000346050,RPS3A,RPL24,0.999
9606.ENSP00000346050,RPS3A,RPL37A,0.999
9606.ENSP00000346050,RPS3A,RPS8,0.999
9606.ENSP00000346050,RPS3A,RPS15,0.999
9606.ENSP00000346050,RPS3A,RPS2,0.999
9606.ENSP00000346050,RPS3A,RPL23A,0.999
9606.ENSP00000346050,RPS3A,RPL17,0.999
9606.ENSP00000346050,RPS3A,RPL8,0.999
9606.ENSP00000346050,RPS3A,RPS20,0.999
9606.ENSP00000346050,RPS3A,RPL10A,0.999
9606.ENSP00000346050,RPS3A,RPS25,0.999
9606.ENSP00000346050,RPS3A,RPL35A,0.999
9606.ENSP00000346050,RPS3A,RPL37,0.999
9606.ENSP00000346050,RPS3A,RPL3,0.999
9606.ENSP00000346050,RPS3A,RPL31,0.999
9606.ENSP00000346050,RPS3A,RPL28,0.999
9606.ENSP00000346050,RPS3A,RPS27,0.999
9606.ENSP00000346050,RPS3A,RPS11,0.999
9606.ENSP00000346050,RPS3A,RPS29,0.999
9606.ENSP00000346050,RPS3A,NACA,0.999
9606.ENSP00000346050,RPS3A,RPL14,0.999
9606.ENSP00000346050,RPS3A,EIF2S1,0.999
9606.ENSP00000346050,RPS3A,RPL21,0.999
9606.ENSP00000346050,RPS3A,EEF2,0.999
9606.ENSP00000346050,RPS3A,RPS26,0.999
9606.ENSP00000346050,RPS3A,RPL18A,0.999
9606.ENSP00000346050,RPS3A,RPS23,0.999
9606.ENSP00000346050,RPS3A,RPL38,0.999
9606.ENSP00000346050,RPS3A,RPL39,0.999
9606.ENSP00000346050,RPS3A,RPL13A,0.999
9606.ENSP00000346050,RPS3A,RPS9,0.999
9606.ENSP00000346050,RPS3A,RPS15A,0.999
9606.ENSP00000346050,RPS3A,RPS14,0.999
9606.ENSP00000346050,RPS3A,RPLP2,0.999
9606.ENSP00000346050,RPS3A,RPL12,0.999
9606.ENSP00000346050,RPS3A,RPS3,0.999
9606.ENSP00000346050,RPS3A,RPS13,0.999
9606.ENSP00000346050,RPS3A,RPS27A,0.999
9606.ENSP00000346050,RPS3A,RPLP0,0.999
9606.ENSP00000346050,RPS3A,RPL32,0.999
9606.ENSP00000346050,RPS3A,RPL22,0.999
9606.ENSP00000346050,RPS3A,RPL29,0.999
9606.ENSP00000346050,RPS3A,RPL27,0.999
9606.ENSP00000346050,RPS3A,FAU,0.999
9606.ENSP00000346050,RPS3A,RPL26L1,0.998
9606.ENSP00000346050,RPS3A,RPL10L,0.998
9606.ENSP00000346050,RPS3A,IMP3,0.997
9606.ENSP00000346050,RPS3A,EEF1A1,0.997
9606.ENSP00000346050,RPS3A,RPL36AL,0.997
9606.ENSP00000346050,RPS3A,RPS10-NUDT3,0.996
9606.ENSP00000346050,RPS3A,RPS4Y1,0.996
9606.ENSP00000346050,RPS3A,RPL36A,0.996
9606.ENSP00000346050,RPS3A,RPS27L,0.995
9606.ENSP00000346050,RPS3A,RPL17-C18orf32,0.995
9606.ENSP00000346050,RPS3A,SNU13,0.995
9606.ENSP00000346050,RPS3A,EIF3A,0.994
9606.ENSP00000346050,RPS3A,KRR1,0.994
9606.ENSP00000346050,RPS3A,EEF1G,0.994
9606.ENSP00000346050,RPS3A,NOB1,0.994
9606.ENSP00000346050,RPS3A,BMS1,0.994
9606.ENSP00000346050,RPS3A,HEATR1,0.993
9606.ENSP00000346050,RPS3A,WDR43,0.993
9606.ENSP00000346050,RPS3A,NOL6,0.993
9606.ENSP00000346050,RPS3A,BYSL,0.992
9606.ENSP00000346050,RPS3A,UTP6,0.992
9606.ENSP00000346050,RPS3A,EIF2S3,0.992
9606.ENSP00000346050,RPS3A,NOC4L,0.991
9606.ENSP00000346050,RPS3A,EIF2S2,0.991
9606.ENSP00000346050,RPS3A,NOP58,0.99
9606.ENSP00000346050,RPS3A,SERBP1,0.99
9606.ENSP00000346050,RPS3A,NOP56,0.99
9606.ENSP00000346050,RPS3A,AATF,0.99
9606.ENSP00000346050,RPS3A,EIF3E,0.99
9606.ENSP00000346050,RPS3A,EIF5A,0.99
9606.ENSP00000346050,RPS3A,UTP14A,0.989
9606.ENSP00000346050,RPS3A,WDR46,0.989
9606.ENSP00000346050,RPS3A,EIF3B,0.989
9606.ENSP00000346050,RPS3A,EIF3I,0.989
9606.ENSP00000346050,RPS3A,EMG1,0.989
9606.ENSP00000346050,RPS3A,EEF1B2,0.988
9606.ENSP00000346050,RPS3A,RPS4Y2,0.987
9606.ENSP00000346050,RPS3A,UTP4,0.987
9606.ENSP00000346050,RPS3A,UTP15,0.986
9606.ENSP00000346050,RPS3A,FBL,0.986
9606.ENSP00000346050,RPS3A,EIF3C,0.986
9606.ENSP00000346050,RPS3A,UTP3,0.986
9606.ENSP00000346050,RPS3A,RCL1,0.986
9606.ENSP00000346050,RPS3A,WDR36,0.986
9606.ENSP00000346050,RPS3A,TPT1,0.986
9606.ENSP00000346050,RPS3A,DCAF13,0.985
9606.ENSP00000346050,RPS3A,WDR75,0.985
9606.ENSP00000346050,RPS3A,MPHOSPH10,0.985
9606.ENSP00000346050,RPS3A,UTP18,0.985
9606.ENSP00000346050,RPS3A,RRP7A,0.985
9606.ENSP00000346050,RPS3A,UTP20,0.984
9606.ENSP00000346050,RPS3A,NSA2,0.983
9606.ENSP00000346050,RPS3A,RPL7L1,0.983
9606.ENSP00000346050,RPS3A,ABCE1,0.983
9606.ENSP00000346050,RPS3A,EIF3D,0.983
9606.ENSP00000346050,RPS3A,WDR3,0.983
9606.ENSP00000346050,RPS3A,TBL3,0.983
9606.ENSP00000346050,RPS3A,NAT10,0.982
9606.ENSP00000346050,RPS3A,FCF1,0.982
9606.ENSP00000346050,RPS3A,RRP9,0.982
9606.ENSP00000346050,RPS3A,UTP11,0.982
9606.ENSP00000346050,RPS3A,CXorf66,0.981
9606.ENSP00000346050,RPS3A,NOL10,0.981
9606.ENSP00000346050,RPS3A,LTV1,0.981
9606.ENSP00000346050,RPS3A,IMP4,0.981
9606.ENSP00000346050,RPS3A,RSRC1,0.981
9606.ENSP00000346050,RPS3A,PWP2,0.981
9606.ENSP00000346050,RPS3A,PNO1,0.98
9606.ENSP00000346050,RPS3A,CD74,0.98
9606.ENSP00000346050,RPS3A,MRNIP,0.98
9606.ENSP00000346050,RPS3A,MRPS5,0.98
9606.ENSP00000346050,RPS3A,EIF5,0.979
9606.ENSP00000346050,RPS3A,IFI35,0.979
9606.ENSP00000346050,RPS3A,RPL3L,0.979
9606.ENSP00000346050,RPS3A,RPL22L1,0.978
9606.ENSP00000346050,RPS3A,MRPS10,0.978
9606.ENSP00000346050,RPS3A,FLT3LG,0.978
9606.ENSP00000346050,RPS3A,DOCK4,0.978
9606.ENSP00000346050,RPS3A,RPL39L,0.978
9606.ENSP00000346050,RPS3A,EIF1AX,0.978
9606.ENSP00000346050,RPS3A,MRTO4,0.977
9606.ENSP00000346050,RPS3A,MRPS11,0.977
9606.ENSP00000346050,RPS3A,MRPS12,0.977
9606.ENSP00000346050,RPS3A,EEFSEC,0.977
9606.ENSP00000346050,RPS3A,EIF1,0.977
9606.ENSP00000346050,RPS3A,NGDN,0.976
9606.ENSP00000346050,RPS3A,RSAD1,0.976
9606.ENSP00000346050,RPS3A,EIF5B,0.976
9606.ENSP00000346050,RPS3A,RIOK2,0.976
9606.ENSP00000346050,RPS3A,DNTTIP2,0.976
9606.ENSP00000346050,RPS3A,MED1,0.975
9606.ENSP00000346050,RPS3A,FANCE,0.975
9606.ENSP00000346050,RPS3A,MRPL13,0.973
9606.ENSP00000346050,RPS3A,WDR31,0.973
9606.ENSP00000346050,RPS3A,CUL7,0.972
9606.ENSP00000346050,RPS3A,NOP14,0.971
9606.ENSP00000346050,RPS3A,MRPS7,0.97
9606.ENSP00000346050,RPS3A,EIF3F,0.97
9606.ENSP00000346050,RPS3A,EIF3L,0.968
9606.ENSP00000346050,RPS3A,EIF4A1,0.968
9606.ENSP00000346050,RPS3A,CCDC105,0.967
9606.ENSP00000346050,RPS3A,MRPS15,0.967
9606.ENSP00000346050,RPS3A,MRPL2,0.966
9606.ENSP00000346050,RPS3A,EIF3K,0.966
9606.ENSP00000346050,RPS3A,MRPL1,0.965
9606.ENSP00000346050,RPS3A,EIF3M,0.965
9606.ENSP00000346050,RPS3A,RPL36A-HNRNPH2,0.965
9606.ENSP00000346050,RPS3A,EPRS1,0.965
9606.ENSP00000346050,RPS3A,MRPL24,0.964
9606.ENSP00000346050,RPS3A,MRPL22,0.963
9606.ENSP00000346050,RPS3A,DENR,0.962
9606.ENSP00000346050,RPS3A,MRPS14,0.961
9606.ENSP00000346050,RPS3A,EIF3G,0.961
9606.ENSP00000346050,RPS3A,ARL6IP1,0.96
9606.ENSP00000346050,RPS3A,MRPL4,0.958
9606.ENSP00000346050,RPS3A,H3BN98_HUMAN,0.958
9606.ENSP00000346050,RPS3A,MRPL3,0.953
9606.ENSP00000346050,RPS3A,TSR1,0.95
9606.ENSP00000346050,RPS3A,EIF3J,0.949
9606.ENSP00000346050,RPS3A,AKNAD1,0.948
9606.ENSP00000346050,RPS3A,NPSR1,0.946
9606.ENSP00000346050,RPS3A,ETF1,0.945
9606.ENSP00000346050,RPS3A,EDF1,0.941
9606.ENSP00000346050,RPS3A,BUD23,0.939
9606.ENSP00000346050,RPS3A,TEX48,0.935
9606.ENSP00000346050,RPS3A,EFTUD2,0.934
9606.ENSP00000346050,RPS3A,EIF5A2,0.933
9606.ENSP00000346050,RPS3A,PA2G4,0.931
9606.ENSP00000346050,RPS3A,EIF5AL1,0.929
9606.ENSP00000346050,RPS3A,EEF1D,0.928
9606.ENSP00000346050,RPS3A,HMGN2,0.927
9606.ENSP00000346050,RPS3A,GSPT1,0.927
9606.ENSP00000346050,RPS3A,DIMT1,0.925
9606.ENSP00000346050,RPS3A,HMGN1,0.923
9606.ENSP00000346050,RPS3A,RSL1D1,0.921
9606.ENSP00000346050,RPS3A,GFM1,0.92
9606.ENSP00000346050,RPS3A,EFL1,0.92
9606.ENSP00000346050,RPS3A,RPP38,0.919
9606.ENSP00000346050,RPS3A,HMGN4,0.916
9606.ENSP00000346050,RPS3A,BTF3,0.912
9606.ENSP00000346050,RPS3A,HBA1,0.911
9606.ENSP00000346050,RPS3A,EIF3H,0.911
9606.ENSP00000346050,RPS3A,MRPS2,0.911
9606.ENSP00000346050,RPS3A,DHX37,0.91
9606.ENSP00000346050,RPS3A,HBA2,0.91
9606.ENSP00000346050,RPS3A,SEC61B,0.909
9606.ENSP00000346050,RPS3A,RPS19BP1,0.909
9606.ENSP00000346050,RPS3A,MRPL16,0.908
9606.ENSP00000346050,RPS3A,PPP1R26,0.907
9606.ENSP00000346050,RPS3A,SMKR1,0.907
9606.ENSP00000346050,RPS3A,GCN1,0.904
9606.ENSP00000346050,RPS3A,MRPL11,0.902
9606.ENSP00000346088,RPL22,RPL30,0.999
9606.ENSP00000346088,RPL22,RPL4,0.999
9606.ENSP00000346088,RPL22,RPS20,0.999
9606.ENSP00000346088,RPL22,RPL23A,0.999
9606.ENSP00000346088,RPL22,RPL26,0.999
9606.ENSP00000346088,RPL22,RPS6,0.999
9606.ENSP00000346088,RPL22,RPS8,0.999
9606.ENSP00000346088,RPL22,RPL37A,0.999
9606.ENSP00000346088,RPL22,RPL24,0.999
9606.ENSP00000346088,RPL22,RPL9,0.999
9606.ENSP00000346088,RPL22,RPL18,0.999
9606.ENSP00000346088,RPL22,RPL7,0.999
9606.ENSP00000346088,RPL22,RPS24,0.999
9606.ENSP00000346088,RPL22,RPL11,0.999
9606.ENSP00000346088,RPL22,RPL6,0.999
9606.ENSP00000346088,RPL22,RPL36,0.999
9606.ENSP00000346088,RPL22,RPL27A,0.999
9606.ENSP00000346088,RPL22,RPL7A,0.999
9606.ENSP00000346088,RPL22,RPL13,0.999
9606.ENSP00000346088,RPL22,RACK1,0.999
9606.ENSP00000346088,RPL22,RPL15,0.999
9606.ENSP00000346088,RPL22,RPL35,0.999
9606.ENSP00000346088,RPL22,RPL23,0.999
9606.ENSP00000346088,RPL22,RPS19,0.999
9606.ENSP00000346088,RPL22,RPL19,0.999
9606.ENSP00000346088,RPL22,RPL5,0.999
9606.ENSP00000346088,RPL22,RPS18,0.999
9606.ENSP00000346088,RPL22,RPL34,0.999
9606.ENSP00000346088,RPL22,RPS14,0.999
9606.ENSP00000346088,RPL22,RPL13A,0.999
9606.ENSP00000346088,RPL22,RPL38,0.999
9606.ENSP00000346088,RPL22,RPS23,0.999
9606.ENSP00000346088,RPL22,RPS9,0.999
9606.ENSP00000346088,RPL22,RPL32,0.999
9606.ENSP00000346088,RPL22,RPL27,0.999
9606.ENSP00000346088,RPL22,RPL29,0.999
9606.ENSP00000346088,RPL22,RPS3A,0.999
9606.ENSP00000346088,RPL22,RPS13,0.999
9606.ENSP00000346088,RPL22,RPS11,0.999
9606.ENSP00000346088,RPL22,RPL35A,0.999
9606.ENSP00000346088,RPL22,RPL3,0.999
9606.ENSP00000346088,RPL22,RPL31,0.999
9606.ENSP00000346088,RPL22,RPL21,0.999
9606.ENSP00000346088,RPL22,RPL14,0.999
9606.ENSP00000346088,RPL22,RPS7,0.998
9606.ENSP00000346088,RPL22,RPL8,0.998
9606.ENSP00000346088,RPL22,RPS25,0.998
9606.ENSP00000346088,RPL22,RPL10A,0.998
9606.ENSP00000346088,RPL22,RPS15,0.998
9606.ENSP00000346088,RPL22,RPS2,0.998
9606.ENSP00000346088,RPL22,RPS21,0.998
9606.ENSP00000346088,RPL22,RPSA,0.998
9606.ENSP00000346088,RPL22,RPS16,0.998
9606.ENSP00000346088,RPL22,RPS12,0.998
9606.ENSP00000346088,RPL22,RPL12,0.998
9606.ENSP00000346088,RPL22,FAU,0.998
9606.ENSP00000346088,RPL22,RPS3,0.998
9606.ENSP00000346088,RPL22,RPL37,0.998
9606.ENSP00000346088,RPL22,RPS27,0.998
9606.ENSP00000346088,RPL22,RPL18A,0.998
9606.ENSP00000346088,RPL22,RPS26,0.998
9606.ENSP00000346088,RPL22,RPS17,0.997
9606.ENSP00000346088,RPL22,RPS5,0.997
9606.ENSP00000346088,RPL22,RPS4X,0.997
9606.ENSP00000346088,RPL22,RPS10,0.997
9606.ENSP00000346088,RPL22,RPLP0,0.997
9606.ENSP00000346088,RPL22,RPL28,0.997
9606.ENSP00000346088,RPL22,RPS29,0.997
9606.ENSP00000346088,RPL22,RPS28,0.996
9606.ENSP00000346088,RPL22,RPL17,0.996
9606.ENSP00000346088,RPL22,RPLP2,0.996
9606.ENSP00000346088,RPL22,RPL36A,0.996
9606.ENSP00000346088,RPL22,RPS27A,0.996
9606.ENSP00000346088,RPL22,RPL26L1,0.995
9606.ENSP00000346088,RPL22,RPS15A,0.995
9606.ENSP00000346088,RPL22,RPLP1,0.994
9606.ENSP00000346088,RPL22,RPL10,0.994
9606.ENSP00000346088,RPL22,RPL39,0.993
9606.ENSP00000346088,RPL22,UBA52,0.99
9606.ENSP00000346088,RPL22,EEF2,0.99
9606.ENSP00000346088,RPL22,RPL36AL,0.99
9606.ENSP00000346088,RPL22,RPL10L,0.987
9606.ENSP00000346088,RPL22,RPS10-NUDT3,0.98
9606.ENSP00000346088,RPL22,EIF6,0.978
9606.ENSP00000346088,RPL22,RSL24D1,0.978
9606.ENSP00000346088,RPL22,RPL17-C18orf32,0.977
9606.ENSP00000346088,RPL22,RPS4Y1,0.977
9606.ENSP00000346088,RPL22,PA2G4,0.976
9606.ENSP00000346088,RPL22,H3BNC9_HUMAN,0.976
9606.ENSP00000346088,RPL22,RPS27L,0.975
9606.ENSP00000346088,RPL22,SERBP1,0.972
9606.ENSP00000346088,RPL22,EEF1A1,0.968
9606.ENSP00000346088,RPL22,GTPBP4,0.962
9606.ENSP00000346088,RPL22,EIF5B,0.952
9606.ENSP00000346088,RPL22,RPL39L,0.937
9606.ENSP00000346088,RPL22,SEC61B,0.936
9606.ENSP00000346088,RPL22,BTF3,0.934
9606.ENSP00000346088,RPL22,RPL22L1,0.933
9606.ENSP00000346088,RPL22,SRP54,0.929
9606.ENSP00000346088,RPL22,NMD3,0.926
9606.ENSP00000346088,RPL22,EIF5A,0.92
9606.ENSP00000346088,RPL22,WDR31,0.919
9606.ENSP00000346088,RPL22,IFI35,0.919
9606.ENSP00000346088,RPL22,RPL3L,0.917
9606.ENSP00000346088,RPL22,GSPT1,0.915
9606.ENSP00000346088,RPL22,MRNIP,0.915
9606.ENSP00000346088,RPL22,RPL7L1,0.914
9606.ENSP00000346088,RPL22,SRP68,0.912
9606.ENSP00000346088,RPL22,SRP14,0.911
9606.ENSP00000346088,RPL22,RSAD1,0.909
9606.ENSP00000346088,RPL22,GNL2,0.909
9606.ENSP00000346088,RPL22,ETF1,0.909
9606.ENSP00000346088,RPL22,SRP9,0.907
9606.ENSP00000346088,RPL22,CD74,0.905
9606.ENSP00000346088,RPL22,MED1,0.905
9606.ENSP00000346088,RPL22,EEFSEC,0.905
9606.ENSP00000346088,RPL22,SRP19,0.903
9606.ENSP00000346088,RPL22,NACA,0.9
9606.ENSP00000346112,SLC12A6,STK39,0.92
9606.ENSP00000346175,SETDB2,PHF11,0.989
9606.ENSP00000346175,SETDB2,ARL14EP,0.946
9606.ENSP00000347942,RET,GFRA2,0.999
9606.ENSP00000347942,RET,GFRA1,0.999
9606.ENSP00000347942,RET,NRTN,0.999
9606.ENSP00000347942,RET,GFRA3,0.999
9606.ENSP00000347942,RET,ARTN,0.999
9606.ENSP00000347942,RET,GDNF,0.999
9606.ENSP00000347942,RET,GFRAL,0.998
9606.ENSP00000347942,RET,PSPN,0.996
9606.ENSP00000347942,RET,NCOA4,0.993
9606.ENSP00000347942,RET,CCDC6,0.989
9606.ENSP00000347942,RET,GFRA4,0.985
9606.ENSP00000347942,RET,SHC1,0.983
9606.ENSP00000347942,RET,GDF15,0.958
9606.ENSP00000347942,RET,GRB2,0.952
9606.ENSP00000347942,RET,DOK1,0.931
9606.ENSP00000347942,RET,GRB10,0.919
9606.ENSP00000347942,RET,FRS2,0.915
9606.ENSP00000347942,RET,PTCH1,0.915
9606.ENSP00000347942,RET,TMEM127,0.903
9606.ENSP00000347942,RET,SDHD,0.903
9606.ENSP00000348010,PRPF39,SNRPC,0.966
9606.ENSP00000348010,PRPF39,CDC5L,0.962
9606.ENSP00000348010,PRPF39,SNRPN,0.952
9606.ENSP00000348010,PRPF39,TRNAU1AP,0.947
9606.ENSP00000348010,PRPF39,RBM25,0.942
9606.ENSP00000348010,PRPF39,SF3B1,0.94
9606.ENSP00000348010,PRPF39,SNRNP70,0.939
9606.ENSP00000348010,PRPF39,SNRPD1,0.937
9606.ENSP00000348010,PRPF39,SNRPF,0.927
9606.ENSP00000348010,PRPF39,SNRPA1,0.927
9606.ENSP00000348010,PRPF39,LUC7L3,0.921
9606.ENSP00000348010,PRPF39,LUC7L,0.921
9606.ENSP00000348010,PRPF39,PRPF40B,0.918
9606.ENSP00000348461,RAC1,PAK1,0.999
9606.ENSP00000348461,RAC1,NCF2,0.999
9606.ENSP00000348461,RAC1,TRIO,0.994
9606.ENSP00000348461,RAC1,ARHGDIA,0.994
9606.ENSP00000348461,RAC1,ARFIP2,0.993
9606.ENSP00000348461,RAC1,PREX1,0.993
9606.ENSP00000348461,RAC1,CYFIP1,0.993
9606.ENSP00000348461,RAC1,NCKAP1,0.99
9606.ENSP00000348461,RAC1,IQGAP1,0.988
9606.ENSP00000348461,RAC1,PAK2,0.983
9606.ENSP00000348461,RAC1,NCF1,0.976
9606.ENSP00000348461,RAC1,DOCK1,0.975
9606.ENSP00000348461,RAC1,VAV1,0.972
9606.ENSP00000348461,RAC1,ABI2,0.966
9606.ENSP00000348461,RAC1,TIAM1,0.966
9606.ENSP00000348461,RAC1,BRK1,0.964
9606.ENSP00000348461,RAC1,BAIAP2,0.964
9606.ENSP00000348461,RAC1,KALRN,0.959
9606.ENSP00000348461,RAC1,ARHGEF7,0.957
9606.ENSP00000348461,RAC1,DOCK2,0.94
9606.ENSP00000348461,RAC1,PAK6,0.934
9606.ENSP00000348461,RAC1,PAK3,0.931
9606.ENSP00000348461,RAC1,VAV2,0.926
9606.ENSP00000348461,RAC1,NCF4,0.926
9606.ENSP00000348461,RAC1,IQGAP2,0.919
9606.ENSP00000348461,RAC1,RAC3,0.918
9606.ENSP00000348461,RAC1,PARD6A,0.91
9606.ENSP00000348461,RAC1,CAV1,0.908
9606.ENSP00000348461,RAC1,WASF1,0.906
9606.ENSP00000348645,PXDNL,PXDN,0.981
9606.ENSP00000348645,PXDNL,ALB,0.937
9606.ENSP00000348645,PXDNL,GAPDH,0.924
9606.ENSP00000348645,PXDNL,ACTB,0.924
9606.ENSP00000348645,PXDNL,CASP3,0.918
9606.ENSP00000349131,RSPO3,LGR4,0.999
9606.ENSP00000349131,RSPO3,ZNRF3,0.99
9606.ENSP00000349131,RSPO3,LGR5,0.987
9606.ENSP00000349131,RSPO3,RNF43,0.972
9606.ENSP00000349131,RSPO3,LGR6,0.958
9606.ENSP00000349748,SFPQ,NONO,0.999
9606.ENSP00000349748,SFPQ,PSPC1,0.999
9606.ENSP00000349748,SFPQ,RBM14,0.997
9606.ENSP00000349748,SFPQ,RBM14-RBM4,0.992
9606.ENSP00000349748,SFPQ,PTBP2,0.989
9606.ENSP00000349748,SFPQ,FUS,0.985
9606.ENSP00000349748,SFPQ,MATR3-2,0.984
9606.ENSP00000349748,SFPQ,PTBP1,0.975
9606.ENSP00000349748,SFPQ,MATR3,0.974
9606.ENSP00000349748,SFPQ,HNRNPA1,0.97
9606.ENSP00000349748,SFPQ,HNRNPM,0.968
9606.ENSP00000349748,SFPQ,U2AF1,0.943
9606.ENSP00000349748,SFPQ,HNRNPA2B1,0.939
9606.ENSP00000349748,SFPQ,HNRNPU,0.937
9606.ENSP00000349748,SFPQ,SIN3A,0.932
9606.ENSP00000349748,SFPQ,HNRNPC,0.926
9606.ENSP00000349748,SFPQ,TARDBP,0.923
9606.ENSP00000349748,SFPQ,HDAC1,0.921
9606.ENSP00000349748,SFPQ,HNRNPL,0.918
9606.ENSP00000349748,SFPQ,HNRNPK,0.913
9606.ENSP00000349748,SFPQ,HNRNPH1,0.913
9606.ENSP00000350036,SMC1B,SMC3,0.999
9606.ENSP00000350036,SMC1B,RAD21,0.999
9606.ENSP00000350036,SMC1B,REC8,0.999
9606.ENSP00000350036,SMC1B,RAD21L1,0.999
9606.ENSP00000350036,SMC1B,STAG3,0.999
9606.ENSP00000350036,SMC1B,STAG1,0.998
9606.ENSP00000350036,SMC1B,STAG2,0.997
9606.ENSP00000350036,SMC1B,ESPL1,0.976
9606.ENSP00000350036,SMC1B,SMC1A,0.948
9606.ENSP00000350036,SMC1B,SGO2,0.948
9606.ENSP00000350036,SMC1B,NIPBL,0.942
9606.ENSP00000350708,RAD23B,XPC,0.999
9606.ENSP00000350708,RAD23B,PSMD4,0.999
9606.ENSP00000350708,RAD23B,CETN2,0.999
9606.ENSP00000350708,RAD23B,ERCC1,0.998
9606.ENSP00000350708,RAD23B,NGLY1,0.997
9606.ENSP00000350708,RAD23B,ATXN3,0.997
9606.ENSP00000350708,RAD23B,XPA,0.997
9606.ENSP00000350708,RAD23B,ERCC4,0.99
9606.ENSP00000350708,RAD23B,ERCC5,0.981
9606.ENSP00000350708,RAD23B,ERCC2,0.975
9606.ENSP00000350708,RAD23B,UBC,0.97
9606.ENSP00000350708,RAD23B,UBE4B,0.969
9606.ENSP00000350708,RAD23B,ERCC3,0.968
9606.ENSP00000350708,RAD23B,ATXN3L,0.965
9606.ENSP00000350708,RAD23B,PSMC1,0.959
9606.ENSP00000350708,RAD23B,ERCC8,0.957
9606.ENSP00000350708,RAD23B,RAD23A,0.955
9606.ENSP00000350708,RAD23B,MSH6,0.955
9606.ENSP00000350708,RAD23B,PSMD2,0.953
9606.ENSP00000350708,RAD23B,LIG4,0.952
9606.ENSP00000350708,RAD23B,PSMD14,0.951
9606.ENSP00000350708,RAD23B,XRCC5,0.947
9606.ENSP00000350708,RAD23B,XRCC6,0.946
9606.ENSP00000350708,RAD23B,MSH2,0.946
9606.ENSP00000350708,RAD23B,XRCC4,0.942
9606.ENSP00000350708,RAD23B,ATM,0.941
9606.ENSP00000350708,RAD23B,DDB1,0.937
9606.ENSP00000350708,RAD23B,PRKDC,0.936
9606.ENSP00000350708,RAD23B,NHEJ1,0.933
9606.ENSP00000350708,RAD23B,PSMC2,0.932
9606.ENSP00000350708,RAD23B,DDB2,0.929
9606.ENSP00000350708,RAD23B,POLD1,0.925
9606.ENSP00000350708,RAD23B,GTF2H5,0.924
9606.ENSP00000350708,RAD23B,DCLRE1C,0.919
9606.ENSP00000350708,RAD23B,AMFR,0.914
9606.ENSP00000350708,RAD23B,KDM1A,0.91
9606.ENSP00000350708,RAD23B,PHF21A,0.908
9606.ENSP00000350708,RAD23B,PAXX,0.907
9606.ENSP00000350708,RAD23B,ATP23,0.905
9606.ENSP00000350708,RAD23B,RCOR1,0.904
9606.ENSP00000350708,RAD23B,UBXN1,0.901
9606.ENSP00000350708,RAD23B,ZSWIM7,0.9
9606.ENSP00000350708,RAD23B,SWSAP1,0.9
9606.ENSP00000351284,RAD52,RPA2,0.999
9606.ENSP00000351284,RAD52,RAD51,0.999
9606.ENSP00000351284,RAD52,RPA1,0.999
9606.ENSP00000351284,RAD52,RPA3,0.998
9606.ENSP00000351284,RAD52,WRN,0.996
9606.ENSP00000351284,RAD52,ATRX,0.993
9606.ENSP00000351284,RAD52,BRCA2,0.993
9606.ENSP00000351284,RAD52,FANCM,0.99
9606.ENSP00000351284,RAD52,BRCA1,0.987
9606.ENSP00000351284,RAD52,RAD18,0.983
9606.ENSP00000351284,RAD52,XRCC3,0.978
9606.ENSP00000351284,RAD52,MUS81,0.976
9606.ENSP00000351284,RAD52,ERCC1,0.974
9606.ENSP00000351284,RAD52,RAD54B,0.97
9606.ENSP00000351284,RAD52,XRCC6,0.969
9606.ENSP00000351284,RAD52,TP53BP1,0.967
9606.ENSP00000351284,RAD52,EXO1,0.962
9606.ENSP00000351284,RAD52,ERCC4,0.962
9606.ENSP00000351284,RAD52,BLM,0.958
9606.ENSP00000351284,RAD52,FSBP,0.957
9606.ENSP00000351284,RAD52,ATR,0.955
9606.ENSP00000351284,RAD52,SUMO1,0.951
9606.ENSP00000351284,RAD52,UBE2I,0.943
9606.ENSP00000351284,RAD52,ATM,0.94
9606.ENSP00000351284,RAD52,REV3L,0.938
9606.ENSP00000351284,RAD52,DNA2,0.938
9606.ENSP00000351284,RAD52,RAD54L,0.937
9606.ENSP00000351284,RAD52,FEN1,0.933
9606.ENSP00000351284,RAD52,RMI1,0.932
9606.ENSP00000351284,RAD52,RAD51C,0.926
9606.ENSP00000351284,RAD52,XRCC5,0.918
9606.ENSP00000351284,RAD52,FBH1,0.915
9606.ENSP00000351284,RAD52,RECQL4,0.913
9606.ENSP00000351284,RAD52,PIF1,0.912
9606.ENSP00000351284,RAD52,UBE2V2,0.909
9606.ENSP00000351284,RAD52,ATAD5,0.908
9606.ENSP00000351284,RAD52,TOP3A,0.901
9606.ENSP00000351697,REV3L,MAD2L2,0.999
9606.ENSP00000351697,REV3L,POLD2,0.999
9606.ENSP00000351697,REV3L,REV1,0.999
9606.ENSP00000351697,REV3L,POLD3,0.997
9606.ENSP00000351697,REV3L,POLE,0.989
9606.ENSP00000351697,REV3L,FANCM,0.987
9606.ENSP00000351697,REV3L,POLH,0.986
9606.ENSP00000351697,REV3L,POLA2,0.985
9606.ENSP00000351697,REV3L,POLD1,0.984
9606.ENSP00000351697,REV3L,PRIM2,0.98
9606.ENSP00000351697,REV3L,POLE3,0.974
9606.ENSP00000351697,REV3L,POLE2,0.973
9606.ENSP00000351697,REV3L,PRIM1,0.972
9606.ENSP00000351697,REV3L,POLE4,0.959
9606.ENSP00000351697,REV3L,POLI,0.954
9606.ENSP00000351697,REV3L,POLA1,0.946
9606.ENSP00000351697,REV3L,POLG,0.94
9606.ENSP00000351697,REV3L,RAD52,0.938
9606.ENSP00000351697,REV3L,PCNA,0.937
9606.ENSP00000351697,REV3L,POLG2,0.924
9606.ENSP00000351697,REV3L,RAD18,0.917
9606.ENSP00000351697,REV3L,UBE2V2,0.912
9606.ENSP00000351697,REV3L,POLK,0.91
9606.ENSP00000351697,REV3L,CHRAC1,0.905
9606.ENSP00000351697,REV3L,CRCP,0.901
9606.ENSP00000352401,RPE,RPIA,0.998
9606.ENSP00000352401,RPE,TKT,0.994
9606.ENSP00000352401,RPE,TKTL2,0.991
9606.ENSP00000352401,RPE,TKTL1,0.99
9606.ENSP00000352401,RPE,PGD,0.99
9606.ENSP00000352401,RPE,XYLB,0.977
9606.ENSP00000352401,RPE,TALDO1,0.961
9606.ENSP00000352401,RPE,RPEL1,0.9
9606.ENSP00000352608,RYR1,CALML3,0.999
9606.ENSP00000352608,RYR1,CALML6,0.999
9606.ENSP00000352608,RYR1,CALML5,0.999
9606.ENSP00000352608,RYR1,CALM3,0.999
9606.ENSP00000352608,RYR1,FKBP1A,0.999
9606.ENSP00000352608,RYR1,CALML4,0.999
9606.ENSP00000352608,RYR1,CACNA1S,0.997
9606.ENSP00000352608,RYR1,TRDN,0.997
9606.ENSP00000352608,RYR1,FKBP1B,0.994
9606.ENSP00000352608,RYR1,QDPR,0.986
9606.ENSP00000352608,RYR1,CALM1,0.98
9606.ENSP00000352608,RYR1,CASQ1,0.979
9606.ENSP00000352608,RYR1,RYR2,0.972
9606.ENSP00000352608,RYR1,STAC3,0.961
9606.ENSP00000352608,RYR1,CASQ2,0.958
9606.ENSP00000352608,RYR1,NOS1,0.954
9606.ENSP00000352608,RYR1,RYR3,0.954
9606.ENSP00000352608,RYR1,ASPH,0.953
9606.ENSP00000352608,RYR1,JPH1,0.948
9606.ENSP00000352608,RYR1,CALM2,0.946
9606.ENSP00000352608,RYR1,CACNA1A,0.946
9606.ENSP00000352608,RYR1,CACNA1C,0.945
9606.ENSP00000352608,RYR1,ATP2A1,0.942
9606.ENSP00000352608,RYR1,CACNA2D1,0.929
9606.ENSP00000352608,RYR1,CD38,0.912
9606.ENSP00000352833,PTPN22,CSK,0.999
9606.ENSP00000352833,PTPN22,HLA-DRB1,0.968
9606.ENSP00000352833,PTPN22,PSTPIP1,0.957
9606.ENSP00000352833,PTPN22,C1QBP,0.943
9606.ENSP00000352833,PTPN22,LCK,0.924
9606.ENSP00000352833,PTPN22,ZAP70,0.91
9606.ENSP00000352833,PTPN22,CD8A,0.91
9606.ENSP00000353332,RTEL1,MMS19,0.979
9606.ENSP00000353332,RTEL1,SLX4,0.955
9606.ENSP00000353332,RTEL1,TERF1,0.953
9606.ENSP00000353332,RTEL1,TINF2,0.939
9606.ENSP00000353332,RTEL1,TERT,0.918
9606.ENSP00000353332,RTEL1,WRAP53,0.908
9606.ENSP00000353332,RTEL1,CIAO2B,0.9
9606.ENSP00000354280,PRSS3,PRSS2,0.999
9606.ENSP00000354280,PRSS3,SPINK1,0.922
9606.ENSP00000354280,PRSS3,PRSS1,0.918
9606.ENSP00000354361,RFWD3,RPA1,0.997
9606.ENSP00000354361,RFWD3,RPA3,0.997
9606.ENSP00000354361,RFWD3,RPA2,0.996
9606.ENSP00000354361,RFWD3,PRIMPOL,0.994
9606.ENSP00000354612,PTGS1,PTGIS,0.973
9606.ENSP00000354612,PTGS1,PTGES,0.973
9606.ENSP00000354612,PTGS1,ALOX5,0.97
9606.ENSP00000354612,PTGS1,PTGES2,0.962
9606.ENSP00000354612,PTGS1,ALOX15,0.96
9606.ENSP00000354612,PTGS1,ALOX12,0.96
9606.ENSP00000354612,PTGS1,PTGES3,0.956
9606.ENSP00000354612,PTGS1,PTGDS,0.949
9606.ENSP00000354612,PTGS1,HPGDS,0.946
9606.ENSP00000354612,PTGS1,PTGS2,0.946
9606.ENSP00000354612,PTGS1,ALOX15B,0.939
9606.ENSP00000354612,PTGS1,CYP2C9,0.936
9606.ENSP00000354612,PTGS1,CYP2C19,0.935
9606.ENSP00000354612,PTGS1,CYP2E1,0.921
9606.ENSP00000354612,PTGS1,ALOX12B,0.92
9606.ENSP00000354612,PTGS1,CYP2C8,0.92
9606.ENSP00000354612,PTGS1,CYP2B6,0.918
9606.ENSP00000354612,PTGS1,CYP4A11,0.915
9606.ENSP00000354612,PTGS1,PLA2G4A,0.914
9606.ENSP00000354612,PTGS1,CYP4F2,0.914
9606.ENSP00000354612,PTGS1,CYP4F3,0.913
9606.ENSP00000354612,PTGS1,CYP2J2,0.912
9606.ENSP00000354612,PTGS1,CYP4F8,0.909
9606.ENSP00000354612,PTGS1,CYP4A22,0.904
9606.ENSP00000354612,PTGS1,CYP2U1,0.902
9606.ENSP00000354720,SMC3,STAG2,0.999
9606.ENSP00000354720,SMC3,NIPBL,0.999
9606.ENSP00000354720,SMC3,RAD21,0.999
9606.ENSP00000354720,SMC3,PDS5A,0.999
9606.ENSP00000354720,SMC3,REC8,0.999
9606.ENSP00000354720,SMC3,WAPL,0.999
9606.ENSP00000354720,SMC3,SMC1B,0.999
9606.ENSP00000354720,SMC3,STAG1,0.999
9606.ENSP00000354720,SMC3,STAG3,0.999
9606.ENSP00000354720,SMC3,SMC1A,0.999
9606.ENSP00000354720,SMC3,RAD21L1,0.998
9606.ENSP00000354720,SMC3,ESCO2,0.998
9606.ENSP00000354720,SMC3,ESCO1,0.997
9606.ENSP00000354720,SMC3,PDS5B,0.997
9606.ENSP00000354720,SMC3,CDCA5,0.994
9606.ENSP00000354720,SMC3,ESPL1,0.994
9606.ENSP00000354720,SMC3,CTCF,0.989
9606.ENSP00000354720,SMC3,MDC1,0.974
9606.ENSP00000354720,SMC3,SGO2,0.967
9606.ENSP00000354720,SMC3,CHTF18,0.947
9606.ENSP00000354720,SMC3,MAU2,0.942
9606.ENSP00000354720,SMC3,CHTF8,0.936
9606.ENSP00000354720,SMC3,SMC5,0.933
9606.ENSP00000354720,SMC3,SMC6,0.927
9606.ENSP00000354720,SMC3,HDAC8,0.92
9606.ENSP00000354720,SMC3,PLK1,0.915
9606.ENSP00000354720,SMC3,DSCC1,0.905
9606.ENSP00000355094,QKI,MED27,0.994
9606.ENSP00000355094,QKI,MED31,0.994
9606.ENSP00000355094,QKI,MED16,0.994
9606.ENSP00000355094,QKI,MED17,0.994
9606.ENSP00000355094,QKI,MED29,0.994
9606.ENSP00000355094,QKI,MED10,0.994
9606.ENSP00000355094,QKI,MED1,0.994
9606.ENSP00000355094,QKI,MED14,0.994
9606.ENSP00000355094,QKI,MED24,0.994
9606.ENSP00000355094,QKI,MED15,0.994
9606.ENSP00000355094,QKI,MED13,0.994
9606.ENSP00000355094,QKI,MED23,0.994
9606.ENSP00000355094,QKI,MED12,0.994
9606.ENSP00000355094,QKI,MED25,0.994
9606.ENSP00000355094,QKI,MED4,0.994
9606.ENSP00000355094,QKI,RBFOX2,0.967
9606.ENSP00000355094,QKI,RBPMS,0.967
9606.ENSP00000355094,QKI,MBNL1,0.924
9606.ENSP00000355094,QKI,HNRNPK,0.922
9606.ENSP00000355094,QKI,MBNL2,0.914
9606.ENSP00000355261,SMG5,UPF3B,0.999
9606.ENSP00000355261,SMG5,UPF1,0.999
9606.ENSP00000355261,SMG5,UPF3A,0.999
9606.ENSP00000355261,SMG5,SMG7,0.999
9606.ENSP00000355261,SMG5,SMG6,0.996
9606.ENSP00000355261,SMG5,SMG1,0.981
9606.ENSP00000355261,SMG5,UPF2,0.979
9606.ENSP00000355261,SMG5,PNRC2,0.974
9606.ENSP00000355261,SMG5,SMG8,0.952
9606.ENSP00000355261,SMG5,PABPC1,0.945
9606.ENSP00000355261,SMG5,SMG9,0.93
9606.ENSP00000355261,SMG5,TERT,0.928
9606.ENSP00000355261,SMG5,EDC4,0.922
9606.ENSP00000355385,R3HDM4,MT-CO1,0.975
9606.ENSP00000355385,R3HDM4,MT-CO2,0.975
9606.ENSP00000355385,R3HDM4,CYC1,0.975
9606.ENSP00000355385,R3HDM4,UQCRFS1,0.975
9606.ENSP00000355385,R3HDM4,MT-CO3,0.975
9606.ENSP00000355385,R3HDM4,MT-ND4,0.95
9606.ENSP00000355385,R3HDM4,MT-ND1,0.948
9606.ENSP00000355385,R3HDM4,NDUFS8,0.914
9606.ENSP00000355499,SDCCAG8,OFD1,0.976
9606.ENSP00000355499,SDCCAG8,IQCB1,0.965
9606.ENSP00000355523,RGS7,GNB5,0.999
9606.ENSP00000355523,RGS7,CCT5,0.997
9606.ENSP00000355523,RGS7,RGS7BP,0.99
9606.ENSP00000355523,RGS7,GPR158,0.989
9606.ENSP00000355523,RGS7,GNAO1,0.981
9606.ENSP00000355865,PRKN,SNCAIP,0.999
9606.ENSP00000355865,PRKN,SNCA,0.999
9606.ENSP00000355865,PRKN,UBE2L3,0.999
9606.ENSP00000355865,PRKN,PARK7,0.999
9606.ENSP00000355865,PRKN,PINK1,0.999
9606.ENSP00000355865,PRKN,UBC,0.999
9606.ENSP00000355865,PRKN,MFN2,0.999
9606.ENSP00000355865,PRKN,UBA52,0.998
9606.ENSP00000355865,PRKN,UBB,0.998
9606.ENSP00000355865,PRKN,MFN1,0.998
9606.ENSP00000355865,PRKN,UBE2L6,0.997
9606.ENSP00000355865,PRKN,RPS27A,0.997
9606.ENSP00000355865,PRKN,ATXN3,0.996
9606.ENSP00000355865,PRKN,GPR37,0.995
9606.ENSP00000355865,PRKN,SEPTIN5,0.991
9606.ENSP00000355865,PRKN,BECN1,0.989
9606.ENSP00000355865,PRKN,SQSTM1,0.987
9606.ENSP00000355865,PRKN,LRRK2,0.986
9606.ENSP00000355865,PRKN,TARDBP,0.984
9606.ENSP00000355865,PRKN,RHOT2,0.984
9606.ENSP00000355865,PRKN,RHOT1,0.982
9606.ENSP00000355865,PRKN,VDAC1,0.979
9606.ENSP00000355865,PRKN,UBE2E2,0.978
9606.ENSP00000355865,PRKN,HSPA4,0.971
9606.ENSP00000355865,PRKN,MAOB,0.97
9606.ENSP00000355865,PRKN,PSMD4,0.968
9606.ENSP00000355865,PRKN,UBE2N,0.963
9606.ENSP00000355865,PRKN,UCHL1,0.96
9606.ENSP00000355865,PRKN,AIMP2,0.957
9606.ENSP00000355865,PRKN,SH3GL2,0.955
9606.ENSP00000355865,PRKN,ADRM1,0.953
9606.ENSP00000355865,PRKN,MAOA,0.949
9606.ENSP00000355865,PRKN,TOMM70,0.947
9606.ENSP00000355865,PRKN,HDAC6,0.946
9606.ENSP00000355865,PRKN,STUB1,0.946
9606.ENSP00000355865,PRKN,USP8,0.945
9606.ENSP00000355865,PRKN,DNM1L,0.94
9606.ENSP00000355865,PRKN,BAX,0.94
9606.ENSP00000355865,PRKN,FBXW7,0.936
9606.ENSP00000355865,PRKN,PLCG1,0.934
9606.ENSP00000355865,PRKN,VPS35,0.932
9606.ENSP00000355865,PRKN,VCP,0.928
9606.ENSP00000355865,PRKN,HSP90AA1,0.924
9606.ENSP00000355865,PRKN,MAPT,0.92
9606.ENSP00000355865,PRKN,SYT11,0.917
9606.ENSP00000355865,PRKN,FBXO7,0.917
9606.ENSP00000355865,PRKN,PACRG,0.914
9606.ENSP00000355865,PRKN,PSMA7,0.912
9606.ENSP00000355865,PRKN,GBA,0.911
9606.ENSP00000355865,PRKN,UBE2L5,0.908
9606.ENSP00000355865,PRKN,PSMC5,0.905
9606.ENSP00000355865,PRKN,UBE2D3,0.903
9606.ENSP00000355865,PRKN,HSPA8,0.901
9606.ENSP00000355920,SLC22A2,SLC47A1,0.902
9606.ENSP00000355923,PTPN14,YAP1,0.982
9606.ENSP00000355923,PTPN14,WWC1,0.951
9606.ENSP00000356113,SLC45A3,ACPP,0.915
9606.ENSP00000356416,RO60,TRIM21,0.999
9606.ENSP00000356416,RO60,SSB,0.968
9606.ENSP00000356430,RGS18,GNB5,0.946
9606.ENSP00000356430,RGS18,GNAQ,0.932
9606.ENSP00000356832,SGK1,NEDD4L,0.999
9606.ENSP00000356832,SGK1,MTOR,0.992
9606.ENSP00000356832,SGK1,PDPK1,0.988
9606.ENSP00000356832,SGK1,FOXO3,0.979
9606.ENSP00000356832,SGK1,KCNJ1,0.975
9606.ENSP00000356832,SGK1,FOXO1,0.967
9606.ENSP00000356832,SGK1,TSC22D3,0.966
9606.ENSP00000356832,SGK1,FOXO4,0.952
9606.ENSP00000356832,SGK1,MAPKAP1,0.95
9606.ENSP00000356832,SGK1,RICTOR,0.921
9606.ENSP00000356832,SGK1,SCNN1B,0.909
9606.ENSP00000356832,SGK1,SGK3,0.906
9606.ENSP00000356832,SGK1,FKBP5,0.904
9606.ENSP00000356832,SGK1,SGK2,0.904
9606.ENSP00000356953,SDHC,SDHA,0.999
9606.ENSP00000356953,SDHC,SDHB,0.999
9606.ENSP00000356953,SDHC,SUCLG1,0.999
9606.ENSP00000356953,SDHC,SDHAF2,0.999
9606.ENSP00000356953,SDHC,SDHD,0.999
9606.ENSP00000356953,SDHC,FH,0.997
9606.ENSP00000356953,SDHC,F5H5T6_HUMAN,0.995
9606.ENSP00000356953,SDHC,SUCLA2,0.995
9606.ENSP00000356953,SDHC,SUCLG2,0.994
9606.ENSP00000356953,SDHC,NDUFS8,0.988
9606.ENSP00000356953,SDHC,NDUFV2,0.982
9606.ENSP00000356953,SDHC,NDUFS2,0.981
9606.ENSP00000356953,SDHC,MT-CO2,0.972
9606.ENSP00000356953,SDHC,UQCRQ,0.953
9606.ENSP00000356953,SDHC,NDUFB8,0.952
9606.ENSP00000356953,SDHC,NDUFA12,0.951
9606.ENSP00000356953,SDHC,MT-CO1,0.951
9606.ENSP00000356953,SDHC,UQCRFS1,0.951
9606.ENSP00000356953,SDHC,ACLY,0.95
9606.ENSP00000356953,SDHC,CYCS,0.946
9606.ENSP00000356953,SDHC,MT-CO3,0.926
9606.ENSP00000356953,SDHC,NDUFS1,0.923
9606.ENSP00000356953,SDHC,CYC1,0.923
9606.ENSP00000356953,SDHC,SDHAF1,0.922
9606.ENSP00000356953,SDHC,UQCR10,0.922
9606.ENSP00000356953,SDHC,NDUFS3,0.92
9606.ENSP00000356953,SDHC,NDUFA8,0.914
9606.ENSP00000356953,SDHC,HTT,0.912
9606.ENSP00000356953,SDHC,UQCRB,0.909
9606.ENSP00000356953,SDHC,NDUFA2,0.908
9606.ENSP00000356953,SDHC,TMEM127,0.905
9606.ENSP00000356953,SDHC,NDUFA9,0.902
9606.ENSP00000356953,SDHC,NDUFA5,0.902
9606.ENSP00000357494,ROS1,EML4,0.925
9606.ENSP00000357494,ROS1,OR13G1,0.915
9606.ENSP00000357494,ROS1,TAS2R50,0.908
9606.ENSP00000357494,ROS1,GOPC,0.907
9606.ENSP00000357711,S100A7,S100A7A,0.962
9606.ENSP00000357711,S100A7,S100A12,0.936
9606.ENSP00000357711,S100A7,DEFB4A,0.913
9606.ENSP00000357718,S100A7A,S100A7,0.962
9606.ENSP00000357721,S100A8,S100A9,0.999
9606.ENSP00000357721,S100A8,PTPN11,0.995
9606.ENSP00000357721,S100A8,S100A12,0.995
9606.ENSP00000357721,S100A8,TJP1,0.98
9606.ENSP00000357721,S100A8,CDH1,0.944
9606.ENSP00000357721,S100A8,MET,0.927
9606.ENSP00000357721,S100A8,GRB2,0.913
9606.ENSP00000357721,S100A8,TLR4,0.907
9606.ENSP00000358092,PRDM1,STAT3,0.942
9606.ENSP00000358092,PRDM1,IRF4,0.938
9606.ENSP00000358092,PRDM1,EHMT2,0.923
9606.ENSP00000358092,PRDM1,PAX5,0.907
9606.ENSP00000358092,PRDM1,HDAC2,0.901
9606.ENSP00000358464,SHOC2,MRAS,0.999
9606.ENSP00000358464,SHOC2,PPP1CC,0.993
9606.ENSP00000358464,SHOC2,HRAS,0.99
9606.ENSP00000358464,SHOC2,KRAS,0.989
9606.ENSP00000358464,SHOC2,NRAS,0.987
9606.ENSP00000358464,SHOC2,RAF1,0.983
9606.ENSP00000358464,SHOC2,PPP1CB,0.979
9606.ENSP00000358464,SHOC2,RRAS,0.964
9606.ENSP00000358464,SHOC2,PPP1CA,0.951
9606.ENSP00000358464,SHOC2,RRAS2,0.949
9606.ENSP00000358464,SHOC2,PPP1R15B,0.903
9606.ENSP00000358464,SHOC2,PPP1R9B,0.901
9606.ENSP00000358794,SLC16A4,BSG,0.973
9606.ENSP00000358799,RBM15,WTAP,0.999
9606.ENSP00000358799,RBM15,CBLL1,0.999
9606.ENSP00000358799,RBM15,VIRMA,0.999
9606.ENSP00000358799,RBM15,ZC3H13,0.999
9606.ENSP00000358799,RBM15,METTL3,0.999
9606.ENSP00000358799,RBM15,RBM15B,0.999
9606.ENSP00000358799,RBM15,METTL14,0.999
9606.ENSP00000358799,RBM15,METTL16,0.996
9606.ENSP00000358799,RBM15,NXF1,0.963
9606.ENSP00000358799,RBM15,MRTFA,0.954
9606.ENSP00000359042,PRPF38B,PRPF38A,0.919
9606.ENSP00000359345,RPL5,MDM2,0.999
9606.ENSP00000359345,RPL5,RPS26,0.999
9606.ENSP00000359345,RPL5,RPL18A,0.999
9606.ENSP00000359345,RPL5,EEF2,0.999
9606.ENSP00000359345,RPL5,RPL14,0.999
9606.ENSP00000359345,RPL5,RPL21,0.999
9606.ENSP00000359345,RPL5,RPS29,0.999
9606.ENSP00000359345,RPL5,RPS11,0.999
9606.ENSP00000359345,RPL5,RPL31,0.999
9606.ENSP00000359345,RPL5,RPL3,0.999
9606.ENSP00000359345,RPL5,RPL28,0.999
9606.ENSP00000359345,RPL5,RPS27,0.999
9606.ENSP00000359345,RPL5,RPL35A,0.999
9606.ENSP00000359345,RPL5,RPL37,0.999
9606.ENSP00000359345,RPL5,RPL22,0.999
9606.ENSP00000359345,RPL5,RPL29,0.999
9606.ENSP00000359345,RPL5,RPL27,0.999
9606.ENSP00000359345,RPL5,FAU,0.999
9606.ENSP00000359345,RPL5,RPL32,0.999
9606.ENSP00000359345,RPL5,RPLP0,0.999
9606.ENSP00000359345,RPL5,RPS13,0.999
9606.ENSP00000359345,RPL5,RPS3A,0.999
9606.ENSP00000359345,RPL5,RPS27A,0.999
9606.ENSP00000359345,RPL5,RPS3,0.999
9606.ENSP00000359345,RPL5,RPS14,0.999
9606.ENSP00000359345,RPL5,RPLP2,0.999
9606.ENSP00000359345,RPL5,RPL12,0.999
9606.ENSP00000359345,RPL5,RPS15A,0.999
9606.ENSP00000359345,RPL5,RPS9,0.999
9606.ENSP00000359345,RPL5,MRPL20,0.999
9606.ENSP00000359345,RPL5,RPS23,0.999
9606.ENSP00000359345,RPL5,RPL38,0.999
9606.ENSP00000359345,RPL5,RPL13A,0.999
9606.ENSP00000359345,RPL5,RPS19,0.999
9606.ENSP00000359345,RPL5,RPL23,0.999
9606.ENSP00000359345,RPL5,RPL35,0.999
9606.ENSP00000359345,RPL5,RPSA,0.999
9606.ENSP00000359345,RPL5,RACK1,0.999
9606.ENSP00000359345,RPL5,RPL15,0.999
9606.ENSP00000359345,RPL5,RPL10,0.999
9606.ENSP00000359345,RPL5,RPL34,0.999
9606.ENSP00000359345,RPL5,RPS18,0.999
9606.ENSP00000359345,RPL5,RPS12,0.999
9606.ENSP00000359345,RPL5,RPL19,0.999
9606.ENSP00000359345,RPL5,RPS16,0.999
9606.ENSP00000359345,RPL5,RPL11,0.999
9606.ENSP00000359345,RPL5,RPS24,0.999
9606.ENSP00000359345,RPL5,TUFM,0.999
9606.ENSP00000359345,RPL5,RPL7,0.999
9606.ENSP00000359345,RPL5,RPL9,0.999
9606.ENSP00000359345,RPL5,RPL18,0.999
9606.ENSP00000359345,RPL5,RPS21,0.999
9606.ENSP00000359345,RPL5,RPL13,0.999
9606.ENSP00000359345,RPL5,RPL7A,0.999
9606.ENSP00000359345,RPL5,RPL27A,0.999
9606.ENSP00000359345,RPL5,RPS10,0.999
9606.ENSP00000359345,RPL5,RPL36,0.999
9606.ENSP00000359345,RPL5,RPL6,0.999
9606.ENSP00000359345,RPL5,MRPL12,0.999
9606.ENSP00000359345,RPL5,RPL10A,0.999
9606.ENSP00000359345,RPL5,RPS25,0.999
9606.ENSP00000359345,RPL5,RPL23A,0.999
9606.ENSP00000359345,RPL5,RPL17,0.999
9606.ENSP00000359345,RPL5,RPS20,0.999
9606.ENSP00000359345,RPL5,MRPS9,0.999
9606.ENSP00000359345,RPL5,MRPL21,0.999
9606.ENSP00000359345,RPL5,RPL8,0.999
9606.ENSP00000359345,RPL5,RPL24,0.999
9606.ENSP00000359345,RPL5,RPL37A,0.999
9606.ENSP00000359345,RPL5,MRPS6,0.999
9606.ENSP00000359345,RPL5,RPS15,0.999
9606.ENSP00000359345,RPL5,RPS2,0.999
9606.ENSP00000359345,RPL5,RPS8,0.999
9606.ENSP00000359345,RPL5,MRPL17,0.999
9606.ENSP00000359345,RPL5,UBA52,0.999
9606.ENSP00000359345,RPL5,RPS6,0.999
9606.ENSP00000359345,RPL5,RPL26,0.999
9606.ENSP00000359345,RPL5,RPS17,0.999
9606.ENSP00000359345,RPL5,RPL30,0.999
9606.ENSP00000359345,RPL5,MRPL36,0.999
9606.ENSP00000359345,RPL5,RPLP1,0.999
9606.ENSP00000359345,RPL5,RPS4X,0.999
9606.ENSP00000359345,RPL5,RPS7,0.999
9606.ENSP00000359345,RPL5,RPL4,0.999
9606.ENSP00000359345,RPL5,PA2G4,0.999
9606.ENSP00000359345,RPL5,RPS28,0.999
9606.ENSP00000359345,RPL5,RPS5,0.999
9606.ENSP00000359345,RPL5,RPL36AL,0.998
9606.ENSP00000359345,RPL5,MRPL9,0.998
9606.ENSP00000359345,RPL5,RPL10L,0.998
9606.ENSP00000359345,RPL5,RPL39,0.998
9606.ENSP00000359345,RPL5,MRPS16,0.998
9606.ENSP00000359345,RPL5,MRPL32,0.998
9606.ENSP00000359345,RPL5,MRPL33,0.998
9606.ENSP00000359345,RPL5,MRPL19,0.997
9606.ENSP00000359345,RPL5,RSL24D1,0.997
9606.ENSP00000359345,RPL5,EIF6,0.997
9606.ENSP00000359345,RPL5,RPL26L1,0.997
9606.ENSP00000359345,RPL5,RPF2,0.996
9606.ENSP00000359345,RPL5,RPL17-C18orf32,0.996
9606.ENSP00000359345,RPL5,SERBP1,0.996
9606.ENSP00000359345,RPL5,SEC61A1,0.996
9606.ENSP00000359345,RPL5,MRPL27,0.995
9606.ENSP00000359345,RPL5,RPL36A,0.995
9606.ENSP00000359345,RPL5,EIF5A,0.995
9606.ENSP00000359345,RPL5,EEF1A1,0.995
9606.ENSP00000359345,RPL5,RPS10-NUDT3,0.995
9606.ENSP00000359345,RPL5,LILRB1,0.995
9606.ENSP00000359345,RPL5,SRP54,0.994
9606.ENSP00000359345,RPL5,RPS4Y1,0.994
9606.ENSP00000359345,RPL5,H3BNC9_HUMAN,0.993
9606.ENSP00000359345,RPL5,EEF1G,0.993
9606.ENSP00000359345,RPL5,RPS27L,0.992
9606.ENSP00000359345,RPL5,NOP53,0.992
9606.ENSP00000359345,RPL5,NSA2,0.991
9606.ENSP00000359345,RPL5,NMD3,0.99
9606.ENSP00000359345,RPL5,LSG1,0.99
9606.ENSP00000359345,RPL5,EIF5B,0.989
9606.ENSP00000359345,RPL5,MRTO4,0.989
9606.ENSP00000359345,RPL5,GNL2,0.989
9606.ENSP00000359345,RPL5,RPL3L,0.988
9606.ENSP00000359345,RPL5,RRS1,0.988
9606.ENSP00000359345,RPL5,GTPBP4,0.986
9606.ENSP00000359345,RPL5,MRPS5,0.984
9606.ENSP00000359345,RPL5,FANCE,0.983
9606.ENSP00000359345,RPL5,MRPS10,0.983
9606.ENSP00000359345,RPL5,MRPS12,0.983
9606.ENSP00000359345,RPL5,IMP3,0.983
9606.ENSP00000359345,RPL5,NOP58,0.983
9606.ENSP00000359345,RPL5,PES1,0.983
9606.ENSP00000359345,RPL5,PDCD11,0.982
9606.ENSP00000359345,RPL5,RPL7L1,0.982
9606.ENSP00000359345,RPL5,MED1,0.982
9606.ENSP00000359345,RPL5,CD74,0.982
9606.ENSP00000359345,RPL5,RPL39L,0.981
9606.ENSP00000359345,RPL5,FLT3LG,0.981
9606.ENSP00000359345,RPL5,NACA,0.98
9606.ENSP00000359345,RPL5,MRNIP,0.98
9606.ENSP00000359345,RPL5,RSRC1,0.98
9606.ENSP00000359345,RPL5,CXorf66,0.98
9606.ENSP00000359345,RPL5,RSAD1,0.978
9606.ENSP00000359345,RPL5,NPM1,0.976
9606.ENSP00000359345,RPL5,DOCK4,0.976
9606.ENSP00000359345,RPL5,MRRF,0.976
9606.ENSP00000359345,RPL5,MRPL3,0.976
9606.ENSP00000359345,RPL5,MRPL22,0.975
9606.ENSP00000359345,RPL5,MRPL13,0.975
9606.ENSP00000359345,RPL5,SRPRA,0.975
9606.ENSP00000359345,RPL5,IFI35,0.974
9606.ENSP00000359345,RPL5,WDR31,0.974
9606.ENSP00000359345,RPL5,MRPS7,0.973
9606.ENSP00000359345,RPL5,SEC61A2,0.973
9606.ENSP00000359345,RPL5,EEF1B2,0.973
9606.ENSP00000359345,RPL5,CUL7,0.972
9606.ENSP00000359345,RPL5,MRPL1,0.972
9606.ENSP00000359345,RPL5,MRPS14,0.971
9606.ENSP00000359345,RPL5,MRPL24,0.971
9606.ENSP00000359345,RPL5,MRPS11,0.971
9606.ENSP00000359345,RPL5,RPS4Y2,0.971
9606.ENSP00000359345,RPL5,MRPL4,0.971
9606.ENSP00000359345,RPL5,MRPL2,0.971
9606.ENSP00000359345,RPL5,CCDC105,0.971
9606.ENSP00000359345,RPL5,MRPS15,0.969
9606.ENSP00000359345,RPL5,AKNAD1,0.965
9606.ENSP00000359345,RPL5,RPL22L1,0.965
9606.ENSP00000359345,RPL5,NPSR1,0.96
9606.ENSP00000359345,RPL5,ATP5F1C,0.96
9606.ENSP00000359345,RPL5,MTIF2,0.957
9606.ENSP00000359345,RPL5,RPL36A-HNRNPH2,0.957
9606.ENSP00000359345,RPL5,EIF5AL1,0.956
9606.ENSP00000359345,RPL5,EIF5A2,0.956
9606.ENSP00000359345,RPL5,EFTUD2,0.955
9606.ENSP00000359345,RPL5,BTF3,0.954
9606.ENSP00000359345,RPL5,POLR1A,0.953
9606.ENSP00000359345,RPL5,EFL1,0.952
9606.ENSP00000359345,RPL5,GFM1,0.951
9606.ENSP00000359345,RPL5,TPT1,0.951
9606.ENSP00000359345,RPL5,ATP5F1A,0.951
9606.ENSP00000359345,RPL5,HDDC3,0.947
9606.ENSP00000359345,RPL5,ARL6IP1,0.946
9606.ENSP00000359345,RPL5,NACA2,0.946
9606.ENSP00000359345,RPL5,POLR1C,0.946
9606.ENSP00000359345,RPL5,H3BN98_HUMAN,0.945
9606.ENSP00000359345,RPL5,TP53,0.945
9606.ENSP00000359345,RPL5,EEFSEC,0.944
9606.ENSP00000359345,RPL5,HMGN2,0.943
9606.ENSP00000359345,RPL5,HEATR3,0.943
9606.ENSP00000359345,RPL5,TEX48,0.943
9606.ENSP00000359345,RPL5,HMGN1,0.942
9606.ENSP00000359345,RPL5,POLR2C,0.939
9606.ENSP00000359345,RPL5,HMGN4,0.938
9606.ENSP00000359345,RPL5,ETF1,0.938
9606.ENSP00000359345,RPL5,PDF,0.937
9606.ENSP00000359345,RPL5,EEF1D,0.936
9606.ENSP00000359345,RPL5,EIF1AX,0.932
9606.ENSP00000359345,RPL5,SEC61B,0.932
9606.ENSP00000359345,RPL5,POLR2F,0.932
9606.ENSP00000359345,RPL5,POLR3A,0.929
9606.ENSP00000359345,RPL5,POLR1B,0.929
9606.ENSP00000359345,RPL5,ZNF593,0.925
9606.ENSP00000359345,RPL5,POLR2B,0.923
9606.ENSP00000359345,RPL5,MRPL16,0.92
9606.ENSP00000359345,RPL5,POLR3B,0.92
9606.ENSP00000359345,RPL5,ZNF622,0.92
9606.ENSP00000359345,RPL5,EPRS1,0.919
9606.ENSP00000359345,RPL5,EDF1,0.918
9606.ENSP00000359345,RPL5,CCDC124,0.918
9606.ENSP00000359345,RPL5,GCN1,0.916
9606.ENSP00000359345,RPL5,NHP2,0.915
9606.ENSP00000359345,RPL5,QARS1,0.915
9606.ENSP00000359345,RPL5,SRP68,0.914
9606.ENSP00000359345,RPL5,NEMF,0.914
9606.ENSP00000359345,RPL5,RSL1D1,0.914
9606.ENSP00000359345,RPL5,MRPL11,0.914
9606.ENSP00000359345,RPL5,PKLR,0.91
9606.ENSP00000359345,RPL5,HSPBP1,0.909
9606.ENSP00000359345,RPL5,ABCE1,0.909
9606.ENSP00000359345,RPL5,SIL1,0.909
9606.ENSP00000359345,RPL5,SRP72,0.908
9606.ENSP00000359345,RPL5,GSPT1,0.908
9606.ENSP00000359345,RPL5,SRP9,0.907
9606.ENSP00000359345,RPL5,SRP19,0.906
9606.ENSP00000359345,RPL5,PKM,0.905
9606.ENSP00000359345,RPL5,METAP2,0.905
9606.ENSP00000359345,RPL5,MRPS2,0.905
9606.ENSP00000359345,RPL5,GNL3,0.903
9606.ENSP00000359345,RPL5,SMKR1,0.903
9606.ENSP00000359345,RPL5,PPP1R26,0.903
9606.ENSP00000359345,RPL5,NLE1,0.903
9606.ENSP00000359345,RPL5,LILRA6,0.901
9606.ENSP00000359345,RPL5,GUF1,0.901
9606.ENSP00000359345,RPL5,OTUD3,0.901
9606.ENSP00000359345,RPL5,EIF3I,0.9
9606.ENSP00000359345,RPL5,SNU13,0.9
9606.ENSP00000359345,RPL5,HABP4,0.9
9606.ENSP00000359345,RPL5,GTPBP6,0.9
9606.ENSP00000359345,RPL5,SRP14,0.9
9606.ENSP00000359645,RBMX,HNRNPK,0.988
9606.ENSP00000359645,RBMX,TRA2B,0.987
9606.ENSP00000359645,RBMX,HNRNPC,0.986
9606.ENSP00000359645,RBMX,HNRNPA1,0.982
9606.ENSP00000359645,RBMX,HNRNPM,0.979
9606.ENSP00000359645,RBMX,HNRNPA2B1,0.96
9606.ENSP00000359645,RBMX,HNRNPH1,0.955
9606.ENSP00000359645,RBMX,YTHDC1,0.953
9606.ENSP00000359645,RBMX,ALYREF,0.946
9606.ENSP00000359645,RBMX,SRSF1,0.943
9606.ENSP00000359645,RBMX,SRSF3,0.941
9606.ENSP00000359645,RBMX,HNRNPR,0.936
9606.ENSP00000359645,RBMX,KHDRBS1,0.935
9606.ENSP00000359645,RBMX,UPF1,0.934
9606.ENSP00000359645,RBMX,HNRNPA0,0.933
9606.ENSP00000359645,RBMX,HNRNPL,0.927
9606.ENSP00000359645,RBMX,ADAR,0.926
9606.ENSP00000359645,RBMX,HNRNPU,0.925
9606.ENSP00000359645,RBMX,PTBP1,0.923
9606.ENSP00000359645,RBMX,HNRNPF,0.922
9606.ENSP00000359645,RBMX,SAFB,0.921
9606.ENSP00000359645,RBMX,SRSF7,0.919
9606.ENSP00000359645,RBMX,PRPF19,0.915
9606.ENSP00000359645,RBMX,TARDBP,0.914
9606.ENSP00000359645,RBMX,TOP1,0.905
9606.ENSP00000359645,RBMX,FUS,0.9
9606.ENSP00000360162,SMARCA1,BAZ1A,0.999
9606.ENSP00000360162,SMARCA1,BPTF,0.999
9606.ENSP00000360162,SMARCA1,CECR2,0.999
9606.ENSP00000360162,SMARCA1,BAZ1B,0.998
9606.ENSP00000360162,SMARCA1,RBBP4,0.997
9606.ENSP00000360162,SMARCA1,POLE3,0.994
9606.ENSP00000360162,SMARCA1,CHRAC1,0.982
9606.ENSP00000360162,SMARCA1,SMARCA5,0.974
9606.ENSP00000360162,SMARCA1,C17orf49,0.974
9606.ENSP00000360162,SMARCA1,RBBP7,0.973
9606.ENSP00000360162,SMARCA1,HMGXB4,0.969
9606.ENSP00000360162,SMARCA1,RSF1,0.968
9606.ENSP00000360162,SMARCA1,SMARCA4,0.958
9606.ENSP00000360162,SMARCA1,SMARCA2,0.948
9606.ENSP00000360162,SMARCA1,BAZ2B,0.931
9606.ENSP00000360162,SMARCA1,SMARCC1,0.923
9606.ENSP00000360162,SMARCA1,H2AZ1,0.906
9606.ENSP00000360181,SH2D1A,SLAMF1,0.999
9606.ENSP00000360181,SH2D1A,FYN,0.999
9606.ENSP00000360181,SH2D1A,CD244,0.999
9606.ENSP00000360181,SH2D1A,SLAMF6,0.998
9606.ENSP00000360181,SH2D1A,CD84,0.989
9606.ENSP00000360181,SH2D1A,LY9,0.98
9606.ENSP00000360181,SH2D1A,CD48,0.915
9606.ENSP00000360181,SH2D1A,CD3D,0.914
9606.ENSP00000360425,RCAN2,PPP3CA,0.946
9606.ENSP00000360425,RCAN2,PPP3CB,0.936
9606.ENSP00000360493,RUNX2,CBFB,0.999
9606.ENSP00000360493,RUNX2,HDAC4,0.997
9606.ENSP00000360493,RUNX2,BGLAP,0.996
9606.ENSP00000360493,RUNX2,MSX2,0.995
9606.ENSP00000360493,RUNX2,DLX5,0.99
9606.ENSP00000360493,RUNX2,SMURF1,0.988
9606.ENSP00000360493,RUNX2,FOS,0.987
9606.ENSP00000360493,RUNX2,BMP2,0.982
9606.ENSP00000360493,RUNX2,SOX9,0.98
9606.ENSP00000360493,RUNX2,SP7,0.977
9606.ENSP00000360493,RUNX2,YAP1,0.973
9606.ENSP00000360493,RUNX2,TWIST1,0.972
9606.ENSP00000360493,RUNX2,RB1,0.97
9606.ENSP00000360493,RUNX2,JUN,0.968
9606.ENSP00000360493,RUNX2,HDAC6,0.964
9606.ENSP00000360493,RUNX2,SMAD3,0.96
9606.ENSP00000360493,RUNX2,IHH,0.958
9606.ENSP00000360493,RUNX2,GLI2,0.958
9606.ENSP00000360493,RUNX2,COL1A1,0.955
9606.ENSP00000360493,RUNX2,TWIST2,0.948
9606.ENSP00000360493,RUNX2,MMP13,0.945
9606.ENSP00000360493,RUNX2,CEBPB,0.944
9606.ENSP00000360493,RUNX2,STAT1,0.942
9606.ENSP00000360493,RUNX2,ESR1,0.942
9606.ENSP00000360493,RUNX2,PRKACB,0.937
9606.ENSP00000360493,RUNX2,PRKACA,0.937
9606.ENSP00000360493,RUNX2,PRKACG,0.936
9606.ENSP00000360493,RUNX2,WWTR1,0.934
9606.ENSP00000360493,RUNX2,RUNX3,0.933
9606.ENSP00000360493,RUNX2,IBSP,0.931
9606.ENSP00000360493,RUNX2,HIVEP3,0.909
9606.ENSP00000360493,RUNX2,SPP1,0.901
9606.ENSP00000360683,PTPN1,INSR,0.999
9606.ENSP00000360683,PTPN1,EGFR,0.997
9606.ENSP00000360683,PTPN1,IRS1,0.995
9606.ENSP00000360683,PTPN1,IGF1R,0.993
9606.ENSP00000360683,PTPN1,JAK2,0.98
9606.ENSP00000360683,PTPN1,SRC,0.979
9606.ENSP00000360683,PTPN1,CTNNB1,0.97
9606.ENSP00000360683,PTPN1,RMDN3,0.961
9606.ENSP00000360683,PTPN1,IRS2,0.959
9606.ENSP00000360683,PTPN1,MET,0.954
9606.ENSP00000360683,PTPN1,PTPRF,0.941
9606.ENSP00000360683,PTPN1,KDR,0.938
9606.ENSP00000360683,PTPN1,INSRR,0.93
9606.ENSP00000360683,PTPN1,PTPN11,0.927
9606.ENSP00000360683,PTPN1,BCAR1,0.927
9606.ENSP00000360683,PTPN1,PTK6,0.926
9606.ENSP00000360683,PTPN1,IRS4,0.925
9606.ENSP00000360683,PTPN1,GRB2,0.915
9606.ENSP00000361021,PTEN,TP53,0.999
9606.ENSP00000361021,PTEN,MAGI2,0.998
9606.ENSP00000361021,PTEN,PIK3R1,0.997
9606.ENSP00000361021,PTEN,DLG1,0.996
9606.ENSP00000361021,PTEN,PTK2,0.995
9606.ENSP00000361021,PTEN,PIK3CA,0.995
9606.ENSP00000361021,PTEN,MAST2,0.993
9606.ENSP00000361021,PTEN,PREX2,0.99
9606.ENSP00000361021,PTEN,SPOP,0.99
9606.ENSP00000361021,PTEN,AKT1,0.988
9606.ENSP00000361021,PTEN,PIK3R2,0.985
9606.ENSP00000361021,PTEN,WWP2,0.984
9606.ENSP00000361021,PTEN,NEDD4,0.984
9606.ENSP00000361021,PTEN,PIK3CB,0.984
9606.ENSP00000361021,PTEN,SLC9A3R1,0.982
9606.ENSP00000361021,PTEN,STK11,0.979
9606.ENSP00000361021,PTEN,USP7,0.979
9606.ENSP00000361021,PTEN,PIK3CD,0.973
9606.ENSP00000361021,PTEN,MAGI3,0.972
9606.ENSP00000361021,PTEN,CDC42,0.971
9606.ENSP00000361021,PTEN,CSNK2A1,0.971
9606.ENSP00000361021,PTEN,EGFR,0.969
9606.ENSP00000361021,PTEN,INPP4B,0.967
9606.ENSP00000361021,PTEN,CHUK,0.964
9606.ENSP00000361021,PTEN,TRIM27,0.963
9606.ENSP00000361021,PTEN,UBE3A,0.96
9606.ENSP00000361021,PTEN,INPPL1,0.96
9606.ENSP00000361021,PTEN,PRKCZ,0.958
9606.ENSP00000361021,PTEN,PIP4K2A,0.957
9606.ENSP00000361021,PTEN,PIK3R3,0.955
9606.ENSP00000361021,PTEN,CSNK2A2,0.954
9606.ENSP00000361021,PTEN,ROCK1,0.954
9606.ENSP00000361021,PTEN,PIK3C3,0.953
9606.ENSP00000361021,PTEN,INPP5D,0.953
9606.ENSP00000361021,PTEN,IKBKB,0.952
9606.ENSP00000361021,PTEN,PDGFRB,0.95
9606.ENSP00000361021,PTEN,FRK,0.947
9606.ENSP00000361021,PTEN,INPP4A,0.946
9606.ENSP00000361021,PTEN,CTNNB1,0.943
9606.ENSP00000361021,PTEN,BRAF,0.943
9606.ENSP00000361021,PTEN,MTOR,0.942
9606.ENSP00000361021,PTEN,OTUD3,0.941
9606.ENSP00000361021,PTEN,PIK3C2B,0.941
9606.ENSP00000361021,PTEN,PIKFYVE,0.94
9606.ENSP00000361021,PTEN,NOP53,0.94
9606.ENSP00000361021,PTEN,PLCG1,0.938
9606.ENSP00000361021,PTEN,PIK3C2G,0.938
9606.ENSP00000361021,PTEN,ROCK2,0.937
9606.ENSP00000361021,PTEN,KRAS,0.936
9606.ENSP00000361021,PTEN,PARD3,0.936
9606.ENSP00000361021,PTEN,PIK3C2A,0.934
9606.ENSP00000361021,PTEN,PRKCI,0.933
9606.ENSP00000361021,PTEN,OCRL,0.931
9606.ENSP00000361021,PTEN,PLCG2,0.931
9606.ENSP00000361021,PTEN,CDH1,0.93
9606.ENSP00000361021,PTEN,SYNJ1,0.93
9606.ENSP00000361021,PTEN,CDIPT,0.928
9606.ENSP00000361021,PTEN,SYNJ2,0.928
9606.ENSP00000361021,PTEN,PIP5K1A,0.927
9606.ENSP00000361021,PTEN,MAGI1,0.926
9606.ENSP00000361021,PTEN,INPP5B,0.926
9606.ENSP00000361021,PTEN,PIP5K1C,0.925
9606.ENSP00000361021,PTEN,CDKN2A,0.923
9606.ENSP00000361021,PTEN,TNKS,0.923
9606.ENSP00000361021,PTEN,INPP5E,0.922
9606.ENSP00000361021,PTEN,PIP4K2B,0.922
9606.ENSP00000361021,PTEN,TNKS2,0.922
9606.ENSP00000361021,PTEN,PLCD1,0.922
9606.ENSP00000361021,PTEN,XIAP,0.921
9606.ENSP00000361021,PTEN,PARK7,0.92
9606.ENSP00000361021,PTEN,PIP4K2C,0.919
9606.ENSP00000361021,PTEN,PIP5K1B,0.917
9606.ENSP00000361021,PTEN,PLCB1,0.916
9606.ENSP00000361021,PTEN,PI4KA,0.916
9606.ENSP00000361021,PTEN,PLCB4,0.915
9606.ENSP00000361021,PTEN,RPS6KB1,0.914
9606.ENSP00000361021,PTEN,PI4KB,0.914
9606.ENSP00000361021,PTEN,PLCE1,0.913
9606.ENSP00000361021,PTEN,PIP5KL1,0.912
9606.ENSP00000361021,PTEN,SMAD4,0.912
9606.ENSP00000361021,PTEN,CAV1,0.912
9606.ENSP00000361021,PTEN,PLCB2,0.911
9606.ENSP00000361021,PTEN,INPP5F,0.911
9606.ENSP00000361021,PTEN,CSNK2B,0.91
9606.ENSP00000361021,PTEN,PI4K2A,0.909
9606.ENSP00000361021,PTEN,PLCB3,0.909
9606.ENSP00000361021,PTEN,PARD6A,0.909
9606.ENSP00000361021,PTEN,CSNK2A3,0.908
9606.ENSP00000361021,PTEN,USP13,0.908
9606.ENSP00000361021,PTEN,MYC,0.908
9606.ENSP00000361021,PTEN,PI4K2B,0.907
9606.ENSP00000361021,PTEN,PARD6B,0.907
9606.ENSP00000361021,PTEN,PARD6G,0.907
9606.ENSP00000361021,PTEN,GSK3B,0.906
9606.ENSP00000361021,PTEN,PLCH1,0.905
9606.ENSP00000361021,PTEN,PIP4P2,0.905
9606.ENSP00000361021,PTEN,PLCD3,0.904
9606.ENSP00000361021,PTEN,STUB1,0.904
9606.ENSP00000361021,PTEN,FOXO1,0.903
9606.ENSP00000361021,PTEN,MDM2,0.902
9606.ENSP00000361021,PTEN,PLCD4,0.902
9606.ENSP00000361021,PTEN,PLCH2,0.902
9606.ENSP00000361021,PTEN,PLCZ1,0.902
9606.ENSP00000361021,PTEN,PIP4P1,0.9
9606.ENSP00000361043,RAD54L,RAD51,0.992
9606.ENSP00000361043,RAD54L,RAD54B,0.952
9606.ENSP00000361043,RAD54L,RAD52,0.937
9606.ENSP00000361043,RAD54L,VAC14,0.9
9606.ENSP00000361120,RALGDS,KRAS,0.999
9606.ENSP00000361120,RALGDS,RALA,0.999
9606.ENSP00000361120,RALGDS,RRAS,0.999
9606.ENSP00000361120,RALGDS,RAP1A,0.999
9606.ENSP00000361120,RALGDS,HRAS,0.999
9606.ENSP00000361120,RALGDS,RALB,0.996
9606.ENSP00000361120,RALGDS,LRPAP1,0.996
9606.ENSP00000361120,RALGDS,NRAS,0.988
9606.ENSP00000361120,RALGDS,RAP1B,0.987
9606.ENSP00000361120,RALGDS,MRAS,0.986
9606.ENSP00000361120,RALGDS,RRAS2,0.97
9606.ENSP00000361120,RALGDS,RHOA,0.961
9606.ENSP00000361120,RALGDS,RAC2,0.931
9606.ENSP00000361120,RALGDS,MAPK8,0.915
9606.ENSP00000361120,RALGDS,RAC3,0.913
9606.ENSP00000361120,RALGDS,RAP2B,0.913
9606.ENSP00000361120,RALGDS,MAPK9,0.903
9606.ENSP00000361120,RALGDS,ENSP00000493691,0.901
9606.ENSP00000361264,RAPGEF1,CRKL,0.999
9606.ENSP00000361264,RAPGEF1,CRK,0.999
9606.ENSP00000361264,RAPGEF1,CBL,0.999
9606.ENSP00000361264,RAPGEF1,BCAR1,0.997
9606.ENSP00000361264,RAPGEF1,RAP1A,0.989
9606.ENSP00000361264,RAPGEF1,RHOQ,0.985
9606.ENSP00000361264,RAPGEF1,GRB2,0.983
9606.ENSP00000361264,RAPGEF1,RAP1B,0.95
9606.ENSP00000361264,RAPGEF1,CDH1,0.944
9606.ENSP00000361264,RAPGEF1,CBLB,0.903
9606.ENSP00000361777,SET,ANP32A,0.999
9606.ENSP00000361777,SET,PPP2CA,0.928
9606.ENSP00000361777,SET,NME1,0.912
9606.ENSP00000361777,SET,GZMA,0.911
9606.ENSP00000361818,SDC4,FN1,0.999
9606.ENSP00000361818,SDC4,PRKCA,0.997
9606.ENSP00000361818,SDC4,FGF2,0.993
9606.ENSP00000361818,SDC4,SDC2,0.984
9606.ENSP00000361818,SDC4,FZD7,0.982
9606.ENSP00000361818,SDC4,SDCBP,0.981
9606.ENSP00000361818,SDC4,GPC1,0.977
9606.ENSP00000361818,SDC4,THBS1,0.977
9606.ENSP00000361818,SDC4,GIPC1,0.974
9606.ENSP00000361818,SDC4,NUDT16L1,0.97
9606.ENSP00000361818,SDC4,TNC,0.953
9606.ENSP00000361818,SDC4,PTK2,0.953
9606.ENSP00000361818,SDC4,THBS2,0.952
9606.ENSP00000361818,SDC4,SDC1,0.947
9606.ENSP00000361818,SDC4,THY1,0.936
9606.ENSP00000361818,SDC4,ADAMTS5,0.933
9606.ENSP00000361818,SDC4,COMP,0.918
9606.ENSP00000361818,SDC4,THBS4,0.918
9606.ENSP00000361818,SDC4,THBS3,0.916
9606.ENSP00000361818,SDC4,TNN,0.915
9606.ENSP00000361818,SDC4,TNXB,0.914
9606.ENSP00000361818,SDC4,TNR,0.907
9606.ENSP00000361867,SEMG1,LTF,0.963
9606.ENSP00000361867,SEMG1,EPPIN,0.949
9606.ENSP00000361867,SEMG1,CLU,0.9
9606.ENSP00000362092,RRAGC,MTOR,0.999
9606.ENSP00000362092,RRAGC,RRAGB,0.999
9606.ENSP00000362092,RRAGC,WDR24,0.999
9606.ENSP00000362092,RRAGC,LAMTOR2,0.999
9606.ENSP00000362092,RRAGC,RRAGA,0.999
9606.ENSP00000362092,RRAGC,RPTOR,0.999
9606.ENSP00000362092,RRAGC,NPRL3,0.999
9606.ENSP00000362092,RRAGC,LAMTOR4,0.999
9606.ENSP00000362092,RRAGC,SLC38A9,0.999
9606.ENSP00000362092,RRAGC,LAMTOR5,0.999
9606.ENSP00000362092,RRAGC,DEPDC5,0.999
9606.ENSP00000362092,RRAGC,LAMTOR3,0.999
9606.ENSP00000362092,RRAGC,RRAGD,0.999
9606.ENSP00000362092,RRAGC,LAMTOR1,0.999
9606.ENSP00000362092,RRAGC,FLCN,0.999
9606.ENSP00000362092,RRAGC,MIOS,0.998
9606.ENSP00000362092,RRAGC,FNIP2,0.997
9606.ENSP00000362092,RRAGC,AKT1S1,0.991
9606.ENSP00000362092,RRAGC,MLST8,0.984
9606.ENSP00000362092,RRAGC,NPRL2,0.983
9606.ENSP00000362092,RRAGC,TFEB,0.972
9606.ENSP00000362092,RRAGC,RHEB,0.971
9606.ENSP00000362092,RRAGC,FNIP1,0.969
9606.ENSP00000362334,PSMB2,PSMD11,0.999
9606.ENSP00000362334,PSMB2,PSMC4,0.999
9606.ENSP00000362334,PSMB2,PSMC3,0.999
9606.ENSP00000362334,PSMB2,PSMC5,0.999
9606.ENSP00000362334,PSMB2,PSMA2,0.999
9606.ENSP00000362334,PSMB2,PSMD4,0.999
9606.ENSP00000362334,PSMB2,PSMC2,0.999
9606.ENSP00000362334,PSMB2,PSMA7,0.999
9606.ENSP00000362334,PSMB2,PSMB10,0.999
9606.ENSP00000362334,PSMB2,PSMB7,0.999
9606.ENSP00000362334,PSMB2,PSMB4,0.999
9606.ENSP00000362334,PSMB2,PSMB5,0.999
9606.ENSP00000362334,PSMB2,PSMD6,0.999
9606.ENSP00000362334,PSMB2,PSMB6,0.999
9606.ENSP00000362334,PSMB2,PSMA1,0.999
9606.ENSP00000362334,PSMB2,PSMA6,0.999
9606.ENSP00000362334,PSMB2,PSMD13,0.999
9606.ENSP00000362334,PSMB2,PSMD12,0.999
9606.ENSP00000362334,PSMB2,PSMD7,0.999
9606.ENSP00000362334,PSMB2,PSMB1,0.999
9606.ENSP00000362334,PSMB2,PSMD2,0.999
9606.ENSP00000362334,PSMB2,PSMA4,0.999
9606.ENSP00000362334,PSMB2,PSMA5,0.999
9606.ENSP00000362334,PSMB2,PSMB8,0.999
9606.ENSP00000362334,PSMB2,PSMC1,0.999
9606.ENSP00000362334,PSMB2,PSMD14,0.999
9606.ENSP00000362334,PSMB2,PSMB9,0.999
9606.ENSP00000362334,PSMB2,PSMD1,0.999
9606.ENSP00000362334,PSMB2,POMP,0.999
9606.ENSP00000362334,PSMB2,PSMA3,0.999
9606.ENSP00000362334,PSMB2,PSMD8,0.999
9606.ENSP00000362334,PSMB2,PSMB3,0.999
9606.ENSP00000362334,PSMB2,PSMC6,0.999
9606.ENSP00000362334,PSMB2,PSMD3,0.998
9606.ENSP00000362334,PSMB2,UCHL5,0.998
9606.ENSP00000362334,PSMB2,PSMA8,0.998
9606.ENSP00000362334,PSMB2,PSME4,0.995
9606.ENSP00000362334,PSMB2,USP14,0.995
9606.ENSP00000362334,PSMB2,UBC,0.988
9606.ENSP00000362334,PSMB2,ADRM1,0.987
9606.ENSP00000362334,PSMB2,UBB,0.986
9606.ENSP00000362334,PSMB2,PSME1,0.984
9606.ENSP00000362334,PSMB2,UBXN7,0.983
9606.ENSP00000362334,PSMB2,PSMF1,0.983
9606.ENSP00000362334,PSMB2,PSMG2,0.981
9606.ENSP00000362334,PSMB2,PSME2,0.981
9606.ENSP00000362334,PSMB2,RPS27A,0.967
9606.ENSP00000362334,PSMB2,POLR2A,0.955
9606.ENSP00000362334,PSMB2,UBA52,0.948
9606.ENSP00000362334,PSMB2,AKIRIN2,0.922
9606.ENSP00000362334,PSMB2,PSMB11,0.905
9606.ENSP00000362334,PSMB2,CSF3,0.903
9606.ENSP00000362532,RPRD1B,POLR2A,0.991
9606.ENSP00000362532,RPRD1B,POLR2B,0.983
9606.ENSP00000362532,RPRD1B,RPAP2,0.983
9606.ENSP00000362532,RPRD1B,RPRD1A,0.982
9606.ENSP00000362532,RPRD1B,RPRD2,0.939
9606.ENSP00000362532,RPRD1B,RECQL5,0.93
9606.ENSP00000362532,RPRD1B,POLR2C,0.926
9606.ENSP00000362532,RPRD1B,POLR2G,0.926
9606.ENSP00000362532,RPRD1B,POLR2D,0.925
9606.ENSP00000362532,RPRD1B,POLR2I,0.918
9606.ENSP00000362532,RPRD1B,POLR2J,0.907
9606.ENSP00000362946,RAB14,SLC2A4,0.973
9606.ENSP00000362946,RAB14,TBC1D4,0.955
9606.ENSP00000362946,RAB14,TBC1D1,0.933
9606.ENSP00000363092,PRKG1,MRVI1,0.996
9606.ENSP00000363092,PRKG1,PPP1R12A,0.987
9606.ENSP00000363092,PRKG1,VASP,0.978
9606.ENSP00000363092,PRKG1,RGS2,0.97
9606.ENSP00000363092,PRKG1,GUCY1B1,0.952
9606.ENSP00000363092,PRKG1,GUCY1A2,0.952
9606.ENSP00000363092,PRKG1,PLN,0.95
9606.ENSP00000363092,PRKG1,ATP2B4,0.948
9606.ENSP00000363092,PRKG1,GUCY1A1,0.948
9606.ENSP00000363092,PRKG1,TRPC6,0.942
9606.ENSP00000363092,PRKG1,PPP1R12C,0.942
9606.ENSP00000363092,PRKG1,KCNMA1,0.941
9606.ENSP00000363092,PRKG1,GTF2I,0.94
9606.ENSP00000363092,PRKG1,CACNA1C,0.937
9606.ENSP00000363092,PRKG1,ITPR1,0.934
9606.ENSP00000363092,PRKG1,PLCB1,0.932
9606.ENSP00000363092,PRKG1,RAF1,0.932
9606.ENSP00000363092,PRKG1,SLC8A1,0.927
9606.ENSP00000363092,PRKG1,KCNMB1,0.926
9606.ENSP00000363092,PRKG1,LIPE,0.926
9606.ENSP00000363092,PRKG1,PPP1CB,0.925
9606.ENSP00000363092,PRKG1,PPP1R17,0.924
9606.ENSP00000363092,PRKG1,PPP1CC,0.922
9606.ENSP00000363092,PRKG1,PLCB3,0.919
9606.ENSP00000363092,PRKG1,PLCB4,0.918
9606.ENSP00000363092,PRKG1,MAPK14,0.917
9606.ENSP00000363092,PRKG1,CACNA1D,0.917
9606.ENSP00000363092,PRKG1,ATP1A2,0.917
9606.ENSP00000363092,PRKG1,PPP1CA,0.917
9606.ENSP00000363092,PRKG1,MAPK11,0.916
9606.ENSP00000363092,PRKG1,PLIN1,0.916
9606.ENSP00000363092,PRKG1,MAPK12,0.916
9606.ENSP00000363092,PRKG1,MAPK13,0.915
9606.ENSP00000363092,PRKG1,SLC8A2,0.914
9606.ENSP00000363092,PRKG1,KCNMB4,0.914
9606.ENSP00000363092,PRKG1,CACNA1S,0.913
9606.ENSP00000363092,PRKG1,KCNU1,0.912
9606.ENSP00000363092,PRKG1,ATP2B1,0.911
9606.ENSP00000363092,PRKG1,ATP2B2,0.911
9606.ENSP00000363092,PRKG1,ATP1A4,0.91
9606.ENSP00000363092,PRKG1,ATP1A3,0.91
9606.ENSP00000363092,PRKG1,SLC8A3,0.91
9606.ENSP00000363092,PRKG1,ATP1A1,0.909
9606.ENSP00000363092,PRKG1,GTF2IRD1,0.909
9606.ENSP00000363092,PRKG1,ATP1B2,0.908
9606.ENSP00000363092,PRKG1,PRKG2,0.908
9606.ENSP00000363092,PRKG1,ATP1B4,0.907
9606.ENSP00000363092,PRKG1,ATP2B3,0.906
9606.ENSP00000363092,PRKG1,CD38,0.905
9606.ENSP00000363092,PRKG1,KCNMB2,0.904
9606.ENSP00000363092,PRKG1,PLCB2,0.904
9606.ENSP00000363092,PRKG1,CACNA1F,0.904
9606.ENSP00000363092,PRKG1,KCNMB3,0.903
9606.ENSP00000363092,PRKG1,FXYD2,0.903
9606.ENSP00000363092,PRKG1,BST1,0.902
9606.ENSP00000363092,PRKG1,BAD,0.901
9606.ENSP00000363092,PRKG1,ATP1B1,0.901
9606.ENSP00000363092,PRKG1,ATP1B3,0.901
9606.ENSP00000364639,RBM7,MTREX,0.999
9606.ENSP00000364639,RBM7,ZCCHC8,0.999
9606.ENSP00000364639,RBM7,SF3B2,0.99
9606.ENSP00000364639,RBM7,EXOSC3,0.967
9606.ENSP00000364639,RBM7,EXOSC8,0.944
9606.ENSP00000364639,RBM7,SRRT,0.928
9606.ENSP00000364639,RBM7,EXOSC10,0.912
9606.ENSP00000364639,RBM7,EXOSC7,0.905
9606.ENSP00000364639,RBM7,C1D,0.904
9606.ENSP00000364649,SDHB,SDHA,0.999
9606.ENSP00000364649,SDHB,SDHC,0.999
9606.ENSP00000364649,SDHB,FH,0.999
9606.ENSP00000364649,SDHB,SUCLG1,0.999
9606.ENSP00000364649,SDHB,NDUFV2,0.999
9606.ENSP00000364649,SDHB,SDHD,0.999
9606.ENSP00000364649,SDHB,NDUFS8,0.998
9606.ENSP00000364649,SDHB,SDHAF2,0.998
9606.ENSP00000364649,SDHB,UQCRFS1,0.998
9606.ENSP00000364649,SDHB,NDUFB8,0.997
9606.ENSP00000364649,SDHB,NDUFS2,0.997
9606.ENSP00000364649,SDHB,SUCLA2,0.997
9606.ENSP00000364649,SDHB,UQCRC2,0.997
9606.ENSP00000364649,SDHB,NDUFS1,0.996
9606.ENSP00000364649,SDHB,CS,0.996
9606.ENSP00000364649,SDHB,NDUFS3,0.996
9606.ENSP00000364649,SDHB,F5H5T6_HUMAN,0.994
9606.ENSP00000364649,SDHB,NDUFV1,0.993
9606.ENSP00000364649,SDHB,SUCLG2,0.993
9606.ENSP00000364649,SDHB,SDHAF1,0.991
9606.ENSP00000364649,SDHB,MT-CO1,0.991
9606.ENSP00000364649,SDHB,MT-CO3,0.982
9606.ENSP00000364649,SDHB,MT-CO2,0.98
9606.ENSP00000364649,SDHB,NDUFS7,0.976
9606.ENSP00000364649,SDHB,CYC1,0.975
9606.ENSP00000364649,SDHB,COX5B,0.972
9606.ENSP00000364649,SDHB,MT-ND1,0.971
9606.ENSP00000364649,SDHB,MDH2,0.971
9606.ENSP00000364649,SDHB,ATP5F1C,0.968
9606.ENSP00000364649,SDHB,NDUFB9,0.966
9606.ENSP00000364649,SDHB,NDUFA9,0.965
9606.ENSP00000364649,SDHB,MT-ND4,0.958
9606.ENSP00000364649,SDHB,NDUFA2,0.958
9606.ENSP00000364649,SDHB,UQCRB,0.957
9606.ENSP00000364649,SDHB,ACLY,0.953
9606.ENSP00000364649,SDHB,TRAP1,0.953
9606.ENSP00000364649,SDHB,NDUFA8,0.952
9606.ENSP00000364649,SDHB,ATP5F1A,0.949
9606.ENSP00000364649,SDHB,COX5A,0.946
9606.ENSP00000364649,SDHB,MT-CYB,0.946
9606.ENSP00000364649,SDHB,ACO2,0.94
9606.ENSP00000364649,SDHB,UQCRC1,0.938
9606.ENSP00000364649,SDHB,TMEM127,0.934
9606.ENSP00000364649,SDHB,COX4I1,0.932
9606.ENSP00000364649,SDHB,ATP5F1D,0.931
9606.ENSP00000364649,SDHB,NDUFA12,0.931
9606.ENSP00000364649,SDHB,SDHAF3,0.93
9606.ENSP00000364649,SDHB,GPD2,0.93
9606.ENSP00000364649,SDHB,MT-ND5,0.928
9606.ENSP00000364649,SDHB,HTT,0.927
9606.ENSP00000364649,SDHB,ATP5PD,0.925
9606.ENSP00000364649,SDHB,MT-ND3,0.92
9606.ENSP00000364649,SDHB,OGDH,0.919
9606.ENSP00000364649,SDHB,UQCR10,0.919
9606.ENSP00000364649,SDHB,NFU1,0.917
9606.ENSP00000364649,SDHB,GOT2,0.912
9606.ENSP00000364649,SDHB,CYCS,0.908
9606.ENSP00000364699,SDHD,SDHC,0.999
9606.ENSP00000364699,SDHD,SDHB,0.999
9606.ENSP00000364699,SDHD,SDHA,0.999
9606.ENSP00000364699,SDHD,SDHAF2,0.998
9606.ENSP00000364699,SDHD,FH,0.994
9606.ENSP00000364699,SDHD,F5H5T6_HUMAN,0.994
9606.ENSP00000364699,SDHD,SUCLG1,0.988
9606.ENSP00000364699,SDHD,NDUFA2,0.985
9606.ENSP00000364699,SDHD,NDUFB8,0.984
9606.ENSP00000364699,SDHD,NDUFS8,0.984
9606.ENSP00000364699,SDHD,SUCLA2,0.972
9606.ENSP00000364699,SDHD,UQCRC2,0.965
9606.ENSP00000364699,SDHD,TMEM127,0.96
9606.ENSP00000364699,SDHD,SUCLG2,0.957
9606.ENSP00000364699,SDHD,NDUFV2,0.956
9606.ENSP00000364699,SDHD,UQCRFS1,0.952
9606.ENSP00000364699,SDHD,NDUFA8,0.951
9606.ENSP00000364699,SDHD,COX5B,0.949
9606.ENSP00000364699,SDHD,NDUFB9,0.947
9606.ENSP00000364699,SDHD,UQCRQ,0.946
9606.ENSP00000364699,SDHD,NDUFS6,0.941
9606.ENSP00000364699,SDHD,SDHAF1,0.94
9606.ENSP00000364699,SDHD,NDUFB5,0.934
9606.ENSP00000364699,SDHD,NDUFA12,0.931
9606.ENSP00000364699,SDHD,NDUFS3,0.931
9606.ENSP00000364699,SDHD,UQCRB,0.93
9606.ENSP00000364699,SDHD,NDUFA6,0.93
9606.ENSP00000364699,SDHD,UQCR10,0.923
9606.ENSP00000364699,SDHD,COX5A,0.917
9606.ENSP00000364699,SDHD,NDUFS2,0.917
9606.ENSP00000364699,SDHD,NDUFS1,0.911
9606.ENSP00000364699,SDHD,HTT,0.904
9606.ENSP00000364699,SDHD,CYCS,0.904
9606.ENSP00000364699,SDHD,RET,0.903
9606.ENSP00000366283,SLITRK5,DLGAP3,0.937
9606.ENSP00000366604,SF1,U2AF2,0.999
9606.ENSP00000366604,SF1,SF3A1,0.996
9606.ENSP00000366604,SF1,SF3A2,0.996
9606.ENSP00000366604,SF1,SF3A3,0.992
9606.ENSP00000366604,SF1,DDX46,0.991
9606.ENSP00000366604,SF1,U2AF1,0.984
9606.ENSP00000366604,SF1,CDC5L,0.983
9606.ENSP00000366604,SF1,PRPF40A,0.981
9606.ENSP00000366604,SF1,SF3B1,0.963
9606.ENSP00000366604,SF1,RBM17,0.955
9606.ENSP00000366604,SF1,RBM39,0.952
9606.ENSP00000366604,SF1,SRRM2,0.942
9606.ENSP00000366604,SF1,RBM25,0.938
9606.ENSP00000366604,SF1,PUF60,0.937
9606.ENSP00000366604,SF1,SRRT,0.927
9606.ENSP00000366604,SF1,TCERG1,0.918
9606.ENSP00000366604,SF1,CHERP,0.913
9606.ENSP00000366604,SF1,PRPF40B,0.911
9606.ENSP00000366604,SF1,SUGP1,0.907
9606.ENSP00000366604,SF1,DDX5,0.906
9606.ENSP00000367797,SKI,SMAD4,0.998
9606.ENSP00000367797,SKI,SMAD2,0.997
9606.ENSP00000367797,SKI,SMAD3,0.983
9606.ENSP00000367797,SKI,NCOR1,0.947
9606.ENSP00000367797,SKI,SKIL,0.916
9606.ENSP00000367797,SKI,SMAD1,0.908
9606.ENSP00000367830,PRKCZ,PARD3,0.999
9606.ENSP00000367830,PRKCZ,PARD6G,0.999
9606.ENSP00000367830,PRKCZ,PARD6B,0.999
9606.ENSP00000367830,PRKCZ,PARD6A,0.999
9606.ENSP00000367830,PRKCZ,CDC42,0.998
9606.ENSP00000367830,PRKCZ,LLGL1,0.995
9606.ENSP00000367830,PRKCZ,SQSTM1,0.995
9606.ENSP00000367830,PRKCZ,LLGL2,0.994
9606.ENSP00000367830,PRKCZ,PRKCI,0.989
9606.ENSP00000367830,PRKCZ,AKT1,0.974
9606.ENSP00000367830,PRKCZ,PIAS4,0.962
9606.ENSP00000367830,PRKCZ,PDPK1,0.96
9606.ENSP00000367830,PRKCZ,AKT3,0.959
9606.ENSP00000367830,PRKCZ,PTEN,0.958
9606.ENSP00000367830,PRKCZ,IRS1,0.955
9606.ENSP00000367830,PRKCZ,GSK3B,0.955
9606.ENSP00000367830,PRKCZ,WWC1,0.949
9606.ENSP00000367830,PRKCZ,STK11,0.948
9606.ENSP00000367830,PRKCZ,IRS2,0.943
9606.ENSP00000367830,PRKCZ,MAPK7,0.942
9606.ENSP00000367830,PRKCZ,AMOT,0.941
9606.ENSP00000367830,PRKCZ,TIAM1,0.939
9606.ENSP00000367830,PRKCZ,RAC2,0.934
9606.ENSP00000367830,PRKCZ,PIK3R1,0.933
9606.ENSP00000367830,PRKCZ,TP53,0.933
9606.ENSP00000367830,PRKCZ,AKT2,0.929
9606.ENSP00000367830,PRKCZ,PIK3CB,0.928
9606.ENSP00000367830,PRKCZ,PIK3CG,0.927
9606.ENSP00000367830,PRKCZ,MAPK3,0.926
9606.ENSP00000367830,PRKCZ,EPB41L4B,0.925
9606.ENSP00000367830,PRKCZ,PIK3CA,0.925
9606.ENSP00000367830,PRKCZ,RAP1A,0.924
9606.ENSP00000367830,PRKCZ,PPP2CA,0.922
9606.ENSP00000367830,PRKCZ,RAP1B,0.922
9606.ENSP00000367830,PRKCZ,RAC3,0.922
9606.ENSP00000367830,PRKCZ,SUMO2,0.921
9606.ENSP00000367830,PRKCZ,SUMO1,0.919
9606.ENSP00000367830,PRKCZ,MAPK1,0.919
9606.ENSP00000367830,PRKCZ,IRS4,0.917
9606.ENSP00000367830,PRKCZ,PIK3CD,0.916
9606.ENSP00000367830,PRKCZ,PIK3R5,0.915
9606.ENSP00000367830,PRKCZ,PIK3R2,0.914
9606.ENSP00000367830,PRKCZ,SUMO4,0.913
9606.ENSP00000367830,PRKCZ,AMOTL1,0.912
9606.ENSP00000367830,PRKCZ,MAGI1,0.912
9606.ENSP00000367830,PRKCZ,PPP2R2D,0.911
9606.ENSP00000367830,PRKCZ,PPP2CB,0.911
9606.ENSP00000367830,PRKCZ,AMOTL2,0.91
9606.ENSP00000367830,PRKCZ,PPP2R2A,0.91
9606.ENSP00000367830,PRKCZ,PPP2R2B,0.91
9606.ENSP00000367830,PRKCZ,PIK3R3,0.907
9606.ENSP00000367830,PRKCZ,PPP2R2C,0.906
9606.ENSP00000367830,PRKCZ,PPP2R1A,0.904
9606.ENSP00000367830,PRKCZ,PPP2R1B,0.901
9606.ENSP00000367830,PRKCZ,PIK3R6,0.9
9606.ENSP00000368100,RAD50,BRCA1,0.999
9606.ENSP00000368100,RAD50,MRE11,0.999
9606.ENSP00000368100,RAD50,NBN,0.999
9606.ENSP00000368100,RAD50,RBBP8,0.999
9606.ENSP00000368100,RAD50,BARD1,0.997
9606.ENSP00000368100,RAD50,ATM,0.99
9606.ENSP00000368100,RAD50,MDC1,0.947
9606.ENSP00000368100,RAD50,H2AX,0.934
9606.ENSP00000368100,RAD50,ENSP00000491596,0.933
9606.ENSP00000368100,RAD50,TERF2,0.926
9606.ENSP00000368100,RAD50,BLM,0.92
9606.ENSP00000368100,RAD50,XRCC6,0.909
9606.ENSP00000368100,RAD50,ATR,0.905
9606.ENSP00000368100,RAD50,TERF2IP,0.9
9606.ENSP00000368648,SLC30A6,SLC30A5,0.997
9606.ENSP00000368648,SLC30A6,SLC30A1,0.959
9606.ENSP00000368884,RPS6KA3,MAPK1,0.989
9606.ENSP00000368884,RPS6KA3,MAPK3,0.984
9606.ENSP00000368884,RPS6KA3,TSC2,0.96
9606.ENSP00000368884,RPS6KA3,ATF4,0.954
9606.ENSP00000368884,RPS6KA3,MAPK7,0.951
9606.ENSP00000368884,RPS6KA3,KRAS,0.95
9606.ENSP00000368884,RPS6KA3,TSC1,0.944
9606.ENSP00000368884,RPS6KA3,NRAS,0.942
9606.ENSP00000368884,RPS6KA3,HRAS,0.934
9606.ENSP00000368884,RPS6KA3,TBC1D7,0.933
9606.ENSP00000368884,RPS6KA3,RPS6KA1,0.922
9606.ENSP00000368884,RPS6KA3,BUB1,0.914
9606.ENSP00000368884,RPS6KA3,MEFV,0.906
9606.ENSP00000368884,RPS6KA3,PKMYT1,0.902
9606.ENSP00000368959,REEP5,RTN4,0.954
9606.ENSP00000368959,REEP5,PFAS,0.918
9606.ENSP00000368959,REEP5,RTN3,0.906
9606.ENSP00000368959,REEP5,RTN1,0.902
9606.ENSP00000369131,SIN3B,SUDS3,0.999
9606.ENSP00000369131,SIN3B,HDAC2,0.999
9606.ENSP00000369131,SIN3B,SAP30,0.999
9606.ENSP00000369131,SIN3B,HDAC1,0.999
9606.ENSP00000369131,SIN3B,RBBP7,0.998
9606.ENSP00000369131,SIN3B,RBBP4,0.997
9606.ENSP00000369131,SIN3B,PHF12,0.996
9606.ENSP00000369131,SIN3B,SIN3A,0.993
9606.ENSP00000369131,SIN3B,ARID4B,0.993
9606.ENSP00000369131,SIN3B,ARID4A,0.99
9606.ENSP00000369131,SIN3B,MORF4L1,0.989
9606.ENSP00000369131,SIN3B,SAP18,0.985
9606.ENSP00000369131,SIN3B,REST,0.971
9606.ENSP00000369131,SIN3B,ING2,0.952
9606.ENSP00000369131,SIN3B,BRMS1,0.952
9606.ENSP00000369131,SIN3B,BRMS1L,0.947
9606.ENSP00000369131,SIN3B,SINHCAF,0.938
9606.ENSP00000369131,SIN3B,NCOR1,0.932
9606.ENSP00000369131,SIN3B,ING1,0.926
9606.ENSP00000369131,SIN3B,SAP130,0.925
9606.ENSP00000369131,SIN3B,KDM5A,0.923
9606.ENSP00000369131,SIN3B,EMSY,0.906
9606.ENSP00000370114,PSIP1,MEN1,0.997
9606.ENSP00000370114,PSIP1,KMT2A,0.988
9606.ENSP00000370114,PSIP1,SRSF1,0.969
9606.ENSP00000370114,PSIP1,POGZ,0.966
9606.ENSP00000370114,PSIP1,H3C13,0.965
9606.ENSP00000370114,PSIP1,RBBP8,0.959
9606.ENSP00000370114,PSIP1,H3C14,0.908
9606.ENSP00000370114,PSIP1,H3C15,0.906
9606.ENSP00000370114,PSIP1,CDCA7L,0.9
9606.ENSP00000370208,RABGEF1,RABEP1,0.999
9606.ENSP00000370208,RABGEF1,RAB5A,0.999
9606.ENSP00000370208,RABGEF1,RAB21,0.996
9606.ENSP00000370208,RABGEF1,UBC,0.987
9606.ENSP00000370208,RABGEF1,EEA1,0.985
9606.ENSP00000370208,RABGEF1,RABEP2,0.984
9606.ENSP00000370208,RABGEF1,RPS27A,0.946
9606.ENSP00000370208,RABGEF1,RAB22A,0.938
9606.ENSP00000370208,RABGEF1,GGA1,0.93
9606.ENSP00000370208,RABGEF1,UBA52,0.924
9606.ENSP00000370208,RABGEF1,UBB,0.911
9606.ENSP00000370593,PTPRD,IL1RAPL1,0.994
9606.ENSP00000370593,PTPRD,IL1RAP,0.991
9606.ENSP00000370593,PTPRD,SLITRK1,0.99
9606.ENSP00000370593,PTPRD,PPFIA1,0.973
9606.ENSP00000370593,PTPRD,PPFIA3,0.966
9606.ENSP00000370593,PTPRD,SLITRK2,0.956
9606.ENSP00000370593,PTPRD,SLITRK3,0.937
9606.ENSP00000370593,PTPRD,NLGN3,0.902
9606.ENSP00000371018,SIRPB1,TYROBP,0.999
9606.ENSP00000371018,SIRPB1,CD47,0.993
9606.ENSP00000371018,SIRPB1,SIRPA,0.918
9606.ENSP00000371169,RCL1,BYSL,0.999
9606.ENSP00000371169,RCL1,UTP4,0.999
9606.ENSP00000371169,RCL1,WDR43,0.999
9606.ENSP00000371169,RCL1,UTP18,0.999
9606.ENSP00000371169,RCL1,IMP4,0.999
9606.ENSP00000371169,RCL1,BMS1,0.999
9606.ENSP00000371169,RCL1,NOC4L,0.998
9606.ENSP00000371169,RCL1,NGDN,0.998
9606.ENSP00000371169,RCL1,UTP6,0.998
9606.ENSP00000371169,RCL1,HEATR1,0.998
9606.ENSP00000371169,RCL1,UTP15,0.998
9606.ENSP00000371169,RCL1,EMG1,0.998
9606.ENSP00000371169,RCL1,WDR3,0.998
9606.ENSP00000371169,RCL1,RRP7A,0.998
9606.ENSP00000371169,RCL1,RRP9,0.998
9606.ENSP00000371169,RCL1,WDR36,0.998
9606.ENSP00000371169,RCL1,UTP20,0.998
9606.ENSP00000371169,RCL1,NOP58,0.997
9606.ENSP00000371169,RCL1,KRR1,0.997
9606.ENSP00000371169,RCL1,WDR46,0.997
9606.ENSP00000371169,RCL1,WDR75,0.997
9606.ENSP00000371169,RCL1,NOL6,0.997
9606.ENSP00000371169,RCL1,FCF1,0.997
9606.ENSP00000371169,RCL1,AATF,0.997
9606.ENSP00000371169,RCL1,PWP2,0.997
9606.ENSP00000371169,RCL1,UTP3,0.997
9606.ENSP00000371169,RCL1,TBL3,0.997
9606.ENSP00000371169,RCL1,MPHOSPH10,0.996
9606.ENSP00000371169,RCL1,NAT10,0.996
9606.ENSP00000371169,RCL1,UTP14A,0.994
9606.ENSP00000371169,RCL1,IMP3,0.993
9606.ENSP00000371169,RCL1,DCAF13,0.993
9606.ENSP00000371169,RCL1,NOP56,0.993
9606.ENSP00000371169,RCL1,RPS23,0.993
9606.ENSP00000371169,RCL1,DNTTIP2,0.993
9606.ENSP00000371169,RCL1,UTP11,0.993
9606.ENSP00000371169,RCL1,NOP14,0.992
9606.ENSP00000371169,RCL1,NOL10,0.991
9606.ENSP00000371169,RCL1,RPS13,0.991
9606.ENSP00000371169,RCL1,RPS6,0.99
9606.ENSP00000371169,RCL1,RPS9,0.99
9606.ENSP00000371169,RCL1,RPS8,0.989
9606.ENSP00000371169,RCL1,SNU13,0.989
9606.ENSP00000371169,RCL1,PNO1,0.988
9606.ENSP00000371169,RCL1,RPS19,0.987
9606.ENSP00000371169,RCL1,RPS7,0.987
9606.ENSP00000371169,RCL1,RPS5,0.987
9606.ENSP00000371169,RCL1,FBL,0.986
9606.ENSP00000371169,RCL1,RPS3A,0.986
9606.ENSP00000371169,RCL1,DIMT1,0.984
9606.ENSP00000371169,RCL1,RPS11,0.984
9606.ENSP00000371169,RCL1,PDCD11,0.983
9606.ENSP00000371169,RCL1,RPS24,0.982
9606.ENSP00000371169,RCL1,RPS16,0.982
9606.ENSP00000371169,RCL1,RPS28,0.982
9606.ENSP00000371169,RCL1,TSR1,0.981
9606.ENSP00000371169,RCL1,RPS18,0.98
9606.ENSP00000371169,RCL1,RPS14,0.98
9606.ENSP00000371169,RCL1,LOC102724159,0.975
9606.ENSP00000371169,RCL1,RPS27,0.973
9606.ENSP00000371169,RCL1,EXOSC10,0.966
9606.ENSP00000371169,RCL1,RPS15A,0.955
9606.ENSP00000371169,RCL1,RSL1D1,0.946
9606.ENSP00000371169,RCL1,WDR12,0.945
9606.ENSP00000371169,RCL1,MRTO4,0.935
9606.ENSP00000371169,RCL1,RPS12,0.935
9606.ENSP00000371169,RCL1,NOL11,0.928
9606.ENSP00000371169,RCL1,GRWD1,0.927
9606.ENSP00000371169,RCL1,RPS4X,0.924
9606.ENSP00000371169,RCL1,RRP12,0.923
9606.ENSP00000371169,RCL1,DHX37,0.922
9606.ENSP00000371169,RCL1,NIP7,0.915
9606.ENSP00000371169,RCL1,UTP14C,0.912
9606.ENSP00000371169,RCL1,MTREX,0.905
9606.ENSP00000371169,RCL1,RPF2,0.904
9606.ENSP00000371219,RHOH,LCK,0.932
9606.ENSP00000371219,RHOH,RHOB,0.928
9606.ENSP00000371321,RFC1,RFC5,0.999
9606.ENSP00000371321,RFC1,RFC4,0.999
9606.ENSP00000371321,RFC1,RFC2,0.999
9606.ENSP00000371321,RFC1,RFC3,0.999
9606.ENSP00000371321,RFC1,PCNA,0.999
9606.ENSP00000371321,RFC1,ATAD5,0.945
9606.ENSP00000371483,SLC34A2,SLC9A3R1,0.923
9606.ENSP00000371483,SLC34A2,SLC34A1,0.913
9606.ENSP00000371483,SLC34A2,SLC34A3,0.907
9606.ENSP00000371512,SGCZ,SGCE,0.93
9606.ENSP00000371638,SMARCA2,SMARCC2,0.999
9606.ENSP00000371638,SMARCA2,SMARCB1,0.999
9606.ENSP00000371638,SMARCA2,PBRM1,0.999
9606.ENSP00000371638,SMARCA2,SMARCD1,0.999
9606.ENSP00000371638,SMARCA2,ACTL6A,0.999
9606.ENSP00000371638,SMARCA2,ARID1A,0.999
9606.ENSP00000371638,SMARCA2,SMARCA4,0.999
9606.ENSP00000371638,SMARCA2,SMARCD3,0.999
9606.ENSP00000371638,SMARCA2,ARID1B,0.999
9606.ENSP00000371638,SMARCA2,SMARCD2,0.999
9606.ENSP00000371638,SMARCA2,SMARCC1,0.999
9606.ENSP00000371638,SMARCA2,SMARCE1,0.999
9606.ENSP00000371638,SMARCA2,PHF10,0.996
9606.ENSP00000371638,SMARCA2,BRD9,0.996
9606.ENSP00000371638,SMARCA2,SS18,0.996
9606.ENSP00000371638,SMARCA2,ARID2,0.994
9606.ENSP00000371638,SMARCA2,BCL7C,0.993
9606.ENSP00000371638,SMARCA2,BCL7A,0.993
9606.ENSP00000371638,SMARCA2,DPF3,0.991
9606.ENSP00000371638,SMARCA2,DPF2,0.991
9606.ENSP00000371638,SMARCA2,BICRA,0.986
9606.ENSP00000371638,SMARCA2,BCL7B,0.985
9606.ENSP00000371638,SMARCA2,ACTL6B,0.982
9606.ENSP00000371638,SMARCA2,BRD7,0.977
9606.ENSP00000371638,SMARCA2,DPF1,0.973
9606.ENSP00000371638,SMARCA2,BICRAL,0.967
9606.ENSP00000371638,SMARCA2,BCL11B,0.951
9606.ENSP00000371638,SMARCA2,SMARCA1,0.948
9606.ENSP00000371638,SMARCA2,BCL11A,0.948
9606.ENSP00000371638,SMARCA2,PPARG,0.912
9606.ENSP00000371638,SMARCA2,VHL,0.91
9606.ENSP00000371638,SMARCA2,H4C6,0.905
9606.ENSP00000371923,RP1L1,MSRA,0.944
9606.ENSP00000371936,SEMA5A,PLXNB3,0.999
9606.ENSP00000371936,SEMA5A,SEMA5B,0.933
9606.ENSP00000373772,RNF20,RNF40,0.999
9606.ENSP00000373772,RNF20,UBE2A,0.999
9606.ENSP00000373772,RNF20,UBE2B,0.998
9606.ENSP00000373772,RNF20,CDC73,0.982
9606.ENSP00000373772,RNF20,H2BC21,0.976
9606.ENSP00000373772,RNF20,PAF1,0.976
9606.ENSP00000373772,RNF20,WAC,0.968
9606.ENSP00000373772,RNF20,RTF1,0.953
9606.ENSP00000373772,RNF20,UBE2N,0.952
9606.ENSP00000373772,RNF20,H2BC3,0.944
9606.ENSP00000373772,RNF20,CTR9,0.93
9606.ENSP00000373772,RNF20,TP53,0.929
9606.ENSP00000373772,RNF20,H2BC17,0.926
9606.ENSP00000373772,RNF20,H2BC14,0.924
9606.ENSP00000373772,RNF20,H2BC9,0.924
9606.ENSP00000373772,RNF20,H2BC13,0.924
9606.ENSP00000373772,RNF20,H2BC15,0.921
9606.ENSP00000373772,RNF20,H2BC11,0.921
9606.ENSP00000373772,RNF20,H2BC1,0.92
9606.ENSP00000373772,RNF20,H2BC4,0.92
9606.ENSP00000373772,RNF20,WDR82,0.919
9606.ENSP00000373772,RNF20,H2BC12,0.919
9606.ENSP00000373772,RNF20,H2BC5,0.915
9606.ENSP00000373772,RNF20,UBE2V1,0.907
9606.ENSP00000374013,PRB2,PRB1,0.909
9606.ENSP00000374552,RNF216,UBC,0.931
9606.ENSP00000374552,RNF216,RIPK1,0.91
9606.ENSP00000374552,RNF216,RPS27A,0.91
9606.ENSP00000374552,RNF216,UBB,0.906
9606.ENSP00000374552,RNF216,UBA52,0.9
9606.ENSP00000375730,RPL13A,RPS24,0.999
9606.ENSP00000375730,RPL13A,RPL11,0.999
9606.ENSP00000375730,RPL13A,RPL7,0.999
9606.ENSP00000375730,RPL13A,RPS21,0.999
9606.ENSP00000375730,RPL13A,RPL9,0.999
9606.ENSP00000375730,RPL13A,RPL18,0.999
9606.ENSP00000375730,RPL13A,RPL13,0.999
9606.ENSP00000375730,RPL13A,RPL27A,0.999
9606.ENSP00000375730,RPL13A,RPS10,0.999
9606.ENSP00000375730,RPL13A,RPL7A,0.999
9606.ENSP00000375730,RPL13A,RPL6,0.999
9606.ENSP00000375730,RPL13A,RPL36,0.999
9606.ENSP00000375730,RPL13A,RPL23,0.999
9606.ENSP00000375730,RPL13A,RPS19,0.999
9606.ENSP00000375730,RPL13A,RACK1,0.999
9606.ENSP00000375730,RPL13A,RPL15,0.999
9606.ENSP00000375730,RPL13A,RPL35,0.999
9606.ENSP00000375730,RPL13A,RPSA,0.999
9606.ENSP00000375730,RPL13A,RPL34,0.999
9606.ENSP00000375730,RPL13A,RPS18,0.999
9606.ENSP00000375730,RPL13A,RPL10,0.999
9606.ENSP00000375730,RPL13A,RPS12,0.999
9606.ENSP00000375730,RPL13A,RPL19,0.999
9606.ENSP00000375730,RPL13A,RPS16,0.999
9606.ENSP00000375730,RPL13A,RPL5,0.999
9606.ENSP00000375730,RPL13A,RPL30,0.999
9606.ENSP00000375730,RPL13A,RPS17,0.999
9606.ENSP00000375730,RPL13A,GAPDH,0.999
9606.ENSP00000375730,RPL13A,RPLP1,0.999
9606.ENSP00000375730,RPL13A,RPL4,0.999
9606.ENSP00000375730,RPL13A,RPS7,0.999
9606.ENSP00000375730,RPL13A,RPS28,0.999
9606.ENSP00000375730,RPL13A,RPS5,0.999
9606.ENSP00000375730,RPL13A,RPL10A,0.999
9606.ENSP00000375730,RPL13A,RPS25,0.999
9606.ENSP00000375730,RPL13A,RPL23A,0.999
9606.ENSP00000375730,RPL13A,RPL17,0.999
9606.ENSP00000375730,RPL13A,RPL8,0.999
9606.ENSP00000375730,RPL13A,RPS20,0.999
9606.ENSP00000375730,RPL13A,RPL24,0.999
9606.ENSP00000375730,RPL13A,RPL37A,0.999
9606.ENSP00000375730,RPL13A,RPS8,0.999
9606.ENSP00000375730,RPL13A,RPS15,0.999
9606.ENSP00000375730,RPL13A,RPS2,0.999
9606.ENSP00000375730,RPL13A,UBA52,0.999
9606.ENSP00000375730,RPL13A,RPS6,0.999
9606.ENSP00000375730,RPL13A,RPL26,0.999
9606.ENSP00000375730,RPL13A,RPS11,0.999
9606.ENSP00000375730,RPL13A,RPL3,0.999
9606.ENSP00000375730,RPL13A,RPL31,0.999
9606.ENSP00000375730,RPL13A,RPL28,0.999
9606.ENSP00000375730,RPL13A,RPS27,0.999
9606.ENSP00000375730,RPL13A,RPL35A,0.999
9606.ENSP00000375730,RPL13A,SYNCRIP,0.999
9606.ENSP00000375730,RPL13A,RPL37,0.999
9606.ENSP00000375730,RPL13A,RPS26,0.999
9606.ENSP00000375730,RPL13A,RPL18A,0.999
9606.ENSP00000375730,RPL13A,RPL14,0.999
9606.ENSP00000375730,RPL13A,RPL21,0.999
9606.ENSP00000375730,RPL13A,RPS29,0.999
9606.ENSP00000375730,RPL13A,RPS14,0.999
9606.ENSP00000375730,RPL13A,RPLP2,0.999
9606.ENSP00000375730,RPL13A,RPL12,0.999
9606.ENSP00000375730,RPL13A,RPS9,0.999
9606.ENSP00000375730,RPL13A,RPS23,0.999
9606.ENSP00000375730,RPL13A,RPL38,0.999
9606.ENSP00000375730,RPL13A,EPRS1,0.999
9606.ENSP00000375730,RPL13A,RPL22,0.999
9606.ENSP00000375730,RPL13A,RPL29,0.999
9606.ENSP00000375730,RPL13A,RPL27,0.999
9606.ENSP00000375730,RPL13A,TPT1,0.999
9606.ENSP00000375730,RPL13A,FAU,0.999
9606.ENSP00000375730,RPL13A,RPL32,0.999
9606.ENSP00000375730,RPL13A,RPLP0,0.999
9606.ENSP00000375730,RPL13A,RPS3A,0.999
9606.ENSP00000375730,RPL13A,RPS13,0.999
9606.ENSP00000375730,RPL13A,RPS27A,0.999
9606.ENSP00000375730,RPL13A,RPS3,0.999
9606.ENSP00000375730,RPL13A,RPS4X,0.998
9606.ENSP00000375730,RPL13A,RPS15A,0.998
9606.ENSP00000375730,RPL13A,RPL39,0.998
9606.ENSP00000375730,RPL13A,EEF2,0.997
9606.ENSP00000375730,RPL13A,RPL36AL,0.997
9606.ENSP00000375730,RPL13A,RPL36A,0.997
9606.ENSP00000375730,RPL13A,RPL26L1,0.996
9606.ENSP00000375730,RPL13A,RPL10L,0.996
9606.ENSP00000375730,RPL13A,PA2G4,0.992
9606.ENSP00000375730,RPL13A,RPL17-C18orf32,0.991
9606.ENSP00000375730,RPL13A,EEF1A1,0.989
9606.ENSP00000375730,RPL13A,RPS10-NUDT3,0.987
9606.ENSP00000375730,RPL13A,RPS4Y1,0.985
9606.ENSP00000375730,RPL13A,EIF6,0.98
9606.ENSP00000375730,RPL13A,RSL24D1,0.98
9606.ENSP00000375730,RPL13A,EIF5B,0.977
9606.ENSP00000375730,RPL13A,H3BNC9_HUMAN,0.976
9606.ENSP00000375730,RPL13A,SERBP1,0.976
9606.ENSP00000375730,RPL13A,SEC61A1,0.976
9606.ENSP00000375730,RPL13A,MRPL21,0.976
9606.ENSP00000375730,RPL13A,MRPL19,0.975
9606.ENSP00000375730,RPL13A,RPL39L,0.975
9606.ENSP00000375730,RPL13A,MRPL17,0.974
9606.ENSP00000375730,RPL13A,SRP54,0.974
9606.ENSP00000375730,RPL13A,MRPL27,0.974
9606.ENSP00000375730,RPL13A,MRPS9,0.973
9606.ENSP00000375730,RPL13A,MRPL20,0.973
9606.ENSP00000375730,RPL13A,MRPL32,0.972
9606.ENSP00000375730,RPL13A,MRPS16,0.972
9606.ENSP00000375730,RPL13A,MRPL9,0.972
9606.ENSP00000375730,RPL13A,RPS27L,0.971
9606.ENSP00000375730,RPL13A,MRPL36,0.971
9606.ENSP00000375730,RPL13A,MRPL33,0.971
9606.ENSP00000375730,RPL13A,EIF5A,0.971
9606.ENSP00000375730,RPL13A,MRPL12,0.97
9606.ENSP00000375730,RPL13A,MRPS6,0.97
9606.ENSP00000375730,RPL13A,RPL3L,0.97
9606.ENSP00000375730,RPL13A,EEF1G,0.969
9606.ENSP00000375730,RPL13A,NACA,0.969
9606.ENSP00000375730,RPL13A,GTPBP4,0.966
9606.ENSP00000375730,RPL13A,TUFM,0.964
9606.ENSP00000375730,RPL13A,RPL22L1,0.964
9606.ENSP00000375730,RPL13A,RPL7L1,0.962
9606.ENSP00000375730,RPL13A,BTF3,0.946
9606.ENSP00000375730,RPL13A,CD74,0.943
9606.ENSP00000375730,RPL13A,PDCD11,0.941
9606.ENSP00000375730,RPL13A,MRRF,0.938
9606.ENSP00000375730,RPL13A,MED1,0.937
9606.ENSP00000375730,RPL13A,MRNIP,0.937
9606.ENSP00000375730,RPL13A,CXorf66,0.934
9606.ENSP00000375730,RPL13A,FBL,0.934
9606.ENSP00000375730,RPL13A,MRTO4,0.933
9606.ENSP00000375730,RPL13A,GSPT1,0.933
9606.ENSP00000375730,RPL13A,EEFSEC,0.932
9606.ENSP00000375730,RPL13A,DOCK4,0.932
9606.ENSP00000375730,RPL13A,FANCE,0.932
9606.ENSP00000375730,RPL13A,RPL41,0.931
9606.ENSP00000375730,RPL13A,EEF1B2,0.93
9606.ENSP00000375730,RPL13A,ETF1,0.93
9606.ENSP00000375730,RPL13A,RPS4Y2,0.927
9606.ENSP00000375730,RPL13A,SRP14,0.926
9606.ENSP00000375730,RPL13A,SEC61B,0.926
9606.ENSP00000375730,RPL13A,RSRC1,0.925
9606.ENSP00000375730,RPL13A,SRPRA,0.924
9606.ENSP00000375730,RPL13A,SRP68,0.921
9606.ENSP00000375730,RPL13A,RSAD1,0.919
9606.ENSP00000375730,RPL13A,RPL36A-HNRNPH2,0.918
9606.ENSP00000375730,RPL13A,NACA2,0.917
9606.ENSP00000375730,RPL13A,IFI35,0.915
9606.ENSP00000375730,RPL13A,ARL6IP1,0.913
9606.ENSP00000375730,RPL13A,SRP19,0.912
9606.ENSP00000375730,RPL13A,NMD3,0.906
9606.ENSP00000375730,RPL13A,GNL2,0.905
9606.ENSP00000375730,RPL13A,LSG1,0.904
9606.ENSP00000375730,RPL13A,SRP72,0.904
9606.ENSP00000375730,RPL13A,EIF4G1,0.904
9606.ENSP00000375730,RPL13A,SRP9,0.903
9606.ENSP00000375730,RPL13A,ZNF593,0.9
9606.ENSP00000376272,RFC4,RFC1,0.999
9606.ENSP00000376272,RFC4,RFC5,0.999
9606.ENSP00000376272,RFC4,RFC2,0.999
9606.ENSP00000376272,RFC4,RAD17,0.999
9606.ENSP00000376272,RFC4,RFC3,0.999
9606.ENSP00000376272,RFC4,CHTF18,0.999
9606.ENSP00000376272,RFC4,ATAD5,0.999
9606.ENSP00000376272,RFC4,PCNA,0.999
9606.ENSP00000376272,RFC4,DSCC1,0.998
9606.ENSP00000376272,RFC4,CHTF8,0.997
9606.ENSP00000376272,RFC4,HUS1,0.987
9606.ENSP00000376272,RFC4,RAD1,0.982
9606.ENSP00000376272,RFC4,RAD9A,0.978
9606.ENSP00000376272,RFC4,MCM3,0.971
9606.ENSP00000376272,RFC4,PRIM1,0.968
9606.ENSP00000376272,RFC4,FEN1,0.96
9606.ENSP00000376272,RFC4,LIG1,0.959
9606.ENSP00000376272,RFC4,EXO1,0.955
9606.ENSP00000376272,RFC4,MCM5,0.949
9606.ENSP00000376272,RFC4,MAD2L1,0.947
9606.ENSP00000376272,RFC4,MCM6,0.945
9606.ENSP00000376272,RFC4,CHEK1,0.942
9606.ENSP00000376272,RFC4,BRCA1,0.94
9606.ENSP00000376272,RFC4,POLE2,0.935
9606.ENSP00000376272,RFC4,MSH2,0.935
9606.ENSP00000376272,RFC4,PRIM2,0.929
9606.ENSP00000376272,RFC4,MSH6,0.928
9606.ENSP00000376272,RFC4,POLD1,0.916
9606.ENSP00000376272,RFC4,RPA3,0.912
9606.ENSP00000376272,RFC4,NBN,0.906
9606.ENSP00000376272,RFC4,MCM7,0.906
9606.ENSP00000376475,PRKAR1A,PRKACA,0.999
9606.ENSP00000376475,PRKAR1A,PRKACB,0.999
9606.ENSP00000376475,PRKAR1A,PRKACG,0.998
9606.ENSP00000376475,PRKAR1A,PRKAR1B,0.98
9606.ENSP00000376475,PRKAR1A,PRKAR2B,0.954
9606.ENSP00000376475,PRKAR1A,PRKX,0.94
9606.ENSP00000376475,PRKAR1A,AKAP10,0.938
9606.ENSP00000376475,PRKAR1A,PRKAR2A,0.922
9606.ENSP00000376475,PRKAR1A,PDE11A,0.921
9606.ENSP00000376475,PRKAR1A,GNAS,0.916
9606.ENSP00000376475,PRKAR1A,GPR161,0.914
9606.ENSP00000376475,PRKAR1A,LIPE,0.91
9606.ENSP00000376899,PTGFRN,CD81,0.999
9606.ENSP00000376899,PTGFRN,CD9,0.999
9606.ENSP00000376899,PTGFRN,CD151,0.967
9606.ENSP00000376899,PTGFRN,B4E171_HUMAN,0.927
9606.ENSP00000377036,PTPA,PPP2CA,0.999
9606.ENSP00000377036,PTPA,PPP2R1A,0.998
9606.ENSP00000377036,PTPA,PPP4C,0.974
9606.ENSP00000377036,PTPA,PPP4R2,0.972
9606.ENSP00000377036,PTPA,PPP4R3A,0.941
9606.ENSP00000377036,PTPA,PPP2R5C,0.922
9606.ENSP00000377036,PTPA,PPP2R3A,0.919
9606.ENSP00000377036,PTPA,PPP2CB,0.917
9606.ENSP00000378163,RPL34,RPL18A,0.999
9606.ENSP00000378163,RPL34,RPS26,0.999
9606.ENSP00000378163,RPL34,RPL21,0.999
9606.ENSP00000378163,RPL34,RPL14,0.999
9606.ENSP00000378163,RPL34,RPS29,0.999
9606.ENSP00000378163,RPL34,RPS11,0.999
9606.ENSP00000378163,RPL34,RPS27,0.999
9606.ENSP00000378163,RPL34,RPL28,0.999
9606.ENSP00000378163,RPL34,RPL3,0.999
9606.ENSP00000378163,RPL34,RPL31,0.999
9606.ENSP00000378163,RPL34,RPL37,0.999
9606.ENSP00000378163,RPL34,RPL35A,0.999
9606.ENSP00000378163,RPL34,FAU,0.999
9606.ENSP00000378163,RPL34,RPL36A,0.999
9606.ENSP00000378163,RPL34,RPL27,0.999
9606.ENSP00000378163,RPL34,RPL22,0.999
9606.ENSP00000378163,RPL34,RPL29,0.999
9606.ENSP00000378163,RPL34,RPLP0,0.999
9606.ENSP00000378163,RPL34,RPL32,0.999
9606.ENSP00000378163,RPL34,RPS27A,0.999
9606.ENSP00000378163,RPL34,RPS3A,0.999
9606.ENSP00000378163,RPL34,RPS13,0.999
9606.ENSP00000378163,RPL34,RPS3,0.999
9606.ENSP00000378163,RPL34,RPL12,0.999
9606.ENSP00000378163,RPL34,RPLP2,0.999
9606.ENSP00000378163,RPL34,RPS14,0.999
9606.ENSP00000378163,RPL34,RPS15A,0.999
9606.ENSP00000378163,RPL34,RPS9,0.999
9606.ENSP00000378163,RPL34,RPL39,0.999
9606.ENSP00000378163,RPL34,RPL13A,0.999
9606.ENSP00000378163,RPL34,RPL38,0.999
9606.ENSP00000378163,RPL34,RPS23,0.999
9606.ENSP00000378163,RPL34,RPL23,0.999
9606.ENSP00000378163,RPL34,RPS19,0.999
9606.ENSP00000378163,RPL34,RACK1,0.999
9606.ENSP00000378163,RPL34,RPL15,0.999
9606.ENSP00000378163,RPL34,RPSA,0.999
9606.ENSP00000378163,RPL34,RPL35,0.999
9606.ENSP00000378163,RPL34,RPL19,0.999
9606.ENSP00000378163,RPL34,RPS16,0.999
9606.ENSP00000378163,RPL34,RPS12,0.999
9606.ENSP00000378163,RPL34,RPL5,0.999
9606.ENSP00000378163,RPL34,RPS18,0.999
9606.ENSP00000378163,RPL34,RPS24,0.999
9606.ENSP00000378163,RPL34,RPL11,0.999
9606.ENSP00000378163,RPL34,RPS21,0.999
9606.ENSP00000378163,RPL34,RPL9,0.999
9606.ENSP00000378163,RPL34,RPL18,0.999
9606.ENSP00000378163,RPL34,RPL7,0.999
9606.ENSP00000378163,RPL34,RPL13,0.999
9606.ENSP00000378163,RPL34,RPL6,0.999
9606.ENSP00000378163,RPL34,RPL36,0.999
9606.ENSP00000378163,RPL34,RPL27A,0.999
9606.ENSP00000378163,RPL34,RPS10,0.999
9606.ENSP00000378163,RPL34,RPL7A,0.999
9606.ENSP00000378163,RPL34,RPS25,0.999
9606.ENSP00000378163,RPL34,RPL10A,0.999
9606.ENSP00000378163,RPL34,RPL8,0.999
9606.ENSP00000378163,RPL34,RPS20,0.999
9606.ENSP00000378163,RPL34,RPL17,0.999
9606.ENSP00000378163,RPL34,RPL23A,0.999
9606.ENSP00000378163,RPL34,RPS8,0.999
9606.ENSP00000378163,RPL34,RPS15,0.999
9606.ENSP00000378163,RPL34,RPS2,0.999
9606.ENSP00000378163,RPL34,RPL37A,0.999
9606.ENSP00000378163,RPL34,RPL24,0.999
9606.ENSP00000378163,RPL34,RPL26,0.999
9606.ENSP00000378163,RPL34,UBA52,0.999
9606.ENSP00000378163,RPL34,RPS6,0.999
9606.ENSP00000378163,RPL34,RPL30,0.999
9606.ENSP00000378163,RPL34,RPS17,0.999
9606.ENSP00000378163,RPL34,RPL4,0.999
9606.ENSP00000378163,RPL34,RPS7,0.999
9606.ENSP00000378163,RPL34,RPLP1,0.999
9606.ENSP00000378163,RPL34,RPS5,0.999
9606.ENSP00000378163,RPL34,RPS28,0.999
9606.ENSP00000378163,RPL34,EEF2,0.998
9606.ENSP00000378163,RPL34,RPL10,0.998
9606.ENSP00000378163,RPL34,RPS4X,0.998
9606.ENSP00000378163,RPL34,RPL26L1,0.998
9606.ENSP00000378163,RPL34,EIF6,0.997
9606.ENSP00000378163,RPL34,RPL36AL,0.996
9606.ENSP00000378163,RPL34,RPL17-C18orf32,0.996
9606.ENSP00000378163,RPL34,RPS10-NUDT3,0.996
9606.ENSP00000378163,RPL34,RSL24D1,0.994
9606.ENSP00000378163,RPL34,H3BNC9_HUMAN,0.994
9606.ENSP00000378163,RPL34,RPS4Y1,0.992
9606.ENSP00000378163,RPL34,RPL10L,0.992
9606.ENSP00000378163,RPL34,PA2G4,0.992
9606.ENSP00000378163,RPL34,NSA2,0.986
9606.ENSP00000378163,RPL34,RPS27L,0.983
9606.ENSP00000378163,RPL34,RPL22L1,0.983
9606.ENSP00000378163,RPL34,RPL39L,0.98
9606.ENSP00000378163,RPL34,FLT3LG,0.98
9606.ENSP00000378163,RPL34,SERBP1,0.98
9606.ENSP00000378163,RPL34,IFI35,0.979
9606.ENSP00000378163,RPL34,IMP3,0.979
9606.ENSP00000378163,RPL34,CD74,0.979
9606.ENSP00000378163,RPL34,DOCK4,0.978
9606.ENSP00000378163,RPL34,RPL7L1,0.978
9606.ENSP00000378163,RPL34,MED1,0.978
9606.ENSP00000378163,RPL34,RPL3L,0.977
9606.ENSP00000378163,RPL34,EIF5A,0.976
9606.ENSP00000378163,RPL34,CXorf66,0.975
9606.ENSP00000378163,RPL34,MRPS10,0.974
9606.ENSP00000378163,RPL34,MRNIP,0.972
9606.ENSP00000378163,RPL34,MRPS12,0.972
9606.ENSP00000378163,RPL34,MRTO4,0.971
9606.ENSP00000378163,RPL34,RSAD1,0.971
9606.ENSP00000378163,RPL34,FANCE,0.97
9606.ENSP00000378163,RPL34,WDR31,0.97
9606.ENSP00000378163,RPL34,EEF1B2,0.97
9606.ENSP00000378163,RPL34,MRPL3,0.969
9606.ENSP00000378163,RPL34,MRPL22,0.968
9606.ENSP00000378163,RPL34,MRPL24,0.968
9606.ENSP00000378163,RPL34,GTPBP4,0.968
9606.ENSP00000378163,RPL34,MRPL1,0.968
9606.ENSP00000378163,RPL34,EEF1A1,0.967
9606.ENSP00000378163,RPL34,MRPS7,0.965
9606.ENSP00000378163,RPL34,CCDC105,0.963
9606.ENSP00000378163,RPL34,MRPS14,0.962
9606.ENSP00000378163,RPL34,CUL7,0.962
9606.ENSP00000378163,RPL34,MRPL2,0.962
9606.ENSP00000378163,RPL34,NACA,0.959
9606.ENSP00000378163,RPL34,RPS4Y2,0.959
9606.ENSP00000378163,RPL34,MRPS5,0.958
9606.ENSP00000378163,RPL34,RSRC1,0.957
9606.ENSP00000378163,RPL34,MRPL13,0.953
9606.ENSP00000378163,RPL34,MRPS15,0.951
9606.ENSP00000378163,RPL34,EIF5B,0.95
9606.ENSP00000378163,RPL34,MRPS11,0.95
9606.ENSP00000378163,RPL34,BTF3,0.949
9606.ENSP00000378163,RPL34,PES1,0.945
9606.ENSP00000378163,RPL34,H3BN98_HUMAN,0.944
9606.ENSP00000378163,RPL34,ARL6IP1,0.944
9606.ENSP00000378163,RPL34,RPL36A-HNRNPH2,0.941
9606.ENSP00000378163,RPL34,NACA2,0.941
9606.ENSP00000378163,RPL34,NPSR1,0.939
9606.ENSP00000378163,RPL34,WDR12,0.938
9606.ENSP00000378163,RPL34,ETF1,0.938
9606.ENSP00000378163,RPL34,MRPL4,0.935
9606.ENSP00000378163,RPL34,HMGN1,0.933
9606.ENSP00000378163,RPL34,HMGN2,0.931
9606.ENSP00000378163,RPL34,SRP9,0.931
9606.ENSP00000378163,RPL34,TEX48,0.93
9606.ENSP00000378163,RPL34,HMGN4,0.929
9606.ENSP00000378163,RPL34,SRP14,0.926
9606.ENSP00000378163,RPL34,SEC61B,0.924
9606.ENSP00000378163,RPL34,BOP1,0.924
9606.ENSP00000378163,RPL34,AKNAD1,0.924
9606.ENSP00000378163,RPL34,EEFSEC,0.919
9606.ENSP00000378163,RPL34,NMD3,0.916
9606.ENSP00000378163,RPL34,GSPT1,0.913
9606.ENSP00000378163,RPL34,MRPL11,0.907
9606.ENSP00000378163,RPL34,GNL2,0.906
9606.ENSP00000378163,RPL34,SRP19,0.903
9606.ENSP00000378163,RPL34,EBNA1BP2,0.901
9606.ENSP00000378163,RPL34,SRP68,0.9
9606.ENSP00000378402,SIN3A,HDAC1,0.999
9606.ENSP00000378402,SIN3A,ING2,0.999
9606.ENSP00000378402,SIN3A,MECP2,0.999
9606.ENSP00000378402,SIN3A,SAP30,0.999
9606.ENSP00000378402,SIN3A,RBBP4,0.999
9606.ENSP00000378402,SIN3A,RBBP7,0.999
9606.ENSP00000378402,SIN3A,HDAC2,0.999
9606.ENSP00000378402,SIN3A,NCOR1,0.999
9606.ENSP00000378402,SIN3A,RCOR1,0.999
9606.ENSP00000378402,SIN3A,SUDS3,0.999
9606.ENSP00000378402,SIN3A,NCOR2,0.999
9606.ENSP00000378402,SIN3A,PHF12,0.998
9606.ENSP00000378402,SIN3A,ARID4B,0.997
9606.ENSP00000378402,SIN3A,MXD1,0.996
9606.ENSP00000378402,SIN3A,SAP18,0.996
9606.ENSP00000378402,SIN3A,ING1,0.995
9606.ENSP00000378402,SIN3A,MORF4L1,0.995
9606.ENSP00000378402,SIN3A,ARID4A,0.995
9606.ENSP00000378402,SIN3A,SAP30L,0.994
9606.ENSP00000378402,SIN3A,SIN3B,0.993
9606.ENSP00000378402,SIN3A,SINHCAF,0.99
9606.ENSP00000378402,SIN3A,HDAC3,0.987
9606.ENSP00000378402,SIN3A,BRMS1L,0.986
9606.ENSP00000378402,SIN3A,BRMS1,0.983
9606.ENSP00000378402,SIN3A,REST,0.973
9606.ENSP00000378402,SIN3A,KLF11,0.971
9606.ENSP00000378402,SIN3A,IKZF1,0.971
9606.ENSP00000378402,SIN3A,HBP1,0.964
9606.ENSP00000378402,SIN3A,RBPJ,0.963
9606.ENSP00000378402,SIN3A,OGT,0.96
9606.ENSP00000378402,SIN3A,TET1,0.959
9606.ENSP00000378402,SIN3A,FOXN3,0.956
9606.ENSP00000378402,SIN3A,RUNX1,0.952
9606.ENSP00000378402,SIN3A,HDAC4,0.952
9606.ENSP00000378402,SIN3A,CSNK2A1,0.95
9606.ENSP00000378402,SIN3A,HDAC8,0.949
9606.ENSP00000378402,SIN3A,SMARCA4,0.948
9606.ENSP00000378402,SIN3A,KDM1A,0.948
9606.ENSP00000378402,SIN3A,FOXK2,0.947
9606.ENSP00000378402,SIN3A,FOXK1,0.946
9606.ENSP00000378402,SIN3A,TP53,0.941
9606.ENSP00000378402,SIN3A,KLF10,0.941
9606.ENSP00000378402,SIN3A,SFPQ,0.932
9606.ENSP00000378402,SIN3A,CTCF,0.932
9606.ENSP00000378402,SIN3A,STAT3,0.929
9606.ENSP00000378402,SIN3A,SAP130,0.924
9606.ENSP00000378402,SIN3A,E2F4,0.924
9606.ENSP00000378402,SIN3A,RBPJL,0.923
9606.ENSP00000378402,SIN3A,ING3,0.922
9606.ENSP00000378402,SIN3A,DNMT1,0.918
9606.ENSP00000378402,SIN3A,SMARCA5,0.917
9606.ENSP00000378402,SIN3A,KLF9,0.911
9606.ENSP00000378402,SIN3A,H4C6,0.901
9606.ENSP00000378414,SMARCD1,DPF2,0.999
9606.ENSP00000378414,SMARCD1,SMARCC1,0.999
9606.ENSP00000378414,SMARCD1,SMARCA4,0.999
9606.ENSP00000378414,SMARCD1,ARID1A,0.999
9606.ENSP00000378414,SMARCD1,ACTL6A,0.999
9606.ENSP00000378414,SMARCD1,SMARCE1,0.999
9606.ENSP00000378414,SMARCD1,BRD7,0.999
9606.ENSP00000378414,SMARCD1,SMARCB1,0.999
9606.ENSP00000378414,SMARCD1,ARID2,0.999
9606.ENSP00000378414,SMARCD1,SMARCA2,0.999
9606.ENSP00000378414,SMARCD1,SMARCC2,0.999
9606.ENSP00000378414,SMARCD1,PBRM1,0.999
9606.ENSP00000378414,SMARCD1,PHF10,0.999
9606.ENSP00000378414,SMARCD1,ARID1B,0.998
9606.ENSP00000378414,SMARCD1,BRD9,0.998
9606.ENSP00000378414,SMARCD1,BCL7A,0.996
9606.ENSP00000378414,SMARCD1,SMARCD2,0.995
9606.ENSP00000378414,SMARCD1,BICRA,0.995
9606.ENSP00000378414,SMARCD1,BCL7C,0.995
9606.ENSP00000378414,SMARCD1,BICRAL,0.994
9606.ENSP00000378414,SMARCD1,BCL7B,0.994
9606.ENSP00000378414,SMARCD1,DPF3,0.992
9606.ENSP00000378414,SMARCD1,SMARCD3,0.992
9606.ENSP00000378414,SMARCD1,SS18,0.991
9606.ENSP00000378414,SMARCD1,ACTL6B,0.99
9606.ENSP00000378414,SMARCD1,DPF1,0.988
9606.ENSP00000378414,SMARCD1,ACTB,0.986
9606.ENSP00000378414,SMARCD1,SS18L1,0.964
9606.ENSP00000378414,SMARCD1,H4C6,0.946
9606.ENSP00000378414,SMARCD1,BCL11B,0.94
9606.ENSP00000378414,SMARCD1,BCL11A,0.931
9606.ENSP00000378414,SMARCD1,H3C12,0.924
9606.ENSP00000378414,SMARCD1,PPARG,0.911
9606.ENSP00000378414,SMARCD1,PPARGC1A,0.905
9606.ENSP00000378721,SEC31A,PDCD6,0.999
9606.ENSP00000378721,SEC31A,SEC23B,0.999
9606.ENSP00000378721,SEC31A,SEC23A,0.999
9606.ENSP00000378721,SEC31A,SEC13,0.999
9606.ENSP00000378721,SEC31A,SEC24B,0.998
9606.ENSP00000378721,SEC31A,SAR1A,0.997
9606.ENSP00000378721,SEC31A,SEC24A,0.996
9606.ENSP00000378721,SEC31A,SEC24C,0.995
9606.ENSP00000378721,SEC31A,SAR1B,0.995
9606.ENSP00000378721,SEC31A,SEC24D,0.994
9606.ENSP00000378721,SEC31A,KLHL12,0.983
9606.ENSP00000378721,SEC31A,PEF1,0.98
9606.ENSP00000378721,SEC31A,SEC16A,0.98
9606.ENSP00000378721,SEC31A,SEC23IP,0.959
9606.ENSP00000378721,SEC31A,TFG,0.952
9606.ENSP00000378721,SEC31A,LMAN1,0.952
9606.ENSP00000378721,SEC31A,SEC16B,0.949
9606.ENSP00000378721,SEC31A,SEC31B,0.945
9606.ENSP00000378721,SEC31A,TMED7,0.904
9606.ENSP00000378721,SEC31A,PREB,0.904
9606.ENSP00000378782,QPRT,NMNAT1,0.991
9606.ENSP00000378782,QPRT,NMNAT2,0.989
9606.ENSP00000378782,QPRT,NAPRT,0.986
9606.ENSP00000378782,QPRT,NMRK1,0.971
9606.ENSP00000378782,QPRT,NMRK2,0.952
9606.ENSP00000378782,QPRT,NADSYN1,0.942
9606.ENSP00000378782,QPRT,SDHA,0.92
9606.ENSP00000378782,QPRT,ENPP1,0.913
9606.ENSP00000378782,QPRT,NUDT12,0.913
9606.ENSP00000378782,QPRT,NT5C2,0.912
9606.ENSP00000378782,QPRT,NT5M,0.911
9606.ENSP00000378782,QPRT,NMNAT3,0.908
9606.ENSP00000378782,QPRT,NT5C,0.905
9606.ENSP00000378782,QPRT,ENPP3,0.904
9606.ENSP00000378782,QPRT,NT5C1B-RDH14,0.901
9606.ENSP00000378782,QPRT,NT5C1A,0.901
9606.ENSP00000378782,QPRT,NT5C1B,0.901
9606.ENSP00000380638,PTK2B,SRC,0.999
9606.ENSP00000380638,PTK2B,PXN,0.999
9606.ENSP00000380638,PTK2B,BCAR1,0.998
9606.ENSP00000380638,PTK2B,LPXN,0.994
9606.ENSP00000380638,PTK2B,LYN,0.99
9606.ENSP00000380638,PTK2B,TGFB1I1,0.987
9606.ENSP00000380638,PTK2B,PTK2,0.984
9606.ENSP00000380638,PTK2B,RB1CC1,0.977
9606.ENSP00000380638,PTK2B,CRK,0.969
9606.ENSP00000380638,PTK2B,ITGB2,0.96
9606.ENSP00000380638,PTK2B,ITGB1,0.953
9606.ENSP00000380638,PTK2B,GNA12,0.952
9606.ENSP00000380638,PTK2B,RHOA,0.952
9606.ENSP00000380638,PTK2B,GRB2,0.951
9606.ENSP00000380638,PTK2B,FGR,0.949
9606.ENSP00000380638,PTK2B,PITPNM1,0.944
9606.ENSP00000380638,PTK2B,JAK3,0.942
9606.ENSP00000380638,PTK2B,CRKL,0.938
9606.ENSP00000380638,PTK2B,ARHGEF1,0.937
9606.ENSP00000380638,PTK2B,RAC2,0.936
9606.ENSP00000380638,PTK2B,CBL,0.935
9606.ENSP00000380638,PTK2B,HCK,0.93
9606.ENSP00000380638,PTK2B,VCL,0.928
9606.ENSP00000380638,PTK2B,ARHGEF12,0.925
9606.ENSP00000380638,PTK2B,ARHGEF28,0.925
9606.ENSP00000380638,PTK2B,CTTN,0.925
9606.ENSP00000380638,PTK2B,ITGAL,0.922
9606.ENSP00000380638,PTK2B,DLG4,0.919
9606.ENSP00000380638,PTK2B,FYN,0.919
9606.ENSP00000380638,PTK2B,ITGA5,0.917
9606.ENSP00000380638,PTK2B,ITGA4,0.917
9606.ENSP00000380638,PTK2B,RAC3,0.912
9606.ENSP00000380638,PTK2B,NPHP4,0.904
9606.ENSP00000382895,RPGRIP1,RPGR,0.999
9606.ENSP00000382895,RPGRIP1,NPHP4,0.997
9606.ENSP00000382895,RPGRIP1,SPATA7,0.951
9606.ENSP00000382895,RPGRIP1,CEP290,0.951
9606.ENSP00000382895,RPGRIP1,GUCY2D,0.945
9606.ENSP00000382895,RPGRIP1,AIPL1,0.943
9606.ENSP00000382895,RPGRIP1,NPHP1,0.907
9606.ENSP00000384273,RELA,CREBBP,0.999
9606.ENSP00000384273,RELA,REL,0.999
9606.ENSP00000384273,RELA,NFKBIA,0.999
9606.ENSP00000384273,RELA,NFKBIE,0.999
9606.ENSP00000384273,RELA,NFKBIB,0.999
9606.ENSP00000384273,RELA,NFKB2,0.999
9606.ENSP00000384273,RELA,EP300,0.999
9606.ENSP00000384273,RELA,BRD4,0.999
9606.ENSP00000384273,RELA,IKBKB,0.999
9606.ENSP00000384273,RELA,CHUK,0.999
9606.ENSP00000384273,RELA,RELB,0.999
9606.ENSP00000384273,RELA,NFKB1,0.999
9606.ENSP00000384273,RELA,PPARG,0.998
9606.ENSP00000384273,RELA,HDAC1,0.998
9606.ENSP00000384273,RELA,TNF,0.997
9606.ENSP00000384273,RELA,IKBKG,0.996
9606.ENSP00000384273,RELA,KPNA4,0.996
9606.ENSP00000384273,RELA,CXCL8,0.995
9606.ENSP00000384273,RELA,SIRT1,0.995
9606.ENSP00000384273,RELA,PRKACA,0.992
9606.ENSP00000384273,RELA,STAT3,0.992
9606.ENSP00000384273,RELA,CD40,0.991
9606.ENSP00000384273,RELA,IL1B,0.99
9606.ENSP00000384273,RELA,HIF1A,0.989
9606.ENSP00000384273,RELA,CCL2,0.987
9606.ENSP00000384273,RELA,HDAC2,0.986
9606.ENSP00000384273,RELA,TBK1,0.986
9606.ENSP00000384273,RELA,CREB1,0.986
9606.ENSP00000384273,RELA,JUN,0.986
9606.ENSP00000384273,RELA,IL6,0.986
9606.ENSP00000384273,RELA,SETD6,0.984
9606.ENSP00000384273,RELA,ESR1,0.978
9606.ENSP00000384273,RELA,MAPK8,0.975
9606.ENSP00000384273,RELA,NFKBIZ,0.969
9606.ENSP00000384273,RELA,COMMD1,0.969
9606.ENSP00000384273,RELA,SIRT6,0.969
9606.ENSP00000384273,RELA,RPS3,0.967
9606.ENSP00000384273,RELA,CEBPB,0.967
9606.ENSP00000384273,RELA,TLR4,0.966
9606.ENSP00000384273,RELA,KPNA3,0.963
9606.ENSP00000384273,RELA,ING4,0.962
9606.ENSP00000384273,RELA,PRKACG,0.956
9606.ENSP00000384273,RELA,TLR2,0.956
9606.ENSP00000384273,RELA,PRKACB,0.956
9606.ENSP00000384273,RELA,KEAP1,0.956
9606.ENSP00000384273,RELA,TP53,0.955
9606.ENSP00000384273,RELA,MAPK9,0.954
9606.ENSP00000384273,RELA,SP1,0.953
9606.ENSP00000384273,RELA,CXCL2,0.953
9606.ENSP00000384273,RELA,ARHGEF7,0.953
9606.ENSP00000384273,RELA,BCL3,0.951
9606.ENSP00000384273,RELA,SMAD3,0.95
9606.ENSP00000384273,RELA,KPNA1,0.95
9606.ENSP00000384273,RELA,PPP2CA,0.949
9606.ENSP00000384273,RELA,CCL5,0.948
9606.ENSP00000384273,RELA,TLR5,0.946
9606.ENSP00000384273,RELA,CXCL1,0.943
9606.ENSP00000384273,RELA,IL18,0.939
9606.ENSP00000384273,RELA,KAT5,0.937
9606.ENSP00000384273,RELA,NLRP3,0.937
9606.ENSP00000384273,RELA,PPP2CB,0.935
9606.ENSP00000384273,RELA,KLF2,0.934
9606.ENSP00000384273,RELA,PRKCQ,0.934
9606.ENSP00000384273,RELA,PPP2R1A,0.933
9606.ENSP00000384273,RELA,NLRP12,0.927
9606.ENSP00000384273,RELA,PPP1R13L,0.925
9606.ENSP00000384273,RELA,RAF1,0.925
9606.ENSP00000384273,RELA,ROCK1,0.925
9606.ENSP00000384273,RELA,CXCL3,0.923
9606.ENSP00000384273,RELA,ROCK2,0.923
9606.ENSP00000384273,RELA,RAC2,0.922
9606.ENSP00000384273,RELA,CTNNB1,0.92
9606.ENSP00000384273,RELA,NOTCH3,0.917
9606.ENSP00000384273,RELA,FOS,0.917
9606.ENSP00000384273,RELA,PIAS3,0.917
9606.ENSP00000384273,RELA,CAMP,0.916
9606.ENSP00000384273,RELA,SFN,0.916
9606.ENSP00000384273,RELA,EZH2,0.915
9606.ENSP00000384273,RELA,SQSTM1,0.912
9606.ENSP00000384273,RELA,RAC3,0.91
9606.ENSP00000384273,RELA,PPP2R2A,0.907
9606.ENSP00000384273,RELA,PPP2R2D,0.906
9606.ENSP00000384273,RELA,PPP2R1B,0.905
9606.ENSP00000384273,RELA,PPP2R2C,0.905
9606.ENSP00000384273,RELA,PPP2R2B,0.902
9606.ENSP00000384491,RASSF8,TP53BP2,0.944
9606.ENSP00000384491,RASSF8,FBLN1,0.928
9606.ENSP00000384491,RASSF8,PPP1R13B,0.924
9606.ENSP00000384491,RASSF8,FRMD6,0.921
9606.ENSP00000386306,SCN9A,SCN1B,0.998
9606.ENSP00000386306,SCN9A,SCN2B,0.995
9606.ENSP00000386306,SCN9A,SCN2A,0.943
9606.ENSP00000386306,SCN9A,SCN3A,0.939
9606.ENSP00000386306,SCN9A,CALHM1,0.929
9606.ENSP00000386717,RPL31,RPS15A,0.999
9606.ENSP00000386717,RPL31,RPS14,0.999
9606.ENSP00000386717,RPL31,RPLP2,0.999
9606.ENSP00000386717,RPL31,RPL12,0.999
9606.ENSP00000386717,RPL31,RPS23,0.999
9606.ENSP00000386717,RPL31,RPL38,0.999
9606.ENSP00000386717,RPL31,RPL39,0.999
9606.ENSP00000386717,RPL31,RPL13A,0.999
9606.ENSP00000386717,RPL31,RPS9,0.999
9606.ENSP00000386717,RPL31,RPLP0,0.999
9606.ENSP00000386717,RPL31,RPL32,0.999
9606.ENSP00000386717,RPL31,RPL29,0.999
9606.ENSP00000386717,RPL31,RPL22,0.999
9606.ENSP00000386717,RPL31,RPL27,0.999
9606.ENSP00000386717,RPL31,FAU,0.999
9606.ENSP00000386717,RPL31,RPL36A,0.999
9606.ENSP00000386717,RPL31,RPS3,0.999
9606.ENSP00000386717,RPL31,RPS3A,0.999
9606.ENSP00000386717,RPL31,RPS13,0.999
9606.ENSP00000386717,RPL31,RPS27A,0.999
9606.ENSP00000386717,RPL31,RPS11,0.999
9606.ENSP00000386717,RPL31,RPL35A,0.999
9606.ENSP00000386717,RPL31,RPL37,0.999
9606.ENSP00000386717,RPL31,RPL3,0.999
9606.ENSP00000386717,RPL31,RPL28,0.999
9606.ENSP00000386717,RPL31,RPS27,0.999
9606.ENSP00000386717,RPL31,RPS26,0.999
9606.ENSP00000386717,RPL31,RPL18A,0.999
9606.ENSP00000386717,RPL31,RPS29,0.999
9606.ENSP00000386717,RPL31,RPL14,0.999
9606.ENSP00000386717,RPL31,RPL21,0.999
9606.ENSP00000386717,RPL31,RPL30,0.999
9606.ENSP00000386717,RPL31,RPS17,0.999
9606.ENSP00000386717,RPL31,RPS28,0.999
9606.ENSP00000386717,RPL31,RPS5,0.999
9606.ENSP00000386717,RPL31,RPLP1,0.999
9606.ENSP00000386717,RPL31,RPL4,0.999
9606.ENSP00000386717,RPL31,RPS7,0.999
9606.ENSP00000386717,RPL31,RPS4X,0.999
9606.ENSP00000386717,RPL31,RPL23A,0.999
9606.ENSP00000386717,RPL31,RPL17,0.999
9606.ENSP00000386717,RPL31,RPL8,0.999
9606.ENSP00000386717,RPL31,RPS20,0.999
9606.ENSP00000386717,RPL31,RPL10A,0.999
9606.ENSP00000386717,RPL31,RPS25,0.999
9606.ENSP00000386717,RPL31,EIF6,0.999
9606.ENSP00000386717,RPL31,RPS6,0.999
9606.ENSP00000386717,RPL31,UBA52,0.999
9606.ENSP00000386717,RPL31,RPL26,0.999
9606.ENSP00000386717,RPL31,RPL24,0.999
9606.ENSP00000386717,RPL31,RPL37A,0.999
9606.ENSP00000386717,RPL31,RPS8,0.999
9606.ENSP00000386717,RPL31,RPS2,0.999
9606.ENSP00000386717,RPL31,RPS15,0.999
9606.ENSP00000386717,RPL31,RPL7,0.999
9606.ENSP00000386717,RPL31,RPS21,0.999
9606.ENSP00000386717,RPL31,RPL18,0.999
9606.ENSP00000386717,RPL31,RPL9,0.999
9606.ENSP00000386717,RPL31,RPL11,0.999
9606.ENSP00000386717,RPL31,RPS24,0.999
9606.ENSP00000386717,RPL31,RPS10,0.999
9606.ENSP00000386717,RPL31,RPL27A,0.999
9606.ENSP00000386717,RPL31,RPL7A,0.999
9606.ENSP00000386717,RPL31,RPL6,0.999
9606.ENSP00000386717,RPL31,RPL36,0.999
9606.ENSP00000386717,RPL31,RPL13,0.999
9606.ENSP00000386717,RPL31,RPL15,0.999
9606.ENSP00000386717,RPL31,RACK1,0.999
9606.ENSP00000386717,RPL31,RPL35,0.999
9606.ENSP00000386717,RPL31,RPSA,0.999
9606.ENSP00000386717,RPL31,RPL23,0.999
9606.ENSP00000386717,RPL31,RPS19,0.999
9606.ENSP00000386717,RPL31,RPL34,0.999
9606.ENSP00000386717,RPL31,RPS18,0.999
9606.ENSP00000386717,RPL31,RPL10,0.999
9606.ENSP00000386717,RPL31,RPS12,0.999
9606.ENSP00000386717,RPL31,RPS16,0.999
9606.ENSP00000386717,RPL31,RPL19,0.999
9606.ENSP00000386717,RPL31,RPL5,0.999
9606.ENSP00000386717,RPL31,EEF2,0.998
9606.ENSP00000386717,RPL31,H3BNC9_HUMAN,0.998
9606.ENSP00000386717,RPL31,RPL36AL,0.997
9606.ENSP00000386717,RPL31,RPL26L1,0.997
9606.ENSP00000386717,RPL31,BTF3,0.997
9606.ENSP00000386717,RPL31,RSL24D1,0.996
9606.ENSP00000386717,RPL31,RPS10-NUDT3,0.996
9606.ENSP00000386717,RPL31,NSA2,0.996
9606.ENSP00000386717,RPL31,RPL17-C18orf32,0.995
9606.ENSP00000386717,RPL31,RPS4Y1,0.994
9606.ENSP00000386717,RPL31,RPL10L,0.993
9606.ENSP00000386717,RPL31,SERBP1,0.992
9606.ENSP00000386717,RPL31,GTPBP4,0.99
9606.ENSP00000386717,RPL31,RPS27L,0.99
9606.ENSP00000386717,RPL31,EEF1A1,0.989
9606.ENSP00000386717,RPL31,PA2G4,0.988
9606.ENSP00000386717,RPL31,EIF5A,0.987
9606.ENSP00000386717,RPL31,MRTO4,0.987
9606.ENSP00000386717,RPL31,RPL22L1,0.985
9606.ENSP00000386717,RPL31,RPL39L,0.984
9606.ENSP00000386717,RPL31,RPL7L1,0.982
9606.ENSP00000386717,RPL31,MRPS10,0.981
9606.ENSP00000386717,RPL31,FANCE,0.981
9606.ENSP00000386717,RPL31,RSAD1,0.98
9606.ENSP00000386717,RPL31,EEF1B2,0.98
9606.ENSP00000386717,RPL31,RPL41,0.979
9606.ENSP00000386717,RPL31,SEC61B,0.979
9606.ENSP00000386717,RPL31,FLT3LG,0.979
9606.ENSP00000386717,RPL31,IFI35,0.978
9606.ENSP00000386717,RPL31,SEC61G,0.978
9606.ENSP00000386717,RPL31,DOCK4,0.978
9606.ENSP00000386717,RPL31,CD74,0.978
9606.ENSP00000386717,RPL31,IMP3,0.978
9606.ENSP00000386717,RPL31,MRNIP,0.977
9606.ENSP00000386717,RPL31,RSRC1,0.976
9606.ENSP00000386717,RPL31,MED1,0.976
9606.ENSP00000386717,RPL31,AKNAD1,0.976
9606.ENSP00000386717,RPL31,TPT1,0.973
9606.ENSP00000386717,RPL31,NACA,0.973
9606.ENSP00000386717,RPL31,MRPS12,0.973
9606.ENSP00000386717,RPL31,MRPS5,0.971
9606.ENSP00000386717,RPL31,RPS4Y2,0.971
9606.ENSP00000386717,RPL31,WDR31,0.971
9606.ENSP00000386717,RPL31,CXorf66,0.97
9606.ENSP00000386717,RPL31,RPL3L,0.969
9606.ENSP00000386717,RPL31,MRPL13,0.969
9606.ENSP00000386717,RPL31,RPL36A-HNRNPH2,0.968
9606.ENSP00000386717,RPL31,MRPL24,0.966
9606.ENSP00000386717,RPL31,MRPL1,0.965
9606.ENSP00000386717,RPL31,MRPS14,0.964
9606.ENSP00000386717,RPL31,ARL6IP1,0.961
9606.ENSP00000386717,RPL31,NIFK,0.961
9606.ENSP00000386717,RPL31,MRPL22,0.959
9606.ENSP00000386717,RPL31,H3BN98_HUMAN,0.958
9606.ENSP00000386717,RPL31,EIF5B,0.958
9606.ENSP00000386717,RPL31,MRPS15,0.958
9606.ENSP00000386717,RPL31,MRPS11,0.956
9606.ENSP00000386717,RPL31,WDR12,0.953
9606.ENSP00000386717,RPL31,PES1,0.953
9606.ENSP00000386717,RPL31,ETF1,0.952
9606.ENSP00000386717,RPL31,MRPL4,0.952
9606.ENSP00000386717,RPL31,BOP1,0.952
9606.ENSP00000386717,RPL31,GNL2,0.951
9606.ENSP00000386717,RPL31,NMD3,0.95
9606.ENSP00000386717,RPL31,SEC61A1,0.949
9606.ENSP00000386717,RPL31,MRPL2,0.946
9606.ENSP00000386717,RPL31,CUL7,0.945
9606.ENSP00000386717,RPL31,MRPS7,0.944
9606.ENSP00000386717,RPL31,CCDC105,0.943
9606.ENSP00000386717,RPL31,SRP54,0.942
9606.ENSP00000386717,RPL31,MRPL3,0.94
9606.ENSP00000386717,RPL31,NPSR1,0.939
9606.ENSP00000386717,RPL31,HMGN2,0.934
9606.ENSP00000386717,RPL31,ZNF593,0.933
9606.ENSP00000386717,RPL31,EPRS1,0.932
9606.ENSP00000386717,RPL31,TEX48,0.93
9606.ENSP00000386717,RPL31,DHX9,0.927
9606.ENSP00000386717,RPL31,HMGN1,0.926
9606.ENSP00000386717,RPL31,HMGN4,0.925
9606.ENSP00000386717,RPL31,RPF1,0.925
9606.ENSP00000386717,RPL31,SRP68,0.925
9606.ENSP00000386717,RPL31,EBNA1BP2,0.924
9606.ENSP00000386717,RPL31,ABCF1,0.923
9606.ENSP00000386717,RPL31,GSPT1,0.921
9606.ENSP00000386717,RPL31,MRPL11,0.921
9606.ENSP00000386717,RPL31,EIF5AL1,0.92
9606.ENSP00000386717,RPL31,EIF5A2,0.92
9606.ENSP00000386717,RPL31,BRIX1,0.918
9606.ENSP00000386717,RPL31,LSG1,0.915
9606.ENSP00000386717,RPL31,NACA2,0.914
9606.ENSP00000386717,RPL31,EEFSEC,0.912
9606.ENSP00000386717,RPL31,LARP4B,0.91
9606.ENSP00000386717,RPL31,FTSJ3,0.909
9606.ENSP00000386717,RPL31,MAK16,0.909
9606.ENSP00000386717,RPL31,RSL1D1,0.908
9606.ENSP00000386717,RPL31,SRP14,0.905
9606.ENSP00000386717,RPL31,NOP53,0.905
9606.ENSP00000386717,RPL31,DDX18,0.9
9606.ENSP00000386759,SETD2,POLR2A,0.999
9606.ENSP00000386759,SETD2,H3C12,0.995
9606.ENSP00000386759,SETD2,H3C13,0.995
9606.ENSP00000386759,SETD2,WDR5,0.99
9606.ENSP00000386759,SETD2,H3-4,0.987
9606.ENSP00000386759,SETD2,H3-3B,0.985
9606.ENSP00000386759,SETD2,H3-2,0.983
9606.ENSP00000386759,SETD2,HTT,0.972
9606.ENSP00000386759,SETD2,H3-3A,0.968
9606.ENSP00000386759,SETD2,H3C6,0.964
9606.ENSP00000386759,SETD2,H3C3,0.964
9606.ENSP00000386759,SETD2,H3C1,0.961
9606.ENSP00000386759,SETD2,H3C2,0.96
9606.ENSP00000386759,SETD2,H3C14,0.955
9606.ENSP00000386759,SETD2,IWS1,0.952
9606.ENSP00000386759,SETD2,H4C6,0.947
9606.ENSP00000386759,SETD2,H3C4,0.947
9606.ENSP00000386759,SETD2,H3C10,0.947
9606.ENSP00000386759,SETD2,H3C7,0.947
9606.ENSP00000386759,SETD2,H3C8,0.947
9606.ENSP00000386759,SETD2,H3C15,0.947
9606.ENSP00000386759,SETD2,H3C11,0.947
9606.ENSP00000386759,SETD2,POLR2C,0.936
9606.ENSP00000386759,SETD2,HNRNPL,0.935
9606.ENSP00000386759,SETD2,hCG_2039566,0.932
9606.ENSP00000386759,SETD2,H2AC7,0.932
9606.ENSP00000386759,SETD2,HNRNPLL,0.93
9606.ENSP00000386759,SETD2,H2BC21,0.924
9606.ENSP00000386759,SETD2,POLR2B,0.918
9606.ENSP00000386759,SETD2,PBRM1,0.906
9606.ENSP00000388337,SEC61G,SEC61B,0.999
9606.ENSP00000388337,SEC61G,SEC61A1,0.999
9606.ENSP00000388337,SEC61G,SEC63,0.997
9606.ENSP00000388337,SEC61G,SEC62,0.997
9606.ENSP00000388337,SEC61G,RPN1,0.996
9606.ENSP00000388337,SEC61G,DDOST,0.996
9606.ENSP00000388337,SEC61G,RPN2,0.995
9606.ENSP00000388337,SEC61G,SEC61A2,0.993
9606.ENSP00000388337,SEC61G,RPL31,0.978
9606.ENSP00000388337,SEC61G,RPL35,0.973
9606.ENSP00000388337,SEC61G,RPL23A,0.971
9606.ENSP00000388337,SEC61G,RPL26,0.971
9606.ENSP00000388337,SEC61G,RPL39,0.969
9606.ENSP00000388337,SEC61G,RPL4,0.969
9606.ENSP00000388337,SEC61G,RPL19,0.967
9606.ENSP00000388337,SEC61G,SSR4,0.961
9606.ENSP00000388337,SEC61G,SSR3,0.96
9606.ENSP00000388337,SEC61G,RPL26L1,0.96
9606.ENSP00000388337,SEC61G,RPL17,0.954
9606.ENSP00000388337,SEC61G,RPL17-C18orf32,0.952
9606.ENSP00000388337,SEC61G,SSR2,0.946
9606.ENSP00000388337,SEC61G,OSTC,0.941
9606.ENSP00000388337,SEC61G,RPS16,0.934
9606.ENSP00000388337,SEC61G,RPL29,0.928
9606.ENSP00000388337,SEC61G,RPS25,0.917
9606.ENSP00000388337,SEC61G,RPL27,0.909
9606.ENSP00000388337,SEC61G,RPL36,0.909
9606.ENSP00000388337,SEC61G,RPL38,0.907
9606.ENSP00000388337,SEC61G,RPL18A,0.905
9606.ENSP00000388337,SEC61G,RPL32,0.905
9606.ENSP00000388337,SEC61G,SSR1,0.905
9606.ENSP00000388337,SEC61G,RPL9,0.903
9606.ENSP00000388337,SEC61G,STK39,0.901
9606.ENSP00000388337,SEC61G,OXSR1,0.9
9606.ENSP00000388337,SEC61G,RPL37A,0.9
9606.ENSP00000389588,SEMA5B,SEMA5A,0.933
9606.ENSP00000390535,PRKD1,PRKD2,0.979
9606.ENSP00000390535,PRKD1,PRKD3,0.978
9606.ENSP00000390535,PRKD1,PRKCA,0.917
9606.ENSP00000390535,PRKD1,PRKCB,0.91
9606.ENSP00000390535,PRKD1,ITGB1,0.91
9606.ENSP00000390535,PRKD1,RAP1A,0.91
9606.ENSP00000390535,PRKD1,ITGAM,0.908
9606.ENSP00000390535,PRKD1,ITGB2,0.906
9606.ENSP00000390535,PRKD1,RAP1B,0.906
9606.ENSP00000390535,PRKD1,PRKCG,0.906
9606.ENSP00000390535,PRKD1,ITGAL,0.902
9606.ENSP00000390600,SCN10A,SCN1B,0.95
9606.ENSP00000390600,SCN10A,SCN2B,0.932
9606.ENSP00000390600,SCN10A,SCN4B,0.926
9606.ENSP00000390600,SCN10A,SCN3B,0.901
9606.ENSP00000390722,SLC25A17,PEX19,0.936
9606.ENSP00000391249,SEPTIN9,SEPTIN7,0.999
9606.ENSP00000391249,SEPTIN9,SEPTIN6,0.999
9606.ENSP00000391249,SEPTIN9,SEPTIN2,0.997
9606.ENSP00000391249,SEPTIN9,SEPTIN11,0.996
9606.ENSP00000391249,SEPTIN9,SEPTIN4,0.991
9606.ENSP00000391249,SEPTIN9,SEPTIN1,0.963
9606.ENSP00000391249,SEPTIN9,SEPTIN10,0.963
9606.ENSP00000391249,SEPTIN9,SEPTIN3,0.962
9606.ENSP00000391249,SEPTIN9,SEPTIN5,0.942
9606.ENSP00000391249,SEPTIN9,SEPTIN12,0.939
9606.ENSP00000391249,SEPTIN9,SEPTIN14,0.928
9606.ENSP00000391249,SEPTIN9,HIF1A,0.914
9606.ENSP00000391249,SEPTIN9,SQSTM1,0.909
9606.ENSP00000391269,RBFOX1,ATXN2,0.995
9606.ENSP00000391311,SEPTIN5,SEPTIN11,0.997
9606.ENSP00000391311,SEPTIN5,SEPTIN6,0.996
9606.ENSP00000391311,SEPTIN5,SEPTIN7,0.993
9606.ENSP00000391311,SEPTIN5,PRKN,0.991
9606.ENSP00000391311,SEPTIN5,SEPTIN8,0.99
9606.ENSP00000391311,SEPTIN5,SEPTIN3,0.989
9606.ENSP00000391311,SEPTIN5,SEPTIN12,0.988
9606.ENSP00000391311,SEPTIN5,SEPTIN4,0.986
9606.ENSP00000391311,SEPTIN5,SEPTIN10,0.975
9606.ENSP00000391311,SEPTIN5,SEPTIN2,0.973
9606.ENSP00000391311,SEPTIN5,SEPTIN1,0.964
9606.ENSP00000391311,SEPTIN5,SEPTIN9,0.942
9606.ENSP00000391311,SEPTIN5,SEPTIN14,0.905
9606.ENSP00000391311,SEPTIN5,GP1BB,0.902
9606.ENSP00000391592,PTPN6,CD22,0.997
9606.ENSP00000391592,PTPN6,SYK,0.995
9606.ENSP00000391592,PTPN6,KLRC1,0.991
9606.ENSP00000391592,PTPN6,LILRB1,0.99
9606.ENSP00000391592,PTPN6,CD72,0.99
9606.ENSP00000391592,PTPN6,JAK2,0.984
9606.ENSP00000391592,PTPN6,PECAM1,0.979
9606.ENSP00000391592,PTPN6,LCP2,0.978
9606.ENSP00000391592,PTPN6,KIR2DL3,0.978
9606.ENSP00000391592,PTPN6,JAK1,0.978
9606.ENSP00000391592,PTPN6,LILRB4,0.976
9606.ENSP00000391592,PTPN6,LILRB2,0.972
9606.ENSP00000391592,PTPN6,KDR,0.972
9606.ENSP00000391592,PTPN6,ZAP70,0.972
9606.ENSP00000391592,PTPN6,PIK3R1,0.971
9606.ENSP00000391592,PTPN6,VAV1,0.966
9606.ENSP00000391592,PTPN6,GRB2,0.964
9606.ENSP00000391592,PTPN6,LILRA2,0.964
9606.ENSP00000391592,PTPN6,LILRB3,0.962
9606.ENSP00000391592,PTPN6,PDCD1,0.961
9606.ENSP00000391592,PTPN6,LILRB5,0.958
9606.ENSP00000391592,PTPN6,CTLA4,0.954
9606.ENSP00000391592,PTPN6,TYK2,0.954
9606.ENSP00000391592,PTPN6,BTK,0.953
9606.ENSP00000391592,PTPN6,LYN,0.953
9606.ENSP00000391592,PTPN6,PTPN11,0.95
9606.ENSP00000391592,PTPN6,LAIR1,0.949
9606.ENSP00000391592,PTPN6,PRKCQ,0.948
9606.ENSP00000391592,PTPN6,TRAF6,0.942
9606.ENSP00000391592,PTPN6,SIRPA,0.942
9606.ENSP00000391592,PTPN6,CD247,0.938
9606.ENSP00000391592,PTPN6,MAPK3,0.938
9606.ENSP00000391592,PTPN6,JAK3,0.938
9606.ENSP00000391592,PTPN6,CTNND1,0.936
9606.ENSP00000391592,PTPN6,KIR3DL1,0.935
9606.ENSP00000391592,PTPN6,MAPK1,0.933
9606.ENSP00000391592,PTPN6,KIR2DL1,0.931
9606.ENSP00000391592,PTPN6,PIK3CD,0.926
9606.ENSP00000391592,PTPN6,LCK,0.926
9606.ENSP00000391592,PTPN6,LILRA6,0.925
9606.ENSP00000391592,PTPN6,ITGB1,0.924
9606.ENSP00000391592,PTPN6,EPOR,0.923
9606.ENSP00000391592,PTPN6,LILRA4,0.922
9606.ENSP00000391592,PTPN6,KLRD1,0.922
9606.ENSP00000391592,PTPN6,PIK3CA,0.92
9606.ENSP00000391592,PTPN6,VAV2,0.919
9606.ENSP00000391592,PTPN6,PIK3CB,0.919
9606.ENSP00000391592,PTPN6,EGFR,0.919
9606.ENSP00000391592,PTPN6,VAV3,0.918
9606.ENSP00000391592,PTPN6,SRC,0.917
9606.ENSP00000391592,PTPN6,LILRA1,0.917
9606.ENSP00000391592,PTPN6,INPP5D,0.913
9606.ENSP00000391592,PTPN6,PIK3R2,0.912
9606.ENSP00000391592,PTPN6,LILRA5,0.911
9606.ENSP00000391592,PTPN6,PIK3R3,0.91
9606.ENSP00000391592,PTPN6,ITGA2,0.908
9606.ENSP00000391592,PTPN6,KIR3DL2,0.907
9606.ENSP00000391592,PTPN6,EEF1A1,0.903
9606.ENSP00000391592,PTPN6,EEF1A2,0.903
9606.ENSP00000391592,PTPN6,KIR3DL3,0.9
9606.ENSP00000392353,PSMG4,PSMG3,0.999
9606.ENSP00000392353,PSMG4,PSMG2,0.998
9606.ENSP00000392353,PSMG4,POMP,0.902
9606.ENSP00000392423,RELN,VLDLR,0.999
9606.ENSP00000392423,RELN,LRP8,0.998
9606.ENSP00000392423,RELN,ITGA3,0.953
9606.ENSP00000392423,RELN,DAB1,0.946
9606.ENSP00000392423,RELN,ITGB1,0.94
9606.ENSP00000393762,SESN1,SESN2,0.94
9606.ENSP00000393762,SESN1,SESN3,0.938
9606.ENSP00000393762,SESN1,WDR24,0.926
9606.ENSP00000393922,RUSC2,RAB35,0.964
9606.ENSP00000393922,RUSC2,RAB1B,0.901
9606.ENSP00000393978,PRKD2,PRKD1,0.979
9606.ENSP00000393978,PRKD2,PRKD3,0.976
9606.ENSP00000393978,PRKD2,PRKCA,0.911
9606.ENSP00000393978,PRKD2,ITGB1,0.909
9606.ENSP00000393978,PRKD2,ITGAM,0.907
9606.ENSP00000393978,PRKD2,PRKCB,0.907
9606.ENSP00000393978,PRKD2,ITGB2,0.905
9606.ENSP00000393978,PRKD2,RAP1A,0.905
9606.ENSP00000393978,PRKD2,RAP1B,0.904
9606.ENSP00000393978,PRKD2,ITGAL,0.903
9606.ENSP00000393978,PRKD2,PRKCG,0.902
9606.ENSP00000394794,PTPN13,PLEKHA1,0.971
9606.ENSP00000394794,PTPN13,FAS,0.97
9606.ENSP00000394794,PTPN13,RAPGEF6,0.96
9606.ENSP00000394794,PTPN13,PLEKHA2,0.943
9606.ENSP00000394794,PTPN13,APC,0.929
9606.ENSP00000395708,RAPGEF3,RAP1A,0.987
9606.ENSP00000395708,RAPGEF3,PRKACG,0.986
9606.ENSP00000395708,RAPGEF3,PRKACA,0.986
9606.ENSP00000395708,RAPGEF3,PRKACB,0.984
9606.ENSP00000395708,RAPGEF3,RAP1B,0.982
9606.ENSP00000395708,RAPGEF3,ADCY5,0.981
9606.ENSP00000395708,RAPGEF3,MAPK7,0.977
9606.ENSP00000395708,RAPGEF3,AKAP6,0.967
9606.ENSP00000395708,RAPGEF3,ADCY1,0.958
9606.ENSP00000395708,RAPGEF3,AKAP1,0.957
9606.ENSP00000395708,RAPGEF3,ADCY6,0.951
9606.ENSP00000395708,RAPGEF3,ADCY8,0.948
9606.ENSP00000395708,RAPGEF3,ALDH7A1,0.946
9606.ENSP00000395708,RAPGEF3,ARRB2,0.944
9606.ENSP00000395708,RAPGEF3,ARRB1,0.942
9606.ENSP00000395708,RAPGEF3,ADCY4,0.939
9606.ENSP00000395708,RAPGEF3,ADCY9,0.935
9606.ENSP00000395708,RAPGEF3,ADCY3,0.931
9606.ENSP00000395708,RAPGEF3,ADCY7,0.929
9606.ENSP00000395708,RAPGEF3,RRAS,0.928
9606.ENSP00000395708,RAPGEF3,RASSF5,0.927
9606.ENSP00000395708,RAPGEF3,MAPK11,0.922
9606.ENSP00000395708,RAPGEF3,ADCY2,0.92
9606.ENSP00000395708,RAPGEF3,MAPK8,0.919
9606.ENSP00000395708,RAPGEF3,MAPK14,0.917
9606.ENSP00000395708,RAPGEF3,GNAI2,0.912
9606.ENSP00000395708,RAPGEF3,MAPK12,0.912
9606.ENSP00000395708,RAPGEF3,RRAS2,0.911
9606.ENSP00000395708,RAPGEF3,RAPGEF4,0.911
9606.ENSP00000395708,RAPGEF3,MAPK13,0.91
9606.ENSP00000395708,RAPGEF3,PDE4D,0.91
9606.ENSP00000395708,RAPGEF3,MAPK9,0.907
9606.ENSP00000395708,RAPGEF3,GNAI1,0.907
9606.ENSP00000395708,RAPGEF3,GNAI3,0.907
9606.ENSP00000395708,RAPGEF3,LRPAP1,0.901
9606.ENSP00000398568,PRF1,GZMB,0.999
9606.ENSP00000398568,PRF1,GNLY,0.999
9606.ENSP00000398568,PRF1,GZMA,0.998
9606.ENSP00000398568,PRF1,FASLG,0.992
9606.ENSP00000398568,PRF1,CD8A,0.987
9606.ENSP00000398568,PRF1,SRGN,0.956
9606.ENSP00000398568,PRF1,KLRD1,0.951
9606.ENSP00000398568,PRF1,IFNG,0.95
9606.ENSP00000398568,PRF1,CD4,0.94
9606.ENSP00000398568,PRF1,GZMH,0.935
9606.ENSP00000398568,PRF1,NKG7,0.933
9606.ENSP00000398568,PRF1,KLRK1,0.932
9606.ENSP00000398568,PRF1,NCR3,0.927
9606.ENSP00000398568,PRF1,NCAM1,0.925
9606.ENSP00000398568,PRF1,IL2RB,0.913
9606.ENSP00000398568,PRF1,NCR1,0.907
9606.ENSP00000398568,PRF1,UNC13D,0.905
9606.ENSP00000399679,PRG4,ACAN,0.9
9606.ENSP00000400175,RHOA,AKAP13,0.999
9606.ENSP00000400175,RHOA,ANLN,0.999
9606.ENSP00000400175,RHOA,ARHGDIA,0.999
9606.ENSP00000400175,RHOA,ARHGEF11,0.999
9606.ENSP00000400175,RHOA,RTKN,0.999
9606.ENSP00000400175,RHOA,ROCK1,0.999
9606.ENSP00000400175,RHOA,ARHGAP1,0.999
9606.ENSP00000400175,RHOA,ARHGEF2,0.999
9606.ENSP00000400175,RHOA,ARHGEF12,0.999
9606.ENSP00000400175,RHOA,ROCK2,0.998
9606.ENSP00000400175,RHOA,ARHGAP35,0.998
9606.ENSP00000400175,RHOA,PKN1,0.998
9606.ENSP00000400175,RHOA,ARHGEF1,0.997
9606.ENSP00000400175,RHOA,MYO9B,0.997
9606.ENSP00000400175,RHOA,ARHGEF25,0.997
9606.ENSP00000400175,RHOA,ARHGDIG,0.997
9606.ENSP00000400175,RHOA,DAAM1,0.996
9606.ENSP00000400175,RHOA,ARHGDIB,0.995
9606.ENSP00000400175,RHOA,MCF2,0.994
9606.ENSP00000400175,RHOA,PPP1R12A,0.994
9606.ENSP00000400175,RHOA,DIAPH1,0.994
9606.ENSP00000400175,RHOA,MPRIP,0.993
9606.ENSP00000400175,RHOA,SRC,0.992
9606.ENSP00000400175,RHOA,ARHGAP5,0.992
9606.ENSP00000400175,RHOA,PKN2,0.992
9606.ENSP00000400175,RHOA,GNA13,0.991
9606.ENSP00000400175,RHOA,VAV1,0.989
9606.ENSP00000400175,RHOA,ARHGEF28,0.989
9606.ENSP00000400175,RHOA,ARAP3,0.988
9606.ENSP00000400175,RHOA,MAPK8,0.988
9606.ENSP00000400175,RHOA,SMURF1,0.988
9606.ENSP00000400175,RHOA,GNA12,0.988
9606.ENSP00000400175,RHOA,NET1,0.987
9606.ENSP00000400175,RHOA,CTNND1,0.986
9606.ENSP00000400175,RHOA,NGEF,0.985
9606.ENSP00000400175,RHOA,ARHGEF18,0.985
9606.ENSP00000400175,RHOA,PTK2,0.983
9606.ENSP00000400175,RHOA,PLD1,0.983
9606.ENSP00000400175,RHOA,VAV2,0.981
9606.ENSP00000400175,RHOA,RACGAP1,0.979
9606.ENSP00000400175,RHOA,ACTB,0.978
9606.ENSP00000400175,RHOA,CDKN1B,0.977
9606.ENSP00000400175,RHOA,VAV3,0.975
9606.ENSP00000400175,RHOA,GNAQ,0.973
9606.ENSP00000400175,RHOA,NGFR,0.972
9606.ENSP00000400175,RHOA,PRKACA,0.967
9606.ENSP00000400175,RHOA,ARHGAP20,0.966
9606.ENSP00000400175,RHOA,ECT2,0.966
9606.ENSP00000400175,RHOA,FYN,0.966
9606.ENSP00000400175,RHOA,PXN,0.965
9606.ENSP00000400175,RHOA,DIAPH3,0.965
9606.ENSP00000400175,RHOA,PRKACB,0.962
9606.ENSP00000400175,RHOA,CFL1,0.962
9606.ENSP00000400175,RHOA,PRKACG,0.962
9606.ENSP00000400175,RHOA,RALGDS,0.961
9606.ENSP00000400175,RHOA,RAP1B,0.959
9606.ENSP00000400175,RHOA,MTOR,0.958
9606.ENSP00000400175,RHOA,CDC42,0.955
9606.ENSP00000400175,RHOA,DIAPH2,0.955
9606.ENSP00000400175,RHOA,PTK2B,0.952
9606.ENSP00000400175,RHOA,TGFBR2,0.952
9606.ENSP00000400175,RHOA,RHOC,0.951
9606.ENSP00000400175,RHOA,RASGRF1,0.95
9606.ENSP00000400175,RHOA,RAF1,0.948
9606.ENSP00000400175,RHOA,RABIF,0.946
9606.ENSP00000400175,RHOA,RAP1GDS1,0.945
9606.ENSP00000400175,RHOA,PLCE1,0.944
9606.ENSP00000400175,RHOA,DAAM2,0.944
9606.ENSP00000400175,RHOA,ACTG1,0.944
9606.ENSP00000400175,RHOA,STARD13,0.94
9606.ENSP00000400175,RHOA,PLD2,0.94
9606.ENSP00000400175,RHOA,RAC2,0.94
9606.ENSP00000400175,RHOA,PFN1,0.939
9606.ENSP00000400175,RHOA,MAPK9,0.939
9606.ENSP00000400175,RHOA,RAP2C,0.933
9606.ENSP00000400175,RHOA,FLNA,0.933
9606.ENSP00000400175,RHOA,PIP5K1C,0.932
9606.ENSP00000400175,RHOA,GATA4,0.931
9606.ENSP00000400175,RHOA,RALA,0.93
9606.ENSP00000400175,RHOA,RAP1A,0.928
9606.ENSP00000400175,RHOA,CGN,0.927
9606.ENSP00000400175,RHOA,RRAS,0.927
9606.ENSP00000400175,RHOA,RAC3,0.924
9606.ENSP00000400175,RHOA,KTN1,0.922
9606.ENSP00000400175,RHOA,PIP5K1A,0.922
9606.ENSP00000400175,RHOA,PIP5K1B,0.921
9606.ENSP00000400175,RHOA,RHPN1,0.92
9606.ENSP00000400175,RHOA,RALB,0.92
9606.ENSP00000400175,RHOA,LIMK1,0.919
9606.ENSP00000400175,RHOA,ARHGAP26,0.918
9606.ENSP00000400175,RHOA,CD209,0.918
9606.ENSP00000400175,RHOA,ARHGAP10,0.915
9606.ENSP00000400175,RHOA,RHPN2,0.915
9606.ENSP00000400175,RHOA,ARHGAP32,0.911
9606.ENSP00000400175,RHOA,IL2RG,0.911
9606.ENSP00000400175,RHOA,IL2RA,0.91
9606.ENSP00000400175,RHOA,RND1,0.909
9606.ENSP00000400175,RHOA,CLEC4M,0.908
9606.ENSP00000400175,RHOA,CFL2,0.907
9606.ENSP00000400175,RHOA,TIAM1,0.906
9606.ENSP00000400175,RHOA,LINGO1,0.906
9606.ENSP00000400175,RHOA,RIPOR2,0.905
9606.ENSP00000400175,RHOA,AKT1,0.904
9606.ENSP00000400175,RHOA,IL2RB,0.904
9606.ENSP00000400175,RHOA,EGFR,0.903
9606.ENSP00000400175,RHOA,DLC1,0.903
9606.ENSP00000400175,RHOA,SMURF2,0.9
9606.ENSP00000401888,RAF1,RAP1A,0.999
9606.ENSP00000401888,RAF1,YWHAZ,0.999
9606.ENSP00000401888,RAF1,HRAS,0.999
9606.ENSP00000401888,RAF1,MAP2K1,0.999
9606.ENSP00000401888,RAF1,BRAF,0.999
9606.ENSP00000401888,RAF1,KSR1,0.999
9606.ENSP00000401888,RAF1,NRAS,0.999
9606.ENSP00000401888,RAF1,KRAS,0.999
9606.ENSP00000401888,RAF1,YWHAH,0.998
9606.ENSP00000401888,RAF1,YWHAB,0.998
9606.ENSP00000401888,RAF1,MAP2K2,0.996
9606.ENSP00000401888,RAF1,ARAF,0.995
9606.ENSP00000401888,RAF1,YWHAQ,0.993
9606.ENSP00000401888,RAF1,CDC37,0.993
9606.ENSP00000401888,RAF1,HSP90AB1,0.993
9606.ENSP00000401888,RAF1,AKT1,0.992
9606.ENSP00000401888,RAF1,YWHAE,0.991
9606.ENSP00000401888,RAF1,YWHAG,0.991
9606.ENSP00000401888,RAF1,RRAS,0.991
9606.ENSP00000401888,RAF1,MRAS,0.991
9606.ENSP00000401888,RAF1,PEBP1,0.988
9606.ENSP00000401888,RAF1,HSP90AA1,0.985
9606.ENSP00000401888,RAF1,BAD,0.985
9606.ENSP00000401888,RAF1,RRAS2,0.985
9606.ENSP00000401888,RAF1,SHOC2,0.983
9606.ENSP00000401888,RAF1,MAPK1,0.975
9606.ENSP00000401888,RAF1,PIK3CA,0.972
9606.ENSP00000401888,RAF1,ARRB2,0.969
9606.ENSP00000401888,RAF1,TSC22D3,0.968
9606.ENSP00000401888,RAF1,PAK2,0.962
9606.ENSP00000401888,RAF1,MAPK3,0.962
9606.ENSP00000401888,RAF1,ARRB1,0.958
9606.ENSP00000401888,RAF1,PAK1,0.957
9606.ENSP00000401888,RAF1,SRC,0.954
9606.ENSP00000401888,RAF1,RAP1B,0.951
9606.ENSP00000401888,RAF1,PAK4,0.949
9606.ENSP00000401888,RAF1,RHOA,0.948
9606.ENSP00000401888,RAF1,PHB,0.946
9606.ENSP00000401888,RAF1,PIK3R1,0.944
9606.ENSP00000401888,RAF1,NFKB1,0.94
9606.ENSP00000401888,RAF1,BAG1,0.939
9606.ENSP00000401888,RAF1,PIK3CB,0.939
9606.ENSP00000401888,RAF1,SFN,0.937
9606.ENSP00000401888,RAF1,PIK3CD,0.932
9606.ENSP00000401888,RAF1,PRKCE,0.932
9606.ENSP00000401888,RAF1,PRKG1,0.932
9606.ENSP00000401888,RAF1,RELA,0.925
9606.ENSP00000401888,RAF1,PIK3R2,0.925
9606.ENSP00000401888,RAF1,PRKACB,0.923
9606.ENSP00000401888,RAF1,AKT2,0.923
9606.ENSP00000401888,RAF1,PRKACG,0.923
9606.ENSP00000401888,RAF1,PRKACA,0.923
9606.ENSP00000401888,RAF1,AKT3,0.922
9606.ENSP00000401888,RAF1,GSK3B,0.922
9606.ENSP00000401888,RAF1,PRKCA,0.917
9606.ENSP00000401888,RAF1,PAK5,0.914
9606.ENSP00000401888,RAF1,PAK6,0.913
9606.ENSP00000401888,RAF1,PIK3R3,0.913
9606.ENSP00000401888,RAF1,PRKCD,0.912
9606.ENSP00000401888,RAF1,PAK3,0.909
9606.ENSP00000401888,RAF1,PRKCB,0.908
9606.ENSP00000401888,RAF1,PRKG2,0.906
9606.ENSP00000401888,RAF1,PLK3,0.905
9606.ENSP00000401888,RAF1,PRKCG,0.903
9606.ENSP00000401888,RAF1,LSP1,0.9
9606.ENSP00000402257,RUNX1T1,RUNX1,0.999
9606.ENSP00000402257,RUNX1T1,NCOR2,0.992
9606.ENSP00000402257,RUNX1T1,TCF12,0.989
9606.ENSP00000402257,RUNX1T1,NCOR1,0.963
9606.ENSP00000402257,RUNX1T1,CEBPA,0.961
9606.ENSP00000402257,RUNX1T1,PRKAR2A,0.938
9606.ENSP00000402257,RUNX1T1,SPI1,0.932
9606.ENSP00000402257,RUNX1T1,CBFA2T2,0.904
9606.ENSP00000402257,RUNX1T1,ZBTB16,0.903
9606.ENSP00000402515,SMG1,SMG7,0.999
9606.ENSP00000402515,SMG1,UPF3A,0.999
9606.ENSP00000402515,SMG1,SMG8,0.999
9606.ENSP00000402515,SMG1,UPF1,0.999
9606.ENSP00000402515,SMG1,UPF2,0.999
9606.ENSP00000402515,SMG1,SMG9,0.999
9606.ENSP00000402515,SMG1,ETF1,0.999
9606.ENSP00000402515,SMG1,EIF4A3,0.998
9606.ENSP00000402515,SMG1,PABPC1,0.998
9606.ENSP00000402515,SMG1,RBM8A,0.997
9606.ENSP00000402515,SMG1,NCBP2,0.997
9606.ENSP00000402515,SMG1,GSPT2,0.996
9606.ENSP00000402515,SMG1,SMG5,0.981
9606.ENSP00000402515,SMG1,SMG6,0.966
9606.ENSP00000402515,SMG1,RICTOR,0.96
9606.ENSP00000402515,SMG1,TELO2,0.956
9606.ENSP00000402515,SMG1,RPTOR,0.956
9606.ENSP00000402515,SMG1,GSPT1,0.955
9606.ENSP00000402515,SMG1,MLST8,0.955
9606.ENSP00000402515,SMG1,UPF3B,0.953
9606.ENSP00000402515,SMG1,MAPKAP1,0.945
9606.ENSP00000402515,SMG1,TTI1,0.937
9606.ENSP00000410715,SFRP4,WNT3A,0.924
9606.ENSP00000410715,SFRP4,WNT4,0.91
9606.ENSP00000410715,SFRP4,WNT2,0.9
9606.ENSP00000411355,PTPRC,LCK,0.999
9606.ENSP00000411355,PTPRC,CD22,0.999
9606.ENSP00000411355,PTPRC,SPN,0.993
9606.ENSP00000411355,PTPRC,DPP4,0.99
9606.ENSP00000411355,PTPRC,PTPRCAP,0.988
9606.ENSP00000411355,PTPRC,FYN,0.988
9606.ENSP00000411355,PTPRC,LGALS3,0.983
9606.ENSP00000411355,PTPRC,LYN,0.981
9606.ENSP00000411355,PTPRC,CD4,0.981
9606.ENSP00000411355,PTPRC,CD47,0.977
9606.ENSP00000411355,PTPRC,SEMA4D,0.977
9606.ENSP00000411355,PTPRC,ITGAM,0.971
9606.ENSP00000411355,PTPRC,CD8A,0.969
9606.ENSP00000411355,PTPRC,HCK,0.965
9606.ENSP00000411355,PTPRC,ITGAX,0.939
9606.ENSP00000411355,PTPRC,CD200,0.937
9606.ENSP00000411355,PTPRC,LCP2,0.935
9606.ENSP00000411355,PTPRC,CXCR4,0.933
9606.ENSP00000411355,PTPRC,ITGAL,0.931
9606.ENSP00000411355,PTPRC,CD44,0.931
9606.ENSP00000411355,PTPRC,SELL,0.928
9606.ENSP00000411355,PTPRC,IFNG,0.924
9606.ENSP00000411355,PTPRC,LGALS9,0.923
9606.ENSP00000411355,PTPRC,CD19,0.921
9606.ENSP00000411355,PTPRC,CD34,0.919
9606.ENSP00000411355,PTPRC,FCGR2B,0.918
9606.ENSP00000411355,PTPRC,FCGR3A,0.913
9606.ENSP00000411355,PTPRC,ITGB1,0.913
9606.ENSP00000411355,PTPRC,THY1,0.913
9606.ENSP00000411355,PTPRC,CD3E,0.912
9606.ENSP00000411355,PTPRC,PECAM1,0.912
9606.ENSP00000411355,PTPRC,ENG,0.91
9606.ENSP00000411355,PTPRC,FCGR3B,0.908
9606.ENSP00000411355,PTPRC,IL7R,0.906
9606.ENSP00000411355,PTPRC,KIT,0.906
9606.ENSP00000411355,PTPRC,LGALS1,0.905
9606.ENSP00000413436,RPL10,RPS11,0.999
9606.ENSP00000413436,RPL10,RPL35A,0.999
9606.ENSP00000413436,RPL10,RPS27,0.999
9606.ENSP00000413436,RPL10,RPL3,0.999
9606.ENSP00000413436,RPL10,RPL31,0.999
9606.ENSP00000413436,RPL10,RPS26,0.999
9606.ENSP00000413436,RPL10,RPL18A,0.999
9606.ENSP00000413436,RPL10,RPL21,0.999
9606.ENSP00000413436,RPL10,RPL14,0.999
9606.ENSP00000413436,RPL10,RPL12,0.999
9606.ENSP00000413436,RPL10,RPS14,0.999
9606.ENSP00000413436,RPL10,RPL38,0.999
9606.ENSP00000413436,RPL10,RPL13A,0.999
9606.ENSP00000413436,RPL10,RPS23,0.999
9606.ENSP00000413436,RPL10,RPS9,0.999
9606.ENSP00000413436,RPL10,RPLP0,0.999
9606.ENSP00000413436,RPL10,RPL32,0.999
9606.ENSP00000413436,RPL10,FAU,0.999
9606.ENSP00000413436,RPL10,RPL27,0.999
9606.ENSP00000413436,RPL10,RPS3,0.999
9606.ENSP00000413436,RPL10,RPS3A,0.999
9606.ENSP00000413436,RPL10,RPS13,0.999
9606.ENSP00000413436,RPL10,RPL18,0.999
9606.ENSP00000413436,RPL10,RPL9,0.999
9606.ENSP00000413436,RPL10,RPL7,0.999
9606.ENSP00000413436,RPL10,RPL11,0.999
9606.ENSP00000413436,RPL10,RPL6,0.999
9606.ENSP00000413436,RPL10,RPS10,0.999
9606.ENSP00000413436,RPL10,RPL27A,0.999
9606.ENSP00000413436,RPL10,RPL7A,0.999
9606.ENSP00000413436,RPL10,RPL13,0.999
9606.ENSP00000413436,RPL10,RPL15,0.999
9606.ENSP00000413436,RPL10,RACK1,0.999
9606.ENSP00000413436,RPL10,RPL35,0.999
9606.ENSP00000413436,RPL10,RPSA,0.999
9606.ENSP00000413436,RPL10,RPL23,0.999
9606.ENSP00000413436,RPL10,RPS19,0.999
9606.ENSP00000413436,RPL10,RPS12,0.999
9606.ENSP00000413436,RPL10,RPS16,0.999
9606.ENSP00000413436,RPL10,RPL19,0.999
9606.ENSP00000413436,RPL10,RPL5,0.999
9606.ENSP00000413436,RPL10,RPS18,0.999
9606.ENSP00000413436,RPL10,RPL30,0.999
9606.ENSP00000413436,RPL10,RPS5,0.999
9606.ENSP00000413436,RPL10,RPL4,0.999
9606.ENSP00000413436,RPL10,RPS7,0.999
9606.ENSP00000413436,RPL10,RPLP1,0.999
9606.ENSP00000413436,RPL10,RPL8,0.999
9606.ENSP00000413436,RPL10,RPS20,0.999
9606.ENSP00000413436,RPL10,RPL23A,0.999
9606.ENSP00000413436,RPL10,RPS25,0.999
9606.ENSP00000413436,RPL10,RPS6,0.999
9606.ENSP00000413436,RPL10,RPS8,0.999
9606.ENSP00000413436,RPL10,RPS2,0.999
9606.ENSP00000413436,RPL10,RPS15,0.999
9606.ENSP00000413436,RPL10,RPL24,0.999
9606.ENSP00000413436,RPL10,RPL37A,0.999
9606.ENSP00000413436,RPL10,RPL28,0.998
9606.ENSP00000413436,RPL10,RPS29,0.998
9606.ENSP00000413436,RPL10,RPL29,0.998
9606.ENSP00000413436,RPL10,RPS27A,0.998
9606.ENSP00000413436,RPL10,RPS21,0.998
9606.ENSP00000413436,RPL10,RPS24,0.998
9606.ENSP00000413436,RPL10,RPL36,0.998
9606.ENSP00000413436,RPL10,RPL34,0.998
9606.ENSP00000413436,RPL10,RPS17,0.998
9606.ENSP00000413436,RPL10,RPL10A,0.998
9606.ENSP00000413436,RPL10,RPL26,0.998
9606.ENSP00000413436,RPL10,RPS15A,0.997
9606.ENSP00000413436,RPL10,RPS28,0.997
9606.ENSP00000413436,RPL10,RPS4X,0.997
9606.ENSP00000413436,RPL10,RPL17,0.997
9606.ENSP00000413436,RPL10,UBA52,0.997
9606.ENSP00000413436,RPL10,EEF2,0.996
9606.ENSP00000413436,RPL10,RPL37,0.995
9606.ENSP00000413436,RPL10,RPL39,0.995
9606.ENSP00000413436,RPL10,RPL22,0.994
9606.ENSP00000413436,RPL10,RPLP2,0.993
9606.ENSP00000413436,RPL10,RPL26L1,0.992
9606.ENSP00000413436,RPL10,EIF5B,0.989
9606.ENSP00000413436,RPL10,RPL17-C18orf32,0.986
9606.ENSP00000413436,RPL10,RPS10-NUDT3,0.986
9606.ENSP00000413436,RPL10,RPL36A,0.979
9606.ENSP00000413436,RPL10,H3BNC9_HUMAN,0.979
9606.ENSP00000413436,RPL10,SERBP1,0.977
9606.ENSP00000413436,RPL10,EEF1A1,0.977
9606.ENSP00000413436,RPL10,NACA,0.975
9606.ENSP00000413436,RPL10,RPL36AL,0.974
9606.ENSP00000413436,RPL10,BTF3,0.972
9606.ENSP00000413436,RPL10,RPS4Y1,0.97
9606.ENSP00000413436,RPL10,SEC61A1,0.964
9606.ENSP00000413436,RPL10,AAMP,0.957
9606.ENSP00000413436,RPL10,NMD3,0.956
9606.ENSP00000413436,RPL10,EIF5A,0.955
9606.ENSP00000413436,RPL10,SRP54,0.95
9606.ENSP00000413436,RPL10,RPL3L,0.949
9606.ENSP00000413436,RPL10,RPL7L1,0.939
9606.ENSP00000413436,RPL10,EEFSEC,0.935
9606.ENSP00000413436,RPL10,FANCE,0.932
9606.ENSP00000413436,RPL10,SEC61B,0.931
9606.ENSP00000413436,RPL10,RPL10L,0.931
9606.ENSP00000413436,RPL10,FLT3LG,0.93
9606.ENSP00000413436,RPL10,NACA2,0.93
9606.ENSP00000413436,RPL10,CD74,0.93
9606.ENSP00000413436,RPL10,PA2G4,0.93
9606.ENSP00000413436,RPL10,GSPT1,0.929
9606.ENSP00000413436,RPL10,EIF6,0.928
9606.ENSP00000413436,RPL10,TPT1,0.924
9606.ENSP00000413436,RPL10,MRPS9,0.924
9606.ENSP00000413436,RPL10,ETF1,0.923
9606.ENSP00000413436,RPL10,MRPL17,0.92
9606.ENSP00000413436,RPL10,MRPS16,0.919
9606.ENSP00000413436,RPL10,MRPS6,0.919
9606.ENSP00000413436,RPL10,MRNIP,0.916
9606.ENSP00000413436,RPL10,SRPRA,0.914
9606.ENSP00000413436,RPL10,MRPL27,0.912
9606.ENSP00000413436,RPL10,MRPL9,0.912
9606.ENSP00000413436,RPL10,TUFM,0.911
9606.ENSP00000413436,RPL10,CXorf66,0.911
9606.ENSP00000413436,RPL10,MRPL12,0.911
9606.ENSP00000413436,RPL10,DOCK4,0.909
9606.ENSP00000413436,RPL10,MRPL36,0.907
9606.ENSP00000413436,RPL10,IFI35,0.906
9606.ENSP00000413436,RPL10,EEF1B2,0.906
9606.ENSP00000413436,RPL10,SRP14,0.906
9606.ENSP00000413436,RPL10,MED1,0.905
9606.ENSP00000413436,RPL10,LSG1,0.904
9606.ENSP00000413436,RPL10,RPL39L,0.903
9606.ENSP00000413436,RPL10,MRPL21,0.902
9606.ENSP00000413436,RPL10,RSAD1,0.901
9606.ENSP00000416066,SERPINA1,ELANE,0.999
9606.ENSP00000416066,SERPINA1,ALB,0.998
9606.ENSP00000416066,SERPINA1,A2M,0.98
9606.ENSP00000416066,SERPINA1,ORM1,0.979
9606.ENSP00000416066,SERPINA1,PRSS2,0.978
9606.ENSP00000416066,SERPINA1,ORM2,0.972
9606.ENSP00000416066,SERPINA1,AHSG,0.971
9606.ENSP00000416066,SERPINA1,CELA1,0.971
9606.ENSP00000416066,SERPINA1,TTR,0.961
9606.ENSP00000416066,SERPINA1,HP,0.961
9606.ENSP00000416066,SERPINA1,CTRB2,0.958
9606.ENSP00000416066,SERPINA1,CTRB1,0.957
9606.ENSP00000416066,SERPINA1,CP,0.944
9606.ENSP00000416066,SERPINA1,KNG1,0.943
9606.ENSP00000416066,SERPINA1,PROC,0.934
9606.ENSP00000416066,SERPINA1,AFP,0.927
9606.ENSP00000416066,SERPINA1,APOA1,0.927
9606.ENSP00000416066,SERPINA1,OS9,0.92
9606.ENSP00000416066,SERPINA1,KLK3,0.917
9606.ENSP00000416739,RECQL,EXO1,0.932
9606.ENSP00000417335,ROBO2,SLIT2,0.999
9606.ENSP00000417335,ROBO2,SLIT3,0.999
9606.ENSP00000417335,ROBO2,SLIT1,0.999
9606.ENSP00000417335,ROBO2,SRGAP3,0.964
9606.ENSP00000417335,ROBO2,SRGAP1,0.964
9606.ENSP00000417335,ROBO2,SRGAP2,0.962
9606.ENSP00000417335,ROBO2,PAK5,0.929
9606.ENSP00000417335,ROBO2,NCK2,0.926
9606.ENSP00000417335,ROBO2,ABL1,0.925
9606.ENSP00000417335,ROBO2,PAK6,0.924
9606.ENSP00000417335,ROBO2,PAK4,0.919
9606.ENSP00000417335,ROBO2,PAK3,0.914
9606.ENSP00000417335,ROBO2,PAK1,0.91
9606.ENSP00000417335,ROBO2,PAK2,0.91
9606.ENSP00000417335,ROBO2,AKAP5,0.903
9606.ENSP00000418009,RARRES2,CMKLR1,0.999
9606.ENSP00000418009,RARRES2,GPR1,0.996
9606.ENSP00000418009,RARRES2,CCRL2,0.996
9606.ENSP00000418754,PTK7,WNT5A,0.983
9606.ENSP00000418754,PTK7,CCKAR,0.952
9606.ENSP00000418754,PTK7,CCKBR,0.937
9606.ENSP00000418754,PTK7,CCK,0.923
9606.ENSP00000419412,SLC4A2,SLC26A7,0.958
9606.ENSP00000419412,SLC4A2,SLC12A2,0.909
9606.ENSP00000419494,RYBP,KDM2B,0.999
9606.ENSP00000419494,RYBP,PCGF1,0.999
9606.ENSP00000419494,RYBP,RNF2,0.999
9606.ENSP00000419494,RYBP,RING1,0.999
9606.ENSP00000419494,RYBP,YY1,0.998
9606.ENSP00000419494,RYBP,PCGF5,0.996
9606.ENSP00000419494,RYBP,BMI1,0.996
9606.ENSP00000419494,RYBP,PCGF6,0.996
9606.ENSP00000419494,RYBP,YAF2,0.992
9606.ENSP00000419494,RYBP,PCGF2,0.991
9606.ENSP00000419494,RYBP,E2F6,0.987
9606.ENSP00000419494,RYBP,PCGF3,0.987
9606.ENSP00000419494,RYBP,CBX2,0.981
9606.ENSP00000419494,RYBP,SKP1,0.981
9606.ENSP00000419494,RYBP,L3MBTL2,0.978
9606.ENSP00000419494,RYBP,COMMD3-BMI1,0.975
9606.ENSP00000419494,RYBP,CSNK2B,0.964
9606.ENSP00000419494,RYBP,AUTS2,0.961
9606.ENSP00000419494,RYBP,WDR5,0.961
9606.ENSP00000419494,RYBP,BCOR,0.96
9606.ENSP00000419494,RYBP,TFDP1,0.934
9606.ENSP00000419494,RYBP,FBRS,0.921
9606.ENSP00000419494,RYBP,CSNK2A2,0.921
9606.ENSP00000419494,RYBP,BCORL1,0.92
9606.ENSP00000419494,RYBP,CBX8,0.911
9606.ENSP00000419692,RXRA,NR1H4,0.999
9606.ENSP00000419692,RXRA,NCOA1,0.999
9606.ENSP00000419692,RXRA,PPARA,0.999
9606.ENSP00000419692,RXRA,NR1I2,0.999
9606.ENSP00000419692,RXRA,RARA,0.999
9606.ENSP00000419692,RXRA,NCOA2,0.999
9606.ENSP00000419692,RXRA,NR1H3,0.999
9606.ENSP00000419692,RXRA,PPARG,0.999
9606.ENSP00000419692,RXRA,NR1H2,0.998
9606.ENSP00000419692,RXRA,NCOR2,0.996
9606.ENSP00000419692,RXRA,RARB,0.996
9606.ENSP00000419692,RXRA,PPARD,0.995
9606.ENSP00000419692,RXRA,THRB,0.993
9606.ENSP00000419692,RXRA,NR4A1,0.99
9606.ENSP00000419692,RXRA,NCOA3,0.988
9606.ENSP00000419692,RXRA,NR1I3,0.987
9606.ENSP00000419692,RXRA,MED1,0.986
9606.ENSP00000419692,RXRA,CYP27B1,0.981
9606.ENSP00000419692,RXRA,NCOR1,0.977
9606.ENSP00000419692,RXRA,CREBBP,0.977
9606.ENSP00000419692,RXRA,THRA,0.967
9606.ENSP00000419692,RXRA,NCOA6,0.962
9606.ENSP00000419692,RXRA,RARG,0.945
9606.ENSP00000419692,RXRA,RXRG,0.943
9606.ENSP00000419692,RXRA,EP300,0.934
9606.ENSP00000419692,RXRA,RXRB,0.934
9606.ENSP00000419692,RXRA,IGFBP3,0.931
9606.ENSP00000419692,RXRA,ABCA1,0.916
9606.ENSP00000419692,RXRA,PPARGC1A,0.913
9606.ENSP00000419692,RXRA,PSME3,0.91
9606.ENSP00000419692,RXRA,PAX8,0.906
9606.ENSP00000419881,RAD51B,RAD51D-2,0.999
9606.ENSP00000419881,RAD51B,RAD51C,0.999
9606.ENSP00000419881,RAD51B,RAD51D,0.999
9606.ENSP00000419881,RAD51B,XRCC2,0.999
9606.ENSP00000419881,RAD51B,XRCC3,0.985
9606.ENSP00000419881,RAD51B,RAD1,0.982
9606.ENSP00000419881,RAD51B,BRCA2,0.961
9606.ENSP00000419881,RAD51B,FANCM,0.958
9606.ENSP00000419881,RAD51B,SWI5,0.942
9606.ENSP00000419881,RAD51B,BRCA1,0.922
9606.ENSP00000419881,RAD51B,SFR1,0.916
9606.ENSP00000419881,RAD51B,MRE11,0.908
9606.ENSP00000419881,RAD51B,RAD51,0.904
9606.ENSP00000420091,SLITRK3,PTPRD,0.937
9606.ENSP00000420321,ROBO1,SLIT1,0.999
9606.ENSP00000420321,ROBO1,SLIT3,0.999
9606.ENSP00000420321,ROBO1,SRGAP1,0.999
9606.ENSP00000420321,ROBO1,SLIT2,0.999
9606.ENSP00000420321,ROBO1,SRGAP2,0.987
9606.ENSP00000420321,ROBO1,SRGAP3,0.979
9606.ENSP00000420321,ROBO1,NRP1,0.933
9606.ENSP00000420321,ROBO1,ABL1,0.928
9606.ENSP00000420321,ROBO1,NCK2,0.922
9606.ENSP00000420321,ROBO1,PAK5,0.922
9606.ENSP00000420321,ROBO1,PAK6,0.919
9606.ENSP00000420321,ROBO1,ROBO3,0.918
9606.ENSP00000420321,ROBO1,PAK4,0.916
9606.ENSP00000420321,ROBO1,PAK1,0.912
9606.ENSP00000420321,ROBO1,PAK3,0.911
9606.ENSP00000420321,ROBO1,PAK2,0.911
9606.ENSP00000420321,ROBO1,USP33,0.902
9606.ENSP00000422591,SLIT2,ROBO1,0.999
9606.ENSP00000422591,SLIT2,ROBO2,0.999
9606.ENSP00000422591,SLIT2,ROBO4,0.998
9606.ENSP00000422591,SLIT2,GPC1,0.936
9606.ENSP00000422591,SLIT2,ROBO3,0.911
9606.ENSP00000426191,RAD17,RFC5,0.999
9606.ENSP00000426191,RAD17,RFC4,0.999
9606.ENSP00000426191,RAD17,RAD9A,0.999
9606.ENSP00000426191,RAD17,RFC2,0.999
9606.ENSP00000426191,RAD17,HUS1,0.999
9606.ENSP00000426191,RAD17,RFC3,0.999
9606.ENSP00000426191,RAD17,ATR,0.988
9606.ENSP00000426191,RAD17,RAD1,0.985
9606.ENSP00000426191,RAD17,RAD9B,0.984
9606.ENSP00000426191,RAD17,ATM,0.983
9606.ENSP00000426191,RAD17,CHEK1,0.982
9606.ENSP00000426191,RAD17,ATRIP,0.98
9606.ENSP00000426191,RAD17,TOPBP1,0.977
9606.ENSP00000426191,RAD17,ATAD5,0.969
9606.ENSP00000426191,RAD17,CHTF18,0.961
9606.ENSP00000426191,RAD17,RPA1,0.95
9606.ENSP00000426191,RAD17,CLSPN,0.949
9606.ENSP00000426191,RAD17,TP53BP1,0.926
9606.ENSP00000426503,RNF4,UBE2D1,0.999
9606.ENSP00000426503,RNF4,SUMO2,0.995
9606.ENSP00000426503,RNF4,UBE2N,0.994
9606.ENSP00000426503,RNF4,UBC,0.983
9606.ENSP00000426503,RNF4,SUMO1,0.967
9606.ENSP00000426503,RNF4,UBB,0.954
9606.ENSP00000426503,RNF4,UBA52,0.952
9606.ENSP00000426503,RNF4,RPS27A,0.95
9606.ENSP00000426503,RNF4,PML,0.944
9606.ENSP00000426503,RNF4,UBE2V2,0.936
9606.ENSP00000426503,RNF4,MDC1,0.928
9606.ENSP00000426503,RNF4,UBE2I,0.928
9606.ENSP00000426503,RNF4,UBE2D2,0.926
9606.ENSP00000426503,RNF4,PATZ1,0.919
9606.ENSP00000426503,RNF4,UBE2D3,0.915
9606.ENSP00000426809,PROM1,CD34,0.928
9606.ENSP00000426809,PROM1,CDHR1,0.917
9606.ENSP00000427018,RIMS2,RAPGEF4,0.996
9606.ENSP00000427018,RIMS2,RAB3A,0.994
9606.ENSP00000427018,RIMS2,UNC13A,0.989
9606.ENSP00000427018,RIMS2,UNC13B,0.984
9606.ENSP00000427018,RIMS2,RIMBP2,0.979
9606.ENSP00000427018,RIMS2,TSPOAP1,0.97
9606.ENSP00000427018,RIMS2,UNC13C,0.966
9606.ENSP00000427018,RIMS2,RAB3C,0.924
9606.ENSP00000428417,RIMS1,RAB3A,0.998
9606.ENSP00000428417,RIMS1,UNC13B,0.998
9606.ENSP00000428417,RIMS1,UNC13A,0.98
9606.ENSP00000428417,RIMS1,TSPOAP1,0.977
9606.ENSP00000428417,RIMS1,RIMBP2,0.963
9606.ENSP00000428417,RIMS1,ERC2,0.958
9606.ENSP00000428417,RIMS1,ERC1,0.957
9606.ENSP00000428417,RIMS1,SNAP25,0.949
9606.ENSP00000428417,RIMS1,STXBP1,0.943
9606.ENSP00000428417,RIMS1,STX1A,0.903
9606.ENSP00000428417,RIMS1,SYN1,0.9
9606.ENSP00000430242,SBSN,KRTDAP,0.952
9606.ENSP00000430548,PTDSS1,PISD,0.986
9606.ENSP00000430548,PTDSS1,PEMT,0.958
9606.ENSP00000430548,PTDSS1,CEPT1,0.956
9606.ENSP00000430548,PTDSS1,CHPT1,0.953
9606.ENSP00000430548,PTDSS1,PTDSS2,0.936
9606.ENSP00000430548,PTDSS1,MBOAT2,0.928
9606.ENSP00000430548,PTDSS1,PLD2,0.924
9606.ENSP00000430548,PTDSS1,PLD1,0.922
9606.ENSP00000430548,PTDSS1,PLA1A,0.919
9606.ENSP00000430548,PTDSS1,LCAT,0.918
9606.ENSP00000430548,PTDSS1,LPCAT1,0.915
9606.ENSP00000430548,PTDSS1,LPCAT3,0.915
9606.ENSP00000430548,PTDSS1,LPCAT2,0.913
9606.ENSP00000430548,PTDSS1,LPCAT4,0.904
9606.ENSP00000430548,PTDSS1,PLD4,0.9
9606.ENSP00000430548,PTDSS1,PLAAT3,0.9
9606.ENSP00000430548,PTDSS1,PLD3,0.9
9606.ENSP00000430548,PTDSS1,MBOAT1,0.9
9606.ENSP00000435777,RPS13,RPS26,0.999
9606.ENSP00000435777,RPS13,RPL18A,0.999
9606.ENSP00000435777,RPS13,EEF2,0.999
9606.ENSP00000435777,RPS13,RPL21,0.999
9606.ENSP00000435777,RPS13,RPL14,0.999
9606.ENSP00000435777,RPS13,RPS29,0.999
9606.ENSP00000435777,RPS13,RPS11,0.999
9606.ENSP00000435777,RPS13,RPL28,0.999
9606.ENSP00000435777,RPS13,RPS27,0.999
9606.ENSP00000435777,RPS13,RPL31,0.999
9606.ENSP00000435777,RPS13,RPL3,0.999
9606.ENSP00000435777,RPS13,RPL37,0.999
9606.ENSP00000435777,RPS13,RPL35A,0.999
9606.ENSP00000435777,RPS13,FAU,0.999
9606.ENSP00000435777,RPS13,RPL29,0.999
9606.ENSP00000435777,RPS13,RPL22,0.999
9606.ENSP00000435777,RPS13,RPL27,0.999
9606.ENSP00000435777,RPS13,RPLP0,0.999
9606.ENSP00000435777,RPS13,RPL32,0.999
9606.ENSP00000435777,RPS13,RPS27A,0.999
9606.ENSP00000435777,RPS13,RPS3A,0.999
9606.ENSP00000435777,RPS13,RPS3,0.999
9606.ENSP00000435777,RPS13,RPL12,0.999
9606.ENSP00000435777,RPS13,RPS14,0.999
9606.ENSP00000435777,RPS13,RPLP2,0.999
9606.ENSP00000435777,RPS13,RPS15A,0.999
9606.ENSP00000435777,RPS13,RPS9,0.999
9606.ENSP00000435777,RPS13,RPL38,0.999
9606.ENSP00000435777,RPS13,RPL39,0.999
9606.ENSP00000435777,RPS13,RPL13A,0.999
9606.ENSP00000435777,RPS13,RPS23,0.999
9606.ENSP00000435777,RPS13,RPS19,0.999
9606.ENSP00000435777,RPS13,RPL23,0.999
9606.ENSP00000435777,RPS13,RPL35,0.999
9606.ENSP00000435777,RPS13,RPSA,0.999
9606.ENSP00000435777,RPS13,RPL15,0.999
9606.ENSP00000435777,RPS13,RACK1,0.999
9606.ENSP00000435777,RPS13,RPL5,0.999
9606.ENSP00000435777,RPS13,RPS12,0.999
9606.ENSP00000435777,RPS13,RPS16,0.999
9606.ENSP00000435777,RPS13,RPL19,0.999
9606.ENSP00000435777,RPS13,RPL10,0.999
9606.ENSP00000435777,RPS13,RPL34,0.999
9606.ENSP00000435777,RPS13,RPS18,0.999
9606.ENSP00000435777,RPS13,RPL11,0.999
9606.ENSP00000435777,RPS13,RPS24,0.999
9606.ENSP00000435777,RPS13,RPL18,0.999
9606.ENSP00000435777,RPS13,RPL9,0.999
9606.ENSP00000435777,RPS13,RPS21,0.999
9606.ENSP00000435777,RPS13,RPL7,0.999
9606.ENSP00000435777,RPS13,RPL13,0.999
9606.ENSP00000435777,RPS13,RPL36,0.999
9606.ENSP00000435777,RPS13,RPL6,0.999
9606.ENSP00000435777,RPS13,RPL7A,0.999
9606.ENSP00000435777,RPS13,RPS10,0.999
9606.ENSP00000435777,RPS13,RPL27A,0.999
9606.ENSP00000435777,RPS13,RPS25,0.999
9606.ENSP00000435777,RPS13,RPL10A,0.999
9606.ENSP00000435777,RPS13,RPS20,0.999
9606.ENSP00000435777,RPS13,RPL8,0.999
9606.ENSP00000435777,RPS13,RPL23A,0.999
9606.ENSP00000435777,RPS13,RPL17,0.999
9606.ENSP00000435777,RPS13,RPS2,0.999
9606.ENSP00000435777,RPS13,RPS15,0.999
9606.ENSP00000435777,RPS13,RPS8,0.999
9606.ENSP00000435777,RPS13,RPL24,0.999
9606.ENSP00000435777,RPS13,RPL37A,0.999
9606.ENSP00000435777,RPS13,RPS6,0.999
9606.ENSP00000435777,RPS13,UBA52,0.999
9606.ENSP00000435777,RPS13,RPL26,0.999
9606.ENSP00000435777,RPS13,RPS17,0.999
9606.ENSP00000435777,RPS13,RPL30,0.999
9606.ENSP00000435777,RPS13,RPS7,0.999
9606.ENSP00000435777,RPS13,RPS4X,0.999
9606.ENSP00000435777,RPS13,RPL4,0.999
9606.ENSP00000435777,RPS13,RPLP1,0.999
9606.ENSP00000435777,RPS13,RPS5,0.999
9606.ENSP00000435777,RPS13,RPS28,0.999
9606.ENSP00000435777,RPS13,RPL10L,0.998
9606.ENSP00000435777,RPS13,H3BNC9_HUMAN,0.998
9606.ENSP00000435777,RPS13,RPL26L1,0.997
9606.ENSP00000435777,RPS13,RPL36AL,0.996
9606.ENSP00000435777,RPS13,RPS4Y1,0.996
9606.ENSP00000435777,RPS13,RPL36A,0.996
9606.ENSP00000435777,RPS13,SNU13,0.996
9606.ENSP00000435777,RPS13,KRR1,0.996
9606.ENSP00000435777,RPS13,IMP3,0.996
9606.ENSP00000435777,RPS13,NOP58,0.996
9606.ENSP00000435777,RPS13,UTP15,0.996
9606.ENSP00000435777,RPS13,EIF2S1,0.995
9606.ENSP00000435777,RPS13,NOL6,0.995
9606.ENSP00000435777,RPS13,BMS1,0.995
9606.ENSP00000435777,RPS13,RPL17-C18orf32,0.995
9606.ENSP00000435777,RPS13,RRP9,0.995
9606.ENSP00000435777,RPS13,NOC4L,0.995
9606.ENSP00000435777,RPS13,HEATR1,0.995
9606.ENSP00000435777,RPS13,RPS10-NUDT3,0.995
9606.ENSP00000435777,RPS13,NOP56,0.995
9606.ENSP00000435777,RPS13,EIF3I,0.993
9606.ENSP00000435777,RPS13,RIOK2,0.993
9606.ENSP00000435777,RPS13,LTV1,0.993
9606.ENSP00000435777,RPS13,BYSL,0.993
9606.ENSP00000435777,RPS13,SERBP1,0.993
9606.ENSP00000435777,RPS13,RPS27L,0.993
9606.ENSP00000435777,RPS13,AATF,0.992
9606.ENSP00000435777,RPS13,NOB1,0.992
9606.ENSP00000435777,RPS13,WDR43,0.992
9606.ENSP00000435777,RPS13,RRP7A,0.992
9606.ENSP00000435777,RPS13,EMG1,0.991
9606.ENSP00000435777,RPS13,RCL1,0.991
9606.ENSP00000435777,RPS13,UTP3,0.991
9606.ENSP00000435777,RPS13,UTP6,0.991
9606.ENSP00000435777,RPS13,UTP20,0.99
9606.ENSP00000435777,RPS13,FBL,0.99
9606.ENSP00000435777,RPS13,DCAF13,0.99
9606.ENSP00000435777,RPS13,NAT10,0.988
9606.ENSP00000435777,RPS13,EIF5B,0.988
9606.ENSP00000435777,RPS13,UTP4,0.988
9606.ENSP00000435777,RPS13,EIF3B,0.988
9606.ENSP00000435777,RPS13,WDR46,0.987
9606.ENSP00000435777,RPS13,FCF1,0.986
9606.ENSP00000435777,RPS13,UTP18,0.986
9606.ENSP00000435777,RPS13,IMP4,0.986
9606.ENSP00000435777,RPS13,MPHOSPH10,0.986
9606.ENSP00000435777,RPS13,UTP11,0.986
9606.ENSP00000435777,RPS13,NGDN,0.986
9606.ENSP00000435777,RPS13,WDR3,0.985
9606.ENSP00000435777,RPS13,NOL10,0.985
9606.ENSP00000435777,RPS13,DNTTIP2,0.985
9606.ENSP00000435777,RPS13,WDR36,0.985
9606.ENSP00000435777,RPS13,TBL3,0.985
9606.ENSP00000435777,RPS13,EIF5A,0.985
9606.ENSP00000435777,RPS13,RPL7L1,0.985
9606.ENSP00000435777,RPS13,EIF2S3,0.985
9606.ENSP00000435777,RPS13,WDR75,0.985
9606.ENSP00000435777,RPS13,EIF2S2,0.984
9606.ENSP00000435777,RPS13,PWP2,0.983
9606.ENSP00000435777,RPS13,EIF3A,0.982
9606.ENSP00000435777,RPS13,RPL39L,0.981
9606.ENSP00000435777,RPS13,PDCD11,0.981
9606.ENSP00000435777,RPS13,RPS4Y2,0.981
9606.ENSP00000435777,RPS13,FLT3LG,0.98
9606.ENSP00000435777,RPS13,UTP14A,0.98
9606.ENSP00000435777,RPS13,CD74,0.98
9606.ENSP00000435777,RPS13,EIF1AX,0.979
9606.ENSP00000435777,RPS13,EEF1B2,0.979
9606.ENSP00000435777,RPS13,ABCE1,0.978
9606.ENSP00000435777,RPS13,EEF1A1,0.978
9606.ENSP00000435777,RPS13,FANCE,0.977
9606.ENSP00000435777,RPS13,EIF3K,0.976
9606.ENSP00000435777,RPS13,RPL3L,0.975
9606.ENSP00000435777,RPS13,EIF1,0.974
9606.ENSP00000435777,RPS13,RPL22L1,0.974
9606.ENSP00000435777,RPS13,EIF3C,0.973
9606.ENSP00000435777,RPS13,MRPS9,0.973
9606.ENSP00000435777,RPS13,BUD23,0.971
9606.ENSP00000435777,RPS13,MRPL20,0.971
9606.ENSP00000435777,RPS13,MRPL32,0.971
9606.ENSP00000435777,RPS13,MRPL33,0.971
9606.ENSP00000435777,RPS13,MRPL27,0.97
9606.ENSP00000435777,RPS13,MRPL19,0.97
9606.ENSP00000435777,RPS13,MRPS16,0.97
9606.ENSP00000435777,RPS13,MRPL17,0.97
9606.ENSP00000435777,RPS13,EIF3G,0.969
9606.ENSP00000435777,RPS13,EIF4A1,0.969
9606.ENSP00000435777,RPS13,TSR1,0.967
9606.ENSP00000435777,RPS13,MRPL12,0.967
9606.ENSP00000435777,RPS13,EIF3E,0.965
9606.ENSP00000435777,RPS13,MRPL21,0.965
9606.ENSP00000435777,RPS13,EIF3J,0.964
9606.ENSP00000435777,RPS13,ARL6IP1,0.963
9606.ENSP00000435777,RPS13,EIF3D,0.962
9606.ENSP00000435777,RPS13,TUFM,0.962
9606.ENSP00000435777,RPS13,EIF3F,0.96
9606.ENSP00000435777,RPS13,ETF1,0.959
9606.ENSP00000435777,RPS13,MRPS6,0.959
9606.ENSP00000435777,RPS13,RPL36A-HNRNPH2,0.957
9606.ENSP00000435777,RPS13,EEFSEC,0.957
9606.ENSP00000435777,RPS13,TPT1,0.956
9606.ENSP00000435777,RPS13,NOP14,0.953
9606.ENSP00000435777,RPS13,DIMT1,0.953
9606.ENSP00000435777,RPS13,EDF1,0.952
9606.ENSP00000435777,RPS13,H3BN98_HUMAN,0.95
9606.ENSP00000435777,RPS13,GCN1,0.95
9606.ENSP00000435777,RPS13,EEF1G,0.95
9606.ENSP00000435777,RPS13,MRPL9,0.946
9606.ENSP00000435777,RPS13,EIF3M,0.946
9606.ENSP00000435777,RPS13,EIF3H,0.943
9606.ENSP00000435777,RPS13,EIF3L,0.943
9606.ENSP00000435777,RPS13,SRP54,0.942
9606.ENSP00000435777,RPS13,PNO1,0.942
9606.ENSP00000435777,RPS13,PA2G4,0.941
9606.ENSP00000435777,RPS13,NSA2,0.939
9606.ENSP00000435777,RPS13,MRPL36,0.938
9606.ENSP00000435777,RPS13,EIF4G1,0.937
9606.ENSP00000435777,RPS13,SEC61A1,0.937
9606.ENSP00000435777,RPS13,MED1,0.936
9606.ENSP00000435777,RPS13,RSAD1,0.933
9606.ENSP00000435777,RPS13,LRRC47,0.932
9606.ENSP00000435777,RPS13,AKNAD1,0.928
9606.ENSP00000435777,RPS13,EXOSC10,0.925
9606.ENSP00000435777,RPS13,GSPT1,0.924
9606.ENSP00000435777,RPS13,EIF5,0.923
9606.ENSP00000435777,RPS13,DENR,0.922
9606.ENSP00000435777,RPS13,NACA,0.918
9606.ENSP00000435777,RPS13,MRPS11,0.918
9606.ENSP00000435777,RPS13,CXorf66,0.917
9606.ENSP00000435777,RPS13,EIF5AL1,0.913
9606.ENSP00000435777,RPS13,EIF5A2,0.91
9606.ENSP00000435777,RPS13,HBA2,0.908
9606.ENSP00000435777,RPS13,HBA1,0.908
9606.ENSP00000435777,RPS13,U2AF2,0.903
9606.ENSP00000435777,RPS13,SEC61B,0.901
9606.ENSP00000435777,RPS13,IFI35,0.901
9606.ENSP00000438406,SLAMF1,SH2D1A,0.999
9606.ENSP00000438406,SLAMF1,MYBPH,0.994
9606.ENSP00000438406,SLAMF1,SLAMF6,0.977
9606.ENSP00000438406,SLAMF1,CD46,0.967
9606.ENSP00000438406,SLAMF1,BECN1,0.963
9606.ENSP00000438406,SLAMF1,PTPN11,0.956
9606.ENSP00000438406,SLAMF1,FYN,0.948
9606.ENSP00000438406,SLAMF1,SH2D1B,0.915
9606.ENSP00000440329,SLC29A2,SLC29A3,0.925
9606.ENSP00000440329,SLC29A2,SLC29A1,0.913
9606.ENSP00000441823,SALL3,COQ2,0.901
9606.ENSP00000441927,SESN3,SESN1,0.938
9606.ENSP00000441927,SESN3,SESN2,0.91
9606.ENSP00000442460,PTK6,STAP2,0.996
9606.ENSP00000442460,PTK6,EGFR,0.989
9606.ENSP00000442460,PTK6,KHDRBS1,0.988
9606.ENSP00000442460,PTK6,GPNMB,0.978
9606.ENSP00000442460,PTK6,BCAR1,0.943
9606.ENSP00000442460,PTK6,PXN,0.943
9606.ENSP00000442460,PTK6,SOCS3,0.941
9606.ENSP00000442460,PTK6,ARHGAP35,0.941
9606.ENSP00000442460,PTK6,LRRK2,0.93
9606.ENSP00000442460,PTK6,AKT1,0.927
9606.ENSP00000442460,PTK6,PTPN1,0.926
9606.ENSP00000442460,PTK6,ARAP1,0.919
9606.ENSP00000442460,PTK6,KHDRBS2,0.914
9606.ENSP00000442460,PTK6,DOK1,0.907
9606.ENSP00000442460,PTK6,HIF1A,0.906
9606.ENSP00000444278,PRRG1,GGCX,0.94
9606.ENSP00000445408,RABEP1,RABGEF1,0.999
9606.ENSP00000445408,RABEP1,RAB5A,0.999
9606.ENSP00000445408,RABEP1,GGA1,0.997
9606.ENSP00000445408,RABEP1,GGA3,0.996
9606.ENSP00000445408,RABEP1,RAB4A,0.991
9606.ENSP00000445408,RABEP1,EEA1,0.983
9606.ENSP00000445408,RABEP1,GGA2,0.974
9606.ENSP00000445408,RABEP1,TRAF3IP1,0.948
9606.ENSP00000445408,RABEP1,AP1G1,0.941
9606.ENSP00000448073,PRPF40B,RBM25,0.99
9606.ENSP00000448073,PRPF40B,U2AF2,0.986
9606.ENSP00000448073,PRPF40B,CDC5L,0.965
9606.ENSP00000448073,PRPF40B,SNRPC,0.944
9606.ENSP00000448073,PRPF40B,SF3A1,0.943
9606.ENSP00000448073,PRPF40B,SNRPE,0.934
9606.ENSP00000448073,PRPF40B,SNRNP70,0.932
9606.ENSP00000448073,PRPF40B,SNRPD1,0.929
9606.ENSP00000448073,PRPF40B,PRPF39,0.918
9606.ENSP00000448073,PRPF40B,SNRPF,0.915
9606.ENSP00000448073,PRPF40B,SNRPG,0.913
9606.ENSP00000448073,PRPF40B,SF3A2,0.912
9606.ENSP00000448073,PRPF40B,SF1,0.911
9606.ENSP00000448073,PRPF40B,LUC7L2,0.908
9606.ENSP00000448073,PRPF40B,PRPF40A,0.906
9606.ENSP00000448073,PRPF40B,SNRPN,0.906
9606.ENSP00000450909,SLIRP,LRPPRC,0.999
9606.ENSP00000451172,SERPINA4,KLK1,0.997
9606.ENSP00000451172,SERPINA4,KLK2,0.997
9606.ENSP00000452245,RNASE4,ANG,0.988
9606.ENSP00000452763,RPL28,RPS26,0.999
9606.ENSP00000452763,RPL28,RPL18A,0.999
9606.ENSP00000452763,RPL28,RPL14,0.999
9606.ENSP00000452763,RPL28,RPL21,0.999
9606.ENSP00000452763,RPL28,RPS29,0.999
9606.ENSP00000452763,RPL28,RPS11,0.999
9606.ENSP00000452763,RPL28,RPL3,0.999
9606.ENSP00000452763,RPL28,RPL31,0.999
9606.ENSP00000452763,RPL28,RPL35A,0.999
9606.ENSP00000452763,RPL28,RPL37,0.999
9606.ENSP00000452763,RPL28,RPL29,0.999
9606.ENSP00000452763,RPL28,RPL27,0.999
9606.ENSP00000452763,RPL28,FAU,0.999
9606.ENSP00000452763,RPL28,RPLP0,0.999
9606.ENSP00000452763,RPL28,RPL32,0.999
9606.ENSP00000452763,RPL28,RPS3A,0.999
9606.ENSP00000452763,RPL28,RPS13,0.999
9606.ENSP00000452763,RPL28,RPS3,0.999
9606.ENSP00000452763,RPL28,RPS14,0.999
9606.ENSP00000452763,RPL28,RPLP2,0.999
9606.ENSP00000452763,RPL28,RPL12,0.999
9606.ENSP00000452763,RPL28,RPS9,0.999
9606.ENSP00000452763,RPL28,RPS23,0.999
9606.ENSP00000452763,RPL28,RPL38,0.999
9606.ENSP00000452763,RPL28,RPL13A,0.999
9606.ENSP00000452763,RPL28,RPL23,0.999
9606.ENSP00000452763,RPL28,RPS19,0.999
9606.ENSP00000452763,RPL28,RPL15,0.999
9606.ENSP00000452763,RPL28,RACK1,0.999
9606.ENSP00000452763,RPL28,RPL35,0.999
9606.ENSP00000452763,RPL28,RPSA,0.999
9606.ENSP00000452763,RPL28,RPL34,0.999
9606.ENSP00000452763,RPL28,RPS18,0.999
9606.ENSP00000452763,RPL28,RPS12,0.999
9606.ENSP00000452763,RPL28,RPS16,0.999
9606.ENSP00000452763,RPL28,RPL19,0.999
9606.ENSP00000452763,RPL28,RPL5,0.999
9606.ENSP00000452763,RPL28,RPS24,0.999
9606.ENSP00000452763,RPL28,RPL11,0.999
9606.ENSP00000452763,RPL28,RPL7,0.999
9606.ENSP00000452763,RPL28,RPS21,0.999
9606.ENSP00000452763,RPL28,RPL18,0.999
9606.ENSP00000452763,RPL28,RPL9,0.999
9606.ENSP00000452763,RPL28,RPL13,0.999
9606.ENSP00000452763,RPL28,RPS10,0.999
9606.ENSP00000452763,RPL28,RPL27A,0.999
9606.ENSP00000452763,RPL28,RPL7A,0.999
9606.ENSP00000452763,RPL28,RPL6,0.999
9606.ENSP00000452763,RPL28,RPL36,0.999
9606.ENSP00000452763,RPL28,RPS25,0.999
9606.ENSP00000452763,RPL28,RPL23A,0.999
9606.ENSP00000452763,RPL28,RPL17,0.999
9606.ENSP00000452763,RPL28,RPL8,0.999
9606.ENSP00000452763,RPL28,RPS20,0.999
9606.ENSP00000452763,RPL28,RPL24,0.999
9606.ENSP00000452763,RPL28,RPL37A,0.999
9606.ENSP00000452763,RPL28,RPS8,0.999
9606.ENSP00000452763,RPL28,RPS2,0.999
9606.ENSP00000452763,RPL28,RPS15,0.999
9606.ENSP00000452763,RPL28,RPS6,0.999
9606.ENSP00000452763,RPL28,UBA52,0.999
9606.ENSP00000452763,RPL28,RPL26,0.999
9606.ENSP00000452763,RPL28,RPL30,0.999
9606.ENSP00000452763,RPL28,RPS17,0.999
9606.ENSP00000452763,RPL28,RPLP1,0.999
9606.ENSP00000452763,RPL28,RPL4,0.999
9606.ENSP00000452763,RPL28,RPS7,0.999
9606.ENSP00000452763,RPL28,RPS28,0.999
9606.ENSP00000452763,RPL28,RPS5,0.999
9606.ENSP00000452763,RPL28,EEF2,0.998
9606.ENSP00000452763,RPL28,RPS27,0.998
9606.ENSP00000452763,RPL28,RPS27A,0.998
9606.ENSP00000452763,RPL28,RPS15A,0.998
9606.ENSP00000452763,RPL28,RPL10,0.998
9606.ENSP00000452763,RPL28,RPL10A,0.998
9606.ENSP00000452763,RPL28,RPS4X,0.998
9606.ENSP00000452763,RPL28,RPL22,0.997
9606.ENSP00000452763,RPL28,RPL39,0.997
9606.ENSP00000452763,RPL28,RPL26L1,0.997
9606.ENSP00000452763,RPL28,RPL36A,0.996
9606.ENSP00000452763,RPL28,RPL17-C18orf32,0.995
9606.ENSP00000452763,RPL28,RPL36AL,0.994
9606.ENSP00000452763,RPL28,H3BNC9_HUMAN,0.994
9606.ENSP00000452763,RPL28,RPL10L,0.993
9606.ENSP00000452763,RPL28,RPS10-NUDT3,0.993
9606.ENSP00000452763,RPL28,RPS4Y1,0.989
9606.ENSP00000452763,RPL28,PA2G4,0.981
9606.ENSP00000452763,RPL28,RPL39L,0.978
9606.ENSP00000452763,RPL28,RPL7L1,0.978
9606.ENSP00000452763,RPL28,MRNIP,0.977
9606.ENSP00000452763,RPL28,FLT3LG,0.977
9606.ENSP00000452763,RPL28,CD74,0.977
9606.ENSP00000452763,RPL28,DOCK4,0.976
9606.ENSP00000452763,RPL28,CXorf66,0.976
9606.ENSP00000452763,RPL28,IFI35,0.975
9606.ENSP00000452763,RPL28,MED1,0.975
9606.ENSP00000452763,RPL28,IMP3,0.973
9606.ENSP00000452763,RPL28,MRPS10,0.972
9606.ENSP00000452763,RPL28,SERBP1,0.971
9606.ENSP00000452763,RPL28,RPS27L,0.97
9606.ENSP00000452763,RPL28,EEF1A1,0.967
9606.ENSP00000452763,RPL28,RPL22L1,0.965
9606.ENSP00000452763,RPL28,RPL3L,0.961
9606.ENSP00000452763,RPL28,FANCE,0.954
9606.ENSP00000452763,RPL28,MRPS7,0.953
9606.ENSP00000452763,RPL28,RPS4Y2,0.953
9606.ENSP00000452763,RPL28,RSAD1,0.952
9606.ENSP00000452763,RPL28,MRPL24,0.95
9606.ENSP00000452763,RPL28,MRPS12,0.95
9606.ENSP00000452763,RPL28,MRTO4,0.948
9606.ENSP00000452763,RPL28,MRPL13,0.947
9606.ENSP00000452763,RPL28,CCDC105,0.947
9606.ENSP00000452763,RPL28,NACA,0.945
9606.ENSP00000452763,RPL28,RPL36A-HNRNPH2,0.943
9606.ENSP00000452763,RPL28,ETF1,0.943
9606.ENSP00000452763,RPL28,MRPS15,0.942
9606.ENSP00000452763,RPL28,BTF3,0.942
9606.ENSP00000452763,RPL28,NACA2,0.941
9606.ENSP00000452763,RPL28,H3BN98_HUMAN,0.937
9606.ENSP00000452763,RPL28,ARL6IP1,0.937
9606.ENSP00000452763,RPL28,AKNAD1,0.936
9606.ENSP00000452763,RPL28,NPSR1,0.934
9606.ENSP00000452763,RPL28,EEF1B2,0.934
9606.ENSP00000452763,RPL28,MRPL22,0.933
9606.ENSP00000452763,RPL28,MRPS5,0.933
9606.ENSP00000452763,RPL28,MRPS11,0.933
9606.ENSP00000452763,RPL28,WDR31,0.932
9606.ENSP00000452763,RPL28,MRPL1,0.931
9606.ENSP00000452763,RPL28,EIF5A,0.929
9606.ENSP00000452763,RPL28,MRPS14,0.923
9606.ENSP00000452763,RPL28,MRPL3,0.923
9606.ENSP00000452763,RPL28,MRPL2,0.92
9606.ENSP00000452763,RPL28,TEX48,0.92
9606.ENSP00000452763,RPL28,CUL7,0.919
9606.ENSP00000452763,RPL28,MRPL4,0.917
9606.ENSP00000452763,RPL28,SEC61B,0.909
9606.ENSP00000452763,RPL28,RSRC1,0.907
9606.ENSP00000452763,RPL28,RSL24D1,0.904
9606.ENSP00000452763,RPL28,EEFSEC,0.904
9606.ENSP00000453015,RNF111,SMAD7,0.997
9606.ENSP00000453015,RNF111,SMAD3,0.975
9606.ENSP00000453015,RNF111,SKIL,0.965
9606.ENSP00000453015,RNF111,AXIN1,0.951
9606.ENSP00000453015,RNF111,SMAD2,0.935
9606.ENSP00000453015,RNF111,SUMO1,0.925
9606.ENSP00000453015,RNF111,SUMO2,0.91
9606.ENSP00000454545,RBM15B,METTL3,0.999
9606.ENSP00000454545,RBM15B,METTL14,0.999
9606.ENSP00000454545,RBM15B,WTAP,0.999
9606.ENSP00000454545,RBM15B,RBM15,0.999
9606.ENSP00000454545,RBM15B,VIRMA,0.999
9606.ENSP00000454545,RBM15B,ZC3H13,0.999
9606.ENSP00000454545,RBM15B,CBLL1,0.998
9606.ENSP00000454545,RBM15B,METTL16,0.966
9606.ENSP00000454545,RBM15B,MAPRE2,0.903
9606.ENSP00000454973,SCAPER,CCNA2,0.939
9606.ENSP00000455064,SLC7A6,SLC3A2,0.999
9606.ENSP00000455064,SLC7A6,SLC3A1,0.906
9606.ENSP00000460348,PRPF8,SRRM2,0.999
9606.ENSP00000460348,PRPF8,SF3B2,0.999
9606.ENSP00000460348,PRPF8,SNW1,0.999
9606.ENSP00000460348,PRPF8,SF3B3,0.999
9606.ENSP00000460348,PRPF8,SNRNP200,0.999
9606.ENSP00000460348,PRPF8,SNRPF,0.999
9606.ENSP00000460348,PRPF8,PRPF4,0.999
9606.ENSP00000460348,PRPF8,PRPF31,0.999
9606.ENSP00000460348,PRPF8,BCAS2,0.999
9606.ENSP00000460348,PRPF8,BUD31,0.999
9606.ENSP00000460348,PRPF8,SART1,0.999
9606.ENSP00000460348,PRPF8,AQR,0.999
9606.ENSP00000460348,PRPF8,SNRPD3,0.999
9606.ENSP00000460348,PRPF8,XAB2,0.999
9606.ENSP00000460348,PRPF8,SNRPB,0.999
9606.ENSP00000460348,PRPF8,SNRPE,0.999
9606.ENSP00000460348,PRPF8,PRPF6,0.999
9606.ENSP00000460348,PRPF8,YJU2,0.999
9606.ENSP00000460348,PRPF8,ISY1-RAB43,0.999
9606.ENSP00000460348,PRPF8,CWC15,0.999
9606.ENSP00000460348,PRPF8,RBM22,0.999
9606.ENSP00000460348,PRPF8,PPIL1,0.999
9606.ENSP00000460348,PRPF8,CDC5L,0.999
9606.ENSP00000460348,PRPF8,SF3A2,0.999
9606.ENSP00000460348,PRPF8,CWC22,0.999
9606.ENSP00000460348,PRPF8,SNRNP40,0.999
9606.ENSP00000460348,PRPF8,SF3A1,0.999
9606.ENSP00000460348,PRPF8,SNRPA1,0.999
9606.ENSP00000460348,PRPF8,CRNKL1,0.999
9606.ENSP00000460348,PRPF8,AAR2,0.999
9606.ENSP00000460348,PRPF8,MFAP1,0.999
9606.ENSP00000460348,PRPF8,PRPF3,0.999
9606.ENSP00000460348,PRPF8,SNRPG,0.999
9606.ENSP00000460348,PRPF8,SLU7,0.999
9606.ENSP00000460348,PRPF8,PLRG1,0.999
9606.ENSP00000460348,PRPF8,SNRPD2,0.999
9606.ENSP00000460348,PRPF8,PRPF19,0.999
9606.ENSP00000460348,PRPF8,SNRPD1,0.999
9606.ENSP00000460348,PRPF8,DHX16,0.999
9606.ENSP00000460348,PRPF8,SF3B4,0.999
9606.ENSP00000460348,PRPF8,LSM8,0.999
9606.ENSP00000460348,PRPF8,CDC40,0.999
9606.ENSP00000460348,PRPF8,DDX23,0.999
9606.ENSP00000460348,PRPF8,EFTUD2,0.999
9606.ENSP00000460348,PRPF8,TXNL4A,0.999
9606.ENSP00000460348,PRPF8,SF3B1,0.999
9606.ENSP00000460348,PRPF8,SF3A3,0.999
9606.ENSP00000460348,PRPF8,ISY1,0.998
9606.ENSP00000460348,PRPF8,SYF2,0.998
9606.ENSP00000460348,PRPF8,DHX38,0.998
9606.ENSP00000460348,PRPF8,LSM5,0.998
9606.ENSP00000460348,PRPF8,LSM6,0.998
9606.ENSP00000460348,PRPF8,CWC25,0.998
9606.ENSP00000460348,PRPF8,LSM2,0.998
9606.ENSP00000460348,PRPF8,UBL5,0.997
9606.ENSP00000460348,PRPF8,BUD13,0.997
9606.ENSP00000460348,PRPF8,LSM3,0.997
9606.ENSP00000460348,PRPF8,SNRPB2,0.997
9606.ENSP00000460348,PRPF8,DHX8,0.997
9606.ENSP00000460348,PRPF8,EIF4A3,0.997
9606.ENSP00000460348,PRPF8,LSM4,0.997
9606.ENSP00000460348,PRPF8,CWC27,0.997
9606.ENSP00000460348,PRPF8,SNU13,0.997
9606.ENSP00000460348,PRPF8,DHX15,0.996
9606.ENSP00000460348,PRPF8,SNIP1,0.996
9606.ENSP00000460348,PRPF8,ZMAT2,0.996
9606.ENSP00000460348,PRPF8,LSM7,0.996
9606.ENSP00000460348,PRPF8,PRPF38A,0.995
9606.ENSP00000460348,PRPF8,RNF113A,0.995
9606.ENSP00000460348,PRPF8,PCBP1,0.995
9606.ENSP00000460348,PRPF8,WDR83,0.994
9606.ENSP00000460348,PRPF8,SNRPN,0.994
9606.ENSP00000460348,PRPF8,USP39,0.994
9606.ENSP00000460348,PRPF8,ZNF830,0.994
9606.ENSP00000460348,PRPF8,PHF5A,0.993
9606.ENSP00000460348,PRPF8,SMU1,0.993
9606.ENSP00000460348,PRPF8,SF3B5,0.993
9606.ENSP00000460348,PRPF8,RBMX2,0.992
9606.ENSP00000460348,PRPF8,TSSC4,0.99
9606.ENSP00000460348,PRPF8,SNRPA,0.988
9606.ENSP00000460348,PRPF8,PPIE,0.988
9606.ENSP00000460348,PRPF8,RBM8A,0.988
9606.ENSP00000460348,PRPF8,MAGOHB,0.987
9606.ENSP00000460348,PRPF8,IK,0.986
9606.ENSP00000460348,PRPF8,CWF19L2,0.985
9606.ENSP00000460348,PRPF8,PPIH,0.983
9606.ENSP00000460348,PRPF8,WBP4,0.982
9606.ENSP00000460348,PRPF8,CD2BP2,0.982
9606.ENSP00000460348,PRPF8,TCERG1,0.98
9606.ENSP00000460348,PRPF8,CASC3,0.98
9606.ENSP00000460348,PRPF8,TFIP11,0.969
9606.ENSP00000460348,PRPF8,SNRNP70,0.968
9606.ENSP00000460348,PRPF8,PRPF18,0.961
9606.ENSP00000460348,PRPF8,PRPF4B,0.957
9606.ENSP00000460348,PRPF8,GPKOW,0.957
9606.ENSP00000460348,PRPF8,NCBP2,0.955
9606.ENSP00000460348,PRPF8,SF3B6,0.953
9606.ENSP00000460348,PRPF8,PPIL2,0.952
9606.ENSP00000460348,PRPF8,C9orf78,0.951
9606.ENSP00000460348,PRPF8,SRSF1,0.948
9606.ENSP00000460348,PRPF8,SRRM1,0.948
9606.ENSP00000460348,PRPF8,MAGOH,0.948
9606.ENSP00000460348,PRPF8,PPWD1,0.943
9606.ENSP00000460348,PRPF8,NCBP1,0.935
9606.ENSP00000460348,PRPF8,SNRNP27,0.934
9606.ENSP00000460348,PRPF8,CACTIN,0.932
9606.ENSP00000460348,PRPF8,EAPP,0.926
9606.ENSP00000460348,PRPF8,RBM42,0.926
9606.ENSP00000460348,PRPF8,M0R3G1_HUMAN,0.923
9606.ENSP00000460348,PRPF8,ARMC7,0.922
9606.ENSP00000460348,PRPF8,WDR70,0.92
9606.ENSP00000460348,PRPF8,FRG1,0.906
9606.ENSP00000460348,PRPF8,PSME3IP1,0.901
9606.ENSP00000460348,PRPF8,ECD,0.901
9606.ENSP00000460348,PRPF8,FAM32A,0.9
9606.ENSP00000460348,PRPF8,PRKRIP1,0.9
9606.ENSP00000460348,PRPF8,SCNM1,0.9
9606.ENSP00000460348,PRPF8,CRIPT,0.9
9606.ENSP00000460348,PRPF8,RBM48,0.9
9606.ENSP00000463058,RBM8A,RNPS1,0.999
9606.ENSP00000463058,RBM8A,UPF3B,0.999
9606.ENSP00000463058,RBM8A,PYM1,0.999
9606.ENSP00000463058,RBM8A,UPF1,0.999
9606.ENSP00000463058,RBM8A,UPF2,0.999
9606.ENSP00000463058,RBM8A,UPF3A,0.999
9606.ENSP00000463058,RBM8A,EIF4A3,0.999
9606.ENSP00000463058,RBM8A,MAGOH,0.999
9606.ENSP00000463058,RBM8A,MAGOHB,0.999
9606.ENSP00000463058,RBM8A,CASC3,0.999
9606.ENSP00000463058,RBM8A,NXF1,0.998
9606.ENSP00000463058,RBM8A,SRSF1,0.998
9606.ENSP00000463058,RBM8A,DDX39B,0.998
9606.ENSP00000463058,RBM8A,SRSF3,0.998
9606.ENSP00000463058,RBM8A,SMG1,0.997
9606.ENSP00000463058,RBM8A,NCBP2,0.997
9606.ENSP00000463058,RBM8A,PABPC1,0.996
9606.ENSP00000463058,RBM8A,SMG7,0.996
9606.ENSP00000463058,RBM8A,CCNT1,0.995
9606.ENSP00000463058,RBM8A,DICER1,0.994
9606.ENSP00000463058,RBM8A,SNRNP200,0.991
9606.ENSP00000463058,RBM8A,CWC22,0.99
9606.ENSP00000463058,RBM8A,PRPF8,0.988
9606.ENSP00000463058,RBM8A,ALYREF,0.984
9606.ENSP00000463058,RBM8A,ISY1,0.982
9606.ENSP00000463058,RBM8A,ISY1-RAB43,0.981
9606.ENSP00000463058,RBM8A,YJU2,0.979
9606.ENSP00000463058,RBM8A,CWC25,0.979
9606.ENSP00000463058,RBM8A,IPO13,0.972
9606.ENSP00000463058,RBM8A,SLU7,0.967
9606.ENSP00000463058,RBM8A,AGO2,0.961
9606.ENSP00000463058,RBM8A,TARBP2,0.957
9606.ENSP00000463058,RBM8A,AQR,0.946
9606.ENSP00000463058,RBM8A,CCDC9,0.936
9606.ENSP00000463058,RBM8A,DHX38,0.928
9606.ENSP00000463058,RBM8A,PRPF19,0.925
9606.ENSP00000463058,RBM8A,RBM22,0.922
9606.ENSP00000463058,RBM8A,SNRPD2,0.917
9606.ENSP00000463058,RBM8A,SNRPF,0.916
9606.ENSP00000463058,RBM8A,SAP18,0.916
9606.ENSP00000463058,RBM8A,CDC40,0.916
9606.ENSP00000463058,RBM8A,SRRM2,0.912
9606.ENSP00000463058,RBM8A,SNRPB2,0.908
9606.ENSP00000463058,RBM8A,PNN,0.905
9606.ENSP00000463069,RNF43,RSPO1,0.999
9606.ENSP00000463069,RNF43,LGR5,0.997
9606.ENSP00000463069,RNF43,LGR4,0.992
9606.ENSP00000463069,RNF43,RSPO2,0.991
9606.ENSP00000463069,RNF43,FZD5,0.984
9606.ENSP00000463069,RNF43,RSPO4,0.973
9606.ENSP00000463069,RNF43,RSPO3,0.972
9606.ENSP00000463069,RNF43,FZD8,0.955
9606.ENSP00000463069,RNF43,AKAP8L,0.951
9606.ENSP00000463069,RNF43,FZD1,0.939
9606.ENSP00000463069,RNF43,FZD7,0.934
9606.ENSP00000463069,RNF43,FZD4,0.934
9606.ENSP00000463069,RNF43,FZD2,0.932
9606.ENSP00000463069,RNF43,FZD9,0.928
9606.ENSP00000463069,RNF43,FZD6,0.925
9606.ENSP00000463069,RNF43,FZD10,0.925
9606.ENSP00000463069,RNF43,FZD3,0.917
9606.ENSP00000466010,RPS15,UBA52,0.999
9606.ENSP00000466010,RPS15,RPS6,0.999
9606.ENSP00000466010,RPS15,RPL26,0.999
9606.ENSP00000466010,RPS15,RPS8,0.999
9606.ENSP00000466010,RPS15,MRPL17,0.999
9606.ENSP00000466010,RPS15,RPS2,0.999
9606.ENSP00000466010,RPS15,RPL24,0.999
9606.ENSP00000466010,RPS15,RPL37A,0.999
9606.ENSP00000466010,RPS15,MRPS6,0.999
9606.ENSP00000466010,RPS15,MRPL21,0.999
9606.ENSP00000466010,RPS15,RPL8,0.999
9606.ENSP00000466010,RPS15,RPS20,0.999
9606.ENSP00000466010,RPS15,MRPS9,0.999
9606.ENSP00000466010,RPS15,RPL23A,0.999
9606.ENSP00000466010,RPS15,RPL17,0.999
9606.ENSP00000466010,RPS15,RPS25,0.999
9606.ENSP00000466010,RPS15,MRPL12,0.999
9606.ENSP00000466010,RPS15,RPL10A,0.999
9606.ENSP00000466010,RPS15,RPS5,0.999
9606.ENSP00000466010,RPS15,MRPL33,0.999
9606.ENSP00000466010,RPS15,RPS28,0.999
9606.ENSP00000466010,RPS15,RPL4,0.999
9606.ENSP00000466010,RPS15,RPS4X,0.999
9606.ENSP00000466010,RPS15,RPS7,0.999
9606.ENSP00000466010,RPS15,RPLP1,0.999
9606.ENSP00000466010,RPS15,MRPL36,0.999
9606.ENSP00000466010,RPS15,RPL30,0.999
9606.ENSP00000466010,RPS15,RPS17,0.999
9606.ENSP00000466010,RPS15,RPS12,0.999
9606.ENSP00000466010,RPS15,RPL19,0.999
9606.ENSP00000466010,RPS15,RPS16,0.999
9606.ENSP00000466010,RPS15,RPL5,0.999
9606.ENSP00000466010,RPS15,RPL34,0.999
9606.ENSP00000466010,RPS15,RPS18,0.999
9606.ENSP00000466010,RPS15,RPL10,0.999
9606.ENSP00000466010,RPS15,RACK1,0.999
9606.ENSP00000466010,RPS15,RPL15,0.999
9606.ENSP00000466010,RPS15,RPL35,0.999
9606.ENSP00000466010,RPS15,RPSA,0.999
9606.ENSP00000466010,RPS15,RPL23,0.999
9606.ENSP00000466010,RPS15,RPS19,0.999
9606.ENSP00000466010,RPS15,RPL6,0.999
9606.ENSP00000466010,RPS15,RPL36,0.999
9606.ENSP00000466010,RPS15,RPL27A,0.999
9606.ENSP00000466010,RPS15,RPS10,0.999
9606.ENSP00000466010,RPS15,RPL7A,0.999
9606.ENSP00000466010,RPS15,RPL13,0.999
9606.ENSP00000466010,RPS15,RPS21,0.999
9606.ENSP00000466010,RPS15,RPL9,0.999
9606.ENSP00000466010,RPS15,RPL18,0.999
9606.ENSP00000466010,RPS15,RPL7,0.999
9606.ENSP00000466010,RPS15,RPS24,0.999
9606.ENSP00000466010,RPS15,RPL11,0.999
9606.ENSP00000466010,RPS15,TUFM,0.999
9606.ENSP00000466010,RPS15,RPS3,0.999
9606.ENSP00000466010,RPS15,RPS27A,0.999
9606.ENSP00000466010,RPS15,RPS3A,0.999
9606.ENSP00000466010,RPS15,RPS13,0.999
9606.ENSP00000466010,RPS15,RPL32,0.999
9606.ENSP00000466010,RPS15,RPLP0,0.999
9606.ENSP00000466010,RPS15,FAU,0.999
9606.ENSP00000466010,RPS15,RPL29,0.999
9606.ENSP00000466010,RPS15,RPL27,0.999
9606.ENSP00000466010,RPS15,RPL38,0.999
9606.ENSP00000466010,RPS15,RPL13A,0.999
9606.ENSP00000466010,RPS15,RPS23,0.999
9606.ENSP00000466010,RPS15,MRPL20,0.999
9606.ENSP00000466010,RPS15,RPS9,0.999
9606.ENSP00000466010,RPS15,RPS15A,0.999
9606.ENSP00000466010,RPS15,RPL12,0.999
9606.ENSP00000466010,RPS15,RPS14,0.999
9606.ENSP00000466010,RPS15,RPLP2,0.999
9606.ENSP00000466010,RPS15,RPS29,0.999
9606.ENSP00000466010,RPS15,RPL21,0.999
9606.ENSP00000466010,RPS15,RPL14,0.999
9606.ENSP00000466010,RPS15,EEF2,0.999
9606.ENSP00000466010,RPS15,RPS26,0.999
9606.ENSP00000466010,RPS15,RPL18A,0.999
9606.ENSP00000466010,RPS15,RPL37,0.999
9606.ENSP00000466010,RPS15,RPL35A,0.999
9606.ENSP00000466010,RPS15,RPL28,0.999
9606.ENSP00000466010,RPS15,RPS27,0.999
9606.ENSP00000466010,RPS15,MRPL9,0.999
9606.ENSP00000466010,RPS15,RPL3,0.999
9606.ENSP00000466010,RPS15,RPL31,0.999
9606.ENSP00000466010,RPS15,RPS11,0.999
9606.ENSP00000466010,RPS15,RPL26L1,0.998
9606.ENSP00000466010,RPS15,MRPS16,0.998
9606.ENSP00000466010,RPS15,MRPL32,0.998
9606.ENSP00000466010,RPS15,H3BNC9_HUMAN,0.998
9606.ENSP00000466010,RPS15,RPL22,0.998
9606.ENSP00000466010,RPS15,RPL39,0.998
9606.ENSP00000466010,RPS15,RPL36AL,0.998
9606.ENSP00000466010,RPS15,EIF2S1,0.998
9606.ENSP00000466010,RPS15,EIF1AX,0.998
9606.ENSP00000466010,RPS15,RPL10L,0.997
9606.ENSP00000466010,RPS15,MRPL27,0.997
9606.ENSP00000466010,RPS15,EIF5B,0.997
9606.ENSP00000466010,RPS15,LTV1,0.997
9606.ENSP00000466010,RPS15,RPS4Y1,0.997
9606.ENSP00000466010,RPS15,RIOK2,0.997
9606.ENSP00000466010,RPS15,BYSL,0.996
9606.ENSP00000466010,RPS15,RPL36A,0.996
9606.ENSP00000466010,RPS15,RPL17-C18orf32,0.996
9606.ENSP00000466010,RPS15,MRPL19,0.996
9606.ENSP00000466010,RPS15,RPS10-NUDT3,0.995
9606.ENSP00000466010,RPS15,EIF2S2,0.995
9606.ENSP00000466010,RPS15,SERBP1,0.994
9606.ENSP00000466010,RPS15,EIF3K,0.994
9606.ENSP00000466010,RPS15,RPS27L,0.993
9606.ENSP00000466010,RPS15,TSR1,0.993
9606.ENSP00000466010,RPS15,EIF5A,0.992
9606.ENSP00000466010,RPS15,SEC61A1,0.991
9606.ENSP00000466010,RPS15,NOB1,0.99
9606.ENSP00000466010,RPS15,PDCD11,0.987
9606.ENSP00000466010,RPS15,MRPS11,0.986
9606.ENSP00000466010,RPS15,EIF3I,0.986
9606.ENSP00000466010,RPS15,EIF2S3,0.985
9606.ENSP00000466010,RPS15,NSA2,0.985
9606.ENSP00000466010,RPS15,RSRC1,0.985
9606.ENSP00000466010,RPS15,MRTO4,0.984
9606.ENSP00000466010,RPS15,RPS4Y2,0.984
9606.ENSP00000466010,RPS15,MRPS12,0.984
9606.ENSP00000466010,RPS15,MED1,0.983
9606.ENSP00000466010,RPS15,IMP3,0.983
9606.ENSP00000466010,RPS15,RPL3L,0.983
9606.ENSP00000466010,RPS15,MRPS5,0.983
9606.ENSP00000466010,RPS15,FANCE,0.983
9606.ENSP00000466010,RPS15,MRPS10,0.983
9606.ENSP00000466010,RPS15,EIF1AY,0.982
9606.ENSP00000466010,RPS15,EIF1,0.982
9606.ENSP00000466010,RPS15,EIF3B,0.981
9606.ENSP00000466010,RPS15,EEFSEC,0.981
9606.ENSP00000466010,RPS15,POLR1C,0.981
9606.ENSP00000466010,RPS15,POLR2C,0.981
9606.ENSP00000466010,RPS15,CD74,0.981
9606.ENSP00000466010,RPS15,RPL7L1,0.981
9606.ENSP00000466010,RPS15,FLT3LG,0.981
9606.ENSP00000466010,RPS15,EIF5,0.98
9606.ENSP00000466010,RPS15,EEF1A1,0.98
9606.ENSP00000466010,RPS15,RSAD1,0.98
9606.ENSP00000466010,RPS15,MRNIP,0.98
9606.ENSP00000466010,RPS15,RPL39L,0.979
9606.ENSP00000466010,RPS15,EIF3C,0.979
9606.ENSP00000466010,RPS15,MRPL2,0.978
9606.ENSP00000466010,RPS15,MRPL24,0.978
9606.ENSP00000466010,RPS15,IFI35,0.978
9606.ENSP00000466010,RPS15,CXorf66,0.977
9606.ENSP00000466010,RPS15,EIF3D,0.977
9606.ENSP00000466010,RPS15,DOCK4,0.977
9606.ENSP00000466010,RPS15,MRPL3,0.976
9606.ENSP00000466010,RPS15,ABCE1,0.976
9606.ENSP00000466010,RPS15,EEF1B2,0.975
9606.ENSP00000466010,RPS15,SRP54,0.975
9606.ENSP00000466010,RPS15,MRPL4,0.974
9606.ENSP00000466010,RPS15,EIF3A,0.974
9606.ENSP00000466010,RPS15,EIF3E,0.974
9606.ENSP00000466010,RPS15,WDR31,0.973
9606.ENSP00000466010,RPS15,AKNAD1,0.973
9606.ENSP00000466010,RPS15,MRPL13,0.973
9606.ENSP00000466010,RPS15,MRPS15,0.973
9606.ENSP00000466010,RPS15,RPL22L1,0.971
9606.ENSP00000466010,RPS15,CCDC105,0.971
9606.ENSP00000466010,RPS15,CUL7,0.971
9606.ENSP00000466010,RPS15,MRPL22,0.971
9606.ENSP00000466010,RPS15,MRPL1,0.971
9606.ENSP00000466010,RPS15,MRPS14,0.971
9606.ENSP00000466010,RPS15,MRPS7,0.971
9606.ENSP00000466010,RPS15,EIF3G,0.97
9606.ENSP00000466010,RPS15,RPL36A-HNRNPH2,0.968
9606.ENSP00000466010,RPS15,EDF1,0.967
9606.ENSP00000466010,RPS15,PA2G4,0.966
9606.ENSP00000466010,RPS15,EEF1G,0.965
9606.ENSP00000466010,RPS15,MTIF2,0.963
9606.ENSP00000466010,RPS15,ARL6IP1,0.963
9606.ENSP00000466010,RPS15,DENR,0.963
9606.ENSP00000466010,RPS15,EIF3J,0.963
9606.ENSP00000466010,RPS15,EPRS1,0.962
9606.ENSP00000466010,RPS15,EIF5A2,0.961
9606.ENSP00000466010,RPS15,MRRF,0.96
9606.ENSP00000466010,RPS15,EIF5AL1,0.96
9606.ENSP00000466010,RPS15,BUD23,0.959
9606.ENSP00000466010,RPS15,H3BN98_HUMAN,0.959
9606.ENSP00000466010,RPS15,NPSR1,0.951
9606.ENSP00000466010,RPS15,EFTUD2,0.951
9606.ENSP00000466010,RPS15,GCN1,0.949
9606.ENSP00000466010,RPS15,TPT1,0.949
9606.ENSP00000466010,RPS15,ATP5F1A,0.948
9606.ENSP00000466010,RPS15,SEC61A2,0.947
9606.ENSP00000466010,RPS15,EFL1,0.945
9606.ENSP00000466010,RPS15,HMGN4,0.945
9606.ENSP00000466010,RPS15,GFM1,0.945
9606.ENSP00000466010,RPS15,POLR1A,0.944
9606.ENSP00000466010,RPS15,PDF,0.943
9606.ENSP00000466010,RPS15,TEX48,0.943
9606.ENSP00000466010,RPS15,EIF3L,0.943
9606.ENSP00000466010,RPS15,HDDC3,0.943
9606.ENSP00000466010,RPS15,HMGN2,0.942
9606.ENSP00000466010,RPS15,POLR1B,0.941
9606.ENSP00000466010,RPS15,HMGN1,0.941
9606.ENSP00000466010,RPS15,RRP12,0.94
9606.ENSP00000466010,RPS15,POLR2B,0.939
9606.ENSP00000466010,RPS15,EIF3F,0.939
9606.ENSP00000466010,RPS15,POLR3A,0.939
9606.ENSP00000466010,RPS15,RIOK1,0.937
9606.ENSP00000466010,RPS15,POLR3B,0.937
9606.ENSP00000466010,RPS15,GSPT1,0.934
9606.ENSP00000466010,RPS15,ATP5F1C,0.933
9606.ENSP00000466010,RPS15,EIF4A1,0.929
9606.ENSP00000466010,RPS15,MDM2,0.925
9606.ENSP00000466010,RPS15,PNO1,0.924
9606.ENSP00000466010,RPS15,ETF1,0.923
9606.ENSP00000466010,RPS15,EEF1D,0.92
9606.ENSP00000466010,RPS15,CCDC124,0.918
9606.ENSP00000466010,RPS15,MRPL11,0.918
9606.ENSP00000466010,RPS15,LRRC47,0.917
9606.ENSP00000466010,RPS15,EIF3H,0.917
9606.ENSP00000466010,RPS15,MRPS2,0.915
9606.ENSP00000466010,RPS15,HSPBP1,0.913
9606.ENSP00000466010,RPS15,LYAR,0.911
9606.ENSP00000466010,RPS15,MRPL16,0.91
9606.ENSP00000466010,RPS15,SIL1,0.909
9606.ENSP00000466010,RPS15,HBA2,0.906
9606.ENSP00000466010,RPS15,HBA1,0.906
9606.ENSP00000466010,RPS15,SMKR1,0.903
9606.ENSP00000466010,RPS15,PPP1R26,0.903
9606.ENSP00000466010,RPS15,EIF1AD,0.902
9606.ENSP00000466010,RPS15,PELO,0.9
9606.ENSP00000466399,RAD51D,RAD51C,0.999
9606.ENSP00000466399,RAD51D,XRCC2,0.999
9606.ENSP00000466399,RAD51D,RAD51B,0.999
9606.ENSP00000466399,RAD51D,BRCA2,0.983
9606.ENSP00000466399,RAD51D,FANCM,0.979
9606.ENSP00000466399,RAD51D,XRCC3,0.978
9606.ENSP00000466399,RAD51D,BRCA1,0.953
9606.ENSP00000466399,RAD51D,SWI5,0.951
9606.ENSP00000466399,RAD51D,PALB2,0.949
9606.ENSP00000466399,RAD51D,MRE11,0.946
9606.ENSP00000466399,RAD51D,BARD1,0.94
9606.ENSP00000466399,RAD51D,ATM,0.93
9606.ENSP00000466399,RAD51D,SFR1,0.923
9606.ENSP00000467290,SEMA6B,PLXNA2,0.974
9606.ENSP00000467537,PTPRS,NTRK3,0.999
9606.ENSP00000467537,PTPRS,LRRC4B,0.989
9606.ENSP00000467537,PTPRS,PPFIA1,0.985
9606.ENSP00000467537,PTPRS,AGRN,0.959
9606.ENSP00000467537,PTPRS,IL1RAP,0.954
9606.ENSP00000467537,PTPRS,SLITRK1,0.942
9606.ENSP00000467537,PTPRS,LRFN4,0.911
9606.ENSP00000474253,SETD1B,WDR82,0.999
9606.ENSP00000474253,SETD1B,CXXC1,0.999
9606.ENSP00000474253,SETD1B,DPY30,0.999
9606.ENSP00000474253,SETD1B,RBBP5,0.999
9606.ENSP00000474253,SETD1B,ASH2L,0.999
9606.ENSP00000474253,SETD1B,WDR5,0.999
9606.ENSP00000474253,SETD1B,SETD1A,0.998
9606.ENSP00000474253,SETD1B,HCFC1,0.979
9606.ENSP00000474253,SETD1B,KMT2C,0.976
9606.ENSP00000474253,SETD1B,KMT2B,0.95
9606.ENSP00000474253,SETD1B,H3C12,0.94
9606.ENSP00000474253,SETD1B,H3C13,0.921
9606.ENSP00000478672,RAG2,RAG1,0.999
9606.ENSP00000478672,RAG2,H3C13,0.991
9606.ENSP00000478672,RAG2,H3C12,0.99
9606.ENSP00000478672,RAG2,H3-3B,0.986
9606.ENSP00000478672,RAG2,H3-5,0.986
9606.ENSP00000478672,RAG2,H3-4,0.983
9606.ENSP00000478672,RAG2,H3-2,0.983
9606.ENSP00000478763,SIRPA,PTPN11,0.999
9606.ENSP00000478763,SIRPA,CD47,0.999
9606.ENSP00000478763,SIRPA,CD200,0.983
9606.ENSP00000478763,SIRPA,SIRPG,0.977
9606.ENSP00000478763,SIRPA,TREM2,0.965
9606.ENSP00000478763,SIRPA,PTPN6,0.942
9606.ENSP00000478763,SIRPA,TYROBP,0.941
9606.ENSP00000478763,SIRPA,SYK,0.94
9606.ENSP00000478763,SIRPA,SFTPD,0.939
9606.ENSP00000478763,SIRPA,IGLL5,0.933
9606.ENSP00000478763,SIRPA,IGHV3-43D,0.927
9606.ENSP00000478763,SIRPA,SIRPB1,0.918
9606.ENSP00000479919,SH3GLB1,UVRAG,0.998
9606.ENSP00000479919,SH3GLB1,BECN1,0.995
9606.ENSP00000479919,SH3GLB1,AMBRA1,0.985
9606.ENSP00000479919,SH3GLB1,ATG14,0.947
9606.ENSP00000479919,SH3GLB1,PIK3R4,0.945
9606.ENSP00000479919,SH3GLB1,SH3GLB2,0.936
9606.ENSP00000479919,SH3GLB1,PIK3C3,0.915
9606.ENSP00000481029,PSMC3,PSMC4,0.999
9606.ENSP00000481029,PSMC3,PSMC5,0.999
9606.ENSP00000481029,PSMC3,PSMD11,0.999
9606.ENSP00000481029,PSMC3,PSMD9,0.999
9606.ENSP00000481029,PSMC3,PSMD3,0.999
9606.ENSP00000481029,PSMC3,PSMA2,0.999
9606.ENSP00000481029,PSMC3,USP14,0.999
9606.ENSP00000481029,PSMC3,PSMD4,0.999
9606.ENSP00000481029,PSMC3,PSMC2,0.999
9606.ENSP00000481029,PSMC3,PSMB5,0.999
9606.ENSP00000481029,PSMC3,PSMD6,0.999
9606.ENSP00000481029,PSMC3,PSMB7,0.999
9606.ENSP00000481029,PSMC3,PSMA1,0.999
9606.ENSP00000481029,PSMC3,PSMD7,0.999
9606.ENSP00000481029,PSMC3,PSMB1,0.999
9606.ENSP00000481029,PSMC3,PSMD13,0.999
9606.ENSP00000481029,PSMC3,PSMD5,0.999
9606.ENSP00000481029,PSMC3,PSMA6,0.999
9606.ENSP00000481029,PSMC3,PSMD12,0.999
9606.ENSP00000481029,PSMC3,PSMA4,0.999
9606.ENSP00000481029,PSMC3,PSMA5,0.999
9606.ENSP00000481029,PSMC3,PSMD2,0.999
9606.ENSP00000481029,PSMC3,PSMD10,0.999
9606.ENSP00000481029,PSMC3,PSMC1,0.999
9606.ENSP00000481029,PSMC3,PSMD14,0.999
9606.ENSP00000481029,PSMC3,PSMD1,0.999
9606.ENSP00000481029,PSMC3,PSMB2,0.999
9606.ENSP00000481029,PSMC3,PSMD8,0.999
9606.ENSP00000481029,PSMC3,PSMC6,0.999
9606.ENSP00000481029,PSMC3,PSMB3,0.999
9606.ENSP00000481029,PSMC3,PSMA3,0.999
9606.ENSP00000481029,PSMC3,PSMB4,0.998
9606.ENSP00000481029,PSMC3,UCHL5,0.998
9606.ENSP00000481029,PSMC3,PSMB6,0.998
9606.ENSP00000481029,PSMC3,ADRM1,0.998
9606.ENSP00000481029,PSMC3,PSMA7,0.997
9606.ENSP00000481029,PSMC3,UBQLN4,0.995
9606.ENSP00000481029,PSMC3,DESI1,0.994
9606.ENSP00000481029,PSMC3,PSMA8,0.975
9606.ENSP00000481029,PSMC3,RPS27A,0.975
9606.ENSP00000481029,PSMC3,UBC,0.971
9606.ENSP00000481029,PSMC3,PSMB8,0.966
9606.ENSP00000481029,PSMC3,UBB,0.959
9606.ENSP00000481029,PSMC3,PSMB9,0.956
9606.ENSP00000481029,PSMC3,ECPAS,0.947
9606.ENSP00000481029,PSMC3,UBA52,0.934
9606.ENSP00000481029,PSMC3,PAAF1,0.921
9606.ENSP00000481029,PSMC3,CSF3,0.906
9606.ENSP00000481029,PSMC3,SNCA,0.904
9606.ENSP00000481301,SLC38A3,SLC38A5,0.906
9606.ENSP00000482313,RECQL4,FANCM,0.991
9606.ENSP00000482313,RECQL4,MCM10,0.989
9606.ENSP00000482313,RECQL4,CDC45,0.982
9606.ENSP00000482313,RECQL4,RAD51,0.982
9606.ENSP00000482313,RECQL4,EXO1,0.981
9606.ENSP00000482313,RECQL4,FEN1,0.981
9606.ENSP00000482313,RECQL4,TICRR,0.972
9606.ENSP00000482313,RECQL4,TOP3A,0.962
9606.ENSP00000482313,RECQL4,CHTF18,0.951
9606.ENSP00000482313,RECQL4,TOPBP1,0.948
9606.ENSP00000482313,RECQL4,UBR2,0.94
9606.ENSP00000482313,RECQL4,MUS81,0.934
9606.ENSP00000482313,RECQL4,XRCC6,0.931
9606.ENSP00000482313,RECQL4,TP53BP1,0.929
9606.ENSP00000482313,RECQL4,DNA2,0.921
9606.ENSP00000482313,RECQL4,XPA,0.918
9606.ENSP00000482313,RECQL4,RPA1,0.916
9606.ENSP00000482313,RECQL4,RAD52,0.913
9606.ENSP00000482313,RECQL4,USB1,0.912
9606.ENSP00000482313,RECQL4,TIPIN,0.908
9606.ENSP00000482313,RECQL4,XRCC3,0.905
9606.ENSP00000482313,RECQL4,UBR1,0.904
9606.ENSP00000482486,RAVER1,VCL,0.995
9606.ENSP00000482486,RAVER1,RRM2,0.931
9606.ENSP00000482954,PRLR,PRL,0.999
9606.ENSP00000482954,PRLR,JAK2,0.995
9606.ENSP00000482954,PRLR,GH1,0.993
9606.ENSP00000482954,PRLR,CSH1,0.965
9606.ENSP00000482954,PRLR,CSH2,0.964
9606.ENSP00000482954,PRLR,CISH,0.959
9606.ENSP00000482954,PRLR,STAT5B,0.951
9606.ENSP00000482954,PRLR,STAT5A,0.936
9606.ENSP00000482954,PRLR,ENSP00000497443,0.908
9606.ENSP00000482954,PRLR,EPO,0.902
9606.ENSP00000482954,PRLR,IGHV3-16,0.9
9606.ENSP00000489597,PTPN11,EGFR,0.999
9606.ENSP00000489597,PTPN11,SIRPA,0.999
9606.ENSP00000489597,PTPN11,IRS1,0.999
9606.ENSP00000489597,PTPN11,GAB1,0.999
9606.ENSP00000489597,PTPN11,PDGFRB,0.999
9606.ENSP00000489597,PTPN11,FRS2,0.999
9606.ENSP00000489597,PTPN11,GAB2,0.999
9606.ENSP00000489597,PTPN11,SOS1,0.999
9606.ENSP00000489597,PTPN11,PECAM1,0.999
9606.ENSP00000489597,PTPN11,GRB2,0.999
9606.ENSP00000489597,PTPN11,SRC,0.998
9606.ENSP00000489597,PTPN11,JAK2,0.998
9606.ENSP00000489597,PTPN11,PDCD1,0.998
9606.ENSP00000489597,PTPN11,PTK2,0.997
9606.ENSP00000489597,PTPN11,SHC1,0.997
9606.ENSP00000489597,PTPN11,PIK3R1,0.996
9606.ENSP00000489597,PTPN11,BTLA,0.996
9606.ENSP00000489597,PTPN11,PDGFRA,0.995
9606.ENSP00000489597,PTPN11,S100A8,0.995
9606.ENSP00000489597,PTPN11,JAK1,0.994
9606.ENSP00000489597,PTPN11,SOS2,0.994
9606.ENSP00000489597,PTPN11,FRS3,0.993
9606.ENSP00000489597,PTPN11,CTLA4,0.991
9606.ENSP00000489597,PTPN11,VAV1,0.99
9606.ENSP00000489597,PTPN11,KIT,0.99
9606.ENSP00000489597,PTPN11,MAPK3,0.99
9606.ENSP00000489597,PTPN11,PIK3CA,0.99
9606.ENSP00000489597,PTPN11,FYN,0.988
9606.ENSP00000489597,PTPN11,PRPF19,0.987
9606.ENSP00000489597,PTPN11,ZAP70,0.986
9606.ENSP00000489597,PTPN11,STAT3,0.984
9606.ENSP00000489597,PTPN11,MPIG6B,0.982
9606.ENSP00000489597,PTPN11,PILRA,0.982
9606.ENSP00000489597,PTPN11,CLEC12A,0.981
9606.ENSP00000489597,PTPN11,IL6ST,0.981
9606.ENSP00000489597,PTPN11,INSR,0.98
9606.ENSP00000489597,PTPN11,KIR2DL1,0.975
9606.ENSP00000489597,PTPN11,STAT5A,0.974
9606.ENSP00000489597,PTPN11,TXNIP,0.972
9606.ENSP00000489597,PTPN11,ERBB2,0.971
9606.ENSP00000489597,PTPN11,TYK2,0.964
9606.ENSP00000489597,PTPN11,SYK,0.963
9606.ENSP00000489597,PTPN11,JAK3,0.962
9606.ENSP00000489597,PTPN11,STAT5B,0.962
9606.ENSP00000489597,PTPN11,STAT1,0.961
9606.ENSP00000489597,PTPN11,PIK3R2,0.96
9606.ENSP00000489597,PTPN11,RUNX1,0.96
9606.ENSP00000489597,PTPN11,SLAMF1,0.956
9606.ENSP00000489597,PTPN11,KIR3DL1,0.955
9606.ENSP00000489597,PTPN11,MAPK1,0.955
9606.ENSP00000489597,PTPN11,KLRC1,0.954
9606.ENSP00000489597,PTPN11,MPZL1,0.954
9606.ENSP00000489597,PTPN11,KRAS,0.953
9606.ENSP00000489597,PTPN11,NRAS,0.952
9606.ENSP00000489597,PTPN11,CBL,0.951
9606.ENSP00000489597,PTPN11,PTPN6,0.95
9606.ENSP00000489597,PTPN11,CD274,0.95
9606.ENSP00000489597,PTPN11,KIR2DL3,0.949
9606.ENSP00000489597,PTPN11,VAV3,0.948
9606.ENSP00000489597,PTPN11,LCP2,0.948
9606.ENSP00000489597,PTPN11,TRAF6,0.948
9606.ENSP00000489597,PTPN11,PILRB,0.941
9606.ENSP00000489597,PTPN11,A1BG,0.94
9606.ENSP00000489597,PTPN11,UNC5B,0.939
9606.ENSP00000489597,PTPN11,NTRK2,0.939
9606.ENSP00000489597,PTPN11,LAIR1,0.938
9606.ENSP00000489597,PTPN11,KLRD1,0.937
9606.ENSP00000489597,PTPN11,IGF1R,0.935
9606.ENSP00000489597,PTPN11,PIK3CB,0.934
9606.ENSP00000489597,PTPN11,PLCG2,0.934
9606.ENSP00000489597,PTPN11,PXN,0.934
9606.ENSP00000489597,PTPN11,PIK3R3,0.932
9606.ENSP00000489597,PTPN11,PIK3CD,0.931
9606.ENSP00000489597,PTPN11,MAP2K1,0.928
9606.ENSP00000489597,PTPN11,ERBB4,0.927
9606.ENSP00000489597,PTPN11,PTPN1,0.927
9606.ENSP00000489597,PTPN11,MET,0.927
9606.ENSP00000489597,PTPN11,PRKCQ,0.927
9606.ENSP00000489597,PTPN11,HRAS,0.926
9606.ENSP00000489597,PTPN11,CRKL,0.925
9606.ENSP00000489597,PTPN11,VAV2,0.923
9606.ENSP00000489597,PTPN11,PTPRF,0.922
9606.ENSP00000489597,PTPN11,KDR,0.919
9606.ENSP00000489597,PTPN11,GRAP2,0.913
9606.ENSP00000489597,PTPN11,KIR3DL2,0.913
9606.ENSP00000489597,PTPN11,KIR3DL3,0.91
9606.ENSP00000489597,PTPN11,LEPR,0.91
9606.ENSP00000489597,PTPN11,UNC5A,0.904
9606.ENSP00000489597,PTPN11,CTNNB1,0.902
9606.ENSP00000489597,PTPN11,UNC5C,0.901
9606.ENSP00000489597,PTPN11,UNC5D,0.9
9606.ENSP00000492363,PRICKLE2,VANGL2,0.997
9606.ENSP00000492363,PRICKLE2,VANGL1,0.994
9606.ENSP00000492363,PRICKLE2,DVL1,0.993
9606.ENSP00000492363,PRICKLE2,DVL2,0.971
9606.ENSP00000492363,PRICKLE2,DVL3,0.962
9606.ENSP00000493536,SAMHD1,DCAF1,0.995
9606.ENSP00000493536,SAMHD1,RNASEH2A,0.967
9606.ENSP00000493536,SAMHD1,RNASEH2C,0.964
9606.ENSP00000493536,SAMHD1,RNASEH2B,0.95
9606.ENSP00000493536,SAMHD1,TREX1,0.921
9606.ENSP00000493536,SAMHD1,CCNA2,0.911
9606.ENSP00000493712,RAD51,RAD52,0.999
9606.ENSP00000493712,RAD51,BRCA2,0.999
9606.ENSP00000493712,RAD51,PALB2,0.999
9606.ENSP00000493712,RAD51,TP53,0.999
9606.ENSP00000493712,RAD51,BARD1,0.999
9606.ENSP00000493712,RAD51,BRCA1,0.999
9606.ENSP00000493712,RAD51,ATRX,0.999
9606.ENSP00000493712,RAD51,BLM,0.998
9606.ENSP00000493712,RAD51,FANCD2,0.998
9606.ENSP00000493712,RAD51,XRCC3,0.998
9606.ENSP00000493712,RAD51,CHEK1,0.998
9606.ENSP00000493712,RAD51,RAD54B,0.997
9606.ENSP00000493712,RAD51,EXO1,0.997
9606.ENSP00000493712,RAD51,RPA1,0.996
9606.ENSP00000493712,RAD51,RAD51AP1,0.996
9606.ENSP00000493712,RAD51,RAD51C,0.996
9606.ENSP00000493712,RAD51,ATM,0.995
9606.ENSP00000493712,RAD51,RAD18,0.994
9606.ENSP00000493712,RAD51,WRN,0.993
9606.ENSP00000493712,RAD51,H2AX,0.993
9606.ENSP00000493712,RAD51,RAD54L,0.992
9606.ENSP00000493712,RAD51,MND1,0.992
9606.ENSP00000493712,RAD51,DMC1,0.991
9606.ENSP00000493712,RAD51,MUS81,0.986
9606.ENSP00000493712,RAD51,MRE11,0.984
9606.ENSP00000493712,RAD51,RECQL4,0.982
9606.ENSP00000493712,RAD51,XRCC2,0.981
9606.ENSP00000493712,RAD51,SEM1,0.979
9606.ENSP00000493712,RAD51,DNA2,0.979
9606.ENSP00000493712,RAD51,FSBP,0.978
9606.ENSP00000493712,RAD51,BABAM2,0.975
9606.ENSP00000493712,RAD51,FANCM,0.973
9606.ENSP00000493712,RAD51,SUMO1,0.972
9606.ENSP00000493712,RAD51,BRCC3,0.969
9606.ENSP00000493712,RAD51,TOP3A,0.968
9606.ENSP00000493712,RAD51,MSH4,0.967
9606.ENSP00000493712,RAD51,MDC1,0.965
9606.ENSP00000493712,RAD51,SPO11,0.965
9606.ENSP00000493712,RAD51,FBH1,0.962
9606.ENSP00000493712,RAD51,RAD51D-2,0.959
9606.ENSP00000493712,RAD51,FEN1,0.959
9606.ENSP00000493712,RAD51,ABCD3,0.958
9606.ENSP00000493712,RAD51,RMI1,0.956
9606.ENSP00000493712,RAD51,RPA2,0.955
9606.ENSP00000493712,RAD51,UBE2I,0.955
9606.ENSP00000493712,RAD51,RBBP8,0.954
9606.ENSP00000493712,RAD51,RAD9A,0.951
9606.ENSP00000493712,RAD51,BRIP1,0.951
9606.ENSP00000493712,RAD51,FANCI,0.949
9606.ENSP00000493712,RAD51,RECQL5,0.947
9606.ENSP00000493712,RAD51,MSH2,0.944
9606.ENSP00000493712,RAD51,ATR,0.942
9606.ENSP00000493712,RAD51,BUB1B,0.942
9606.ENSP00000493712,RAD51,TP53BP1,0.94
9606.ENSP00000493712,RAD51,PCNA,0.937
9606.ENSP00000493712,RAD51,FANCA,0.936
9606.ENSP00000493712,RAD51,XRCC6,0.93
9606.ENSP00000493712,RAD51,CHEK2,0.93
9606.ENSP00000493712,RAD51,CDC45,0.927
9606.ENSP00000493712,RAD51,ERCC4,0.927
9606.ENSP00000493712,RAD51,NBN,0.925
9606.ENSP00000493712,RAD51,POLD1,0.921
9606.ENSP00000493712,RAD51,HLTF,0.92
9606.ENSP00000493712,RAD51,ABL1,0.915
9606.ENSP00000493712,RAD51,MSH5,0.915
9606.ENSP00000493712,RAD51,CDK4,0.913
9606.ENSP00000493712,RAD51,ATAD5,0.912
9606.ENSP00000493712,RAD51,PSMC3IP,0.908
9606.ENSP00000493712,RAD51,ERCC1,0.908
9606.ENSP00000493712,RAD51,RAD51B,0.904
9606.ENSP00000493712,RAD51,UBE2C,0.904
9606.ENSP00000493946,RPGRIP1L,NPHP4,0.999
9606.ENSP00000493946,RPGRIP1L,NPHP1,0.999
9606.ENSP00000493946,RPGRIP1L,RPGR,0.982
9606.ENSP00000493946,RPGRIP1L,CEP290,0.981
9606.ENSP00000493946,RPGRIP1L,TMEM67,0.975
9606.ENSP00000493946,RPGRIP1L,CC2D2A,0.973
9606.ENSP00000493946,RPGRIP1L,TMEM216,0.959
9606.ENSP00000493946,RPGRIP1L,AHI1,0.941
9606.ENSP00000493946,RPGRIP1L,NPHP3,0.941
9606.ENSP00000493946,RPGRIP1L,PSMD2,0.916
9606.ENSP00000493946,RPGRIP1L,ARL13B,0.903
9606.ENSP00000494686,SIX1,EYA1,0.997
9606.ENSP00000494686,SIX1,EYA2,0.996
9606.ENSP00000494686,SIX1,DACH1,0.939
9606.ENSP00000494686,SIX1,PAX3,0.925
9606.ENSP00000494686,SIX1,EYA3,0.906
9606.ENSP00000495537,RPGR,RPGRIP1,0.999
9606.ENSP00000495537,RPGR,PDE6D,0.994
9606.ENSP00000495537,RPGR,IQCB1,0.989
9606.ENSP00000495537,RPGR,RPGRIP1L,0.982
9606.ENSP00000495537,RPGR,CEP290,0.981
9606.ENSP00000495537,RPGR,NPHP4,0.966
9606.ENSP00000495537,RPGR,NPHP1,0.948
9606.ENSP00000495537,RPGR,IFT88,0.919
9606.ENSP00000495537,RPGR,ABCA4,0.903
9606.ENSP00000496129,PRKCB,NCF1,0.975
9606.ENSP00000496129,PRKCB,PLCG2,0.973
9606.ENSP00000496129,PRKCB,CARD11,0.972
9606.ENSP00000496129,PRKCB,PRKCD,0.966
9606.ENSP00000496129,PRKCB,PRKCA,0.963
9606.ENSP00000496129,PRKCB,PLCG1,0.952
9606.ENSP00000496129,PRKCB,MAPK3,0.949
9606.ENSP00000496129,PRKCB,LYN,0.947
9606.ENSP00000496129,PRKCB,PRKCG,0.946
9606.ENSP00000496129,PRKCB,MTOR,0.937
9606.ENSP00000496129,PRKCB,ITPR1,0.937
9606.ENSP00000496129,PRKCB,PLCB1,0.935
9606.ENSP00000496129,PRKCB,CACNA1D,0.933
9606.ENSP00000496129,PRKCB,IRS1,0.932
9606.ENSP00000496129,PRKCB,CASP3,0.931
9606.ENSP00000496129,PRKCB,PLCB2,0.931
9606.ENSP00000496129,PRKCB,FOS,0.93
9606.ENSP00000496129,PRKCB,TRPC3,0.929
9606.ENSP00000496129,PRKCB,MAPK1,0.928
9606.ENSP00000496129,PRKCB,NCF4,0.926
9606.ENSP00000496129,PRKCB,RACK1,0.925
9606.ENSP00000496129,PRKCB,PLCB4,0.924
9606.ENSP00000496129,PRKCB,ITPR3,0.923
9606.ENSP00000496129,PRKCB,KRAS,0.923
9606.ENSP00000496129,PRKCB,RRAS2,0.923
9606.ENSP00000496129,PRKCB,NCF2,0.922
9606.ENSP00000496129,PRKCB,CD38,0.922
9606.ENSP00000496129,PRKCB,TYR,0.922
9606.ENSP00000496129,PRKCB,CARD10,0.921
9606.ENSP00000496129,PRKCB,PLCD4,0.921
9606.ENSP00000496129,PRKCB,HRAS,0.919
9606.ENSP00000496129,PRKCB,CACNA1A,0.919
9606.ENSP00000496129,PRKCB,RRAS,0.919
9606.ENSP00000496129,PRKCB,EGLN3,0.919
9606.ENSP00000496129,PRKCB,NRAS,0.918
9606.ENSP00000496129,PRKCB,PLCB3,0.918
9606.ENSP00000496129,PRKCB,PAX8,0.918
9606.ENSP00000496129,PRKCB,ITPR2,0.917
9606.ENSP00000496129,PRKCB,SLC6A3,0.917
9606.ENSP00000496129,PRKCB,KCNN4,0.917
9606.ENSP00000496129,PRKCB,CACNA1C,0.916
9606.ENSP00000496129,PRKCB,CARD14,0.916
9606.ENSP00000496129,PRKCB,PPP2CB,0.915
9606.ENSP00000496129,PRKCB,PRKCQ,0.915
9606.ENSP00000496129,PRKCB,PPP2CA,0.914
9606.ENSP00000496129,PRKCB,EEF2K,0.914
9606.ENSP00000496129,PRKCB,PLCD1,0.912
9606.ENSP00000496129,PRKCB,SLC9A1,0.911
9606.ENSP00000496129,PRKCB,INSR,0.911
9606.ENSP00000496129,PRKCB,PRKD1,0.91
9606.ENSP00000496129,PRKCB,KCNN3,0.91
9606.ENSP00000496129,PRKCB,KCNN1,0.909
9606.ENSP00000496129,PRKCB,SPHK1,0.909
9606.ENSP00000496129,PRKCB,PRKD3,0.909
9606.ENSP00000496129,PRKCB,PLCD3,0.909
9606.ENSP00000496129,PRKCB,BRAF,0.909
9606.ENSP00000496129,PRKCB,PLCE1,0.909
9606.ENSP00000496129,PRKCB,PTK2,0.908
9606.ENSP00000496129,PRKCB,PLCZ1,0.908
9606.ENSP00000496129,PRKCB,SLC9A3R1,0.908
9606.ENSP00000496129,PRKCB,RAF1,0.908
9606.ENSP00000496129,PRKCB,KCNN2,0.907
9606.ENSP00000496129,PRKCB,PRKD2,0.907
9606.ENSP00000496129,PRKCB,MRAS,0.907
9606.ENSP00000496129,PRKCB,PPP2R1A,0.906
9606.ENSP00000496129,PRKCB,EGLN1,0.905
9606.ENSP00000496129,PRKCB,TRPV4,0.905
9606.ENSP00000496129,PRKCB,ARAF,0.904
9606.ENSP00000496129,PRKCB,EZR,0.903
9606.ENSP00000496129,PRKCB,ATP6AP1,0.903
9606.ENSP00000496129,PRKCB,ELK1,0.902
9606.ENSP00000496129,PRKCB,CACNA1F,0.902
9606.ENSP00000496129,PRKCB,EGLN2,0.902
9606.ENSP00000496129,PRKCB,TRPV5,0.902
9606.ENSP00000496129,PRKCB,SPHK2,0.902
9606.ENSP00000496129,PRKCB,CACNA1S,0.902
9606.ENSP00000496129,PRKCB,PLA2G6,0.9
9606.ENSP00000496129,PRKCB,TTF1,0.9
9606.ENSP00000496129,PRKCB,TTF2,0.9
9606.ENSP00000496129,PRKCB,PPP2R1B,0.9
9606.ENSP00000496438,S1PR2,GNA13,0.999
9606.ENSP00000496438,S1PR2,GNAQ,0.998
9606.ENSP00000496438,S1PR2,GNA12,0.992
9606.ENSP00000496438,S1PR2,SPHK1,0.956
9606.ENSP00000496438,S1PR2,GNAI2,0.917
9606.ENSP00000496438,S1PR2,GNAI1,0.911
9606.ENSP00000496438,S1PR2,GNB1,0.91
9606.ENSP00000496438,S1PR2,GNAI3,0.909
9606.ENSP00000496491,SEMA3E,PLXND1,0.999
9606.ENSP00000496491,SEMA3E,NRP1,0.996
9606.ENSP00000496491,SEMA3E,NRP2,0.9
9606.ENSP00000497402,RCC1,RAN,0.999
9606.ENSP00000497402,RCC1,RANGAP1,0.993
9606.ENSP00000497402,RCC1,KPNA4,0.993
9606.ENSP00000497402,RCC1,RANBP1,0.989
9606.ENSP00000497402,RCC1,H2AC20,0.982
9606.ENSP00000497402,RCC1,H2AC18,0.981
9606.ENSP00000497402,RCC1,H2BC21,0.98
9606.ENSP00000497402,RCC1,RANBP3,0.978
9606.ENSP00000497402,RCC1,RANBP2,0.977
9606.ENSP00000497402,RCC1,KPNA3,0.976
9606.ENSP00000497402,RCC1,KPNB1,0.936
9606.ENSP00000497402,RCC1,NTMT1,0.928
9606.ENSP00000497402,RCC1,RABIF,0.928
9606.ENSP00000497402,RCC1,XPO1,0.927
9606.ENSP00000497402,RCC1,KPNA1,0.9
9606.ENSP00000497588,PTP4A1,CNNM2,0.97
9606.ENSP00000497588,PTP4A1,ATF7,0.923
9606.ENSP00000499044,RPS27,RPS29,0.999
9606.ENSP00000499044,RPS27,RPL21,0.999
9606.ENSP00000499044,RPS27,RPL14,0.999
9606.ENSP00000499044,RPS27,RPS26,0.999
9606.ENSP00000499044,RPS27,RPL18A,0.999
9606.ENSP00000499044,RPS27,RPL37,0.999
9606.ENSP00000499044,RPS27,RPL35A,0.999
9606.ENSP00000499044,RPS27,RPL31,0.999
9606.ENSP00000499044,RPS27,RPS11,0.999
9606.ENSP00000499044,RPS27,RPS3,0.999
9606.ENSP00000499044,RPS27,RPS27A,0.999
9606.ENSP00000499044,RPS27,RPS13,0.999
9606.ENSP00000499044,RPS27,RPS3A,0.999
9606.ENSP00000499044,RPS27,RPL32,0.999
9606.ENSP00000499044,RPS27,RPLP0,0.999
9606.ENSP00000499044,RPS27,FAU,0.999
9606.ENSP00000499044,RPS27,RPL29,0.999
9606.ENSP00000499044,RPS27,RPL27,0.999
9606.ENSP00000499044,RPS27,RPL38,0.999
9606.ENSP00000499044,RPS27,RPL13A,0.999
9606.ENSP00000499044,RPS27,RPS23,0.999
9606.ENSP00000499044,RPS27,RPS9,0.999
9606.ENSP00000499044,RPS27,RPS15A,0.999
9606.ENSP00000499044,RPS27,RPL12,0.999
9606.ENSP00000499044,RPS27,RPS14,0.999
9606.ENSP00000499044,RPS27,RPLP2,0.999
9606.ENSP00000499044,RPS27,RPL5,0.999
9606.ENSP00000499044,RPS27,RPS12,0.999
9606.ENSP00000499044,RPS27,RPL19,0.999
9606.ENSP00000499044,RPS27,RPS16,0.999
9606.ENSP00000499044,RPS27,RPL10,0.999
9606.ENSP00000499044,RPS27,RPL34,0.999
9606.ENSP00000499044,RPS27,RPS18,0.999
9606.ENSP00000499044,RPS27,RPL35,0.999
9606.ENSP00000499044,RPS27,RPSA,0.999
9606.ENSP00000499044,RPS27,RACK1,0.999
9606.ENSP00000499044,RPS27,RPL15,0.999
9606.ENSP00000499044,RPS27,RPS19,0.999
9606.ENSP00000499044,RPS27,RPL23,0.999
9606.ENSP00000499044,RPS27,RPL36,0.999
9606.ENSP00000499044,RPS27,RPL6,0.999
9606.ENSP00000499044,RPS27,RPL7A,0.999
9606.ENSP00000499044,RPS27,RPL27A,0.999
9606.ENSP00000499044,RPS27,RPS10,0.999
9606.ENSP00000499044,RPS27,RPL13,0.999
9606.ENSP00000499044,RPS27,RPL9,0.999
9606.ENSP00000499044,RPS27,RPL18,0.999
9606.ENSP00000499044,RPS27,RPS21,0.999
9606.ENSP00000499044,RPS27,RPS24,0.999
9606.ENSP00000499044,RPS27,RPL11,0.999
9606.ENSP00000499044,RPS27,UBA52,0.999
9606.ENSP00000499044,RPS27,RPS6,0.999
9606.ENSP00000499044,RPS27,RPS15,0.999
9606.ENSP00000499044,RPS27,RPS2,0.999
9606.ENSP00000499044,RPS27,RPS8,0.999
9606.ENSP00000499044,RPS27,RPL24,0.999
9606.ENSP00000499044,RPS27,RPL37A,0.999
9606.ENSP00000499044,RPS27,RPS20,0.999
9606.ENSP00000499044,RPS27,RPL8,0.999
9606.ENSP00000499044,RPS27,RPL23A,0.999
9606.ENSP00000499044,RPS27,RPS25,0.999
9606.ENSP00000499044,RPS27,RPS5,0.999
9606.ENSP00000499044,RPS27,RPS28,0.999
9606.ENSP00000499044,RPS27,RPS4X,0.999
9606.ENSP00000499044,RPS27,RPS7,0.999
9606.ENSP00000499044,RPS27,RPL4,0.999
9606.ENSP00000499044,RPS27,RPLP1,0.999
9606.ENSP00000499044,RPS27,RPS17,0.999
9606.ENSP00000499044,RPS27,RPL30,0.999
9606.ENSP00000499044,RPS27,RPL28,0.998
9606.ENSP00000499044,RPS27,RPL22,0.998
9606.ENSP00000499044,RPS27,RPL7,0.998
9606.ENSP00000499044,RPS27,RPL26,0.998
9606.ENSP00000499044,RPS27,RPL10A,0.998
9606.ENSP00000499044,RPS27,RPL36AL,0.997
9606.ENSP00000499044,RPS27,RPL3,0.997
9606.ENSP00000499044,RPS27,RPL39,0.997
9606.ENSP00000499044,RPS27,RPL17,0.996
9606.ENSP00000499044,RPS27,EEF2,0.992
9606.ENSP00000499044,RPS27,EIF2S1,0.99
9606.ENSP00000499044,RPS27,IMP3,0.989
9606.ENSP00000499044,RPS27,RPL26L1,0.989
9606.ENSP00000499044,RPS27,RPL36A,0.988
9606.ENSP00000499044,RPS27,RPS4Y1,0.986
9606.ENSP00000499044,RPS27,EIF3C,0.985
9606.ENSP00000499044,RPS27,EIF3D,0.984
9606.ENSP00000499044,RPS27,RPL17-C18orf32,0.984
9606.ENSP00000499044,RPS27,EIF2S2,0.983
9606.ENSP00000499044,RPS27,RPS10-NUDT3,0.983
9606.ENSP00000499044,RPS27,SNU13,0.982
9606.ENSP00000499044,RPS27,RPL10L,0.981
9606.ENSP00000499044,RPS27,BYSL,0.981
9606.ENSP00000499044,RPS27,BMS1,0.979
9606.ENSP00000499044,RPS27,NOC4L,0.979
9606.ENSP00000499044,RPS27,EEF1A1,0.979
9606.ENSP00000499044,RPS27,EIF1,0.978
9606.ENSP00000499044,RPS27,HEATR1,0.978
9606.ENSP00000499044,RPS27,NOP56,0.978
9606.ENSP00000499044,RPS27,EMG1,0.977
9606.ENSP00000499044,RPS27,RRP7A,0.977
9606.ENSP00000499044,RPS27,NOL6,0.976
9606.ENSP00000499044,RPS27,EIF3A,0.976
9606.ENSP00000499044,RPS27,NOP58,0.976
9606.ENSP00000499044,RPS27,DCAF13,0.976
9606.ENSP00000499044,RPS27,EIF3E,0.975
9606.ENSP00000499044,RPS27,KRR1,0.975
9606.ENSP00000499044,RPS27,H3BNC9_HUMAN,0.975
9606.ENSP00000499044,RPS27,UTP6,0.975
9606.ENSP00000499044,RPS27,UTP3,0.974
9606.ENSP00000499044,RPS27,SERBP1,0.974
9606.ENSP00000499044,RPS27,WDR43,0.973
9606.ENSP00000499044,RPS27,RCL1,0.973
9606.ENSP00000499044,RPS27,UTP4,0.973
9606.ENSP00000499044,RPS27,FCF1,0.972
9606.ENSP00000499044,RPS27,UTP11,0.972
9606.ENSP00000499044,RPS27,UTP18,0.971
9606.ENSP00000499044,RPS27,MPHOSPH10,0.971
9606.ENSP00000499044,RPS27,UTP20,0.971
9606.ENSP00000499044,RPS27,WDR46,0.971
9606.ENSP00000499044,RPS27,IMP4,0.97
9606.ENSP00000499044,RPS27,WDR36,0.97
9606.ENSP00000499044,RPS27,RRP9,0.97
9606.ENSP00000499044,RPS27,UTP15,0.97
9606.ENSP00000499044,RPS27,WDR3,0.969
9606.ENSP00000499044,RPS27,TBL3,0.969
9606.ENSP00000499044,RPS27,WDR75,0.969
9606.ENSP00000499044,RPS27,EIF2S3,0.969
9606.ENSP00000499044,RPS27,AATF,0.966
9606.ENSP00000499044,RPS27,EIF5B,0.966
9606.ENSP00000499044,RPS27,EIF3B,0.96
9606.ENSP00000499044,RPS27,PNO1,0.96
9606.ENSP00000499044,RPS27,NAT10,0.958
9606.ENSP00000499044,RPS27,EIF3I,0.956
9606.ENSP00000499044,RPS27,EIF5A,0.956
9606.ENSP00000499044,RPS27,FBL,0.956
9606.ENSP00000499044,RPS27,EIF1AX,0.955
9606.ENSP00000499044,RPS27,NOL10,0.955
9606.ENSP00000499044,RPS27,DNTTIP2,0.955
9606.ENSP00000499044,RPS27,UTP14A,0.955
9606.ENSP00000499044,RPS27,ABCE1,0.954
9606.ENSP00000499044,RPS27,RPL22L1,0.954
9606.ENSP00000499044,RPS27,LTV1,0.952
9606.ENSP00000499044,RPS27,PWP2,0.951
9606.ENSP00000499044,RPS27,EIF3K,0.95
9606.ENSP00000499044,RPS27,EEFSEC,0.95
9606.ENSP00000499044,RPS27,RIOK2,0.947
9606.ENSP00000499044,RPS27,RPL39L,0.945
9606.ENSP00000499044,RPS27,NOB1,0.943
9606.ENSP00000499044,RPS27,TSR1,0.943
9606.ENSP00000499044,RPS27,CD74,0.937
9606.ENSP00000499044,RPS27,EIF3F,0.936
9606.ENSP00000499044,RPS27,FLT3LG,0.934
9606.ENSP00000499044,RPS27,TPT1,0.931
9606.ENSP00000499044,RPS27,RPL7L1,0.931
9606.ENSP00000499044,RPS27,MED1,0.93
9606.ENSP00000499044,RPS27,EIF3G,0.929
9606.ENSP00000499044,RPS27,BUD23,0.927
9606.ENSP00000499044,RPS27,EIF3L,0.926
9606.ENSP00000499044,RPS27,RPS4Y2,0.926
9606.ENSP00000499044,RPS27,EIF5,0.926
9606.ENSP00000499044,RPS27,EIF3H,0.925
9606.ENSP00000499044,RPS27,DENR,0.924
9606.ENSP00000499044,RPS27,MRPS11,0.924
9606.ENSP00000499044,RPS27,GSPT1,0.921
9606.ENSP00000499044,RPS27,FANCE,0.92
9606.ENSP00000499044,RPS27,IFI35,0.92
9606.ENSP00000499044,RPS27,RPS27L,0.92
9606.ENSP00000499044,RPS27,MRPS12,0.919
9606.ENSP00000499044,RPS27,EIF3M,0.918
9606.ENSP00000499044,RPS27,MRPS10,0.917
9606.ENSP00000499044,RPS27,SEC61B,0.917
9606.ENSP00000499044,RPS27,HBA1,0.914
9606.ENSP00000499044,RPS27,WDR31,0.914
9606.ENSP00000499044,RPS27,RSAD1,0.914
9606.ENSP00000499044,RPS27,EIF3J,0.913
9606.ENSP00000499044,RPS27,ETF1,0.913
9606.ENSP00000499044,RPS27,HBA2,0.912
9606.ENSP00000499044,RPS27,EDF1,0.91
9606.ENSP00000499044,RPS27,MRPS5,0.909
9606.ENSP00000499044,RPS27,RIOK1,0.907
9606.ENSP00000499044,RPS27,AKNAD1,0.905
9606.ENSP00000499044,RPS27,MRNIP,0.902
9606.ENSP00000499387,SDF4,S100B,0.936
9606.ENSP00000499569,SCN11A,SCN4B,0.953
9606.ENSP00000499569,SCN11A,GPKOW,0.925
9606.ENSP00000499569,SCN11A,SCN1B,0.907
9606.ENSP00000501317,RFX7,RFXANK,0.978
9606.ENSP00000501317,RFX7,ANKRA2,0.973
9606.ENSP00000003302,USP28,TP53BP1,0.998
9606.ENSP00000003302,USP28,UBC,0.991
9606.ENSP00000003302,USP28,MYC,0.966
9606.ENSP00000003302,USP28,FBXW7,0.966
9606.ENSP00000003302,USP28,UBA52,0.951
9606.ENSP00000003302,USP28,RPS27A,0.932
9606.ENSP00000003302,USP28,UBB,0.93
9606.ENSP00000003302,USP28,CLSPN,0.9
9606.ENSP00000053243,TNFRSF17,TNFSF13B,0.999
9606.ENSP00000053243,TNFRSF17,MZB1,0.999
9606.ENSP00000053243,TNFRSF17,TNFSF13,0.997
9606.ENSP00000053243,TNFRSF17,TNFRSF13B,0.975
9606.ENSP00000053243,TNFRSF17,TNFRSF13C,0.944
9606.ENSP00000061240,TLL1,CHRD,0.937
9606.ENSP00000166345,TRIP13,MAD2L1BP,0.997
9606.ENSP00000166345,TRIP13,CDC20,0.996
9606.ENSP00000166345,TRIP13,MAD2L1,0.994
9606.ENSP00000166345,TRIP13,MAD2L2,0.98
9606.ENSP00000166345,TRIP13,BUB1B,0.928
9606.ENSP00000166345,TRIP13,SHLD3,0.917
9606.ENSP00000166345,TRIP13,KIF20A,0.913
9606.ENSP00000166345,TRIP13,CYC1,0.912
9606.ENSP00000166345,TRIP13,MELK,0.906
9606.ENSP00000169298,ST6GAL1,B4GALT1,0.99
9606.ENSP00000169298,ST6GAL1,B4GALT2,0.952
9606.ENSP00000169298,ST6GAL1,B4GALT3,0.945
9606.ENSP00000169298,ST6GAL1,ST6GAL2,0.913
9606.ENSP00000173898,TRO,TROAP,0.999
9606.ENSP00000173898,TRO,BYSL,0.999
9606.ENSP00000179259,TIGAR,TP53,0.981
9606.ENSP00000179259,TIGAR,PFKM,0.979
9606.ENSP00000179259,TIGAR,HK2,0.975
9606.ENSP00000179259,TIGAR,PFKFB3,0.972
9606.ENSP00000179259,TIGAR,PFKFB2,0.969
9606.ENSP00000179259,TIGAR,PFKFB4,0.968
9606.ENSP00000179259,TIGAR,PFKFB1,0.964
9606.ENSP00000179259,TIGAR,FBP2,0.959
9606.ENSP00000179259,TIGAR,PFKP,0.958
9606.ENSP00000179259,TIGAR,PFKL,0.957
9606.ENSP00000179259,TIGAR,FBP1,0.945
9606.ENSP00000179259,TIGAR,MPI,0.906
9606.ENSP00000201586,SULT2B1,CYP7A1,0.954
9606.ENSP00000201586,SULT2B1,HSD3B1,0.949
9606.ENSP00000201586,SULT2B1,HSD3B2,0.942
9606.ENSP00000201586,SULT2B1,STS,0.94
9606.ENSP00000201586,SULT2B1,AKR1C3,0.935
9606.ENSP00000201586,SULT2B1,CYP3A7,0.934
9606.ENSP00000201586,SULT2B1,CYP7B1,0.934
9606.ENSP00000201586,SULT2B1,ENSP00000480571,0.932
9606.ENSP00000201586,SULT2B1,CYP3A5,0.932
9606.ENSP00000201586,SULT2B1,CYP17A1,0.931
9606.ENSP00000201586,SULT2B1,CYP11A1,0.931
9606.ENSP00000201586,SULT2B1,CYP1A1,0.926
9606.ENSP00000201586,SULT2B1,CYP3A4,0.923
9606.ENSP00000201586,SULT2B1,CYP1A2,0.923
9606.ENSP00000201586,SULT2B1,CYP2E1,0.919
9606.ENSP00000201586,SULT2B1,CYP21A2,0.915
9606.ENSP00000204517,TFAP4,CDKN1A,0.919
9606.ENSP00000206765,TGM1,IVL,0.989
9606.ENSP00000206765,TGM1,NIPAL4,0.959
9606.ENSP00000206765,TGM1,ABCA12,0.952
9606.ENSP00000206765,TGM1,SPRR1B,0.939
9606.ENSP00000206765,TGM1,LOR,0.933
9606.ENSP00000206765,TGM1,CYP4F22,0.919
9606.ENSP00000206765,TGM1,FLG,0.907
9606.ENSP00000206765,TGM1,ALOX12B,0.907
9606.ENSP00000212355,TGFBR3,TGFB1,0.997
9606.ENSP00000212355,TGFBR3,TGFB2,0.996
9606.ENSP00000212355,TGFBR3,TGFB3,0.993
9606.ENSP00000212355,TGFBR3,TGFBR2,0.986
9606.ENSP00000212355,TGFBR3,TGFBR1,0.977
9606.ENSP00000212355,TGFBR3,ACVR2A,0.957
9606.ENSP00000212355,TGFBR3,INHA,0.904
9606.ENSP00000215829,SNRPD3,PRPF3,0.999
9606.ENSP00000215829,SNRPD3,SNRPG,0.999
9606.ENSP00000215829,SNRPD3,LSM6,0.999
9606.ENSP00000215829,SNRPD3,LSM7,0.999
9606.ENSP00000215829,SNRPD3,LSM5,0.999
9606.ENSP00000215829,SNRPD3,SF3A2,0.999
9606.ENSP00000215829,SNRPD3,PRPF8,0.999
9606.ENSP00000215829,SNRPD3,LSM4,0.999
9606.ENSP00000215829,SNRPD3,CRNKL1,0.999
9606.ENSP00000215829,SNRPD3,SNRPA1,0.999
9606.ENSP00000215829,SNRPD3,LSM8,0.999
9606.ENSP00000215829,SNRPD3,CDC40,0.999
9606.ENSP00000215829,SNRPD3,EFTUD2,0.999
9606.ENSP00000215829,SNRPD3,LSM2,0.999
9606.ENSP00000215829,SNRPD3,PRPF19,0.999
9606.ENSP00000215829,SNRPD3,SNRPD1,0.999
9606.ENSP00000215829,SNRPD3,SNRPD2,0.999
9606.ENSP00000215829,SNRPD3,SNRPN,0.999
9606.ENSP00000215829,SNRPD3,SNRNP200,0.999
9606.ENSP00000215829,SNRPD3,SNRPA,0.999
9606.ENSP00000215829,SNRPD3,SNRPF,0.999
9606.ENSP00000215829,SNRPD3,LSM3,0.999
9606.ENSP00000215829,SNRPD3,LSM10,0.999
9606.ENSP00000215829,SNRPD3,BUD31,0.999
9606.ENSP00000215829,SNRPD3,SNRPC,0.999
9606.ENSP00000215829,SNRPD3,SNRNP70,0.999
9606.ENSP00000215829,SNRPD3,SNRPB,0.999
9606.ENSP00000215829,SNRPD3,SNRPE,0.999
9606.ENSP00000215829,SNRPD3,PRPF6,0.999
9606.ENSP00000215829,SNRPD3,CDC5L,0.999
9606.ENSP00000215829,SNRPD3,SNRPB2,0.999
9606.ENSP00000215829,SNRPD3,SF3B5,0.998
9606.ENSP00000215829,SNRPD3,SNU13,0.998
9606.ENSP00000215829,SNRPD3,TXNL4A,0.998
9606.ENSP00000215829,SNRPD3,SF3A3,0.998
9606.ENSP00000215829,SNRPD3,SF3B3,0.998
9606.ENSP00000215829,SNRPD3,PRPF4,0.998
9606.ENSP00000215829,SNRPD3,PRPF31,0.998
9606.ENSP00000215829,SNRPD3,SF3B2,0.998
9606.ENSP00000215829,SNRPD3,SNW1,0.998
9606.ENSP00000215829,SNRPD3,XAB2,0.998
9606.ENSP00000215829,SNRPD3,SART1,0.998
9606.ENSP00000215829,SNRPD3,MFAP1,0.997
9606.ENSP00000215829,SNRPD3,ZMAT2,0.997
9606.ENSP00000215829,SNRPD3,CLNS1A,0.997
9606.ENSP00000215829,SNRPD3,PLRG1,0.997
9606.ENSP00000215829,SNRPD3,CWC15,0.997
9606.ENSP00000215829,SNRPD3,RBM22,0.997
9606.ENSP00000215829,SNRPD3,AQR,0.997
9606.ENSP00000215829,SNRPD3,DDX23,0.996
9606.ENSP00000215829,SNRPD3,SF3B1,0.996
9606.ENSP00000215829,SNRPD3,WDR77,0.996
9606.ENSP00000215829,SNRPD3,PRMT5,0.996
9606.ENSP00000215829,SNRPD3,SF3A1,0.995
9606.ENSP00000215829,SNRPD3,SF3B4,0.995
9606.ENSP00000215829,SNRPD3,PHF5A,0.995
9606.ENSP00000215829,SNRPD3,SNRNP40,0.993
9606.ENSP00000215829,SNRPD3,BCAS2,0.992
9606.ENSP00000215829,SNRPD3,SMU1,0.992
9606.ENSP00000215829,SNRPD3,DHX8,0.992
9606.ENSP00000215829,SNRPD3,CWC27,0.991
9606.ENSP00000215829,SNRPD3,SNIP1,0.991
9606.ENSP00000215829,SNRPD3,SYF2,0.991
9606.ENSP00000215829,SNRPD3,SRRM2,0.991
9606.ENSP00000215829,SNRPD3,CWC22,0.99
9606.ENSP00000215829,SNRPD3,SF3B6,0.99
9606.ENSP00000215829,SNRPD3,DHX16,0.99
9606.ENSP00000215829,SNRPD3,DHX15,0.99
9606.ENSP00000215829,SNRPD3,PPIL1,0.99
9606.ENSP00000215829,SNRPD3,RNF113A,0.989
9606.ENSP00000215829,SNRPD3,MAGOHB,0.989
9606.ENSP00000215829,SNRPD3,PPIE,0.989
9606.ENSP00000215829,SNRPD3,RBMX2,0.988
9606.ENSP00000215829,SNRPD3,BUD13,0.988
9606.ENSP00000215829,SNRPD3,NCBP1,0.986
9606.ENSP00000215829,SNRPD3,PRPF38A,0.986
9606.ENSP00000215829,SNRPD3,WBP4,0.985
9606.ENSP00000215829,SNRPD3,NCBP2,0.984
9606.ENSP00000215829,SNRPD3,IK,0.983
9606.ENSP00000215829,SNRPD3,RNPC3,0.982
9606.ENSP00000215829,SNRPD3,ERH,0.982
9606.ENSP00000215829,SNRPD3,SMN1,0.981
9606.ENSP00000215829,SNRPD3,USP39,0.98
9606.ENSP00000215829,SNRPD3,SNRNP35,0.978
9606.ENSP00000215829,SNRPD3,ZMAT5,0.972
9606.ENSP00000215829,SNRPD3,PPIH,0.972
9606.ENSP00000215829,SNRPD3,GEMIN5,0.972
9606.ENSP00000215829,SNRPD3,LSM11,0.971
9606.ENSP00000215829,SNRPD3,GEMIN6,0.97
9606.ENSP00000215829,SNRPD3,DDX46,0.964
9606.ENSP00000215829,SNRPD3,MAGOH,0.963
9606.ENSP00000215829,SNRPD3,EIF4A3,0.963
9606.ENSP00000215829,SNRPD3,GEMIN2,0.963
9606.ENSP00000215829,SNRPD3,SRSF1,0.962
9606.ENSP00000215829,SNRPD3,DDX20,0.955
9606.ENSP00000215829,SNRPD3,STRAP,0.955
9606.ENSP00000215829,SNRPD3,GEMIN7,0.953
9606.ENSP00000215829,SNRPD3,PRMT1,0.951
9606.ENSP00000215829,SNRPD3,SMN2,0.951
9606.ENSP00000215829,SNRPD3,SNRNP27,0.948
9606.ENSP00000215829,SNRPD3,ZRSR2,0.946
9606.ENSP00000215829,SNRPD3,GEMIN8,0.942
9606.ENSP00000215829,SNRPD3,HNRNPC,0.94
9606.ENSP00000215829,SNRPD3,GEMIN4,0.938
9606.ENSP00000215829,SNRPD3,LUC7L,0.936
9606.ENSP00000215829,SNRPD3,DDX39B,0.929
9606.ENSP00000215829,SNRPD3,DHX38,0.926
9606.ENSP00000215829,SNRPD3,YBX1,0.925
9606.ENSP00000215829,SNRPD3,RBM42,0.924
9606.ENSP00000215829,SNRPD3,YJU2,0.924
9606.ENSP00000215829,SNRPD3,TXNL4B,0.922
9606.ENSP00000215829,SNRPD3,ARMC7,0.922
9606.ENSP00000215829,SNRPD3,HTATSF1,0.917
9606.ENSP00000215829,SNRPD3,LUC7L2,0.913
9606.ENSP00000215829,SNRPD3,SNRNP48,0.912
9606.ENSP00000215829,SNRPD3,CWC25,0.909
9606.ENSP00000215829,SNRPD3,SLU7,0.905
9606.ENSP00000215829,SNRPD3,CWF19L2,0.905
9606.ENSP00000215829,SNRPD3,NHP2,0.904
9606.ENSP00000215829,SNRPD3,CTNNBL1,0.901
9606.ENSP00000216037,XBP1,ATF6,0.998
9606.ENSP00000216037,XBP1,ERN1,0.997
9606.ENSP00000216037,XBP1,DDIT3,0.988
9606.ENSP00000216037,XBP1,HIF1A,0.988
9606.ENSP00000216037,XBP1,HSPA5,0.98
9606.ENSP00000216037,XBP1,EDEM1,0.976
9606.ENSP00000216037,XBP1,DNAJB9,0.952
9606.ENSP00000216037,XBP1,DNAJC3,0.951
9606.ENSP00000216037,XBP1,HYOU1,0.938
9606.ENSP00000216037,XBP1,TBP,0.938
9606.ENSP00000216037,XBP1,PIK3R2,0.936
9606.ENSP00000216037,XBP1,ATF4,0.917
9606.ENSP00000216037,XBP1,SEC61B,0.915
9606.ENSP00000216037,XBP1,TBPL2,0.914
9606.ENSP00000216037,XBP1,SEC61A1,0.912
9606.ENSP00000216037,XBP1,TBPL1,0.912
9606.ENSP00000216037,XBP1,EIF2AK3,0.909
9606.ENSP00000216037,XBP1,ATF6B,0.904
9606.ENSP00000218089,STAG2,SMC3,0.999
9606.ENSP00000218089,STAG2,RAD21,0.999
9606.ENSP00000218089,STAG2,PDS5A,0.999
9606.ENSP00000218089,STAG2,SMC1A,0.999
9606.ENSP00000218089,STAG2,WAPL,0.997
9606.ENSP00000218089,STAG2,SMC1B,0.997
9606.ENSP00000218089,STAG2,PDS5B,0.996
9606.ENSP00000218089,STAG2,STAG1,0.996
9606.ENSP00000218089,STAG2,REC8,0.993
9606.ENSP00000218089,STAG2,ESPL1,0.987
9606.ENSP00000218089,STAG2,CTCF,0.983
9606.ENSP00000218089,STAG2,NIPBL,0.982
9606.ENSP00000218089,STAG2,SGO2,0.981
9606.ENSP00000218089,STAG2,RAD21L1,0.978
9606.ENSP00000218089,STAG2,CDCA5,0.977
9606.ENSP00000218089,STAG2,STAG3,0.958
9606.ENSP00000218089,STAG2,SGO1,0.951
9606.ENSP00000219476,TSC2,TBC1D7,0.999
9606.ENSP00000219476,TSC2,TSC1,0.999
9606.ENSP00000219476,TSC2,RHEB,0.999
9606.ENSP00000219476,TSC2,DDIT4,0.991
9606.ENSP00000219476,TSC2,GSK3B,0.99
9606.ENSP00000219476,TSC2,MTOR,0.99
9606.ENSP00000219476,TSC2,AKT1,0.99
9606.ENSP00000219476,TSC2,RPS6KA1,0.988
9606.ENSP00000219476,TSC2,USP6,0.984
9606.ENSP00000219476,TSC2,UBE3A,0.981
9606.ENSP00000219476,TSC2,PRKAA1,0.978
9606.ENSP00000219476,TSC2,AKT2,0.969
9606.ENSP00000219476,TSC2,AKT3,0.968
9606.ENSP00000219476,TSC2,RPTOR,0.966
9606.ENSP00000219476,TSC2,YWHAB,0.962
9606.ENSP00000219476,TSC2,PRKAB1,0.96
9606.ENSP00000219476,TSC2,RPS6KA3,0.96
9606.ENSP00000219476,TSC2,MAPK3,0.96
9606.ENSP00000219476,TSC2,RPS6KA2,0.96
9606.ENSP00000219476,TSC2,YWHAZ,0.952
9606.ENSP00000219476,TSC2,RPS6KB1,0.952
9606.ENSP00000219476,TSC2,MAPK1,0.952
9606.ENSP00000219476,TSC2,PKD1,0.951
9606.ENSP00000219476,TSC2,IKBKB,0.95
9606.ENSP00000219476,TSC2,PRKAA2,0.938
9606.ENSP00000219476,TSC2,PRKAB2,0.937
9606.ENSP00000219476,TSC2,PRKAG1,0.936
9606.ENSP00000219476,TSC2,RRAGA,0.934
9606.ENSP00000219476,TSC2,PRKAG2,0.932
9606.ENSP00000219476,TSC2,RASA1,0.928
9606.ENSP00000219476,TSC2,PRKAG3,0.927
9606.ENSP00000219476,TSC2,MLST8,0.915
9606.ENSP00000219476,TSC2,RPS6KA6,0.915
9606.ENSP00000219476,TSC2,RRAGD,0.912
9606.ENSP00000219476,TSC2,RPS6,0.908
9606.ENSP00000219476,TSC2,RICTOR,0.908
9606.ENSP00000219476,TSC2,FBXW5,0.908
9606.ENSP00000219476,TSC2,RPS6KB2,0.908
9606.ENSP00000219476,TSC2,RRAGB,0.902
9606.ENSP00000219548,STUB1,HSPA8,0.999
9606.ENSP00000219548,STUB1,UBE2D1,0.999
9606.ENSP00000219548,STUB1,HSP90AA1,0.999
9606.ENSP00000219548,STUB1,HSP90AB1,0.999
9606.ENSP00000219548,STUB1,HSPA4,0.999
9606.ENSP00000219548,STUB1,BAG3,0.999
9606.ENSP00000219548,STUB1,UBE2N,0.999
9606.ENSP00000219548,STUB1,BAG2,0.997
9606.ENSP00000219548,STUB1,UBE2V1,0.996
9606.ENSP00000219548,STUB1,UBE2D3,0.996
9606.ENSP00000219548,STUB1,HSPB8,0.993
9606.ENSP00000219548,STUB1,UBE2D2,0.986
9606.ENSP00000219548,STUB1,ATXN3,0.983
9606.ENSP00000219548,STUB1,ERBB2,0.982
9606.ENSP00000219548,STUB1,DNAJB1,0.979
9606.ENSP00000219548,STUB1,SMAD3,0.979
9606.ENSP00000219548,STUB1,HSPA1B,0.979
9606.ENSP00000219548,STUB1,CFTR,0.97
9606.ENSP00000219548,STUB1,TP53,0.968
9606.ENSP00000219548,STUB1,BAG1,0.963
9606.ENSP00000219548,STUB1,HSPBP1,0.962
9606.ENSP00000219548,STUB1,PRKN,0.946
9606.ENSP00000219548,STUB1,MAPT,0.944
9606.ENSP00000219548,STUB1,ESR1,0.936
9606.ENSP00000219548,STUB1,UBE4A,0.934
9606.ENSP00000219548,STUB1,AR,0.931
9606.ENSP00000219548,STUB1,EGFR,0.93
9606.ENSP00000219548,STUB1,UBE4B,0.92
9606.ENSP00000219548,STUB1,DNAJB6,0.92
9606.ENSP00000219548,STUB1,BAG5,0.919
9606.ENSP00000219548,STUB1,UBE2W,0.917
9606.ENSP00000219548,STUB1,UBE2S,0.909
9606.ENSP00000219548,STUB1,DNAJA1,0.908
9606.ENSP00000219548,STUB1,PTEN,0.904
9606.ENSP00000219548,STUB1,RNF5,0.903
9606.ENSP00000219548,STUB1,HSPA2,0.901
9606.ENSP00000220616,TG,TPO,0.985
9606.ENSP00000220616,TG,MB,0.972
9606.ENSP00000220616,TG,TSHR,0.972
9606.ENSP00000220616,TG,SLC5A5,0.97
9606.ENSP00000220616,TG,LRP2,0.966
9606.ENSP00000220616,TG,ASGR1,0.949
9606.ENSP00000220616,TG,PAX8,0.933
9606.ENSP00000220616,TG,NKX2-1,0.923
9606.ENSP00000220616,TG,ALB,0.912
9606.ENSP00000220616,TG,ASGR2,0.902
9606.ENSP00000221132,TNFRSF10A,TNFSF10,0.999
9606.ENSP00000221132,TNFRSF10A,FADD,0.999
9606.ENSP00000221132,TNFRSF10A,FASLG,0.998
9606.ENSP00000221132,TNFRSF10A,TNFRSF25,0.998
9606.ENSP00000221132,TNFRSF10A,TNFRSF10B,0.998
9606.ENSP00000221132,TNFRSF10A,CASP8,0.997
9606.ENSP00000221132,TNFRSF10A,TNF,0.997
9606.ENSP00000221132,TNFRSF10A,TRADD,0.995
9606.ENSP00000221132,TNFRSF10A,CFLAR,0.99
9606.ENSP00000221132,TNFRSF10A,RIPK1,0.971
9606.ENSP00000221132,TNFRSF10A,FAS,0.964
9606.ENSP00000221132,TNFRSF10A,HLA-DQA1,0.954
9606.ENSP00000221132,TNFRSF10A,CASP10,0.948
9606.ENSP00000221132,TNFRSF10A,TNFRSF10D,0.946
9606.ENSP00000221132,TNFRSF10A,TNFRSF1A,0.918
9606.ENSP00000222284,TMEM147,NCLN,0.998
9606.ENSP00000222284,TMEM147,NOMO2,0.986
9606.ENSP00000222284,TMEM147,CCDC47,0.925
9606.ENSP00000222284,TMEM147,TMCO1,0.925
9606.ENSP00000222990,SNX8,MSH3,0.994
9606.ENSP00000223273,YAE1,LTO1,0.948
9606.ENSP00000223273,YAE1,ABCE1,0.913
9606.ENSP00000223795,TNFSF8,TNFRSF8,0.999
9606.ENSP00000223795,TNFSF8,TNFRSF4,0.932
9606.ENSP00000223795,TNFSF8,CD27,0.927
9606.ENSP00000226796,GAR1,NHP2,0.999
9606.ENSP00000226796,GAR1,NOP10,0.999
9606.ENSP00000226796,GAR1,DKC1,0.999
9606.ENSP00000226796,GAR1,WRAP53,0.998
9606.ENSP00000226796,GAR1,SHQ1,0.995
9606.ENSP00000226796,GAR1,FBL,0.994
9606.ENSP00000226796,GAR1,NOP58,0.985
9606.ENSP00000226796,GAR1,NOP56,0.983
9606.ENSP00000226796,GAR1,TERT,0.971
9606.ENSP00000226796,GAR1,FBLL1,0.969
9606.ENSP00000226796,GAR1,SNU13,0.965
9606.ENSP00000226796,GAR1,TRUB1,0.929
9606.ENSP00000226796,GAR1,NAF1,0.926
9606.ENSP00000226796,GAR1,NVL,0.917
9606.ENSP00000226796,GAR1,NOLC1,0.915
9606.ENSP00000226796,GAR1,GNL3L,0.911
9606.ENSP00000226796,GAR1,POLR1A,0.91
9606.ENSP00000226796,GAR1,NAT10,0.909
9606.ENSP00000226796,GAR1,TRUB2,0.907
9606.ENSP00000226796,GAR1,TEP1,0.907
9606.ENSP00000226796,GAR1,PTGES3,0.902
9606.ENSP00000227163,SPI1,IRF8,0.999
9606.ENSP00000227163,SPI1,IRF4,0.998
9606.ENSP00000227163,SPI1,GATA1,0.996
9606.ENSP00000227163,SPI1,GATA2,0.993
9606.ENSP00000227163,SPI1,JUN,0.993
9606.ENSP00000227163,SPI1,RUNX1,0.993
9606.ENSP00000227163,SPI1,CSF1R,0.992
9606.ENSP00000227163,SPI1,CEBPA,0.99
9606.ENSP00000227163,SPI1,RARA,0.978
9606.ENSP00000227163,SPI1,ITGAM,0.977
9606.ENSP00000227163,SPI1,FOS,0.975
9606.ENSP00000227163,SPI1,IRF1,0.974
9606.ENSP00000227163,SPI1,MITF,0.968
9606.ENSP00000227163,SPI1,FLT3,0.965
9606.ENSP00000227163,SPI1,FCGR1A,0.949
9606.ENSP00000227163,SPI1,EP300,0.946
9606.ENSP00000227163,SPI1,TAL1,0.943
9606.ENSP00000227163,SPI1,DNMT3A,0.939
9606.ENSP00000227163,SPI1,PML,0.938
9606.ENSP00000227163,SPI1,CD14,0.935
9606.ENSP00000227163,SPI1,TYROBP,0.933
9606.ENSP00000227163,SPI1,RUNX1T1,0.932
9606.ENSP00000227163,SPI1,MYB,0.932
9606.ENSP00000227163,SPI1,ITGB2,0.931
9606.ENSP00000227163,SPI1,TET2,0.919
9606.ENSP00000227163,SPI1,CSF3R,0.918
9606.ENSP00000228251,YBX3,TJP1,0.998
9606.ENSP00000228251,YBX3,DCN,0.991
9606.ENSP00000228251,YBX3,CDK4,0.964
9606.ENSP00000228251,YBX3,CCND1,0.961
9606.ENSP00000228251,YBX3,SYMPK,0.938
9606.ENSP00000228251,YBX3,YBX1,0.917
9606.ENSP00000229268,USP5,UBC,0.999
9606.ENSP00000229268,USP5,RPS27A,0.986
9606.ENSP00000229268,USP5,UBB,0.984
9606.ENSP00000229268,USP5,UBA52,0.97
9606.ENSP00000229390,SRSF9,TRA2B,0.995
9606.ENSP00000229390,SRSF9,SRSF7,0.99
9606.ENSP00000229390,SRSF9,SRSF1,0.984
9606.ENSP00000229390,SRSF9,SRSF2,0.98
9606.ENSP00000229390,SRSF9,SRPK1,0.977
9606.ENSP00000229390,SRSF9,SRSF3,0.968
9606.ENSP00000229390,SRSF9,U2AF2,0.965
9606.ENSP00000229390,SRSF9,SRSF6,0.963
9606.ENSP00000229390,SRSF9,SRSF11,0.962
9606.ENSP00000229390,SRSF9,SRSF10,0.921
9606.ENSP00000229390,SRSF9,HNRNPA1,0.91
9606.ENSP00000229390,SRSF9,PABPN1,0.905
9606.ENSP00000230354,TBP,POLR2A,0.999
9606.ENSP00000230354,TBP,TAF9,0.999
9606.ENSP00000230354,TBP,TAF8,0.999
9606.ENSP00000230354,TBP,TAF6,0.999
9606.ENSP00000230354,TBP,BRF2,0.999
9606.ENSP00000230354,TBP,GTF2A1,0.999
9606.ENSP00000230354,TBP,TAF3,0.999
9606.ENSP00000230354,TBP,TAF7,0.999
9606.ENSP00000230354,TBP,GTF2E1,0.999
9606.ENSP00000230354,TBP,BRF1,0.999
9606.ENSP00000230354,TBP,BDP1,0.999
9606.ENSP00000230354,TBP,GTF2F2,0.999
9606.ENSP00000230354,TBP,TAF2,0.999
9606.ENSP00000230354,TBP,BTAF1,0.999
9606.ENSP00000230354,TBP,GTF2A2,0.999
9606.ENSP00000230354,TBP,TAF4,0.999
9606.ENSP00000230354,TBP,TAF5,0.999
9606.ENSP00000230354,TBP,TAF10,0.999
9606.ENSP00000230354,TBP,TAF12,0.999
9606.ENSP00000230354,TBP,TAF1,0.999
9606.ENSP00000230354,TBP,GTF2F1,0.999
9606.ENSP00000230354,TBP,TAF13,0.999
9606.ENSP00000230354,TBP,GTF2B,0.999
9606.ENSP00000230354,TBP,TAF11,0.999
9606.ENSP00000230354,TBP,TAF1A,0.998
9606.ENSP00000230354,TBP,ERCC3,0.998
9606.ENSP00000230354,TBP,GTF2E2,0.998
9606.ENSP00000230354,TBP,DR1,0.998
9606.ENSP00000230354,TBP,GTF2H3,0.997
9606.ENSP00000230354,TBP,TP53,0.997
9606.ENSP00000230354,TBP,GTF2H4,0.997
9606.ENSP00000230354,TBP,TCEA1,0.995
9606.ENSP00000230354,TBP,SP1,0.994
9606.ENSP00000230354,TBP,ERCC2,0.994
9606.ENSP00000230354,TBP,TAF1C,0.994
9606.ENSP00000230354,TBP,TAF9B,0.994
9606.ENSP00000230354,TBP,POLR2E,0.993
9606.ENSP00000230354,TBP,TAF7L,0.993
9606.ENSP00000230354,TBP,GTF2H2,0.991
9606.ENSP00000230354,TBP,DRAP1,0.991
9606.ENSP00000230354,TBP,TAF4B,0.991
9606.ENSP00000230354,TBP,TAF1B,0.99
9606.ENSP00000230354,TBP,GTF2H5,0.989
9606.ENSP00000230354,TBP,GTF2H1,0.988
9606.ENSP00000230354,TBP,SNAPC1,0.987
9606.ENSP00000230354,TBP,POLR2D,0.986
9606.ENSP00000230354,TBP,TAF1L,0.985
9606.ENSP00000230354,TBP,MED26,0.984
9606.ENSP00000230354,TBP,CDK7,0.983
9606.ENSP00000230354,TBP,POLR2C,0.983
9606.ENSP00000230354,TBP,POLR2B,0.982
9606.ENSP00000230354,TBP,SNAPC3,0.982
9606.ENSP00000230354,TBP,H3C13,0.981
9606.ENSP00000230354,TBP,TAF1D,0.98
9606.ENSP00000230354,TBP,POLR2I,0.977
9606.ENSP00000230354,TBP,POLR2H,0.975
9606.ENSP00000230354,TBP,GTF2A1L,0.974
9606.ENSP00000230354,TBP,POLR2G,0.974
9606.ENSP00000230354,TBP,SNAPC4,0.972
9606.ENSP00000230354,TBP,POLR2K,0.971
9606.ENSP00000230354,TBP,POLR2L,0.971
9606.ENSP00000230354,TBP,MNAT1,0.971
9606.ENSP00000230354,TBP,RRN3,0.971
9606.ENSP00000230354,TBP,POLR2F,0.967
9606.ENSP00000230354,TBP,MED14,0.965
9606.ENSP00000230354,TBP,MED6,0.963
9606.ENSP00000230354,TBP,H4C6,0.963
9606.ENSP00000230354,TBP,MED7,0.963
9606.ENSP00000230354,TBP,LGALS4,0.962
9606.ENSP00000230354,TBP,MED17,0.962
9606.ENSP00000230354,TBP,MYOD1,0.96
9606.ENSP00000230354,TBP,KAT2B,0.96
9606.ENSP00000230354,TBP,KAT2A,0.959
9606.ENSP00000230354,TBP,POLR2J,0.956
9606.ENSP00000230354,TBP,SNAPC5,0.956
9606.ENSP00000230354,TBP,CCNH,0.955
9606.ENSP00000230354,TBP,MED1,0.954
9606.ENSP00000230354,TBP,MYC,0.953
9606.ENSP00000230354,TBP,EDF1,0.951
9606.ENSP00000230354,TBP,ESR1,0.949
9606.ENSP00000230354,TBP,NFYA,0.949
9606.ENSP00000230354,TBP,H2AZ1,0.947
9606.ENSP00000230354,TBP,EP300,0.946
9606.ENSP00000230354,TBP,UBTF,0.945
9606.ENSP00000230354,TBP,TBPL1,0.941
9606.ENSP00000230354,TBP,MED31,0.939
9606.ENSP00000230354,TBP,TAF15,0.938
9606.ENSP00000230354,TBP,XBP1,0.938
9606.ENSP00000230354,TBP,RBPJ,0.936
9606.ENSP00000230354,TBP,MED10,0.932
9606.ENSP00000230354,TBP,MED8,0.929
9606.ENSP00000230354,TBP,MED23,0.927
9606.ENSP00000230354,TBP,MED18,0.923
9606.ENSP00000230354,TBP,MED27,0.923
9606.ENSP00000230354,TBP,SNAPC2,0.922
9606.ENSP00000230354,TBP,ATXN7,0.922
9606.ENSP00000230354,TBP,MED20,0.92
9606.ENSP00000230354,TBP,H3C12,0.919
9606.ENSP00000230354,TBP,CFAP20,0.918
9606.ENSP00000230354,TBP,H3-3B,0.917
9606.ENSP00000230354,TBP,MED21,0.916
9606.ENSP00000230354,TBP,POLR3A,0.913
9606.ENSP00000230354,TBP,TADA3,0.913
9606.ENSP00000230354,TBP,H2BC11,0.911
9606.ENSP00000230354,TBP,GTF3C1,0.91
9606.ENSP00000230354,TBP,RBPJL,0.907
9606.ENSP00000230354,TBP,TBPL2,0.906
9606.ENSP00000230354,TBP,ACTB,0.905
9606.ENSP00000230354,TBP,MED24,0.904
9606.ENSP00000230354,TBP,SUPT3H,0.902
9606.ENSP00000230354,TBP,POLR3F,0.902
9606.ENSP00000230461,TMEM30A,ATP8B1,0.999
9606.ENSP00000230461,TMEM30A,ATP8A1,0.999
9606.ENSP00000230461,TMEM30A,ATP11C,0.999
9606.ENSP00000230461,TMEM30A,ATP11A,0.997
9606.ENSP00000230461,TMEM30A,ATP10B,0.989
9606.ENSP00000230461,TMEM30A,ATP10A,0.989
9606.ENSP00000230461,TMEM30A,ATP10D,0.985
9606.ENSP00000230461,TMEM30A,ATP8B2,0.975
9606.ENSP00000230461,TMEM30A,ATP11B,0.968
9606.ENSP00000230461,TMEM30A,ATP8A2,0.944
9606.ENSP00000230461,TMEM30A,ATP8B4,0.94
9606.ENSP00000231524,TRIM23,UBE2D2,0.973
9606.ENSP00000231524,TRIM23,UBC,0.935
9606.ENSP00000231524,TRIM23,UBB,0.918
9606.ENSP00000231524,TRIM23,RPS27A,0.916
9606.ENSP00000231524,TRIM23,UBA52,0.907
9606.ENSP00000231749,ZMYND10,LRRC6,0.938
9606.ENSP00000232607,UMPS,DPYD,0.999
9606.ENSP00000232607,UMPS,DHODH,0.999
9606.ENSP00000232607,UMPS,UPP2,0.984
9606.ENSP00000232607,UMPS,UPP1,0.983
9606.ENSP00000232607,UMPS,TYMP,0.981
9606.ENSP00000232607,UMPS,UCKL1,0.981
9606.ENSP00000232607,UMPS,UCK1,0.981
9606.ENSP00000232607,UMPS,UCK2,0.978
9606.ENSP00000232607,UMPS,UPRT,0.973
9606.ENSP00000232607,UMPS,PRPS1L1,0.965
9606.ENSP00000232607,UMPS,PRPS1,0.965
9606.ENSP00000232607,UMPS,GOLT1B,0.957
9606.ENSP00000232607,UMPS,KISS1,0.957
9606.ENSP00000232607,UMPS,GOLT1A,0.957
9606.ENSP00000232607,UMPS,GART,0.956
9606.ENSP00000232607,UMPS,CAD,0.946
9606.ENSP00000232607,UMPS,CMPK2,0.945
9606.ENSP00000232607,UMPS,NT5C,0.938
9606.ENSP00000232607,UMPS,PRPS2,0.932
9606.ENSP00000232607,UMPS,CYP2A6,0.93
9606.ENSP00000232607,UMPS,NT5C3A,0.929
9606.ENSP00000232607,UMPS,NT5E,0.926
9606.ENSP00000232607,UMPS,ENTPD5,0.921
9606.ENSP00000232607,UMPS,NT5C2,0.917
9606.ENSP00000232607,UMPS,NT5M,0.916
9606.ENSP00000232607,UMPS,NT5C1B,0.915
9606.ENSP00000232607,UMPS,ENTPD3,0.913
9606.ENSP00000232607,UMPS,NT5C3B,0.913
9606.ENSP00000232607,UMPS,ENTPD8,0.911
9606.ENSP00000232607,UMPS,ENTPD1,0.908
9606.ENSP00000232607,UMPS,ENPP1,0.906
9606.ENSP00000232607,UMPS,NT5C1A,0.905
9606.ENSP00000232607,UMPS,NT5C1B-RDH14,0.905
9606.ENSP00000232607,UMPS,ENTPD6,0.903
9606.ENSP00000232607,UMPS,ENTPD4,0.903
9606.ENSP00000232607,UMPS,ENPP3,0.902
9606.ENSP00000232607,UMPS,CANT1,0.9
9606.ENSP00000233336,TTL,TUBA1A,0.966
9606.ENSP00000233336,TTL,TUBA1B,0.963
9606.ENSP00000233336,TTL,TUBB2A,0.953
9606.ENSP00000233336,TTL,TUBB2B,0.95
9606.ENSP00000233336,TTL,STMN4,0.911
9606.ENSP00000236192,VAMP4,STX6,0.999
9606.ENSP00000236192,VAMP4,STX12,0.999
9606.ENSP00000236192,VAMP4,VTI1A,0.999
9606.ENSP00000236192,VAMP4,STX16,0.999
9606.ENSP00000236192,VAMP4,VTI1B,0.998
9606.ENSP00000236192,VAMP4,STX5,0.998
9606.ENSP00000236192,VAMP4,STX10,0.995
9606.ENSP00000236192,VAMP4,STX4,0.994
9606.ENSP00000236192,VAMP4,SNAP23,0.993
9606.ENSP00000236192,VAMP4,STX3,0.993
9606.ENSP00000236192,VAMP4,STX7,0.992
9606.ENSP00000236192,VAMP4,STX1A,0.99
9606.ENSP00000236192,VAMP4,STX8,0.977
9606.ENSP00000236192,VAMP4,STX2,0.973
9606.ENSP00000236192,VAMP4,SNAP29,0.972
9606.ENSP00000236192,VAMP4,NAPA,0.971
9606.ENSP00000236192,VAMP4,STX1B,0.969
9606.ENSP00000236192,VAMP4,GOSR1,0.959
9606.ENSP00000236192,VAMP4,STX18,0.952
9606.ENSP00000236192,VAMP4,NAPG,0.947
9606.ENSP00000236192,VAMP4,SNAP47,0.942
9606.ENSP00000236192,VAMP4,STX11,0.93
9606.ENSP00000236192,VAMP4,GOSR2,0.929
9606.ENSP00000236192,VAMP4,VPS53,0.929
9606.ENSP00000236192,VAMP4,VAMP7,0.926
9606.ENSP00000236192,VAMP4,NAPB,0.91
9606.ENSP00000236192,VAMP4,TGOLN2,0.908
9606.ENSP00000236273,SYF2,PRPF19,0.999
9606.ENSP00000236273,SYF2,PLRG1,0.999
9606.ENSP00000236273,SYF2,EFTUD2,0.999
9606.ENSP00000236273,SYF2,CDC40,0.999
9606.ENSP00000236273,SYF2,CRNKL1,0.999
9606.ENSP00000236273,SYF2,SNRPA1,0.999
9606.ENSP00000236273,SYF2,CDC5L,0.999
9606.ENSP00000236273,SYF2,RBM22,0.999
9606.ENSP00000236273,SYF2,XAB2,0.999
9606.ENSP00000236273,SYF2,SNW1,0.999
9606.ENSP00000236273,SYF2,BUD31,0.999
9606.ENSP00000236273,SYF2,PRPF8,0.998
9606.ENSP00000236273,SYF2,DHX38,0.998
9606.ENSP00000236273,SYF2,PPIL1,0.998
9606.ENSP00000236273,SYF2,CWC15,0.998
9606.ENSP00000236273,SYF2,BCAS2,0.998
9606.ENSP00000236273,SYF2,DHX8,0.997
9606.ENSP00000236273,SYF2,PPIE,0.997
9606.ENSP00000236273,SYF2,SRRM2,0.997
9606.ENSP00000236273,SYF2,AQR,0.996
9606.ENSP00000236273,SYF2,ISY1,0.996
9606.ENSP00000236273,SYF2,SLU7,0.995
9606.ENSP00000236273,SYF2,CWC22,0.995
9606.ENSP00000236273,SYF2,SNRPE,0.995
9606.ENSP00000236273,SYF2,SNRNP200,0.995
9606.ENSP00000236273,SYF2,YJU2,0.994
9606.ENSP00000236273,SYF2,SNRPG,0.993
9606.ENSP00000236273,SYF2,SNRPF,0.992
9606.ENSP00000236273,SYF2,SNRPD1,0.991
9606.ENSP00000236273,SYF2,SNRPD2,0.991
9606.ENSP00000236273,SYF2,SNRPB,0.991
9606.ENSP00000236273,SYF2,SNRPD3,0.991
9606.ENSP00000236273,SYF2,SNRPB2,0.99
9606.ENSP00000236273,SYF2,ISY1-RAB43,0.99
9606.ENSP00000236273,SYF2,SNRNP40,0.989
9606.ENSP00000236273,SYF2,CWF19L2,0.988
9606.ENSP00000236273,SYF2,DHX15,0.987
9606.ENSP00000236273,SYF2,FAM32A,0.977
9606.ENSP00000236273,SYF2,CCNDBP1,0.97
9606.ENSP00000236273,SYF2,PPWD1,0.97
9606.ENSP00000236273,SYF2,PPIG,0.969
9606.ENSP00000236273,SYF2,CWC25,0.966
9606.ENSP00000236273,SYF2,TFIP11,0.965
9606.ENSP00000236273,SYF2,PRKRIP1,0.963
9606.ENSP00000236273,SYF2,SDE2,0.963
9606.ENSP00000236273,SYF2,CACTIN,0.961
9606.ENSP00000236273,SYF2,NKAP,0.959
9606.ENSP00000236273,SYF2,DHX16,0.94
9606.ENSP00000236273,SYF2,CCDC12,0.94
9606.ENSP00000236273,SYF2,GCFC2,0.922
9606.ENSP00000236273,SYF2,RBMX2,0.919
9606.ENSP00000236273,SYF2,SNRPN,0.909
9606.ENSP00000239462,TNN,ITGA9,0.916
9606.ENSP00000239462,TNN,SDC4,0.915
9606.ENSP00000239462,TNN,ITGA8,0.915
9606.ENSP00000239462,TNN,ITGB6,0.911
9606.ENSP00000239462,TNN,ITGAV,0.91
9606.ENSP00000239462,TNN,ITGB3,0.909
9606.ENSP00000239462,TNN,ITGB1,0.909
9606.ENSP00000239462,TNN,SDC1,0.902
9606.ENSP00000240361,TEX14,CEP55,0.98
9606.ENSP00000240851,TFG,NTRK1,0.981
9606.ENSP00000240851,TFG,TPM3,0.975
9606.ENSP00000240851,TFG,SEC31A,0.952
9606.ENSP00000240851,TFG,SEC16A,0.943
9606.ENSP00000240851,TFG,TPR,0.92
9606.ENSP00000241261,TNFSF10,TNFRSF10D,0.999
9606.ENSP00000241261,TNFSF10,TNFRSF10A,0.999
9606.ENSP00000241261,TNFSF10,TNFRSF10B,0.999
9606.ENSP00000241261,TNFSF10,TNFRSF10C,0.998
9606.ENSP00000241261,TNFSF10,FAS,0.996
9606.ENSP00000241261,TNFSF10,CASP8,0.994
9606.ENSP00000241261,TNFSF10,FADD,0.994
9606.ENSP00000241261,TNFSF10,TNFRSF1A,0.993
9606.ENSP00000241261,TNFSF10,CFLAR,0.977
9606.ENSP00000241261,TNFSF10,FASLG,0.971
9606.ENSP00000241261,TNFSF10,TNFRSF25,0.96
9606.ENSP00000241261,TNFSF10,RIPK1,0.948
9606.ENSP00000241261,TNFSF10,TNF,0.946
9606.ENSP00000241261,TNFSF10,TNFRSF11B,0.919
9606.ENSP00000241261,TNFSF10,CASP10,0.917
9606.ENSP00000242261,TWIST1,RUNX2,0.972
9606.ENSP00000242261,TWIST1,TP53,0.967
9606.ENSP00000242261,TWIST1,G3BP2,0.96
9606.ENSP00000242261,TWIST1,CD44,0.959
9606.ENSP00000242261,TWIST1,SNAI2,0.952
9606.ENSP00000242261,TWIST1,TWIST2,0.939
9606.ENSP00000242261,TWIST1,ZEB1,0.932
9606.ENSP00000242261,TWIST1,SNAI1,0.901
9606.ENSP00000242261,TWIST1,MSX2,0.901
9606.ENSP00000242261,TWIST1,TCF12,0.9
9606.ENSP00000242848,ZC3H13,RBM15,0.999
9606.ENSP00000242848,ZC3H13,CBLL1,0.999
9606.ENSP00000242848,ZC3H13,WTAP,0.999
9606.ENSP00000242848,ZC3H13,VIRMA,0.999
9606.ENSP00000242848,ZC3H13,METTL3,0.999
9606.ENSP00000242848,ZC3H13,METTL14,0.999
9606.ENSP00000242848,ZC3H13,RBM15B,0.999
9606.ENSP00000242848,ZC3H13,METTL16,0.997
9606.ENSP00000242848,ZC3H13,POLR2A,0.996
9606.ENSP00000242848,ZC3H13,MED17,0.995
9606.ENSP00000242848,ZC3H13,MED23,0.995
9606.ENSP00000242848,ZC3H13,MED4,0.995
9606.ENSP00000242848,ZC3H13,MED30,0.995
9606.ENSP00000242848,ZC3H13,CDK9,0.994
9606.ENSP00000242848,ZC3H13,MED26,0.994
9606.ENSP00000242848,ZC3H13,MED29,0.994
9606.ENSP00000242848,ZC3H13,MED28,0.994
9606.ENSP00000242848,ZC3H13,MED27,0.994
9606.ENSP00000242848,ZC3H13,MED16,0.994
9606.ENSP00000242848,ZC3H13,MED20,0.994
9606.ENSP00000242848,ZC3H13,CCNC,0.994
9606.ENSP00000242848,ZC3H13,MED19,0.994
9606.ENSP00000242848,ZC3H13,MED25,0.994
9606.ENSP00000242848,ZC3H13,MED8,0.994
9606.ENSP00000242848,ZC3H13,MED9,0.994
9606.ENSP00000242848,ZC3H13,MED12,0.994
9606.ENSP00000242848,ZC3H13,MED14,0.994
9606.ENSP00000242848,ZC3H13,MED24,0.994
9606.ENSP00000242848,ZC3H13,MED15,0.994
9606.ENSP00000242848,ZC3H13,MED6,0.994
9606.ENSP00000242848,ZC3H13,MED1,0.994
9606.ENSP00000242848,ZC3H13,POLR2B,0.994
9606.ENSP00000242848,ZC3H13,MED21,0.994
9606.ENSP00000242848,ZC3H13,CDK19,0.994
9606.ENSP00000242848,ZC3H13,MED13,0.994
9606.ENSP00000242848,ZC3H13,YTHDC1,0.948
9606.ENSP00000242848,ZC3H13,ZCCHC4,0.946
9606.ENSP00000242848,ZC3H13,YTHDC2,0.932
9606.ENSP00000242848,ZC3H13,METTL5,0.924
9606.ENSP00000242848,ZC3H13,CDC5L,0.918
9606.ENSP00000242848,ZC3H13,ALYREF,0.909
9606.ENSP00000242848,ZC3H13,DHX16,0.9
9606.ENSP00000243344,TTC21B,WDR35,0.999
9606.ENSP00000243344,TTC21B,IFT43,0.999
9606.ENSP00000243344,TTC21B,IFT122,0.999
9606.ENSP00000243344,TTC21B,WDR19,0.999
9606.ENSP00000243344,TTC21B,IFT140,0.999
9606.ENSP00000243344,TTC21B,TULP3,0.989
9606.ENSP00000243344,TTC21B,IFT88,0.971
9606.ENSP00000243344,TTC21B,IFT27,0.966
9606.ENSP00000243344,TTC21B,IFT81,0.938
9606.ENSP00000243344,TTC21B,IFT74,0.938
9606.ENSP00000243344,TTC21B,IFT80,0.925
9606.ENSP00000243344,TTC21B,IFT57,0.922
9606.ENSP00000243344,TTC21B,IFT172,0.914
9606.ENSP00000243344,TTC21B,IFT52,0.905
9606.ENSP00000243347,TNFAIP6,PTX3,0.975
9606.ENSP00000243347,TNFAIP6,CD44,0.948
9606.ENSP00000243347,TNFAIP6,CXCL8,0.933
9606.ENSP00000243563,SNRPA,SNRPD1,0.999
9606.ENSP00000243563,SNRPA,SNRPD2,0.999
9606.ENSP00000243563,SNRPA,SNRPA1,0.999
9606.ENSP00000243563,SNRPA,SNRPG,0.999
9606.ENSP00000243563,SNRPA,SNRPD3,0.999
9606.ENSP00000243563,SNRPA,SNRPE,0.999
9606.ENSP00000243563,SNRPA,SNRPB,0.999
9606.ENSP00000243563,SNRPA,SNRNP70,0.999
9606.ENSP00000243563,SNRPA,SNRPC,0.999
9606.ENSP00000243563,SNRPA,SNRPF,0.999
9606.ENSP00000243563,SNRPA,SF3A3,0.997
9606.ENSP00000243563,SNRPA,EFTUD2,0.995
9606.ENSP00000243563,SNRPA,SF3B1,0.995
9606.ENSP00000243563,SNRPA,SF3A2,0.995
9606.ENSP00000243563,SNRPA,SNRPN,0.995
9606.ENSP00000243563,SNRPA,PRPF6,0.994
9606.ENSP00000243563,SNRPA,U2AF2,0.992
9606.ENSP00000243563,SNRPA,SNRNP200,0.992
9606.ENSP00000243563,SNRPA,SART1,0.989
9606.ENSP00000243563,SNRPA,PRPF8,0.988
9606.ENSP00000243563,SNRPA,SF3B2,0.988
9606.ENSP00000243563,SNRPA,LSM4,0.987
9606.ENSP00000243563,SNRPA,LSM2,0.985
9606.ENSP00000243563,SNRPA,SF3B3,0.985
9606.ENSP00000243563,SNRPA,RBM42,0.979
9606.ENSP00000243563,SNRPA,PHF5A,0.976
9606.ENSP00000243563,SNRPA,SNU13,0.974
9606.ENSP00000243563,SNRPA,SF3B4,0.973
9606.ENSP00000243563,SNRPA,SF3B5,0.973
9606.ENSP00000243563,SNRPA,LSM8,0.972
9606.ENSP00000243563,SNRPA,SNRNP40,0.972
9606.ENSP00000243563,SNRPA,PRPF31,0.972
9606.ENSP00000243563,SNRPA,LSM7,0.968
9606.ENSP00000243563,SNRPA,PTBP1,0.966
9606.ENSP00000243563,SNRPA,PRPF3,0.966
9606.ENSP00000243563,SNRPA,LSM3,0.966
9606.ENSP00000243563,SNRPA,PRPF4,0.962
9606.ENSP00000243563,SNRPA,LSM5,0.96
9606.ENSP00000243563,SNRPA,LSM6,0.959
9606.ENSP00000243563,SNRPA,CDC5L,0.959
9606.ENSP00000243563,SNRPA,TXNL4A,0.957
9606.ENSP00000243563,SNRPA,SF3A1,0.957
9606.ENSP00000243563,SNRPA,USP39,0.956
9606.ENSP00000243563,SNRPA,DDX23,0.953
9606.ENSP00000243563,SNRPA,RBM25,0.953
9606.ENSP00000243563,SNRPA,PRPF19,0.948
9606.ENSP00000243563,SNRPA,NCBP2,0.948
9606.ENSP00000243563,SNRPA,SNRPB2,0.939
9606.ENSP00000243563,SNRPA,SNRNP27,0.936
9606.ENSP00000243563,SNRPA,XAB2,0.933
9606.ENSP00000243563,SNRPA,LUC7L,0.929
9606.ENSP00000243563,SNRPA,PRPF40A,0.928
9606.ENSP00000243563,SNRPA,RBM22,0.915
9606.ENSP00000243563,SNRPA,RBM39,0.902
9606.ENSP00000245479,SOX9,NR5A1,0.987
9606.ENSP00000245479,SOX9,CTNNB1,0.982
9606.ENSP00000245479,SOX9,RUNX2,0.98
9606.ENSP00000245479,SOX9,GATA4,0.977
9606.ENSP00000245479,SOX9,DMRT1,0.959
9606.ENSP00000245479,SOX9,SOX6,0.953
9606.ENSP00000245479,SOX9,COL2A1,0.944
9606.ENSP00000245479,SOX9,EP300,0.94
9606.ENSP00000245479,SOX9,PRKACA,0.93
9606.ENSP00000245479,SOX9,PRKACB,0.93
9606.ENSP00000245479,SOX9,PRKACG,0.929
9606.ENSP00000245479,SOX9,AMH,0.92
9606.ENSP00000245479,SOX9,SNAI2,0.91
9606.ENSP00000245479,SOX9,WT1,0.908
9606.ENSP00000245479,SOX9,FGF9,0.907
9606.ENSP00000245479,SOX9,SOX5,0.901
9606.ENSP00000245479,SOX9,DHH,0.901
9606.ENSP00000246548,UBA2,SAE1,0.999
9606.ENSP00000246548,UBA2,SUMO1,0.999
9606.ENSP00000246548,UBA2,UBE2I,0.999
9606.ENSP00000246548,UBA2,SUMO2,0.998
9606.ENSP00000246548,UBA2,SUMO3,0.989
9606.ENSP00000246548,UBA2,RANGAP1,0.918
9606.ENSP00000247668,TRAF2,TNF,0.999
9606.ENSP00000247668,TRAF2,MAVS,0.999
9606.ENSP00000247668,TRAF2,TRADD,0.999
9606.ENSP00000247668,TRAF2,RIPK1,0.999
9606.ENSP00000247668,TRAF2,TRAF1,0.999
9606.ENSP00000247668,TRAF2,BIRC2,0.999
9606.ENSP00000247668,TRAF2,ERN1,0.999
9606.ENSP00000247668,TRAF2,TNFRSF1A,0.999
9606.ENSP00000247668,TRAF2,IKBKG,0.999
9606.ENSP00000247668,TRAF2,FADD,0.999
9606.ENSP00000247668,TRAF2,BIRC3,0.999
9606.ENSP00000247668,TRAF2,MAP3K5,0.999
9606.ENSP00000247668,TRAF2,TRAF5,0.998
9606.ENSP00000247668,TRAF2,IKBKE,0.998
9606.ENSP00000247668,TRAF2,TBK1,0.998
9606.ENSP00000247668,TRAF2,TRAF3,0.996
9606.ENSP00000247668,TRAF2,CD40,0.996
9606.ENSP00000247668,TRAF2,CHUK,0.995
9606.ENSP00000247668,TRAF2,TRAF6,0.995
9606.ENSP00000247668,TRAF2,BECN1,0.995
9606.ENSP00000247668,TRAF2,MAP3K14,0.995
9606.ENSP00000247668,TRAF2,IKBKB,0.994
9606.ENSP00000247668,TRAF2,TAB2,0.994
9606.ENSP00000247668,TRAF2,CASP8,0.994
9606.ENSP00000247668,TRAF2,TNFRSF1B,0.994
9606.ENSP00000247668,TRAF2,CYLD,0.992
9606.ENSP00000247668,TRAF2,UBE2N,0.992
9606.ENSP00000247668,TRAF2,RIPK2,0.988
9606.ENSP00000247668,TRAF2,MAP3K7,0.988
9606.ENSP00000247668,TRAF2,LTBR,0.987
9606.ENSP00000247668,TRAF2,MAP3K1,0.984
9606.ENSP00000247668,TRAF2,TNFRSF11A,0.983
9606.ENSP00000247668,TRAF2,TNFRSF14,0.978
9606.ENSP00000247668,TRAF2,SPHK1,0.977
9606.ENSP00000247668,TRAF2,TAB1,0.975
9606.ENSP00000247668,TRAF2,TANK,0.973
9606.ENSP00000247668,TRAF2,DAB2IP,0.969
9606.ENSP00000247668,TRAF2,RIPK3,0.963
9606.ENSP00000247668,TRAF2,RNF31,0.958
9606.ENSP00000247668,TRAF2,XIAP,0.957
9606.ENSP00000247668,TRAF2,TAB3,0.957
9606.ENSP00000247668,TRAF2,USP48,0.952
9606.ENSP00000247668,TRAF2,TNFRSF13C,0.952
9606.ENSP00000247668,TRAF2,TNFAIP3,0.948
9606.ENSP00000247668,TRAF2,GSTP1,0.945
9606.ENSP00000247668,TRAF2,CFLAR,0.943
9606.ENSP00000247668,TRAF2,IRAK1,0.939
9606.ENSP00000247668,TRAF2,SHARPIN,0.937
9606.ENSP00000247668,TRAF2,MAP4K2,0.936
9606.ENSP00000247668,TRAF2,UBE2V2,0.935
9606.ENSP00000247668,TRAF2,IRAK4,0.932
9606.ENSP00000247668,TRAF2,SQSTM1,0.931
9606.ENSP00000247668,TRAF2,RBCK1,0.929
9606.ENSP00000247668,TRAF2,TNFRSF9,0.927
9606.ENSP00000247668,TRAF2,DDX58,0.927
9606.ENSP00000247668,TRAF2,MAP2K7,0.924
9606.ENSP00000247668,TRAF2,GAPDH,0.923
9606.ENSP00000247668,TRAF2,MAP2K3,0.92
9606.ENSP00000247668,TRAF2,MAP2K6,0.916
9606.ENSP00000247668,TRAF2,BTK,0.915
9606.ENSP00000247668,TRAF2,LCK,0.914
9606.ENSP00000247668,TRAF2,FHL2,0.914
9606.ENSP00000247668,TRAF2,FYN,0.913
9606.ENSP00000247668,TRAF2,TNFRSF10B,0.91
9606.ENSP00000247668,TRAF2,PRKCD,0.91
9606.ENSP00000247668,TRAF2,PIK3R1,0.907
9606.ENSP00000247668,TRAF2,PIK3CD,0.905
9606.ENSP00000247668,TRAF2,PIK3CA,0.905
9606.ENSP00000247668,TRAF2,PRKCQ,0.905
9606.ENSP00000247668,TRAF2,TNFRSF12A,0.905
9606.ENSP00000247668,TRAF2,PIK3CB,0.905
9606.ENSP00000247668,TRAF2,PIK3R2,0.905
9606.ENSP00000247668,TRAF2,PRKCE,0.902
9606.ENSP00000247668,TRAF2,PIK3R3,0.901
9606.ENSP00000247668,TRAF2,GAB2,0.9
9606.ENSP00000247843,YEATS4,KAT5,0.999
9606.ENSP00000247843,YEATS4,DMAP1,0.999
9606.ENSP00000247843,YEATS4,MORF4L1,0.999
9606.ENSP00000247843,YEATS4,RUVBL1,0.999
9606.ENSP00000247843,YEATS4,MEAF6,0.999
9606.ENSP00000247843,YEATS4,EP400,0.999
9606.ENSP00000247843,YEATS4,VPS72,0.998
9606.ENSP00000247843,YEATS4,RUVBL2,0.998
9606.ENSP00000247843,YEATS4,EPC1,0.998
9606.ENSP00000247843,YEATS4,MRGBP,0.998
9606.ENSP00000247843,YEATS4,BRD8,0.998
9606.ENSP00000247843,YEATS4,ING3,0.998
9606.ENSP00000247843,YEATS4,TRRAP,0.997
9606.ENSP00000247843,YEATS4,ACTL6A,0.994
9606.ENSP00000247843,YEATS4,EPC2,0.993
9606.ENSP00000247843,YEATS4,MORF4L2,0.992
9606.ENSP00000247843,YEATS4,SRCAP,0.989
9606.ENSP00000247843,YEATS4,MBTD1,0.985
9606.ENSP00000247843,YEATS4,H2AZ1,0.976
9606.ENSP00000247843,YEATS4,KAT8,0.968
9606.ENSP00000247843,YEATS4,CFDP1,0.96
9606.ENSP00000247843,YEATS4,ZNHIT1,0.951
9606.ENSP00000247843,YEATS4,ACTB,0.942
9606.ENSP00000247843,YEATS4,MSL3,0.926
9606.ENSP00000247843,YEATS4,ACTL6B,0.909
9606.ENSP00000247843,YEATS4,MSL1,0.905
9606.ENSP00000247843,YEATS4,MYC,0.905
9606.ENSP00000247843,YEATS4,MSL2,0.902
9606.ENSP00000248846,TUBGCP6,TUBG1,0.999
9606.ENSP00000248846,TUBGCP6,TUBGCP2,0.999
9606.ENSP00000248846,TUBGCP6,TUBGCP3,0.999
9606.ENSP00000248846,TUBGCP6,TUBGCP4,0.999
9606.ENSP00000248846,TUBGCP6,MZT1,0.999
9606.ENSP00000248846,TUBGCP6,TUBGCP5,0.999
9606.ENSP00000248846,TUBGCP6,MZT2B,0.991
9606.ENSP00000248846,TUBGCP6,NEDD1,0.988
9606.ENSP00000248846,TUBGCP6,TUBG2,0.972
9606.ENSP00000248846,TUBGCP6,CENPJ,0.944
9606.ENSP00000248846,TUBGCP6,NME7,0.924
9606.ENSP00000248846,TUBGCP6,MZT2A,0.918
9606.ENSP00000248846,TUBGCP6,ACTB,0.915
9606.ENSP00000248846,TUBGCP6,BLOC1S2,0.904
9606.ENSP00000248846,TUBGCP6,MARK4,0.902
9606.ENSP00000248846,TUBGCP6,BRCA1,0.902
9606.ENSP00000249373,SMO,SHH,0.999
9606.ENSP00000249373,SMO,PTCH1,0.999
9606.ENSP00000249373,SMO,SUFU,0.998
9606.ENSP00000249373,SMO,IHH,0.997
9606.ENSP00000249373,SMO,ARRB2,0.997
9606.ENSP00000249373,SMO,ARRB1,0.994
9606.ENSP00000249373,SMO,PTCH2,0.993
9606.ENSP00000249373,SMO,KIF3A,0.991
9606.ENSP00000249373,SMO,GRK2,0.99
9606.ENSP00000249373,SMO,GLI1,0.988
9606.ENSP00000249373,SMO,EVC,0.983
9606.ENSP00000249373,SMO,GLI2,0.98
9606.ENSP00000249373,SMO,EVC2,0.979
9606.ENSP00000249373,SMO,GLI3,0.975
9606.ENSP00000249373,SMO,GNAI1,0.969
9606.ENSP00000249373,SMO,PRKACB,0.965
9606.ENSP00000249373,SMO,PRKACG,0.965
9606.ENSP00000249373,SMO,PRKACA,0.965
9606.ENSP00000249373,SMO,BOC,0.963
9606.ENSP00000249373,SMO,DHH,0.958
9606.ENSP00000249373,SMO,GNB1,0.951
9606.ENSP00000249373,SMO,KIF7,0.947
9606.ENSP00000249373,SMO,GRK3,0.935
9606.ENSP00000249373,SMO,MOSMO,0.931
9606.ENSP00000249373,SMO,MEGF8,0.93
9606.ENSP00000249373,SMO,GNG2,0.922
9606.ENSP00000249373,SMO,MGRN1,0.919
9606.ENSP00000249373,SMO,PRKCA,0.916
9606.ENSP00000249373,SMO,CSNK1D,0.914
9606.ENSP00000249373,SMO,CSNK1G3,0.913
9606.ENSP00000249373,SMO,CSNK1E,0.911
9606.ENSP00000249373,SMO,CSNK1G2,0.909
9606.ENSP00000249373,SMO,CSNK1A1L,0.905
9606.ENSP00000251566,UGT2A3,CYP3A4,0.975
9606.ENSP00000251566,UGT2A3,CYP2D6,0.961
9606.ENSP00000251566,UGT2A3,CYP1A1,0.953
9606.ENSP00000251566,UGT2A3,CYP2A6,0.952
9606.ENSP00000251566,UGT2A3,CYP2E1,0.951
9606.ENSP00000251566,UGT2A3,CYP3A5,0.95
9606.ENSP00000251566,UGT2A3,GUSB,0.941
9606.ENSP00000251566,UGT2A3,UGDH,0.941
9606.ENSP00000251566,UGT2A3,AOX1,0.94
9606.ENSP00000251566,UGT2A3,CYP2A13,0.938
9606.ENSP00000251566,UGT2A3,CYP1B1,0.931
9606.ENSP00000251566,UGT2A3,SULT1E1,0.926
9606.ENSP00000251566,UGT2A3,CYP19A1,0.923
9606.ENSP00000251566,UGT2A3,CBR1,0.92
9606.ENSP00000251566,UGT2A3,AKR1C3,0.918
9606.ENSP00000251566,UGT2A3,AKR1C1,0.918
9606.ENSP00000251566,UGT2A3,AKR1C4,0.915
9606.ENSP00000251566,UGT2A3,AKR1C2,0.915
9606.ENSP00000251566,UGT2A3,AKR1D1,0.915
9606.ENSP00000251566,UGT2A3,HSD17B3,0.907
9606.ENSP00000251566,UGT2A3,MIOX,0.901
9606.ENSP00000251864,TDRD1,PIWIL2,0.999
9606.ENSP00000251864,TDRD1,PIWIL1,0.97
9606.ENSP00000251864,TDRD1,PIWIL4,0.957
9606.ENSP00000251864,TDRD1,MOV10L1,0.946
9606.ENSP00000251864,TDRD1,TDRD12,0.937
9606.ENSP00000251864,TDRD1,DDX4,0.93
9606.ENSP00000251864,TDRD1,ASZ1,0.92
9606.ENSP00000251864,TDRD1,E2F1,0.902
9606.ENSP00000252996,TAF4,TAF2,0.999
9606.ENSP00000252996,TAF4,TAF3,0.999
9606.ENSP00000252996,TAF4,TAF7,0.999
9606.ENSP00000252996,TAF4,TAF6,0.999
9606.ENSP00000252996,TAF4,TAF8,0.999
9606.ENSP00000252996,TAF4,TAF9,0.999
9606.ENSP00000252996,TAF4,TAF11,0.999
9606.ENSP00000252996,TAF4,TAF1,0.999
9606.ENSP00000252996,TAF4,TAF13,0.999
9606.ENSP00000252996,TAF4,TAF10,0.999
9606.ENSP00000252996,TAF4,TAF12,0.999
9606.ENSP00000252996,TAF4,TAF5,0.999
9606.ENSP00000252996,TAF4,TBP,0.999
9606.ENSP00000252996,TAF4,TAF9B,0.998
9606.ENSP00000252996,TAF4,CREB1,0.997
9606.ENSP00000252996,TAF4,HTT,0.994
9606.ENSP00000252996,TAF4,TAF5L,0.991
9606.ENSP00000252996,TAF4,TAF7L,0.989
9606.ENSP00000252996,TAF4,KAT2A,0.987
9606.ENSP00000252996,TAF4,GTF2A2,0.987
9606.ENSP00000252996,TAF4,TAF6L,0.986
9606.ENSP00000252996,TAF4,GTF2A1,0.985
9606.ENSP00000252996,TAF4,TRRAP,0.982
9606.ENSP00000252996,TAF4,GTF2B,0.982
9606.ENSP00000252996,TAF4,GTF2E2,0.979
9606.ENSP00000252996,TAF4,GTF2F2,0.977
9606.ENSP00000252996,TAF4,KAT2B,0.977
9606.ENSP00000252996,TAF4,TADA1,0.964
9606.ENSP00000252996,TAF4,GTF2F1,0.963
9606.ENSP00000252996,TAF4,TAF1L,0.961
9606.ENSP00000252996,TAF4,GTF2H4,0.952
9606.ENSP00000252996,TAF4,GTF2E1,0.951
9606.ENSP00000252996,TAF4,GTF2H3,0.951
9606.ENSP00000252996,TAF4,SGF29,0.95
9606.ENSP00000252996,TAF4,ERCC3,0.948
9606.ENSP00000252996,TAF4,GTF2H5,0.946
9606.ENSP00000252996,TAF4,GTF2H2,0.946
9606.ENSP00000252996,TAF4,POLR2A,0.945
9606.ENSP00000252996,TAF4,ERCC2,0.944
9606.ENSP00000252996,TAF4,SUPT3H,0.941
9606.ENSP00000252996,TAF4,SUPT7L,0.934
9606.ENSP00000252996,TAF4,PPARGC1A,0.934
9606.ENSP00000252996,TAF4,POLR2J,0.927
9606.ENSP00000252996,TAF4,CDK7,0.923
9606.ENSP00000252996,TAF4,WDR5,0.921
9606.ENSP00000252996,TAF4,RUVBL1,0.917
9606.ENSP00000252996,TAF4,POLR2C,0.915
9606.ENSP00000252996,TAF4,TADA2A,0.914
9606.ENSP00000252996,TAF4,POLR2I,0.914
9606.ENSP00000252996,TAF4,ENY2,0.913
9606.ENSP00000252996,TAF4,PHF20,0.913
9606.ENSP00000252996,TAF4,POLR2L,0.912
9606.ENSP00000252996,TAF4,RUVBL2,0.912
9606.ENSP00000252996,TAF4,TADA3,0.912
9606.ENSP00000252996,TAF4,POLR2K,0.911
9606.ENSP00000252996,TAF4,TAF4B,0.911
9606.ENSP00000252996,TAF4,HCFC1,0.91
9606.ENSP00000252996,TAF4,CHD8,0.91
9606.ENSP00000252996,TAF4,KANSL1,0.909
9606.ENSP00000252996,TAF4,KMT2A,0.909
9606.ENSP00000252996,TAF4,CCNH,0.908
9606.ENSP00000252996,TAF4,RBBP5,0.907
9606.ENSP00000252996,TAF4,POLR2E,0.905
9606.ENSP00000252996,TAF4,POLR2G,0.905
9606.ENSP00000252996,TAF4,SENP3,0.904
9606.ENSP00000252996,TAF4,POLR2H,0.903
9606.ENSP00000252996,TAF4,MAX,0.903
9606.ENSP00000252996,TAF4,TEX10,0.902
9606.ENSP00000252996,TAF4,MGA,0.902
9606.ENSP00000252996,TAF4,PELP1,0.902
9606.ENSP00000252996,TAF4,KAT8,0.902
9606.ENSP00000252996,TAF4,E2F6,0.902
9606.ENSP00000252996,TAF4,RNF2,0.901
9606.ENSP00000252996,TAF4,LAS1L,0.901
9606.ENSP00000252996,TAF4,USP22,0.901
9606.ENSP00000252996,TAF4,ATXN7L3,0.901
9606.ENSP00000252996,TAF4,GTF2H1,0.901
9606.ENSP00000252996,TAF4,POLR2B,0.9
9606.ENSP00000252996,TAF4,INO80C,0.9
9606.ENSP00000252996,TAF4,MCRS1,0.9
9606.ENSP00000252996,TAF4,PRPF31,0.9
9606.ENSP00000252996,TAF4,C17orf49,0.9
9606.ENSP00000253024,TRIM28,SMARCAD1,0.998
9606.ENSP00000253024,TRIM28,SETDB1,0.998
9606.ENSP00000253024,TRIM28,CBX5,0.997
9606.ENSP00000253024,TRIM28,MAGEA3,0.996
9606.ENSP00000253024,TRIM28,ZNF10,0.995
9606.ENSP00000253024,TRIM28,MAGEC2,0.992
9606.ENSP00000253024,TRIM28,ZNF436,0.99
9606.ENSP00000253024,TRIM28,ZNF569,0.99
9606.ENSP00000253024,TRIM28,CBX1,0.987
9606.ENSP00000253024,TRIM28,ZNF350,0.987
9606.ENSP00000253024,TRIM28,ZFP57,0.986
9606.ENSP00000253024,TRIM28,DNMT1,0.985
9606.ENSP00000253024,TRIM28,ZNF44,0.984
9606.ENSP00000253024,TRIM28,CBX3,0.984
9606.ENSP00000253024,TRIM28,CHD3,0.983
9606.ENSP00000253024,TRIM28,ZNF629,0.982
9606.ENSP00000253024,TRIM28,ZNF501,0.981
9606.ENSP00000253024,TRIM28,ZNF763,0.981
9606.ENSP00000253024,TRIM28,ZNF274,0.978
9606.ENSP00000253024,TRIM28,ZKSCAN7,0.972
9606.ENSP00000253024,TRIM28,HDAC1,0.968
9606.ENSP00000253024,TRIM28,ZNF382,0.968
9606.ENSP00000253024,TRIM28,ZNF354C,0.962
9606.ENSP00000253024,TRIM28,TRIM24,0.962
9606.ENSP00000253024,TRIM28,ZNF93,0.961
9606.ENSP00000253024,TRIM28,UBE2I,0.96
9606.ENSP00000253024,TRIM28,DNMT3A,0.942
9606.ENSP00000253024,TRIM28,UHRF1,0.936
9606.ENSP00000253024,TRIM28,TRIM33,0.935
9606.ENSP00000253024,TRIM28,ZNF746,0.905
9606.ENSP00000253024,TRIM28,TP53,0.904
9606.ENSP00000253024,TRIM28,HDAC6,0.903
9606.ENSP00000253024,TRIM28,MDM2,0.9
9606.ENSP00000253048,ZC3H4,WDR82,0.951
9606.ENSP00000254051,TNS4,ITGB1,0.952
9606.ENSP00000254442,WDR7,DMXL2,0.992
9606.ENSP00000255305,XPO4,XPOT,0.976
9606.ENSP00000255305,XPO4,CSE1L,0.908
9606.ENSP00000255305,XPO4,XPO1,0.904
9606.ENSP00000256474,VHL,EPAS1,0.999
9606.ENSP00000256474,VHL,CUL2,0.999
9606.ENSP00000256474,VHL,RBX1,0.999
9606.ENSP00000256474,VHL,ELOB,0.999
9606.ENSP00000256474,VHL,ELOC,0.999
9606.ENSP00000256474,VHL,HIF1A,0.999
9606.ENSP00000256474,VHL,EGLN1,0.987
9606.ENSP00000256474,VHL,NEDD8,0.961
9606.ENSP00000256474,VHL,USP33,0.959
9606.ENSP00000256474,VHL,VBP1,0.958
9606.ENSP00000256474,VHL,COPS5,0.958
9606.ENSP00000256474,VHL,EGLN3,0.946
9606.ENSP00000256474,VHL,BRD4,0.939
9606.ENSP00000256474,VHL,FN1,0.927
9606.ENSP00000256474,VHL,GPS1,0.926
9606.ENSP00000256474,VHL,JADE1,0.926
9606.ENSP00000256474,VHL,HIF3A,0.926
9606.ENSP00000256474,VHL,ARNT,0.925
9606.ENSP00000256474,VHL,USP1,0.92
9606.ENSP00000256474,VHL,SMARCA4,0.917
9606.ENSP00000256474,VHL,RIPK1,0.915
9606.ENSP00000256474,VHL,HIF1AN,0.911
9606.ENSP00000256474,VHL,SMARCA2,0.91
9606.ENSP00000256474,VHL,WDR5,0.905
9606.ENSP00000256474,VHL,COPS3,0.9
9606.ENSP00000256474,VHL,EGLN2,0.9
9606.ENSP00000257566,TBX3,MAPK3,0.933
9606.ENSP00000257566,TBX3,MAPK1,0.911
9606.ENSP00000257566,TBX3,SOX2,0.907
9606.ENSP00000258439,TMEM127,SDHD,0.96
9606.ENSP00000258439,TMEM127,SDHB,0.934
9606.ENSP00000258439,TMEM127,SDHC,0.905
9606.ENSP00000258439,TMEM127,RET,0.903
9606.ENSP00000258499,USP44,CDC20,0.982
9606.ENSP00000258962,SRSF1,SRPK1,0.999
9606.ENSP00000258962,SRSF1,MAGOH,0.999
9606.ENSP00000258962,SRSF1,EIF4A3,0.999
9606.ENSP00000258962,SRSF1,SRSF10,0.999
9606.ENSP00000258962,SRSF1,RBM8A,0.998
9606.ENSP00000258962,SRSF1,U2AF2,0.998
9606.ENSP00000258962,SRSF1,SNRNP70,0.998
9606.ENSP00000258962,SRSF1,SRSF7,0.997
9606.ENSP00000258962,SRSF1,U2AF1,0.997
9606.ENSP00000258962,SRSF1,TRA2B,0.997
9606.ENSP00000258962,SRSF1,SRSF2,0.997
9606.ENSP00000258962,SRSF1,TNPO3,0.996
9606.ENSP00000258962,SRSF1,SRSF3,0.994
9606.ENSP00000258962,SRSF1,HNRNPA1,0.993
9606.ENSP00000258962,SRSF1,NXF1,0.992
9606.ENSP00000258962,SRSF1,H3C12,0.989
9606.ENSP00000258962,SRSF1,SRSF6,0.987
9606.ENSP00000258962,SRSF1,HNRNPH1,0.986
9606.ENSP00000258962,SRSF1,ALYREF,0.984
9606.ENSP00000258962,SRSF1,SRSF9,0.984
9606.ENSP00000258962,SRSF1,PTBP1,0.983
9606.ENSP00000258962,SRSF1,NCBP1,0.981
9606.ENSP00000258962,SRSF1,H3-3B,0.981
9606.ENSP00000258962,SRSF1,SF3A2,0.98
9606.ENSP00000258962,SRSF1,SNRPF,0.979
9606.ENSP00000258962,SRSF1,HNRNPC,0.977
9606.ENSP00000258962,SRSF1,SRPK2,0.973
9606.ENSP00000258962,SRSF1,SRSF4,0.973
9606.ENSP00000258962,SRSF1,SNRPD2,0.972
9606.ENSP00000258962,SRSF1,HNRNPA2B1,0.972
9606.ENSP00000258962,SRSF1,HNRNPF,0.97
9606.ENSP00000258962,SRSF1,PSIP1,0.969
9606.ENSP00000258962,SRSF1,SF3A1,0.967
9606.ENSP00000258962,SRSF1,SNRPE,0.967
9606.ENSP00000258962,SRSF1,HNRNPK,0.966
9606.ENSP00000258962,SRSF1,SNRPG,0.965
9606.ENSP00000258962,SRSF1,EFTUD2,0.964
9606.ENSP00000258962,SRSF1,SRRM1,0.964
9606.ENSP00000258962,SRSF1,SNRPD3,0.962
9606.ENSP00000258962,SRSF1,SNRPD1,0.959
9606.ENSP00000258962,SRSF1,CDC5L,0.957
9606.ENSP00000258962,SRSF1,HNRNPM,0.956
9606.ENSP00000258962,SRSF1,RNPS1,0.955
9606.ENSP00000258962,SRSF1,H3-5,0.954
9606.ENSP00000258962,SRSF1,H3-4,0.954
9606.ENSP00000258962,SRSF1,H3-2,0.954
9606.ENSP00000258962,SRSF1,SF3B1,0.952
9606.ENSP00000258962,SRSF1,H3C13,0.952
9606.ENSP00000258962,SRSF1,HNRNPU,0.951
9606.ENSP00000258962,SRSF1,PRPF8,0.948
9606.ENSP00000258962,SRSF1,PABPN1,0.946
9606.ENSP00000258962,SRSF1,HNRNPL,0.945
9606.ENSP00000258962,SRSF1,NCBP2,0.944
9606.ENSP00000258962,SRSF1,HNRNPA0,0.943
9606.ENSP00000258962,SRSF1,RBMX,0.943
9606.ENSP00000258962,SRSF1,SNRPB2,0.943
9606.ENSP00000258962,SRSF1,SRSF11,0.942
9606.ENSP00000258962,SRSF1,SF3B3,0.941
9606.ENSP00000258962,SRSF1,HNRNPR,0.935
9606.ENSP00000258962,SRSF1,TRA2A,0.934
9606.ENSP00000258962,SRSF1,PHF5A,0.931
9606.ENSP00000258962,SRSF1,CLK1,0.93
9606.ENSP00000258962,SRSF1,TCERG1,0.927
9606.ENSP00000258962,SRSF1,SF3B2,0.926
9606.ENSP00000258962,SRSF1,SNRPB,0.925
9606.ENSP00000258962,SRSF1,ZRSR2,0.924
9606.ENSP00000258962,SRSF1,SNRNP200,0.921
9606.ENSP00000258962,SRSF1,HNRNPA3,0.918
9606.ENSP00000258962,SRSF1,SYNCRIP,0.917
9606.ENSP00000258962,SRSF1,SRSF5,0.917
9606.ENSP00000258962,SRSF1,ELAVL1,0.917
9606.ENSP00000258962,SRSF1,SNIP1,0.915
9606.ENSP00000258962,SRSF1,DDX39B,0.914
9606.ENSP00000258962,SRSF1,SF3B5,0.913
9606.ENSP00000258962,SRSF1,TOP1,0.912
9606.ENSP00000258962,SRSF1,TARDBP,0.912
9606.ENSP00000258962,SRSF1,SF3B6,0.908
9606.ENSP00000258962,SRSF1,SNRPA1,0.908
9606.ENSP00000258962,SRSF1,SF3A3,0.907
9606.ENSP00000258962,SRSF1,LSM3,0.906
9606.ENSP00000258962,SRSF1,CPSF6,0.904
9606.ENSP00000258962,SRSF1,PAPOLA,0.904
9606.ENSP00000259339,TOR1B,TOR1A,0.917
9606.ENSP00000259339,TOR1B,TOR1AIP2,0.905
9606.ENSP00000260010,TLR2,TLR6,0.999
9606.ENSP00000260010,TLR2,TLR1,0.999
9606.ENSP00000260010,TLR2,TIRAP,0.999
9606.ENSP00000260010,TLR2,MYD88,0.999
9606.ENSP00000260010,TLR2,TLR4,0.999
9606.ENSP00000260010,TLR2,HSPA1B,0.998
9606.ENSP00000260010,TLR2,CLEC7A,0.998
9606.ENSP00000260010,TLR2,HMGB1,0.998
9606.ENSP00000260010,TLR2,CD36,0.998
9606.ENSP00000260010,TLR2,TOLLIP,0.997
9606.ENSP00000260010,TLR2,LY96,0.997
9606.ENSP00000260010,TLR2,SCARB2,0.996
9606.ENSP00000260010,TLR2,SCARB1,0.996
9606.ENSP00000260010,TLR2,NFKB1,0.992
9606.ENSP00000260010,TLR2,HSPA4,0.992
9606.ENSP00000260010,TLR2,CD14,0.992
9606.ENSP00000260010,TLR2,TLR10,0.992
9606.ENSP00000260010,TLR2,DCN,0.99
9606.ENSP00000260010,TLR2,BGN,0.989
9606.ENSP00000260010,TLR2,TICAM2,0.989
9606.ENSP00000260010,TLR2,NOD2,0.983
9606.ENSP00000260010,TLR2,HSP90AA1,0.982
9606.ENSP00000260010,TLR2,HSP90AB1,0.982
9606.ENSP00000260010,TLR2,TLR5,0.982
9606.ENSP00000260010,TLR2,HSP90B1,0.977
9606.ENSP00000260010,TLR2,HSPD1,0.976
9606.ENSP00000260010,TLR2,TICAM1,0.975
9606.ENSP00000260010,TLR2,IL1B,0.969
9606.ENSP00000260010,TLR2,APOC3,0.963
9606.ENSP00000260010,TLR2,FSTL1,0.963
9606.ENSP00000260010,TLR2,IRAK1,0.962
9606.ENSP00000260010,TLR2,TLR9,0.961
9606.ENSP00000260010,TLR2,RELA,0.956
9606.ENSP00000260010,TLR2,IL10,0.956
9606.ENSP00000260010,TLR2,HSPA8,0.953
9606.ENSP00000260010,TLR2,TNF,0.951
9606.ENSP00000260010,TLR2,LGALS3,0.948
9606.ENSP00000260010,TLR2,IL6,0.942
9606.ENSP00000260010,TLR2,IRAK4,0.935
9606.ENSP00000260010,TLR2,EGFR,0.933
9606.ENSP00000260010,TLR2,HSPA6,0.926
9606.ENSP00000260010,TLR2,VCAN,0.923
9606.ENSP00000260010,TLR2,C5AR1,0.922
9606.ENSP00000260010,TLR2,IFNG,0.918
9606.ENSP00000260010,TLR2,FN1,0.917
9606.ENSP00000260010,TLR2,HSPA9,0.914
9606.ENSP00000260010,TLR2,CD40,0.911
9606.ENSP00000260010,TLR2,IFNB1,0.91
9606.ENSP00000260010,TLR2,HSPA1L,0.91
9606.ENSP00000260010,TLR2,TRAF6,0.909
9606.ENSP00000260010,TLR2,HSPA2,0.909
9606.ENSP00000260010,TLR2,SNCA,0.906
9606.ENSP00000260010,TLR2,CXCL10,0.902
9606.ENSP00000260045,THAP12,THAP7,0.912
9606.ENSP00000260045,THAP12,DNAJC3,0.907
9606.ENSP00000260045,THAP12,THAP11,0.905
9606.ENSP00000260045,THAP12,THAP4,0.905
9606.ENSP00000260128,SULF1,SLCO5A1,0.925
9606.ENSP00000260129,TGS1,SNRPF,0.988
9606.ENSP00000260129,TGS1,NCOA6,0.986
9606.ENSP00000260129,TGS1,SNRPE,0.985
9606.ENSP00000260129,TGS1,SNRPD2,0.982
9606.ENSP00000260129,TGS1,SNRPG,0.98
9606.ENSP00000260323,UNC13C,RIMS2,0.966
9606.ENSP00000260323,UNC13C,UNC13A,0.909
9606.ENSP00000260323,UNC13C,UNC13B,0.904
9606.ENSP00000260356,THBS1,FN1,0.999
9606.ENSP00000260356,THBS1,CD47,0.999
9606.ENSP00000260356,THBS1,CD36,0.999
9606.ENSP00000260356,THBS1,SCARB2,0.997
9606.ENSP00000260356,THBS1,MMP9,0.997
9606.ENSP00000260356,THBS1,SCARB1,0.994
9606.ENSP00000260356,THBS1,ITGB1,0.989
9606.ENSP00000260356,THBS1,SDC1,0.989
9606.ENSP00000260356,THBS1,CALR,0.988
9606.ENSP00000260356,THBS1,TGFB1,0.985
9606.ENSP00000260356,THBS1,MMP2,0.985
9606.ENSP00000260356,THBS1,ITGB3,0.984
9606.ENSP00000260356,THBS1,ITGAV,0.981
9606.ENSP00000260356,THBS1,SDC4,0.977
9606.ENSP00000260356,THBS1,LTBP1,0.967
9606.ENSP00000260356,THBS1,ITGA3,0.965
9606.ENSP00000260356,THBS1,LRP1,0.958
9606.ENSP00000260356,THBS1,ID1,0.957
9606.ENSP00000260356,THBS1,ITGA2B,0.94
9606.ENSP00000260356,THBS1,VLDLR,0.907
9606.ENSP00000260356,THBS1,FGA,0.903
9606.ENSP00000261015,WDR12,NIP7,0.999
9606.ENSP00000261015,WDR12,PES1,0.999
9606.ENSP00000261015,WDR12,BOP1,0.999
9606.ENSP00000261015,WDR12,RSL24D1,0.998
9606.ENSP00000261015,WDR12,WDR74,0.998
9606.ENSP00000261015,WDR12,BRIX1,0.998
9606.ENSP00000261015,WDR12,NIFK,0.998
9606.ENSP00000261015,WDR12,EBNA1BP2,0.998
9606.ENSP00000261015,WDR12,MAK16,0.998
9606.ENSP00000261015,WDR12,RSL1D1,0.998
9606.ENSP00000261015,WDR12,GTPBP4,0.997
9606.ENSP00000261015,WDR12,NOC2L,0.997
9606.ENSP00000261015,WDR12,DDX18,0.997
9606.ENSP00000261015,WDR12,NSA2,0.997
9606.ENSP00000261015,WDR12,MRTO4,0.997
9606.ENSP00000261015,WDR12,FTSJ3,0.996
9606.ENSP00000261015,WDR12,MDN1,0.994
9606.ENSP00000261015,WDR12,RPF2,0.994
9606.ENSP00000261015,WDR12,NOC3L,0.992
9606.ENSP00000261015,WDR12,RPF1,0.992
9606.ENSP00000261015,WDR12,IMP4,0.99
9606.ENSP00000261015,WDR12,EIF6,0.989
9606.ENSP00000261015,WDR12,GNL3,0.988
9606.ENSP00000261015,WDR12,IMP3,0.986
9606.ENSP00000261015,WDR12,RRP1B,0.979
9606.ENSP00000261015,WDR12,DDX55,0.977
9606.ENSP00000261015,WDR12,NOP2,0.975
9606.ENSP00000261015,WDR12,RRS1,0.974
9606.ENSP00000261015,WDR12,NOP58,0.974
9606.ENSP00000261015,WDR12,RRP1,0.971
9606.ENSP00000261015,WDR12,GNL2,0.969
9606.ENSP00000261015,WDR12,WDR43,0.967
9606.ENSP00000261015,WDR12,RPL23A,0.967
9606.ENSP00000261015,WDR12,WDR18,0.966
9606.ENSP00000261015,WDR12,KCTD19,0.963
9606.ENSP00000261015,WDR12,RPL27,0.961
9606.ENSP00000261015,WDR12,GNL3L,0.959
9606.ENSP00000261015,WDR12,RPL35,0.957
9606.ENSP00000261015,WDR12,DDX27,0.955
9606.ENSP00000261015,WDR12,WDR3,0.954
9606.ENSP00000261015,WDR12,RPL31,0.953
9606.ENSP00000261015,WDR12,RPL7A,0.952
9606.ENSP00000261015,WDR12,NMD3,0.95
9606.ENSP00000261015,WDR12,RPL3,0.95
9606.ENSP00000261015,WDR12,WDR36,0.948
9606.ENSP00000261015,WDR12,TSR1,0.948
9606.ENSP00000261015,WDR12,NSUN6,0.947
9606.ENSP00000261015,WDR12,DKC1,0.947
9606.ENSP00000261015,WDR12,RPL4,0.947
9606.ENSP00000261015,WDR12,RPLP0,0.946
9606.ENSP00000261015,WDR12,RCL1,0.945
9606.ENSP00000261015,WDR12,RPL7L1,0.945
9606.ENSP00000261015,WDR12,RPL6,0.945
9606.ENSP00000261015,WDR12,NOP14,0.944
9606.ENSP00000261015,WDR12,RPL35A,0.943
9606.ENSP00000261015,WDR12,RPL7,0.943
9606.ENSP00000261015,WDR12,RPL27A,0.942
9606.ENSP00000261015,WDR12,RPL13,0.942
9606.ENSP00000261015,WDR12,DDX24,0.94
9606.ENSP00000261015,WDR12,RPL38,0.94
9606.ENSP00000261015,WDR12,DDX47,0.94
9606.ENSP00000261015,WDR12,RPL14,0.939
9606.ENSP00000261015,WDR12,UTP4,0.939
9606.ENSP00000261015,WDR12,RPL34,0.938
9606.ENSP00000261015,WDR12,PWP2,0.937
9606.ENSP00000261015,WDR12,RPL23,0.937
9606.ENSP00000261015,WDR12,EMG1,0.936
9606.ENSP00000261015,WDR12,RPL36,0.934
9606.ENSP00000261015,WDR12,RPL37,0.933
9606.ENSP00000261015,WDR12,DDX52,0.933
9606.ENSP00000261015,WDR12,RPL18,0.932
9606.ENSP00000261015,WDR12,RPL30,0.93
9606.ENSP00000261015,WDR12,RPL15,0.93
9606.ENSP00000261015,WDR12,RPL19,0.929
9606.ENSP00000261015,WDR12,RPL9,0.928
9606.ENSP00000261015,WDR12,RPL32,0.927
9606.ENSP00000261015,WDR12,RPL21,0.927
9606.ENSP00000261015,WDR12,LOC102724159,0.925
9606.ENSP00000261015,WDR12,WDR75,0.925
9606.ENSP00000261015,WDR12,NOC4L,0.925
9606.ENSP00000261015,WDR12,UTP18,0.923
9606.ENSP00000261015,WDR12,RPL18A,0.923
9606.ENSP00000261015,WDR12,DDX10,0.921
9606.ENSP00000261015,WDR12,WDR46,0.921
9606.ENSP00000261015,WDR12,WDR55,0.918
9606.ENSP00000261015,WDR12,RPL3L,0.917
9606.ENSP00000261015,WDR12,DDX56,0.917
9606.ENSP00000261015,WDR12,RBM28,0.917
9606.ENSP00000261015,WDR12,RRP9,0.916
9606.ENSP00000261015,WDR12,RPL26,0.916
9606.ENSP00000261015,WDR12,PDCD11,0.91
9606.ENSP00000261015,WDR12,GRWD1,0.908
9606.ENSP00000261015,WDR12,HEATR1,0.908
9606.ENSP00000261015,WDR12,RRP15,0.907
9606.ENSP00000261015,WDR12,RPL26L1,0.905
9606.ENSP00000261015,WDR12,PA2G4,0.905
9606.ENSP00000261015,WDR12,RBM19,0.902
9606.ENSP00000261015,WDR12,DDX49,0.9
9606.ENSP00000261167,WBP11,PQBP1,0.994
9606.ENSP00000261167,WBP11,SRRM1,0.977
9606.ENSP00000261167,WBP11,UBL5,0.974
9606.ENSP00000261167,WBP11,CDC5L,0.974
9606.ENSP00000261167,WBP11,MFAP1,0.972
9606.ENSP00000261167,WBP11,PRPF38A,0.971
9606.ENSP00000261167,WBP11,TCERG1,0.971
9606.ENSP00000261167,WBP11,ZMAT2,0.968
9606.ENSP00000261167,WBP11,CWC15,0.963
9606.ENSP00000261167,WBP11,PLRG1,0.963
9606.ENSP00000261167,WBP11,WBP4,0.935
9606.ENSP00000261167,WBP11,CTNNBL1,0.927
9606.ENSP00000261167,WBP11,SF3A2,0.927
9606.ENSP00000261167,WBP11,DDX5,0.922
9606.ENSP00000261167,WBP11,LSM3,0.905
9606.ENSP00000261167,WBP11,LSM4,0.902
9606.ENSP00000261167,WBP11,LSM8,0.902
9606.ENSP00000261180,TRHDE,TRH,0.933
9606.ENSP00000261296,TGDS,UGDH,0.967
9606.ENSP00000261367,SNCAIP,PRKN,0.999
9606.ENSP00000261367,SNCAIP,SNCA,0.999
9606.ENSP00000261367,SNCAIP,SIAH1,0.98
9606.ENSP00000261405,VWF,F8,0.999
9606.ENSP00000261405,VWF,GP1BA,0.999
9606.ENSP00000261405,VWF,SELP,0.999
9606.ENSP00000261405,VWF,ITGA2B,0.999
9606.ENSP00000261405,VWF,ITGB3,0.998
9606.ENSP00000261405,VWF,GP9,0.998
9606.ENSP00000261405,VWF,FN1,0.998
9606.ENSP00000261405,VWF,GP1BB,0.998
9606.ENSP00000261405,VWF,ADAMTS13,0.997
9606.ENSP00000261405,VWF,GP6,0.997
9606.ENSP00000261405,VWF,GP5,0.996
9606.ENSP00000261405,VWF,ITGAV,0.986
9606.ENSP00000261405,VWF,F3,0.98
9606.ENSP00000261405,VWF,F10,0.978
9606.ENSP00000261405,VWF,VTN,0.966
9606.ENSP00000261405,VWF,F2,0.966
9606.ENSP00000261405,VWF,CXCL8,0.962
9606.ENSP00000261405,VWF,PLAT,0.934
9606.ENSP00000261405,VWF,PF4,0.932
9606.ENSP00000261405,VWF,CLDN5,0.92
9606.ENSP00000261405,VWF,PECAM1,0.918
9606.ENSP00000261405,VWF,F9,0.915
9606.ENSP00000261405,VWF,THBD,0.912
9606.ENSP00000261405,VWF,F7,0.911
9606.ENSP00000261405,VWF,ANGPT2,0.903
9606.ENSP00000261464,TRAF5,BIRC2,0.999
9606.ENSP00000261464,TRAF5,TRAF6,0.999
9606.ENSP00000261464,TRAF5,TRADD,0.999
9606.ENSP00000261464,TRAF5,RIPK1,0.999
9606.ENSP00000261464,TRAF5,TNFRSF1A,0.999
9606.ENSP00000261464,TRAF5,TRAF2,0.998
9606.ENSP00000261464,TRAF5,TRAF3,0.998
9606.ENSP00000261464,TRAF5,BIRC3,0.997
9606.ENSP00000261464,TRAF5,TBK1,0.997
9606.ENSP00000261464,TRAF5,LTBR,0.996
9606.ENSP00000261464,TRAF5,CD40,0.993
9606.ENSP00000261464,TRAF5,TNFRSF14,0.992
9606.ENSP00000261464,TRAF5,MAVS,0.975
9606.ENSP00000261464,TRAF5,MAP3K7,0.974
9606.ENSP00000261464,TRAF5,RIPK2,0.972
9606.ENSP00000261464,TRAF5,TNFRSF8,0.969
9606.ENSP00000261464,TRAF5,IKBKG,0.967
9606.ENSP00000261464,TRAF5,TAB2,0.964
9606.ENSP00000261464,TRAF5,IKBKB,0.959
9606.ENSP00000261464,TRAF5,CHUK,0.959
9606.ENSP00000261464,TRAF5,TAB3,0.955
9606.ENSP00000261464,TRAF5,UBE2N,0.949
9606.ENSP00000261464,TRAF5,TAB1,0.948
9606.ENSP00000261464,TRAF5,MAP3K14,0.945
9606.ENSP00000261464,TRAF5,RNF31,0.935
9606.ENSP00000261464,TRAF5,XIAP,0.931
9606.ENSP00000261464,TRAF5,SHARPIN,0.931
9606.ENSP00000261464,TRAF5,RBCK1,0.93
9606.ENSP00000261464,TRAF5,MAP2K7,0.919
9606.ENSP00000261464,TRAF5,MAP2K3,0.918
9606.ENSP00000261464,TRAF5,MAP2K6,0.917
9606.ENSP00000261464,TRAF5,UBE2V2,0.915
9606.ENSP00000261464,TRAF5,FADD,0.912
9606.ENSP00000261503,SPECC1,SH2D3C,0.927
9606.ENSP00000261503,SPECC1,SH2D3A,0.912
9606.ENSP00000261503,SPECC1,HDAC2,0.904
9606.ENSP00000261637,UTP20,WDR46,0.999
9606.ENSP00000261637,UTP20,KRR1,0.999
9606.ENSP00000261637,UTP20,NOC4L,0.999
9606.ENSP00000261637,UTP20,NOP58,0.999
9606.ENSP00000261637,UTP20,UTP4,0.999
9606.ENSP00000261637,UTP20,HEATR1,0.999
9606.ENSP00000261637,UTP20,WDR75,0.999
9606.ENSP00000261637,UTP20,NOP14,0.999
9606.ENSP00000261637,UTP20,WDR3,0.999
9606.ENSP00000261637,UTP20,NAT10,0.999
9606.ENSP00000261637,UTP20,NOL6,0.999
9606.ENSP00000261637,UTP20,BMS1,0.999
9606.ENSP00000261637,UTP20,PDCD11,0.999
9606.ENSP00000261637,UTP20,WDR36,0.999
9606.ENSP00000261637,UTP20,TBL3,0.999
9606.ENSP00000261637,UTP20,BYSL,0.998
9606.ENSP00000261637,UTP20,UTP14A,0.998
9606.ENSP00000261637,UTP20,UTP15,0.998
9606.ENSP00000261637,UTP20,UTP6,0.998
9606.ENSP00000261637,UTP20,DCAF13,0.998
9606.ENSP00000261637,UTP20,FCF1,0.998
9606.ENSP00000261637,UTP20,IMP4,0.998
9606.ENSP00000261637,UTP20,WDR43,0.998
9606.ENSP00000261637,UTP20,UTP11,0.998
9606.ENSP00000261637,UTP20,PWP2,0.998
9606.ENSP00000261637,UTP20,RCL1,0.998
9606.ENSP00000261637,UTP20,RRP9,0.998
9606.ENSP00000261637,UTP20,UTP3,0.998
9606.ENSP00000261637,UTP20,NOP56,0.997
9606.ENSP00000261637,UTP20,EMG1,0.997
9606.ENSP00000261637,UTP20,UTP18,0.997
9606.ENSP00000261637,UTP20,MPHOSPH10,0.997
9606.ENSP00000261637,UTP20,RPS6,0.996
9606.ENSP00000261637,UTP20,NOL10,0.996
9606.ENSP00000261637,UTP20,RRP7A,0.996
9606.ENSP00000261637,UTP20,NGDN,0.995
9606.ENSP00000261637,UTP20,FBL,0.995
9606.ENSP00000261637,UTP20,RPS7,0.995
9606.ENSP00000261637,UTP20,AATF,0.995
9606.ENSP00000261637,UTP20,SNU13,0.995
9606.ENSP00000261637,UTP20,RPS9,0.995
9606.ENSP00000261637,UTP20,IMP3,0.994
9606.ENSP00000261637,UTP20,RPS14,0.992
9606.ENSP00000261637,UTP20,RPS13,0.99
9606.ENSP00000261637,UTP20,DNTTIP2,0.989
9606.ENSP00000261637,UTP20,RSL1D1,0.986
9606.ENSP00000261637,UTP20,RPS24,0.985
9606.ENSP00000261637,UTP20,RPS8,0.985
9606.ENSP00000261637,UTP20,RPS5,0.985
9606.ENSP00000261637,UTP20,RPS3A,0.984
9606.ENSP00000261637,UTP20,LOC102724159,0.983
9606.ENSP00000261637,UTP20,RPS23,0.982
9606.ENSP00000261637,UTP20,RPS16,0.981
9606.ENSP00000261637,UTP20,RPS28,0.981
9606.ENSP00000261637,UTP20,PNO1,0.98
9606.ENSP00000261637,UTP20,RPS11,0.98
9606.ENSP00000261637,UTP20,NOL11,0.979
9606.ENSP00000261637,UTP20,RPS19,0.976
9606.ENSP00000261637,UTP20,RPS18,0.976
9606.ENSP00000261637,UTP20,DHX37,0.975
9606.ENSP00000261637,UTP20,RPS27,0.971
9606.ENSP00000261637,UTP20,UTP14C,0.97
9606.ENSP00000261637,UTP20,CEBPZ,0.968
9606.ENSP00000261637,UTP20,RRP12,0.964
9606.ENSP00000261637,UTP20,EXOSC10,0.963
9606.ENSP00000261637,UTP20,POLR1A,0.96
9606.ENSP00000261637,UTP20,DDX52,0.954
9606.ENSP00000261637,UTP20,RPS15A,0.954
9606.ENSP00000261637,UTP20,FBLL1,0.946
9606.ENSP00000261637,UTP20,EXOSC9,0.937
9606.ENSP00000261637,UTP20,RPS12,0.935
9606.ENSP00000261637,UTP20,NOC2L,0.929
9606.ENSP00000261637,UTP20,DIMT1,0.928
9606.ENSP00000261637,UTP20,RPS4X,0.921
9606.ENSP00000261637,UTP20,URB1,0.915
9606.ENSP00000261637,UTP20,BOP1,0.914
9606.ENSP00000261637,UTP20,UTP25,0.905
9606.ENSP00000261637,UTP20,MTREX,0.9
9606.ENSP00000261881,TIPIN,GINS4,0.999
9606.ENSP00000261881,TIPIN,TIMELESS,0.999
9606.ENSP00000261881,TIPIN,MCM7,0.999
9606.ENSP00000261881,TIPIN,CLSPN,0.999
9606.ENSP00000261881,TIPIN,WDHD1,0.999
9606.ENSP00000261881,TIPIN,MCM2,0.998
9606.ENSP00000261881,TIPIN,MCM4,0.997
9606.ENSP00000261881,TIPIN,RPA1,0.997
9606.ENSP00000261881,TIPIN,RPA3,0.997
9606.ENSP00000261881,TIPIN,GINS1,0.996
9606.ENSP00000261881,TIPIN,PRIMPOL,0.996
9606.ENSP00000261881,TIPIN,RPA2,0.996
9606.ENSP00000261881,TIPIN,CDC45,0.996
9606.ENSP00000261881,TIPIN,MCM6,0.993
9606.ENSP00000261881,TIPIN,MCM3,0.993
9606.ENSP00000261881,TIPIN,GINS3,0.993
9606.ENSP00000261881,TIPIN,MCM5,0.989
9606.ENSP00000261881,TIPIN,POLE2,0.977
9606.ENSP00000261881,TIPIN,GINS2,0.976
9606.ENSP00000261881,TIPIN,POLE,0.953
9606.ENSP00000261881,TIPIN,MCM10,0.951
9606.ENSP00000261881,TIPIN,CHEK1,0.948
9606.ENSP00000261881,TIPIN,MRC1,0.911
9606.ENSP00000261881,TIPIN,RECQL4,0.908
9606.ENSP00000262209,TRPA1,TRPV1,0.991
9606.ENSP00000262209,TRPA1,TRPM8,0.984
9606.ENSP00000262209,TRPA1,PRKCE,0.95
9606.ENSP00000262209,TRPA1,KNG1,0.928
9606.ENSP00000262209,TRPA1,NGF,0.916
9606.ENSP00000262209,TRPA1,HIF1AN,0.9
9606.ENSP00000262238,YY1,EP300,0.999
9606.ENSP00000262238,YY1,HDAC1,0.999
9606.ENSP00000262238,YY1,HDAC2,0.999
9606.ENSP00000262238,YY1,EZH2,0.998
9606.ENSP00000262238,YY1,RYBP,0.998
9606.ENSP00000262238,YY1,PPARGC1A,0.995
9606.ENSP00000262238,YY1,SUZ12,0.993
9606.ENSP00000262238,YY1,INO80,0.992
9606.ENSP00000262238,YY1,CTCF,0.991
9606.ENSP00000262238,YY1,UCHL5,0.99
9606.ENSP00000262238,YY1,RUVBL1,0.99
9606.ENSP00000262238,YY1,RUVBL2,0.988
9606.ENSP00000262238,YY1,INO80C,0.987
9606.ENSP00000262238,YY1,RING1,0.987
9606.ENSP00000262238,YY1,ACTR8,0.986
9606.ENSP00000262238,YY1,INO80E,0.984
9606.ENSP00000262238,YY1,ACTR5,0.984
9606.ENSP00000262238,YY1,NFRKB,0.982
9606.ENSP00000262238,YY1,YAF2,0.979
9606.ENSP00000262238,YY1,ACTL6A,0.977
9606.ENSP00000262238,YY1,NCL,0.974
9606.ENSP00000262238,YY1,MBTD1,0.973
9606.ENSP00000262238,YY1,TFPT,0.972
9606.ENSP00000262238,YY1,MCRS1,0.966
9606.ENSP00000262238,YY1,INO80B,0.962
9606.ENSP00000262238,YY1,BMI1,0.96
9606.ENSP00000262238,YY1,MYC,0.958
9606.ENSP00000262238,YY1,CREBBP,0.951
9606.ENSP00000262238,YY1,HDAC4,0.947
9606.ENSP00000262238,YY1,TP53,0.942
9606.ENSP00000262238,YY1,PCGF2,0.941
9606.ENSP00000262238,YY1,KAT5,0.938
9606.ENSP00000262238,YY1,SIRT1,0.936
9606.ENSP00000262238,YY1,FOS,0.933
9606.ENSP00000262238,YY1,TRRAP,0.932
9606.ENSP00000262238,YY1,NCOR1,0.931
9606.ENSP00000262238,YY1,INO80D,0.925
9606.ENSP00000262238,YY1,EP400,0.925
9606.ENSP00000262238,YY1,POU5F1,0.917
9606.ENSP00000262238,YY1,ACTB,0.916
9606.ENSP00000262238,YY1,HCFC1,0.913
9606.ENSP00000262238,YY1,ING3,0.913
9606.ENSP00000262238,YY1,BRD8,0.909
9606.ENSP00000262238,YY1,ANP32E,0.906
9606.ENSP00000262238,YY1,RAD21,0.902
9606.ENSP00000262435,SMURF2,SMAD7,0.999
9606.ENSP00000262435,SMURF2,TGFBR1,0.999
9606.ENSP00000262435,SMURF2,SMAD2,0.999
9606.ENSP00000262435,SMURF2,SMAD6,0.998
9606.ENSP00000262435,SMURF2,SMAD3,0.997
9606.ENSP00000262435,SMURF2,UBC,0.995
9606.ENSP00000262435,SMURF2,RPS27A,0.993
9606.ENSP00000262435,SMURF2,SMURF1,0.988
9606.ENSP00000262435,SMURF2,USP15,0.985
9606.ENSP00000262435,SMURF2,UBE2L3,0.984
9606.ENSP00000262435,SMURF2,RNF11,0.982
9606.ENSP00000262435,SMURF2,TGFBR2,0.981
9606.ENSP00000262435,SMURF2,UBA52,0.976
9606.ENSP00000262435,SMURF2,UBB,0.973
9606.ENSP00000262435,SMURF2,SMAD4,0.959
9606.ENSP00000262435,SMURF2,SMAD5,0.954
9606.ENSP00000262435,SMURF2,PTCH1,0.951
9606.ENSP00000262435,SMURF2,UBE2D1,0.939
9606.ENSP00000262435,SMURF2,SMAD1,0.937
9606.ENSP00000262435,SMURF2,UBE2D3,0.929
9606.ENSP00000262435,SMURF2,PTCH2,0.919
9606.ENSP00000262435,SMURF2,RHOA,0.9
9606.ENSP00000262518,SRCAP,RUVBL2,0.999
9606.ENSP00000262518,SRCAP,ACTR6,0.999
9606.ENSP00000262518,SRCAP,RUVBL1,0.999
9606.ENSP00000262518,SRCAP,H2AZ1,0.998
9606.ENSP00000262518,SRCAP,VPS72,0.997
9606.ENSP00000262518,SRCAP,ZNHIT1,0.995
9606.ENSP00000262518,SRCAP,DMAP1,0.992
9606.ENSP00000262518,SRCAP,YEATS4,0.989
9606.ENSP00000262518,SRCAP,KAT5,0.984
9606.ENSP00000262518,SRCAP,CFDP1,0.97
9606.ENSP00000262518,SRCAP,ACTL6A,0.959
9606.ENSP00000262518,SRCAP,CREBBP,0.944
9606.ENSP00000262518,SRCAP,TRRAP,0.93
9606.ENSP00000262518,SRCAP,EP300,0.911
9606.ENSP00000262518,SRCAP,H2AZ2,0.904
9606.ENSP00000262518,SRCAP,EP400,0.903
9606.ENSP00000262715,TEP1,PARP4,0.999
9606.ENSP00000262715,TEP1,TERT,0.999
9606.ENSP00000262715,TEP1,MVP,0.998
9606.ENSP00000262715,TEP1,DKC1,0.959
9606.ENSP00000262715,TEP1,TRRAP,0.952
9606.ENSP00000262715,TEP1,TADA3,0.946
9606.ENSP00000262715,TEP1,PTGES3,0.946
9606.ENSP00000262715,TEP1,SUPT3H,0.945
9606.ENSP00000262715,TEP1,WRAP53,0.942
9606.ENSP00000262715,TEP1,NHP2,0.933
9606.ENSP00000262715,TEP1,NOP10,0.926
9606.ENSP00000262715,TEP1,TAF12,0.926
9606.ENSP00000262715,TEP1,TAF10,0.925
9606.ENSP00000262715,TEP1,NVL,0.91
9606.ENSP00000262715,TEP1,GAR1,0.907
9606.ENSP00000262887,XRCC1,LIG3,0.999
9606.ENSP00000262887,XRCC1,APLF,0.999
9606.ENSP00000262887,XRCC1,APTX,0.999
9606.ENSP00000262887,XRCC1,PNKP,0.999
9606.ENSP00000262887,XRCC1,PARP1,0.999
9606.ENSP00000262887,XRCC1,APEX1,0.999
9606.ENSP00000262887,XRCC1,POLB,0.999
9606.ENSP00000262887,XRCC1,OGG1,0.997
9606.ENSP00000262887,XRCC1,LIG1,0.997
9606.ENSP00000262887,XRCC1,PARP2,0.994
9606.ENSP00000262887,XRCC1,NEIL2,0.993
9606.ENSP00000262887,XRCC1,TDP1,0.989
9606.ENSP00000262887,XRCC1,XRCC6,0.985
9606.ENSP00000262887,XRCC1,ERCC2,0.985
9606.ENSP00000262887,XRCC1,NEIL1,0.984
9606.ENSP00000262887,XRCC1,NTHL1,0.978
9606.ENSP00000262887,XRCC1,ERCC1,0.967
9606.ENSP00000262887,XRCC1,PRKDC,0.963
9606.ENSP00000262887,XRCC1,FEN1,0.946
9606.ENSP00000262887,XRCC1,XRCC4,0.94
9606.ENSP00000262887,XRCC1,LIG4,0.928
9606.ENSP00000262887,XRCC1,XRCC5,0.92
9606.ENSP00000262887,XRCC1,RBBP8,0.912
9606.ENSP00000262887,XRCC1,XRCC3,0.911
9606.ENSP00000262887,XRCC1,POLE,0.911
9606.ENSP00000262887,XRCC1,TP53BP1,0.907
9606.ENSP00000262887,XRCC1,POLD1,0.904
9606.ENSP00000262887,XRCC1,MRE11,0.902
9606.ENSP00000262965,TCF3,TAL1,0.999
9606.ENSP00000262965,TCF3,LDB1,0.997
9606.ENSP00000262965,TCF3,LMO2,0.996
9606.ENSP00000262965,TCF3,LYL1,0.996
9606.ENSP00000262965,TCF3,GATA1,0.995
9606.ENSP00000262965,TCF3,MYOD1,0.993
9606.ENSP00000262965,TCF3,LDB2,0.992
9606.ENSP00000262965,TCF3,ID2,0.987
9606.ENSP00000262965,TCF3,RUNX1,0.975
9606.ENSP00000262965,TCF3,ID1,0.973
9606.ENSP00000262965,TCF3,MYOG,0.97
9606.ENSP00000262965,TCF3,NEUROD1,0.964
9606.ENSP00000262965,TCF3,PBX1,0.963
9606.ENSP00000262965,TCF3,CTNNB1,0.958
9606.ENSP00000262965,TCF3,ID3,0.951
9606.ENSP00000262965,TCF3,EBF1,0.948
9606.ENSP00000262965,TCF3,EP300,0.941
9606.ENSP00000262965,TCF3,MYF5,0.936
9606.ENSP00000262965,TCF3,CBFB,0.932
9606.ENSP00000262965,TCF3,MYF6,0.925
9606.ENSP00000262965,TCF3,CREBBP,0.917
9606.ENSP00000262965,TCF3,TCF4,0.909
9606.ENSP00000263054,SORCS1,SORT1,0.917
9606.ENSP00000263073,SMG6,UPF1,0.999
9606.ENSP00000263073,SMG6,SMG5,0.996
9606.ENSP00000263073,SMG6,SMG7,0.992
9606.ENSP00000263073,SMG6,UPF3A,0.985
9606.ENSP00000263073,SMG6,TERT,0.984
9606.ENSP00000263073,SMG6,SMG1,0.966
9606.ENSP00000263073,SMG6,UPF2,0.953
9606.ENSP00000263073,SMG6,SMG9,0.944
9606.ENSP00000263073,SMG6,SMG8,0.937
9606.ENSP00000263073,SMG6,PABPC1,0.932
9606.ENSP00000263073,SMG6,UPF3B,0.903
9606.ENSP00000263798,TYRO3,GAS6,0.999
9606.ENSP00000263798,TYRO3,PROS1,0.999
9606.ENSP00000263904,STAM2,HGS,0.999
9606.ENSP00000263904,STAM2,STAMBP,0.999
9606.ENSP00000263904,STAM2,UBC,0.995
9606.ENSP00000263904,STAM2,STAM,0.994
9606.ENSP00000263904,STAM2,PTPN23,0.993
9606.ENSP00000263904,STAM2,USP8,0.993
9606.ENSP00000263904,STAM2,JAK3,0.99
9606.ENSP00000263904,STAM2,JAK2,0.983
9606.ENSP00000263904,STAM2,TSG101,0.982
9606.ENSP00000263904,STAM2,RPS27A,0.976
9606.ENSP00000263904,STAM2,UBB,0.967
9606.ENSP00000263904,STAM2,JAK1,0.958
9606.ENSP00000263904,STAM2,UBA52,0.951
9606.ENSP00000263904,STAM2,CHMP3,0.939
9606.ENSP00000263904,STAM2,TYK2,0.937
9606.ENSP00000263904,STAM2,EPS15,0.931
9606.ENSP00000263904,STAM2,CHMP1B,0.908
9606.ENSP00000263904,STAM2,MVB12A,0.905
9606.ENSP00000263904,STAM2,VPS36,0.903
9606.ENSP00000263918,STRN,STK25,0.999
9606.ENSP00000263918,STRN,PPP2R1A,0.999
9606.ENSP00000263918,STRN,MOB4,0.999
9606.ENSP00000263918,STRN,STRN4,0.999
9606.ENSP00000263918,STRN,STRN3,0.999
9606.ENSP00000263918,STRN,STRIP1,0.999
9606.ENSP00000263918,STRN,PDCD10,0.999
9606.ENSP00000263918,STRN,STK24,0.999
9606.ENSP00000263918,STRN,PPP2CA,0.999
9606.ENSP00000263918,STRN,PPP2CB,0.998
9606.ENSP00000263918,STRN,SIKE1,0.998
9606.ENSP00000263918,STRN,CTTNBP2NL,0.997
9606.ENSP00000263918,STRN,CTTNBP2,0.997
9606.ENSP00000263918,STRN,STRIP2,0.996
9606.ENSP00000263918,STRN,TRAF3IP3,0.995
9606.ENSP00000263918,STRN,STK26,0.98
9606.ENSP00000263918,STRN,SLMAP,0.978
9606.ENSP00000263918,STRN,CALML3,0.959
9606.ENSP00000263918,STRN,CALML4,0.958
9606.ENSP00000263918,STRN,CALML6,0.958
9606.ENSP00000263918,STRN,CALML5,0.958
9606.ENSP00000263918,STRN,MINK1,0.95
9606.ENSP00000263918,STRN,ESR1,0.947
9606.ENSP00000263918,STRN,PPP2R1B,0.94
9606.ENSP00000263918,STRN,CALM3,0.933
9606.ENSP00000263918,STRN,MAP4K4,0.915
9606.ENSP00000263918,STRN,SRC,0.913
9606.ENSP00000263918,STRN,ESR2,0.903
9606.ENSP00000263932,TNFRSF8,TNFSF8,0.999
9606.ENSP00000263932,TNFRSF8,FCGR3A,0.99
9606.ENSP00000263932,TNFRSF8,FCGR3B,0.986
9606.ENSP00000263932,TNFRSF8,TRAF5,0.969
9606.ENSP00000263932,TNFRSF8,TRAF3,0.955
9606.ENSP00000263932,TNFRSF8,CD40,0.952
9606.ENSP00000263932,TNFRSF8,TNFRSF4,0.941
9606.ENSP00000263932,TNFRSF8,CD27,0.934
9606.ENSP00000263932,TNFRSF8,TRAF1,0.922
9606.ENSP00000263966,USP13,SIAH2,0.953
9606.ENSP00000263966,USP13,UFD1,0.945
9606.ENSP00000263966,USP13,PTEN,0.908
9606.ENSP00000263966,USP13,BECN1,0.904
9606.ENSP00000264159,ZRANB3,PCNA,0.954
9606.ENSP00000264335,YWHAE,CDC25C,0.999
9606.ENSP00000264335,YWHAE,YWHAZ,0.998
9606.ENSP00000264335,YWHAE,CDC25B,0.995
9606.ENSP00000264335,YWHAE,BRAF,0.994
9606.ENSP00000264335,YWHAE,RAF1,0.991
9606.ENSP00000264335,YWHAE,YWHAG,0.988
9606.ENSP00000264335,YWHAE,WWTR1,0.985
9606.ENSP00000264335,YWHAE,MLF1,0.984
9606.ENSP00000264335,YWHAE,YWHAQ,0.984
9606.ENSP00000264335,YWHAE,BAD,0.98
9606.ENSP00000264335,YWHAE,YWHAB,0.979
9606.ENSP00000264335,YWHAE,FOXO3,0.978
9606.ENSP00000264335,YWHAE,YAP1,0.977
9606.ENSP00000264335,YWHAE,ARAF,0.968
9606.ENSP00000264335,YWHAE,NDEL1,0.965
9606.ENSP00000264335,YWHAE,PAFAH1B1,0.962
9606.ENSP00000264335,YWHAE,YWHAH,0.948
9606.ENSP00000264335,YWHAE,DISC1,0.946
9606.ENSP00000264335,YWHAE,BEX3,0.936
9606.ENSP00000264335,YWHAE,MEFV,0.932
9606.ENSP00000264335,YWHAE,CTNNA2,0.915
9606.ENSP00000264335,YWHAE,CSNK1D,0.914
9606.ENSP00000264335,YWHAE,CTNNA1,0.912
9606.ENSP00000264335,YWHAE,CSNK1E,0.909
9606.ENSP00000264335,YWHAE,CTNNA3,0.903
9606.ENSP00000264335,YWHAE,LRRK2,0.901
9606.ENSP00000264335,YWHAE,PITPNA,0.901
9606.ENSP00000264335,YWHAE,TP53,0.9
9606.ENSP00000264657,STAT3,JAK1,0.999
9606.ENSP00000264657,STAT3,JAK2,0.999
9606.ENSP00000264657,STAT3,STAT1,0.999
9606.ENSP00000264657,STAT3,PIAS3,0.999
9606.ENSP00000264657,STAT3,SRC,0.999
9606.ENSP00000264657,STAT3,EP300,0.999
9606.ENSP00000264657,STAT3,EGFR,0.998
9606.ENSP00000264657,STAT3,STAT5B,0.998
9606.ENSP00000264657,STAT3,JAK3,0.998
9606.ENSP00000264657,STAT3,TYK2,0.997
9606.ENSP00000264657,STAT3,STAT5A,0.997
9606.ENSP00000264657,STAT3,MAPK1,0.996
9606.ENSP00000264657,STAT3,FOS,0.995
9606.ENSP00000264657,STAT3,NANOG,0.995
9606.ENSP00000264657,STAT3,JUN,0.995
9606.ENSP00000264657,STAT3,SOCS3,0.994
9606.ENSP00000264657,STAT3,HIF1A,0.994
9606.ENSP00000264657,STAT3,TP53,0.994
9606.ENSP00000264657,STAT3,IL6R,0.993
9606.ENSP00000264657,STAT3,CD274,0.992
9606.ENSP00000264657,STAT3,IL6ST,0.992
9606.ENSP00000264657,STAT3,RELA,0.992
9606.ENSP00000264657,STAT3,PTPN2,0.99
9606.ENSP00000264657,STAT3,FN1,0.988
9606.ENSP00000264657,STAT3,IRF9,0.987
9606.ENSP00000264657,STAT3,MYC,0.985
9606.ENSP00000264657,STAT3,PTPN11,0.984
9606.ENSP00000264657,STAT3,IL10RA,0.984
9606.ENSP00000264657,STAT3,CDKN1A,0.984
9606.ENSP00000264657,STAT3,CEBPB,0.984
9606.ENSP00000264657,STAT3,FOXP3,0.984
9606.ENSP00000264657,STAT3,HDAC1,0.984
9606.ENSP00000264657,STAT3,IL6,0.984
9606.ENSP00000264657,STAT3,CISH,0.983
9606.ENSP00000264657,STAT3,IL21R,0.981
9606.ENSP00000264657,STAT3,MET,0.981
9606.ENSP00000264657,STAT3,NR3C1,0.981
9606.ENSP00000264657,STAT3,CCND1,0.98
9606.ENSP00000264657,STAT3,IL23R,0.98
9606.ENSP00000264657,STAT3,SYK,0.98
9606.ENSP00000264657,STAT3,FOXO3,0.978
9606.ENSP00000264657,STAT3,IL12RB1,0.976
9606.ENSP00000264657,STAT3,STAT4,0.973
9606.ENSP00000264657,STAT3,IRF4,0.973
9606.ENSP00000264657,STAT3,EZH2,0.973
9606.ENSP00000264657,STAT3,FLT3,0.971
9606.ENSP00000264657,STAT3,HSP90AA1,0.971
9606.ENSP00000264657,STAT3,IL10,0.968
9606.ENSP00000264657,STAT3,AKT1,0.966
9606.ENSP00000264657,STAT3,AMOTL1,0.965
9606.ENSP00000264657,STAT3,FOXO1,0.964
9606.ENSP00000264657,STAT3,NFKB1,0.962
9606.ENSP00000264657,STAT3,PDGFRA,0.961
9606.ENSP00000264657,STAT3,KIT,0.96
9606.ENSP00000264657,STAT3,LCK,0.959
9606.ENSP00000264657,STAT3,BCL2,0.959
9606.ENSP00000264657,STAT3,DNMT1,0.957
9606.ENSP00000264657,STAT3,BMX,0.956
9606.ENSP00000264657,STAT3,STMN1,0.954
9606.ENSP00000264657,STAT3,STAT2,0.954
9606.ENSP00000264657,STAT3,PIAS1,0.952
9606.ENSP00000264657,STAT3,BCL2L1,0.949
9606.ENSP00000264657,STAT3,ERBB2,0.948
9606.ENSP00000264657,STAT3,IL2RG,0.947
9606.ENSP00000264657,STAT3,STAP2,0.947
9606.ENSP00000264657,STAT3,POU5F1,0.946
9606.ENSP00000264657,STAT3,IL22RA1,0.945
9606.ENSP00000264657,STAT3,SOCS1,0.944
9606.ENSP00000264657,STAT3,IL17A,0.944
9606.ENSP00000264657,STAT3,PRDM1,0.942
9606.ENSP00000264657,STAT3,LIFR,0.94
9606.ENSP00000264657,STAT3,TNF,0.939
9606.ENSP00000264657,STAT3,LYN,0.938
9606.ENSP00000264657,STAT3,IL1B,0.938
9606.ENSP00000264657,STAT3,NDUFA13,0.937
9606.ENSP00000264657,STAT3,FOXO4,0.936
9606.ENSP00000264657,STAT3,CREBBP,0.935
9606.ENSP00000264657,STAT3,IL10RB,0.933
9606.ENSP00000264657,STAT3,LEP,0.933
9606.ENSP00000264657,STAT3,PTGS2,0.93
9606.ENSP00000264657,STAT3,ESR1,0.93
9606.ENSP00000264657,STAT3,SIN3A,0.929
9606.ENSP00000264657,STAT3,PTK2,0.928
9606.ENSP00000264657,STAT3,MTOR,0.926
9606.ENSP00000264657,STAT3,IL22,0.926
9606.ENSP00000264657,STAT3,LIF,0.924
9606.ENSP00000264657,STAT3,CREB1,0.924
9606.ENSP00000264657,STAT3,SP1,0.923
9606.ENSP00000264657,STAT3,LEPR,0.921
9606.ENSP00000264657,STAT3,IGF1R,0.921
9606.ENSP00000264657,STAT3,IL4,0.92
9606.ENSP00000264657,STAT3,PIK3R1,0.918
9606.ENSP00000264657,STAT3,CSF3,0.916
9606.ENSP00000264657,STAT3,MMP2,0.916
9606.ENSP00000264657,STAT3,PDGFRB,0.915
9606.ENSP00000264657,STAT3,NANOGP8,0.913
9606.ENSP00000264657,STAT3,OSM,0.911
9606.ENSP00000264657,STAT3,HCK,0.911
9606.ENSP00000264657,STAT3,PIAS2,0.91
9606.ENSP00000264657,STAT3,SMAD3,0.909
9606.ENSP00000264657,STAT3,IFNG,0.907
9606.ENSP00000264657,STAT3,AR,0.907
9606.ENSP00000264657,STAT3,CSF3R,0.907
9606.ENSP00000264657,STAT3,EGF,0.907
9606.ENSP00000264657,STAT3,IFNAR1,0.906
9606.ENSP00000264657,STAT3,HDAC2,0.906
9606.ENSP00000264657,STAT3,ERBB3,0.905
9606.ENSP00000264657,STAT3,BCL6,0.903
9606.ENSP00000264657,STAT3,SOX2,0.903
9606.ENSP00000264657,STAT3,SOCS2,0.903
9606.ENSP00000264657,STAT3,IRF1,0.9
9606.ENSP00000264657,STAT3,MAPK8,0.9
9606.ENSP00000264657,STAT3,FHL1,0.9
9606.ENSP00000264731,TP63,TP73,0.997
9606.ENSP00000264731,TP63,TP53,0.953
9606.ENSP00000264731,TP63,SOX2,0.93
9606.ENSP00000264731,TP63,PERP,0.93
9606.ENSP00000264731,TP63,MDM2,0.9
9606.ENSP00000264731,TP63,CSNK1D,0.9
9606.ENSP00000264731,TP63,GABPB1,0.9
9606.ENSP00000264951,XRN1,DCP2,0.999
9606.ENSP00000264951,XRN1,EDC3,0.999
9606.ENSP00000264951,XRN1,DCP1A,0.999
9606.ENSP00000264951,XRN1,PATL1,0.999
9606.ENSP00000264951,XRN1,LSM1,0.999
9606.ENSP00000264951,XRN1,PATL2,0.998
9606.ENSP00000264951,XRN1,EDC4,0.995
9606.ENSP00000264951,XRN1,DCP1B,0.993
9606.ENSP00000264951,XRN1,DDX6,0.993
9606.ENSP00000264951,XRN1,LSM3,0.991
9606.ENSP00000264951,XRN1,YTHDC2,0.989
9606.ENSP00000264951,XRN1,LSM4,0.986
9606.ENSP00000264951,XRN1,XRN2,0.985
9606.ENSP00000264951,XRN1,LSM6,0.984
9606.ENSP00000264951,XRN1,LSM7,0.983
9606.ENSP00000264951,XRN1,UPF1,0.982
9606.ENSP00000264951,XRN1,LSM2,0.978
9606.ENSP00000264951,XRN1,LSM5,0.974
9606.ENSP00000264951,XRN1,TNRC6A,0.974
9606.ENSP00000264951,XRN1,EIF4E,0.969
9606.ENSP00000264951,XRN1,ZFP36,0.969
9606.ENSP00000264951,XRN1,DKC1,0.966
9606.ENSP00000264951,XRN1,LSM8,0.958
9606.ENSP00000264951,XRN1,SKIV2L,0.939
9606.ENSP00000264951,XRN1,FAU,0.937
9606.ENSP00000264951,XRN1,RACK1,0.906
9606.ENSP00000265077,VCAN,CD44,0.996
9606.ENSP00000265077,VCAN,ACAN,0.988
9606.ENSP00000265077,VCAN,DCN,0.981
9606.ENSP00000265077,VCAN,BCAN,0.976
9606.ENSP00000265077,VCAN,NCAN,0.967
9606.ENSP00000265077,VCAN,PTPRZ1,0.955
9606.ENSP00000265077,VCAN,BGN,0.951
9606.ENSP00000265077,VCAN,TLR2,0.923
9606.ENSP00000265077,VCAN,SELL,0.922
9606.ENSP00000265077,VCAN,FBN1,0.91
9606.ENSP00000265131,TNC,SDC4,0.953
9606.ENSP00000265131,TNC,ITGA9,0.952
9606.ENSP00000265131,TNC,ITGAV,0.946
9606.ENSP00000265131,TNC,ITGB1,0.917
9606.ENSP00000265131,TNC,ITGB3,0.914
9606.ENSP00000265131,TNC,SDC1,0.912
9606.ENSP00000265131,TNC,ITGA8,0.911
9606.ENSP00000265131,TNC,ITGB6,0.91
9606.ENSP00000265131,TNC,CD40LG,0.9
9606.ENSP00000265310,TRPV5,PRKACG,0.926
9606.ENSP00000265310,TRPV5,PRKACA,0.924
9606.ENSP00000265310,TRPV5,PRKACB,0.923
9606.ENSP00000265310,TRPV5,MCOLN3,0.915
9606.ENSP00000265310,TRPV5,S100A10,0.913
9606.ENSP00000265310,TRPV5,PRKCA,0.907
9606.ENSP00000265310,TRPV5,KL,0.903
9606.ENSP00000265310,TRPV5,PRKCG,0.902
9606.ENSP00000265310,TRPV5,PRKCB,0.902
9606.ENSP00000265403,UGT2B10,CYP3A4,0.974
9606.ENSP00000265403,UGT2B10,SLC35A2,0.972
9606.ENSP00000265403,UGT2B10,CYP2A6,0.968
9606.ENSP00000265403,UGT2B10,CYP2D6,0.963
9606.ENSP00000265403,UGT2B10,CYP1A1,0.953
9606.ENSP00000265403,UGT2B10,CYP3A5,0.952
9606.ENSP00000265403,UGT2B10,CYP2E1,0.951
9606.ENSP00000265403,UGT2B10,AOX1,0.946
9606.ENSP00000265403,UGT2B10,GUSB,0.944
9606.ENSP00000265403,UGT2B10,CYP2A13,0.94
9606.ENSP00000265403,UGT2B10,UGDH,0.939
9606.ENSP00000265403,UGT2B10,CYP1B1,0.932
9606.ENSP00000265403,UGT2B10,CYP19A1,0.925
9606.ENSP00000265403,UGT2B10,SULT1E1,0.922
9606.ENSP00000265403,UGT2B10,AKR1C1,0.921
9606.ENSP00000265403,UGT2B10,AKR1C4,0.921
9606.ENSP00000265403,UGT2B10,AKR1C2,0.919
9606.ENSP00000265403,UGT2B10,CBR1,0.917
9606.ENSP00000265403,UGT2B10,AKR1C3,0.917
9606.ENSP00000265403,UGT2B10,AKR1D1,0.914
9606.ENSP00000265403,UGT2B10,HSD17B3,0.907
9606.ENSP00000265403,UGT2B10,MIOX,0.901
9606.ENSP00000265441,WNT2,LRP5,0.982
9606.ENSP00000265441,WNT2,LRP6,0.982
9606.ENSP00000265441,WNT2,FZD9,0.969
9606.ENSP00000265441,WNT2,PORCN,0.965
9606.ENSP00000265441,WNT2,WIF1,0.963
9606.ENSP00000265441,WNT2,FZD2,0.963
9606.ENSP00000265441,WNT2,FZD8,0.962
9606.ENSP00000265441,WNT2,FZD4,0.959
9606.ENSP00000265441,WNT2,FZD7,0.955
9606.ENSP00000265441,WNT2,FZD1,0.953
9606.ENSP00000265441,WNT2,NOTUM,0.93
9606.ENSP00000265441,WNT2,SFRP1,0.928
9606.ENSP00000265441,WNT2,GPC3,0.927
9606.ENSP00000265441,WNT2,FZD5,0.926
9606.ENSP00000265441,WNT2,FZD3,0.926
9606.ENSP00000265441,WNT2,FZD6,0.913
9606.ENSP00000265441,WNT2,CER1,0.911
9606.ENSP00000265441,WNT2,DKK1,0.909
9606.ENSP00000265441,WNT2,SFRP2,0.903
9606.ENSP00000265441,WNT2,FZD10,0.902
9606.ENSP00000265441,WNT2,SFRP4,0.9
9606.ENSP00000266529,ZCRB1,RNPC3,0.975
9606.ENSP00000266529,ZCRB1,SNRNP48,0.968
9606.ENSP00000266529,ZCRB1,ZMAT5,0.961
9606.ENSP00000266529,ZCRB1,SNRNP35,0.958
9606.ENSP00000266529,ZCRB1,SF3B2,0.928
9606.ENSP00000266529,ZCRB1,SF3B1,0.924
9606.ENSP00000266529,ZCRB1,PDCD7,0.913
9606.ENSP00000267622,TRIP11,IFT20,0.997
9606.ENSP00000267622,TRIP11,ARF1,0.959
9606.ENSP00000267890,TTBK2,CEP164,0.993
9606.ENSP00000269305,TP53,SFN,0.999
9606.ENSP00000269305,TP53,EP300,0.999
9606.ENSP00000269305,TP53,HIF1A,0.999
9606.ENSP00000269305,TP53,HDAC1,0.999
9606.ENSP00000269305,TP53,HSP90AA1,0.999
9606.ENSP00000269305,TP53,ATM,0.999
9606.ENSP00000269305,TP53,MDM4,0.999
9606.ENSP00000269305,TP53,CHEK2,0.999
9606.ENSP00000269305,TP53,BCL2,0.999
9606.ENSP00000269305,TP53,BCL2L1,0.999
9606.ENSP00000269305,TP53,PPP1R13L,0.999
9606.ENSP00000269305,TP53,DAXX,0.999
9606.ENSP00000269305,TP53,SIRT1,0.999
9606.ENSP00000269305,TP53,BRCA1,0.999
9606.ENSP00000269305,TP53,CDKN1A,0.999
9606.ENSP00000269305,TP53,TP53BP2,0.999
9606.ENSP00000269305,TP53,UBE3A,0.999
9606.ENSP00000269305,TP53,USP7,0.999
9606.ENSP00000269305,TP53,CREBBP,0.999
9606.ENSP00000269305,TP53,MDM2,0.999
9606.ENSP00000269305,TP53,RPA1,0.999
9606.ENSP00000269305,TP53,CDKN2A,0.999
9606.ENSP00000269305,TP53,TP53BP1,0.999
9606.ENSP00000269305,TP53,PTEN,0.999
9606.ENSP00000269305,TP53,HIPK2,0.999
9606.ENSP00000269305,TP53,RAD51,0.999
9606.ENSP00000269305,TP53,RCHY1,0.998
9606.ENSP00000269305,TP53,CREB1,0.998
9606.ENSP00000269305,TP53,HTT,0.998
9606.ENSP00000269305,TP53,NDN,0.998
9606.ENSP00000269305,TP53,AURKA,0.998
9606.ENSP00000269305,TP53,MAPK1,0.998
9606.ENSP00000269305,TP53,CCNG1,0.998
9606.ENSP00000269305,TP53,FOXO3,0.998
9606.ENSP00000269305,TP53,HSPA9,0.998
9606.ENSP00000269305,TP53,DNMT1,0.997
9606.ENSP00000269305,TP53,JUN,0.997
9606.ENSP00000269305,TP53,HSPA4,0.997
9606.ENSP00000269305,TP53,DDX5,0.997
9606.ENSP00000269305,TP53,CHEK1,0.997
9606.ENSP00000269305,TP53,PRKDC,0.997
9606.ENSP00000269305,TP53,MYC,0.997
9606.ENSP00000269305,TP53,NPM1,0.997
9606.ENSP00000269305,TP53,MAPK8,0.997
9606.ENSP00000269305,TP53,TBP,0.997
9606.ENSP00000269305,TP53,CCNA2,0.997
9606.ENSP00000269305,TP53,HMGB1,0.997
9606.ENSP00000269305,TP53,BAK1,0.997
9606.ENSP00000269305,TP53,KAT5,0.996
9606.ENSP00000269305,TP53,S100A4,0.996
9606.ENSP00000269305,TP53,SUMO1,0.996
9606.ENSP00000269305,TP53,ATR,0.996
9606.ENSP00000269305,TP53,DROSHA,0.996
9606.ENSP00000269305,TP53,HSP90AB1,0.995
9606.ENSP00000269305,TP53,BRCA2,0.995
9606.ENSP00000269305,TP53,FOXO4,0.995
9606.ENSP00000269305,TP53,S100B,0.995
9606.ENSP00000269305,TP53,STAT3,0.994
9606.ENSP00000269305,TP53,MAPK14,0.994
9606.ENSP00000269305,TP53,UBE2I,0.994
9606.ENSP00000269305,TP53,BAX,0.994
9606.ENSP00000269305,TP53,SP1,0.994
9606.ENSP00000269305,TP53,MAPK3,0.994
9606.ENSP00000269305,TP53,AKT1,0.994
9606.ENSP00000269305,TP53,SMAD2,0.993
9606.ENSP00000269305,TP53,PPIF,0.993
9606.ENSP00000269305,TP53,SMARCA4,0.993
9606.ENSP00000269305,TP53,GSK3B,0.992
9606.ENSP00000269305,TP53,ESR1,0.992
9606.ENSP00000269305,TP53,SNAI1,0.992
9606.ENSP00000269305,TP53,RRM2B,0.992
9606.ENSP00000269305,TP53,CASP8,0.991
9606.ENSP00000269305,TP53,YWHAZ,0.991
9606.ENSP00000269305,TP53,GADD45A,0.991
9606.ENSP00000269305,TP53,CDKN1B,0.991
9606.ENSP00000269305,TP53,BRD4,0.99
9606.ENSP00000269305,TP53,HDAC2,0.99
9606.ENSP00000269305,TP53,BRD7,0.99
9606.ENSP00000269305,TP53,NFKB1,0.989
9606.ENSP00000269305,TP53,SMYD2,0.989
9606.ENSP00000269305,TP53,IFI16,0.988
9606.ENSP00000269305,TP53,HSPA8,0.987
9606.ENSP00000269305,TP53,CDK2,0.987
9606.ENSP00000269305,TP53,G6PD,0.986
9606.ENSP00000269305,TP53,PPP1R13B,0.986
9606.ENSP00000269305,TP53,E2F1,0.986
9606.ENSP00000269305,TP53,TP73,0.985
9606.ENSP00000269305,TP53,KAT2B,0.985
9606.ENSP00000269305,TP53,RB1CC1,0.984
9606.ENSP00000269305,TP53,TAF9,0.983
9606.ENSP00000269305,TP53,WT1,0.983
9606.ENSP00000269305,TP53,TADA3,0.983
9606.ENSP00000269305,TP53,ATF3,0.982
9606.ENSP00000269305,TP53,RBBP6,0.982
9606.ENSP00000269305,TP53,BARD1,0.982
9606.ENSP00000269305,TP53,ING4,0.982
9606.ENSP00000269305,TP53,TP53RK,0.982
9606.ENSP00000269305,TP53,MAPK9,0.982
9606.ENSP00000269305,TP53,L3MBTL1,0.982
9606.ENSP00000269305,TP53,PLK1,0.981
9606.ENSP00000269305,TP53,ATRX,0.981
9606.ENSP00000269305,TP53,TIGAR,0.981
9606.ENSP00000269305,TP53,S100A2,0.98
9606.ENSP00000269305,TP53,DDB2,0.979
9606.ENSP00000269305,TP53,SREBF2,0.978
9606.ENSP00000269305,TP53,ANXA2,0.977
9606.ENSP00000269305,TP53,COPS5,0.977
9606.ENSP00000269305,TP53,GNL3,0.976
9606.ENSP00000269305,TP53,SMARCB1,0.976
9606.ENSP00000269305,TP53,MSH2,0.974
9606.ENSP00000269305,TP53,PTGS2,0.974
9606.ENSP00000269305,TP53,APAF1,0.974
9606.ENSP00000269305,TP53,CCNA1,0.974
9606.ENSP00000269305,TP53,TRRAP,0.973
9606.ENSP00000269305,TP53,AKT2,0.973
9606.ENSP00000269305,TP53,PARP1,0.972
9606.ENSP00000269305,TP53,ETS1,0.972
9606.ENSP00000269305,TP53,RPL11,0.971
9606.ENSP00000269305,TP53,H3C12,0.971
9606.ENSP00000269305,TP53,CUL9,0.971
9606.ENSP00000269305,TP53,HSPA1B,0.971
9606.ENSP00000269305,TP53,RPS27A,0.971
9606.ENSP00000269305,TP53,PHF20,0.97
9606.ENSP00000269305,TP53,PMAIP1,0.97
9606.ENSP00000269305,TP53,STK11,0.97
9606.ENSP00000269305,TP53,ETS2,0.97
9606.ENSP00000269305,TP53,DDX17,0.97
9606.ENSP00000269305,TP53,E4F1,0.969
9606.ENSP00000269305,TP53,EGR1,0.969
9606.ENSP00000269305,TP53,ING5,0.969
9606.ENSP00000269305,TP53,CUL7,0.969
9606.ENSP00000269305,TP53,STUB1,0.968
9606.ENSP00000269305,TP53,HIPK1,0.967
9606.ENSP00000269305,TP53,CDK5,0.967
9606.ENSP00000269305,TP53,TWIST1,0.967
9606.ENSP00000269305,TP53,SLC2A1,0.967
9606.ENSP00000269305,TP53,PML,0.967
9606.ENSP00000269305,TP53,CDK4,0.966
9606.ENSP00000269305,TP53,MUC1,0.966
9606.ENSP00000269305,TP53,MLH1,0.965
9606.ENSP00000269305,TP53,SUMO2,0.965
9606.ENSP00000269305,TP53,GADD45B,0.964
9606.ENSP00000269305,TP53,SMAD3,0.963
9606.ENSP00000269305,TP53,WRN,0.963
9606.ENSP00000269305,TP53,TAF1,0.963
9606.ENSP00000269305,TP53,CDK1,0.962
9606.ENSP00000269305,TP53,ARID1A,0.961
9606.ENSP00000269305,TP53,COP1,0.961
9606.ENSP00000269305,TP53,SCO2,0.961
9606.ENSP00000269305,TP53,FBXW7,0.96
9606.ENSP00000269305,TP53,POLI,0.96
9606.ENSP00000269305,TP53,MAPK11,0.96
9606.ENSP00000269305,TP53,CSNK2A1,0.959
9606.ENSP00000269305,TP53,XPO1,0.959
9606.ENSP00000269305,TP53,BBC3,0.959
9606.ENSP00000269305,TP53,TFAM,0.959
9606.ENSP00000269305,TP53,HIPK3,0.958
9606.ENSP00000269305,TP53,PIDD1,0.958
9606.ENSP00000269305,TP53,CDKN2C,0.957
9606.ENSP00000269305,TP53,BCL6,0.957
9606.ENSP00000269305,TP53,CASP3,0.956
9606.ENSP00000269305,TP53,BMI1,0.956
9606.ENSP00000269305,TP53,XRCC6,0.955
9606.ENSP00000269305,TP53,RELA,0.955
9606.ENSP00000269305,TP53,HSPB1,0.955
9606.ENSP00000269305,TP53,PIAS4,0.954
9606.ENSP00000269305,TP53,TRAF6,0.954
9606.ENSP00000269305,TP53,AKT3,0.953
9606.ENSP00000269305,TP53,TP63,0.953
9606.ENSP00000269305,TP53,CASP9,0.953
9606.ENSP00000269305,TP53,TOPORS,0.952
9606.ENSP00000269305,TP53,FOS,0.952
9606.ENSP00000269305,TP53,DNAJB1,0.951
9606.ENSP00000269305,TP53,GTF2H1,0.95
9606.ENSP00000269305,TP53,KRAS,0.949
9606.ENSP00000269305,TP53,TOPBP1,0.949
9606.ENSP00000269305,TP53,PPARG,0.949
9606.ENSP00000269305,TP53,SETD7,0.947
9606.ENSP00000269305,TP53,H4C6,0.947
9606.ENSP00000269305,TP53,TOP1,0.947
9606.ENSP00000269305,TP53,PPP2R1A,0.946
9606.ENSP00000269305,TP53,TCHP,0.946
9606.ENSP00000269305,TP53,NQO1,0.946
9606.ENSP00000269305,TP53,MAPK12,0.946
9606.ENSP00000269305,TP53,PIN1,0.946
9606.ENSP00000269305,TP53,CCND1,0.946
9606.ENSP00000269305,TP53,RPL5,0.945
9606.ENSP00000269305,TP53,TP53AIP1,0.945
9606.ENSP00000269305,TP53,APEX1,0.944
9606.ENSP00000269305,TP53,BANP,0.944
9606.ENSP00000269305,TP53,HNRNPK,0.943
9606.ENSP00000269305,TP53,EGFR,0.943
9606.ENSP00000269305,TP53,MAPK13,0.943
9606.ENSP00000269305,TP53,YY1,0.942
9606.ENSP00000269305,TP53,PIK3CA,0.941
9606.ENSP00000269305,TP53,SIN3A,0.941
9606.ENSP00000269305,TP53,KDM1A,0.941
9606.ENSP00000269305,TP53,NUMB,0.94
9606.ENSP00000269305,TP53,JMY,0.94
9606.ENSP00000269305,TP53,CASP10,0.939
9606.ENSP00000269305,TP53,BECN1,0.939
9606.ENSP00000269305,TP53,CSNK2A2,0.939
9606.ENSP00000269305,TP53,CAPN1,0.938
9606.ENSP00000269305,TP53,PRMT1,0.937
9606.ENSP00000269305,TP53,GADD45G,0.937
9606.ENSP00000269305,TP53,NR3C1,0.936
9606.ENSP00000269305,TP53,PMS2,0.936
9606.ENSP00000269305,TP53,RB1,0.936
9606.ENSP00000269305,TP53,RUNX3,0.936
9606.ENSP00000269305,TP53,TP53INP1,0.935
9606.ENSP00000269305,TP53,ERBB2,0.935
9606.ENSP00000269305,TP53,AIFM2,0.934
9606.ENSP00000269305,TP53,PPID,0.934
9606.ENSP00000269305,TP53,GTSE1,0.933
9606.ENSP00000269305,TP53,IKBKB,0.933
9606.ENSP00000269305,TP53,PRKCZ,0.933
9606.ENSP00000269305,TP53,BLM,0.932
9606.ENSP00000269305,TP53,USP10,0.931
9606.ENSP00000269305,TP53,SUMO4,0.93
9606.ENSP00000269305,TP53,CEBPA,0.93
9606.ENSP00000269305,TP53,BIRC5,0.93
9606.ENSP00000269305,TP53,NOC2L,0.93
9606.ENSP00000269305,TP53,CARM1,0.93
9606.ENSP00000269305,TP53,RNF20,0.929
9606.ENSP00000269305,TP53,ARID3A,0.929
9606.ENSP00000269305,TP53,DGCR8,0.929
9606.ENSP00000269305,TP53,MTA1,0.929
9606.ENSP00000269305,TP53,PTK2,0.928
9606.ENSP00000269305,TP53,PERP,0.928
9606.ENSP00000269305,TP53,CTNNB1,0.927
9606.ENSP00000269305,TP53,CSNK1A1,0.926
9606.ENSP00000269305,TP53,CCNE1,0.926
9606.ENSP00000269305,TP53,SLC2A2,0.926
9606.ENSP00000269305,TP53,GLS2,0.926
9606.ENSP00000269305,TP53,HRAS,0.925
9606.ENSP00000269305,TP53,SLC25A4,0.925
9606.ENSP00000269305,TP53,KLF4,0.925
9606.ENSP00000269305,TP53,PLK3,0.924
9606.ENSP00000269305,TP53,PRMT5,0.924
9606.ENSP00000269305,TP53,CAPN2,0.924
9606.ENSP00000269305,TP53,YBX1,0.922
9606.ENSP00000269305,TP53,UBC,0.921
9606.ENSP00000269305,TP53,EHMT1,0.92
9606.ENSP00000269305,TP53,EHMT2,0.919
9606.ENSP00000269305,TP53,HIPK4,0.918
9606.ENSP00000269305,TP53,MCL1,0.918
9606.ENSP00000269305,TP53,POLK,0.918
9606.ENSP00000269305,TP53,KMT5A,0.916
9606.ENSP00000269305,TP53,NFKBIA,0.915
9606.ENSP00000269305,TP53,SNAI2,0.915
9606.ENSP00000269305,TP53,ING1,0.914
9606.ENSP00000269305,TP53,CHUK,0.914
9606.ENSP00000269305,TP53,CCNB1,0.914
9606.ENSP00000269305,TP53,WWOX,0.914
9606.ENSP00000269305,TP53,MED17,0.914
9606.ENSP00000269305,TP53,PCNA,0.913
9606.ENSP00000269305,TP53,TFAP2A,0.913
9606.ENSP00000269305,TP53,CYCS,0.911
9606.ENSP00000269305,TP53,DDIT4,0.911
9606.ENSP00000269305,TP53,NCL,0.911
9606.ENSP00000269305,TP53,ZNF385A,0.91
9606.ENSP00000269305,TP53,YWHAG,0.909
9606.ENSP00000269305,TP53,PCBP4,0.909
9606.ENSP00000269305,TP53,ABL1,0.909
9606.ENSP00000269305,TP53,KAT2A,0.909
9606.ENSP00000269305,TP53,ERCC3,0.908
9606.ENSP00000269305,TP53,AURKB,0.908
9606.ENSP00000269305,TP53,TNFRSF10B,0.908
9606.ENSP00000269305,TP53,ATG7,0.907
9606.ENSP00000269305,TP53,MED1,0.906
9606.ENSP00000269305,TP53,MRE11,0.905
9606.ENSP00000269305,TP53,AXIN1,0.905
9606.ENSP00000269305,TP53,AR,0.905
9606.ENSP00000269305,TP53,SIRT7,0.904
9606.ENSP00000269305,TP53,TRIM28,0.904
9606.ENSP00000269305,TP53,TP53I3,0.903
9606.ENSP00000269305,TP53,PSMC5,0.903
9606.ENSP00000269305,TP53,TPX2,0.903
9606.ENSP00000269305,TP53,TERT,0.902
9606.ENSP00000269305,TP53,EP400,0.902
9606.ENSP00000269305,TP53,SQSTM1,0.901
9606.ENSP00000269305,TP53,IGFBP3,0.901
9606.ENSP00000269305,TP53,YWHAE,0.9
9606.ENSP00000270708,WRAP73,SSX2IP,0.905
9606.ENSP00000271469,UAP1,PGM3,0.997
9606.ENSP00000271469,UAP1,GNE,0.967
9606.ENSP00000271469,UAP1,UAP1L1,0.957
9606.ENSP00000277225,ZNF462,ASXL2,0.915
9606.ENSP00000277225,ZNF462,VAX1,0.902
9606.ENSP00000278319,ZNF215,BAZ2A,0.942
9606.ENSP00000278319,ZNF215,BAZ2B,0.942
9606.ENSP00000279281,VPS51,VPS53,0.999
9606.ENSP00000279281,VPS51,VPS50,0.999
9606.ENSP00000279281,VPS51,VPS52,0.999
9606.ENSP00000279281,VPS51,VPS54,0.999
9606.ENSP00000279281,VPS51,STX6,0.992
9606.ENSP00000279281,VPS51,EIPR1,0.938
9606.ENSP00000280605,TKTL2,TALDO1,0.999
9606.ENSP00000280605,TKTL2,GPI,0.995
9606.ENSP00000280605,TKTL2,RPEL1,0.994
9606.ENSP00000280605,TKTL2,RPIA,0.993
9606.ENSP00000280605,TKTL2,RPE,0.991
9606.ENSP00000280605,TKTL2,TPK1,0.983
9606.ENSP00000280605,TKTL2,FBP1,0.979
9606.ENSP00000280605,TKTL2,FBP2,0.976
9606.ENSP00000280605,TKTL2,GAPDH,0.974
9606.ENSP00000280605,TKTL2,PFKM,0.97
9606.ENSP00000280605,TKTL2,ALDOA,0.969
9606.ENSP00000280605,TKTL2,PFKL,0.965
9606.ENSP00000280605,TKTL2,TPI1,0.963
9606.ENSP00000280605,TKTL2,ALDOB,0.961
9606.ENSP00000280605,TKTL2,PFKP,0.961
9606.ENSP00000280605,TKTL2,RBKS,0.96
9606.ENSP00000280605,TKTL2,ALDOC,0.96
9606.ENSP00000280605,TKTL2,PRPS2,0.956
9606.ENSP00000280605,TKTL2,DERA,0.956
9606.ENSP00000280605,TKTL2,PRPS1,0.953
9606.ENSP00000280605,TKTL2,PRPS1L1,0.953
9606.ENSP00000280605,TKTL2,ENO1,0.95
9606.ENSP00000280605,TKTL2,PGD,0.943
9606.ENSP00000280605,TKTL2,GAPDHS,0.942
9606.ENSP00000280605,TKTL2,H6PD,0.938
9606.ENSP00000280605,TKTL2,PGM2,0.938
9606.ENSP00000280605,TKTL2,PKM,0.934
9606.ENSP00000280605,TKTL2,PKLR,0.913
9606.ENSP00000280605,TKTL2,LDHA,0.91
9606.ENSP00000280605,TKTL2,LDHAL6B,0.909
9606.ENSP00000280605,TKTL2,LDHAL6A,0.905
9606.ENSP00000280605,TKTL2,TKTL1,0.902
9606.ENSP00000280605,TKTL2,TKT,0.902
9606.ENSP00000281453,CENPU,CENPT,0.999
9606.ENSP00000281453,CENPU,CENPC,0.999
9606.ENSP00000281453,CENPU,CENPI,0.999
9606.ENSP00000281453,CENPU,CENPN,0.999
9606.ENSP00000281453,CENPU,CENPO,0.999
9606.ENSP00000281453,CENPU,CENPP,0.999
9606.ENSP00000281453,CENPU,CENPM,0.999
9606.ENSP00000281453,CENPU,CENPQ,0.999
9606.ENSP00000281453,CENPU,ITGB3BP,0.999
9606.ENSP00000281453,CENPU,CENPH,0.999
9606.ENSP00000281453,CENPU,CENPK,0.999
9606.ENSP00000281453,CENPU,CENPL,0.998
9606.ENSP00000281453,CENPU,CENPS,0.998
9606.ENSP00000281453,CENPU,CENPA,0.998
9606.ENSP00000281453,CENPU,CENPW,0.997
9606.ENSP00000281453,CENPU,PLK1,0.996
9606.ENSP00000281453,CENPU,CENPX,0.995
9606.ENSP00000281453,CENPU,MLF1,0.94
9606.ENSP00000281453,CENPU,CDK1,0.914
9606.ENSP00000281453,CENPU,H4C6,0.905
9606.ENSP00000282111,TCF7L1,CTNNB1,0.999
9606.ENSP00000282111,TCF7L1,CTBP1,0.97
9606.ENSP00000282111,TCF7L1,TCF7L2,0.962
9606.ENSP00000282111,TCF7L1,JUP,0.958
9606.ENSP00000282111,TCF7L1,TERT,0.957
9606.ENSP00000282111,TCF7L1,CTBP2,0.956
9606.ENSP00000282111,TCF7L1,NLK,0.956
9606.ENSP00000282111,TCF7L1,SOX17,0.948
9606.ENSP00000282111,TCF7L1,EP300,0.948
9606.ENSP00000282111,TCF7L1,TCF7,0.944
9606.ENSP00000282111,TCF7L1,SMAD4,0.925
9606.ENSP00000282111,TCF7L1,CREBBP,0.921
9606.ENSP00000282111,TCF7L1,CTNND2,0.915
9606.ENSP00000282111,TCF7L1,RUVBL1,0.913
9606.ENSP00000282111,TCF7L1,AXIN2,0.906
9606.ENSP00000282388,ZFP36L2,MAPKAPK2,0.926
9606.ENSP00000282388,ZFP36L2,GOLGA7,0.918
9606.ENSP00000282388,ZFP36L2,ZFP36L1,0.917
9606.ENSP00000282388,ZFP36L2,ZDHHC9,0.912
9606.ENSP00000282928,ZIC1,ZIC4,0.951
9606.ENSP00000285021,XPC,CETN2,0.999
9606.ENSP00000285021,XPC,RAD23B,0.999
9606.ENSP00000285021,XPC,RAD23A,0.998
9606.ENSP00000285021,XPC,ERCC1,0.994
9606.ENSP00000285021,XPC,GTF2H1,0.992
9606.ENSP00000285021,XPC,ERCC4,0.983
9606.ENSP00000285021,XPC,DDB2,0.982
9606.ENSP00000285021,XPC,XPA,0.981
9606.ENSP00000285021,XPC,XRCC6,0.979
9606.ENSP00000285021,XPC,ERCC3,0.972
9606.ENSP00000285021,XPC,ERCC5,0.971
9606.ENSP00000285021,XPC,SMARCB1,0.97
9606.ENSP00000285021,XPC,ATM,0.962
9606.ENSP00000285021,XPC,XRCC5,0.953
9606.ENSP00000285021,XPC,ERCC8,0.951
9606.ENSP00000285021,XPC,MSH2,0.944
9606.ENSP00000285021,XPC,MSH6,0.933
9606.ENSP00000285021,XPC,PARP1,0.928
9606.ENSP00000285021,XPC,ERCC2,0.926
9606.ENSP00000285021,XPC,PRKDC,0.923
9606.ENSP00000285021,XPC,LIG4,0.923
9606.ENSP00000285021,XPC,XRCC4,0.921
9606.ENSP00000285021,XPC,DDB1,0.92
9606.ENSP00000285021,XPC,POLD1,0.919
9606.ENSP00000285021,XPC,NHEJ1,0.918
9606.ENSP00000285021,XPC,PHF21A,0.915
9606.ENSP00000285021,XPC,DCLRE1C,0.911
9606.ENSP00000285021,XPC,FEN1,0.911
9606.ENSP00000285021,XPC,PAXX,0.911
9606.ENSP00000285021,XPC,KDM1A,0.902
9606.ENSP00000285021,XPC,RCOR1,0.901
9606.ENSP00000285021,XPC,SWSAP1,0.9
9606.ENSP00000285021,XPC,ATP23,0.9
9606.ENSP00000285021,XPC,RPA2,0.9
9606.ENSP00000285021,XPC,ZSWIM7,0.9
9606.ENSP00000286574,WIF1,WNT3A,0.989
9606.ENSP00000286574,WIF1,WNT7A,0.987
9606.ENSP00000286574,WIF1,WNT5A,0.985
9606.ENSP00000286574,WIF1,WNT4,0.971
9606.ENSP00000286574,WIF1,WNT1,0.97
9606.ENSP00000286574,WIF1,WNT11,0.969
9606.ENSP00000286574,WIF1,WNT2,0.963
9606.ENSP00000286574,WIF1,WNT10B,0.949
9606.ENSP00000286574,WIF1,WNT16,0.948
9606.ENSP00000286574,WIF1,WNT6,0.947
9606.ENSP00000286574,WIF1,WNT7B,0.947
9606.ENSP00000286574,WIF1,WNT2B,0.947
9606.ENSP00000286574,WIF1,WNT9A,0.946
9606.ENSP00000286574,WIF1,WNT10A,0.945
9606.ENSP00000286574,WIF1,WNT5B,0.942
9606.ENSP00000286574,WIF1,WNT3,0.942
9606.ENSP00000286574,WIF1,WNT9B,0.933
9606.ENSP00000286574,WIF1,WNT8B,0.932
9606.ENSP00000286574,WIF1,WNT8A,0.932
9606.ENSP00000286574,WIF1,SFRP1,0.924
9606.ENSP00000287078,TYSND1,ACOX1,0.96
9606.ENSP00000287078,TYSND1,ACAA1,0.956
9606.ENSP00000287538,ZIC3,NANOG,0.949
9606.ENSP00000287538,ZIC3,NODAL,0.929
9606.ENSP00000287538,ZIC3,LEFTY2,0.926
9606.ENSP00000287538,ZIC3,ACVR2B,0.909
9606.ENSP00000287538,ZIC3,CFC1,0.904
9606.ENSP00000290650,UBR1,UBE2B,0.985
9606.ENSP00000290650,UBR1,TRIP12,0.973
9606.ENSP00000290650,UBR1,UBE2A,0.967
9606.ENSP00000290650,UBR1,UBR5,0.933
9606.ENSP00000290650,UBR1,RECQL4,0.904
9606.ENSP00000291552,U2AF1,U2AF2,0.999
9606.ENSP00000291552,U2AF1,SRSF2,0.999
9606.ENSP00000291552,U2AF1,SRSF1,0.997
9606.ENSP00000291552,U2AF1,SF1,0.984
9606.ENSP00000291552,U2AF1,SRSF3,0.966
9606.ENSP00000291552,U2AF1,U2AF1L4,0.955
9606.ENSP00000291552,U2AF1,HNRNPM,0.946
9606.ENSP00000291552,U2AF1,RBM39,0.945
9606.ENSP00000291552,U2AF1,SFPQ,0.943
9606.ENSP00000291552,U2AF1,SRSF5,0.941
9606.ENSP00000291552,U2AF1,SRPK1,0.933
9606.ENSP00000291552,U2AF1,HNRNPA1,0.93
9606.ENSP00000291552,U2AF1,SF3B1,0.927
9606.ENSP00000291552,U2AF1,SF3A1,0.918
9606.ENSP00000291552,U2AF1,SRSF7,0.917
9606.ENSP00000291552,U2AF1,HNRNPC,0.916
9606.ENSP00000291552,U2AF1,SF3A2,0.91
9606.ENSP00000291552,U2AF1,DEK,0.907
9606.ENSP00000291552,U2AF1,PRPF19,0.902
9606.ENSP00000291552,U2AF1,SNRNP70,0.9
9606.ENSP00000292114,TMEM199,CCDC115,0.997
9606.ENSP00000292114,TMEM199,ATP6V0D1,0.987
9606.ENSP00000292114,TMEM199,ATP6V0D2,0.986
9606.ENSP00000292114,TMEM199,ATP6V1E1,0.975
9606.ENSP00000292114,TMEM199,ATP6V1F,0.962
9606.ENSP00000292114,TMEM199,ATP6AP2,0.961
9606.ENSP00000292114,TMEM199,ATP6V0A2,0.96
9606.ENSP00000292114,TMEM199,ATP6V0A1,0.955
9606.ENSP00000292114,TMEM199,ATP6V0C,0.953
9606.ENSP00000292114,TMEM199,ATP6V1A,0.952
9606.ENSP00000292114,TMEM199,ATP6V1G1,0.949
9606.ENSP00000292114,TMEM199,ATP6V0A4,0.944
9606.ENSP00000292114,TMEM199,ATP6V1B1,0.94
9606.ENSP00000292114,TMEM199,ATP6V1B2,0.936
9606.ENSP00000292114,TMEM199,ATP6V1D,0.93
9606.ENSP00000293328,STAT5B,JAK2,0.999
9606.ENSP00000293328,STAT5B,JAK1,0.999
9606.ENSP00000293328,STAT5B,STAT3,0.998
9606.ENSP00000293328,STAT5B,EGFR,0.997
9606.ENSP00000293328,STAT5B,JAK3,0.997
9606.ENSP00000293328,STAT5B,ERBB4,0.993
9606.ENSP00000293328,STAT5B,IL2RA,0.989
9606.ENSP00000293328,STAT5B,TYK2,0.984
9606.ENSP00000293328,STAT5B,CRKL,0.983
9606.ENSP00000293328,STAT5B,ABL1,0.983
9606.ENSP00000293328,STAT5B,CISH,0.982
9606.ENSP00000293328,STAT5B,GHR,0.977
9606.ENSP00000293328,STAT5B,IL2RB,0.976
9606.ENSP00000293328,STAT5B,IL2RG,0.976
9606.ENSP00000293328,STAT5B,EPOR,0.972
9606.ENSP00000293328,STAT5B,KIT,0.971
9606.ENSP00000293328,STAT5B,FLT3,0.97
9606.ENSP00000293328,STAT5B,IL7,0.962
9606.ENSP00000293328,STAT5B,PTPN11,0.962
9606.ENSP00000293328,STAT5B,STAT1,0.958
9606.ENSP00000293328,STAT5B,IL2,0.956
9606.ENSP00000293328,STAT5B,PRLR,0.951
9606.ENSP00000293328,STAT5B,IRF9,0.949
9606.ENSP00000293328,STAT5B,STAT5A,0.949
9606.ENSP00000293328,STAT5B,PTPN2,0.948
9606.ENSP00000293328,STAT5B,IL7R,0.941
9606.ENSP00000293328,STAT5B,BCR,0.936
9606.ENSP00000293328,STAT5B,CSF2,0.935
9606.ENSP00000293328,STAT5B,CREBBP,0.934
9606.ENSP00000293328,STAT5B,SOCS1,0.926
9606.ENSP00000293328,STAT5B,STAT6,0.923
9606.ENSP00000293328,STAT5B,EP300,0.907
9606.ENSP00000293328,STAT5B,PRL,0.907
9606.ENSP00000293328,STAT5B,IL3,0.904
9606.ENSP00000293328,STAT5B,FHL1,0.902
9606.ENSP00000293328,STAT5B,EZH2,0.901
9606.ENSP00000293328,STAT5B,SOCS3,0.9
9606.ENSP00000293328,STAT5B,SRC,0.9
9606.ENSP00000293879,WDR90,EFHB,0.944
9606.ENSP00000293879,WDR90,EFHC1,0.909
9606.ENSP00000293879,WDR90,PACRG,0.902
9606.ENSP00000293879,WDR90,PACRGL,0.9
9606.ENSP00000293883,WDR24,SEH1L,0.999
9606.ENSP00000293883,WDR24,NPRL2,0.999
9606.ENSP00000293883,WDR24,NPRL3,0.999
9606.ENSP00000293883,WDR24,WDR59,0.999
9606.ENSP00000293883,WDR24,KPTN,0.999
9606.ENSP00000293883,WDR24,RRAGB,0.999
9606.ENSP00000293883,WDR24,DEPDC5,0.999
9606.ENSP00000293883,WDR24,MIOS,0.999
9606.ENSP00000293883,WDR24,RRAGC,0.999
9606.ENSP00000293883,WDR24,SEC13,0.999
9606.ENSP00000293883,WDR24,ITFG2,0.998
9606.ENSP00000293883,WDR24,SZT2,0.998
9606.ENSP00000293883,WDR24,C12orf66,0.998
9606.ENSP00000293883,WDR24,LAMP1,0.995
9606.ENSP00000293883,WDR24,SESN2,0.995
9606.ENSP00000293883,WDR24,CASTOR1,0.987
9606.ENSP00000293883,WDR24,SESN1,0.926
9606.ENSP00000294339,TAL1,TCF12,0.999
9606.ENSP00000294339,TAL1,LDB1,0.999
9606.ENSP00000294339,TAL1,TCF3,0.999
9606.ENSP00000294339,TAL1,LMO2,0.999
9606.ENSP00000294339,TAL1,GATA1,0.999
9606.ENSP00000294339,TAL1,GATA2,0.999
9606.ENSP00000294339,TAL1,RUNX1,0.996
9606.ENSP00000294339,TAL1,LDB2,0.995
9606.ENSP00000294339,TAL1,GATA3,0.993
9606.ENSP00000294339,TAL1,LMO1,0.964
9606.ENSP00000294339,TAL1,CBFA2T3,0.958
9606.ENSP00000294339,TAL1,TCF4,0.947
9606.ENSP00000294339,TAL1,SPI1,0.943
9606.ENSP00000294339,TAL1,KLF1,0.928
9606.ENSP00000294339,TAL1,MYB,0.925
9606.ENSP00000294339,TAL1,FLI1,0.911
9606.ENSP00000294339,TAL1,GFI1B,0.905
9606.ENSP00000295050,SPRTN,PCNA,0.992
9606.ENSP00000295050,SPRTN,VCP,0.976
9606.ENSP00000295888,WDFY3,SQSTM1,0.992
9606.ENSP00000295888,WDFY3,ATG5,0.992
9606.ENSP00000295888,WDFY3,GABARAP,0.987
9606.ENSP00000295888,WDFY3,MAP1LC3C,0.939
9606.ENSP00000295888,WDFY3,ATG12,0.924
9606.ENSP00000295888,WDFY3,TRAF6,0.921
9606.ENSP00000295888,WDFY3,ATG16L1,0.91
9606.ENSP00000295899,THOC7,THOC5,0.999
9606.ENSP00000295899,THOC7,THOC6,0.999
9606.ENSP00000295899,THOC7,THOC2,0.999
9606.ENSP00000295899,THOC7,THOC3,0.999
9606.ENSP00000295899,THOC7,THOC1,0.999
9606.ENSP00000295899,THOC7,DDX39B,0.999
9606.ENSP00000295899,THOC7,ALYREF,0.995
9606.ENSP00000295899,THOC7,SARNP,0.99
9606.ENSP00000295899,THOC7,CHTOP,0.982
9606.ENSP00000295899,THOC7,NIF3L1,0.957
9606.ENSP00000295899,THOC7,DDX39A,0.919
9606.ENSP00000296328,UBXN7,NPLOC4,0.999
9606.ENSP00000296328,UBXN7,UFD1,0.999
9606.ENSP00000296328,UBXN7,FAF2,0.999
9606.ENSP00000296328,UBXN7,FAF1,0.999
9606.ENSP00000296328,UBXN7,UBXN1,0.999
9606.ENSP00000296328,UBXN7,VCP,0.999
9606.ENSP00000296328,UBXN7,ASPSCR1,0.997
9606.ENSP00000296328,UBXN7,NSFL1C,0.997
9606.ENSP00000296328,UBXN7,VCPIP1,0.996
9606.ENSP00000296328,UBXN7,KCTD10,0.995
9606.ENSP00000296328,UBXN7,KCTD13,0.995
9606.ENSP00000296328,UBXN7,TNFAIP1,0.995
9606.ENSP00000296328,UBXN7,ACAD11,0.994
9606.ENSP00000296328,UBXN7,BTBD9,0.994
9606.ENSP00000296328,UBXN7,PSMB2,0.983
9606.ENSP00000296328,UBXN7,CUL2,0.962
9606.ENSP00000296328,UBXN7,CUL3,0.929
9606.ENSP00000296328,UBXN7,NEDD8,0.913
9606.ENSP00000296328,UBXN7,ELOC,0.908
9606.ENSP00000296702,TCERG1,PRPF38A,0.995
9606.ENSP00000296702,TCERG1,MFAP1,0.995
9606.ENSP00000296702,TCERG1,SF3B4,0.995
9606.ENSP00000296702,TCERG1,ZMAT2,0.993
9606.ENSP00000296702,TCERG1,SF3A1,0.992
9606.ENSP00000296702,TCERG1,SF3B1,0.991
9606.ENSP00000296702,TCERG1,SNRPA1,0.989
9606.ENSP00000296702,TCERG1,SF3A3,0.988
9606.ENSP00000296702,TCERG1,SNW1,0.987
9606.ENSP00000296702,TCERG1,CDC5L,0.985
9606.ENSP00000296702,TCERG1,RBM22,0.985
9606.ENSP00000296702,TCERG1,SRRM1,0.984
9606.ENSP00000296702,TCERG1,CWC15,0.981
9606.ENSP00000296702,TCERG1,PRPF8,0.98
9606.ENSP00000296702,TCERG1,PLRG1,0.98
9606.ENSP00000296702,TCERG1,SF3B3,0.977
9606.ENSP00000296702,TCERG1,SNRNP200,0.976
9606.ENSP00000296702,TCERG1,SNRPD1,0.974
9606.ENSP00000296702,TCERG1,EFTUD2,0.974
9606.ENSP00000296702,TCERG1,SNRNP40,0.973
9606.ENSP00000296702,TCERG1,WBP11,0.971
9606.ENSP00000296702,TCERG1,SNRPD2,0.97
9606.ENSP00000296702,TCERG1,SF3B6,0.97
9606.ENSP00000296702,TCERG1,SNRPB,0.968
9606.ENSP00000296702,TCERG1,SNRPG,0.968
9606.ENSP00000296702,TCERG1,HTT,0.958
9606.ENSP00000296702,TCERG1,UBL5,0.958
9606.ENSP00000296702,TCERG1,HTATSF1,0.955
9606.ENSP00000296702,TCERG1,RBM25,0.953
9606.ENSP00000296702,TCERG1,PRPF40A,0.946
9606.ENSP00000296702,TCERG1,SF3A2,0.941
9606.ENSP00000296702,TCERG1,SF3B2,0.93
9606.ENSP00000296702,TCERG1,DDX46,0.927
9606.ENSP00000296702,TCERG1,SRSF1,0.927
9606.ENSP00000296702,TCERG1,PRPF4B,0.927
9606.ENSP00000296702,TCERG1,CRNKL1,0.926
9606.ENSP00000296702,TCERG1,CCAR1,0.92
9606.ENSP00000296702,TCERG1,SF1,0.918
9606.ENSP00000296702,TCERG1,PRPF19,0.909
9606.ENSP00000296702,TCERG1,BCAS2,0.903
9606.ENSP00000296702,TCERG1,BUD31,0.902
9606.ENSP00000296702,TCERG1,CCDC12,0.9
9606.ENSP00000297316,SOX17,POU5F1,0.988
9606.ENSP00000297316,SOX17,CTNNB1,0.967
9606.ENSP00000297316,SOX17,LEF1,0.953
9606.ENSP00000297316,SOX17,TCF7L1,0.948
9606.ENSP00000297316,SOX17,FOXA2,0.942
9606.ENSP00000297316,SOX17,TCF7L2,0.918
9606.ENSP00000297316,SOX17,TCF7,0.916
9606.ENSP00000297591,VIRMA,METTL3,0.999
9606.ENSP00000297591,VIRMA,RBM15B,0.999
9606.ENSP00000297591,VIRMA,METTL14,0.999
9606.ENSP00000297591,VIRMA,WTAP,0.999
9606.ENSP00000297591,VIRMA,CBLL1,0.999
9606.ENSP00000297591,VIRMA,RBM15,0.999
9606.ENSP00000297591,VIRMA,ZC3H13,0.999
9606.ENSP00000297591,VIRMA,METTL16,0.997
9606.ENSP00000297591,VIRMA,NUDT21,0.971
9606.ENSP00000297591,VIRMA,CPSF6,0.969
9606.ENSP00000297591,VIRMA,YTHDF3,0.949
9606.ENSP00000297591,VIRMA,METTL4,0.942
9606.ENSP00000297591,VIRMA,YTHDC2,0.912
9606.ENSP00000297591,VIRMA,YTHDC1,0.911
9606.ENSP00000297954,WNK2,WNK1,0.969
9606.ENSP00000298139,WRN,RPA1,0.999
9606.ENSP00000298139,WRN,DNA2,0.999
9606.ENSP00000298139,WRN,XRCC6,0.998
9606.ENSP00000298139,WRN,RPA2,0.998
9606.ENSP00000298139,WRN,RPA3,0.998
9606.ENSP00000298139,WRN,FEN1,0.998
9606.ENSP00000298139,WRN,EXO1,0.998
9606.ENSP00000298139,WRN,WRNIP1,0.998
9606.ENSP00000298139,WRN,TOP3A,0.996
9606.ENSP00000298139,WRN,RAD52,0.996
9606.ENSP00000298139,WRN,FANCM,0.994
9606.ENSP00000298139,WRN,XRCC5,0.993
9606.ENSP00000298139,WRN,RAD51,0.993
9606.ENSP00000298139,WRN,BRCA1,0.983
9606.ENSP00000298139,WRN,PRKDC,0.978
9606.ENSP00000298139,WRN,RMI1,0.971
9606.ENSP00000298139,WRN,MUS81,0.966
9606.ENSP00000298139,WRN,ATR,0.966
9606.ENSP00000298139,WRN,TERF1,0.965
9606.ENSP00000298139,WRN,XRCC3,0.964
9606.ENSP00000298139,WRN,TP53,0.963
9606.ENSP00000298139,WRN,ATM,0.955
9606.ENSP00000298139,WRN,MRE11,0.945
9606.ENSP00000298139,WRN,TOP3B,0.931
9606.ENSP00000298139,WRN,NBN,0.927
9606.ENSP00000298139,WRN,FBH1,0.924
9606.ENSP00000298139,WRN,POT1,0.924
9606.ENSP00000298139,WRN,TINF2,0.923
9606.ENSP00000298139,WRN,TERF2,0.918
9606.ENSP00000298139,WRN,PARP1,0.915
9606.ENSP00000298139,WRN,BRIP1,0.915
9606.ENSP00000298139,WRN,SIRT6,0.912
9606.ENSP00000298139,WRN,PCNA,0.912
9606.ENSP00000298139,WRN,SLX1A,0.905
9606.ENSP00000298139,WRN,TOPBP1,0.902
9606.ENSP00000298139,WRN,POLD1,0.901
9606.ENSP00000298552,TSC1,RHEB,0.999
9606.ENSP00000298552,TSC1,TBC1D7,0.999
9606.ENSP00000298552,TSC1,TSC2,0.999
9606.ENSP00000298552,TSC1,STIP1,0.987
9606.ENSP00000298552,TSC1,AKT1,0.985
9606.ENSP00000298552,TSC1,IKBKB,0.982
9606.ENSP00000298552,TSC1,PTGES3,0.979
9606.ENSP00000298552,TSC1,GSK3B,0.975
9606.ENSP00000298552,TSC1,MTOR,0.974
9606.ENSP00000298552,TSC1,DDIT4,0.971
9606.ENSP00000298552,TSC1,RPS6KA1,0.969
9606.ENSP00000298552,TSC1,USP6,0.968
9606.ENSP00000298552,TSC1,PPP5C,0.958
9606.ENSP00000298552,TSC1,CDC37,0.958
9606.ENSP00000298552,TSC1,AKT3,0.952
9606.ENSP00000298552,TSC1,AKT2,0.95
9606.ENSP00000298552,TSC1,TCP1,0.948
9606.ENSP00000298552,TSC1,RPS6KA2,0.944
9606.ENSP00000298552,TSC1,RPS6KA3,0.944
9606.ENSP00000298552,TSC1,CCT5,0.944
9606.ENSP00000298552,TSC1,CCT7,0.943
9606.ENSP00000298552,TSC1,CCT4,0.943
9606.ENSP00000298552,TSC1,CCT3,0.943
9606.ENSP00000298552,TSC1,CCT2,0.943
9606.ENSP00000298552,TSC1,CCT6A,0.943
9606.ENSP00000298552,TSC1,PRKAA2,0.942
9606.ENSP00000298552,TSC1,CCT6B,0.942
9606.ENSP00000298552,TSC1,MAPK3,0.94
9606.ENSP00000298552,TSC1,DNAJC9,0.937
9606.ENSP00000298552,TSC1,RASA1,0.933
9606.ENSP00000298552,TSC1,CCT8,0.929
9606.ENSP00000298552,TSC1,PRKAG1,0.927
9606.ENSP00000298552,TSC1,UBE3A,0.927
9606.ENSP00000298552,TSC1,MAPK1,0.926
9606.ENSP00000298552,TSC1,PRKAB1,0.925
9606.ENSP00000298552,TSC1,PRKAG3,0.922
9606.ENSP00000298552,TSC1,PRKAG2,0.922
9606.ENSP00000298552,TSC1,PRKAA1,0.921
9606.ENSP00000298552,TSC1,RPTOR,0.915
9606.ENSP00000298552,TSC1,PSMG2,0.91
9606.ENSP00000298552,TSC1,PRKAB2,0.908
9606.ENSP00000298552,TSC1,RPS6KA6,0.908
9606.ENSP00000298552,TSC1,RPS6KB1,0.906
9606.ENSP00000298552,TSC1,PSMG1,0.901
9606.ENSP00000298767,WAPL,PDS5A,0.999
9606.ENSP00000298767,WAPL,RAD21,0.999
9606.ENSP00000298767,WAPL,SMC3,0.999
9606.ENSP00000298767,WAPL,STAG1,0.999
9606.ENSP00000298767,WAPL,PDS5B,0.999
9606.ENSP00000298767,WAPL,NIPBL,0.998
9606.ENSP00000298767,WAPL,CDCA5,0.998
9606.ENSP00000298767,WAPL,STAG2,0.997
9606.ENSP00000298767,WAPL,SMC1A,0.993
9606.ENSP00000298767,WAPL,ESCO1,0.982
9606.ENSP00000298767,WAPL,MAU2,0.982
9606.ENSP00000298767,WAPL,ESCO2,0.973
9606.ENSP00000298767,WAPL,ESPL1,0.959
9606.ENSP00000298767,WAPL,CHTF18,0.915
9606.ENSP00000299084,SPRED1,NF1,0.992
9606.ENSP00000300134,STAT6,IL4R,0.999
9606.ENSP00000300134,STAT6,NCOA1,0.997
9606.ENSP00000300134,STAT6,IL4,0.997
9606.ENSP00000300134,STAT6,JAK1,0.996
9606.ENSP00000300134,STAT6,STAT2,0.991
9606.ENSP00000300134,STAT6,JAK2,0.991
9606.ENSP00000300134,STAT6,JAK3,0.99
9606.ENSP00000300134,STAT6,IRF9,0.987
9606.ENSP00000300134,STAT6,IRF4,0.975
9606.ENSP00000300134,STAT6,IL13,0.971
9606.ENSP00000300134,STAT6,GATA3,0.971
9606.ENSP00000300134,STAT6,IL2RG,0.969
9606.ENSP00000300134,STAT6,TYK2,0.964
9606.ENSP00000300134,STAT6,CISH,0.961
9606.ENSP00000300134,STAT6,CREBBP,0.957
9606.ENSP00000300134,STAT6,PTPN2,0.953
9606.ENSP00000300134,STAT6,IL13RA1,0.953
9606.ENSP00000300134,STAT6,EP300,0.945
9606.ENSP00000300134,STAT6,SOCS1,0.943
9606.ENSP00000300134,STAT6,STAT5A,0.938
9606.ENSP00000300134,STAT6,SND1,0.934
9606.ENSP00000300134,STAT6,NAB2,0.934
9606.ENSP00000300134,STAT6,STAT4,0.932
9606.ENSP00000300134,STAT6,STAT5B,0.923
9606.ENSP00000300134,STAT6,TBK1,0.917
9606.ENSP00000300134,STAT6,IL10,0.907
9606.ENSP00000300134,STAT6,IL6,0.906
9606.ENSP00000300134,STAT6,IFNG,0.9
9606.ENSP00000300134,STAT6,FHL1,0.9
9606.ENSP00000300403,TPX2,AURKA,0.999
9606.ENSP00000300403,TPX2,PRC1,0.999
9606.ENSP00000300403,TPX2,KIF2C,0.999
9606.ENSP00000300403,TPX2,HMMR,0.979
9606.ENSP00000300403,TPX2,DLGAP5,0.978
9606.ENSP00000300403,TPX2,KIF20A,0.972
9606.ENSP00000300403,TPX2,KIF4A,0.965
9606.ENSP00000300403,TPX2,KIF11,0.965
9606.ENSP00000300403,TPX2,UBE2C,0.965
9606.ENSP00000300403,TPX2,NUSAP1,0.964
9606.ENSP00000300403,TPX2,CDC20,0.961
9606.ENSP00000300403,TPX2,BUB1,0.958
9606.ENSP00000300403,TPX2,MELK,0.958
9606.ENSP00000300403,TPX2,CENPF,0.954
9606.ENSP00000300403,TPX2,MKI67,0.954
9606.ENSP00000300403,TPX2,CCNA2,0.954
9606.ENSP00000300403,TPX2,CCNB2,0.953
9606.ENSP00000300403,TPX2,BIRC5,0.952
9606.ENSP00000300403,TPX2,CDK1,0.952
9606.ENSP00000300403,TPX2,CCNB1,0.949
9606.ENSP00000300403,TPX2,NCAPG,0.949
9606.ENSP00000300403,TPX2,ASPM,0.949
9606.ENSP00000300403,TPX2,KIF15,0.948
9606.ENSP00000300403,TPX2,NUF2,0.947
9606.ENSP00000300403,TPX2,PBK,0.945
9606.ENSP00000300403,TPX2,CEP55,0.944
9606.ENSP00000300403,TPX2,PLK1,0.944
9606.ENSP00000300403,TPX2,RRM2,0.943
9606.ENSP00000300403,TPX2,TOP2A,0.942
9606.ENSP00000300403,TPX2,NEK2,0.942
9606.ENSP00000300403,TPX2,AURKB,0.94
9606.ENSP00000300403,TPX2,BUB1B,0.936
9606.ENSP00000300403,TPX2,TTK,0.935
9606.ENSP00000300403,TPX2,FOXM1,0.932
9606.ENSP00000300403,TPX2,ANLN,0.923
9606.ENSP00000300403,TPX2,BRCA1,0.922
9606.ENSP00000300403,TPX2,PTTG1,0.921
9606.ENSP00000300403,TPX2,TUBA1B,0.919
9606.ENSP00000300403,TPX2,CDCA8,0.919
9606.ENSP00000300403,TPX2,ZWINT,0.913
9606.ENSP00000300403,TPX2,TUBB2B,0.911
9606.ENSP00000300403,TPX2,KIF23,0.906
9606.ENSP00000300403,TPX2,TP53,0.903
9606.ENSP00000300403,TPX2,KIF14,0.903
9606.ENSP00000300403,TPX2,DEPDC1,0.903
9606.ENSP00000303015,ZRSR2,U2AF2,0.992
9606.ENSP00000303015,ZRSR2,SF3B1,0.989
9606.ENSP00000303015,ZRSR2,RNPC3,0.989
9606.ENSP00000303015,ZRSR2,PHF5A,0.973
9606.ENSP00000303015,ZRSR2,SNRNP48,0.971
9606.ENSP00000303015,ZRSR2,SF3B2,0.969
9606.ENSP00000303015,ZRSR2,SNRPF,0.968
9606.ENSP00000303015,ZRSR2,SNRNP35,0.965
9606.ENSP00000303015,ZRSR2,SF3B6,0.963
9606.ENSP00000303015,ZRSR2,SNRPE,0.959
9606.ENSP00000303015,ZRSR2,SF3B3,0.957
9606.ENSP00000303015,ZRSR2,SNRPB,0.956
9606.ENSP00000303015,ZRSR2,SNRPG,0.951
9606.ENSP00000303015,ZRSR2,PDCD7,0.947
9606.ENSP00000303015,ZRSR2,SNRPD3,0.946
9606.ENSP00000303015,ZRSR2,ZMAT5,0.946
9606.ENSP00000303015,ZRSR2,SRSF2,0.943
9606.ENSP00000303015,ZRSR2,SF3B4,0.933
9606.ENSP00000303015,ZRSR2,SNRPD2,0.932
9606.ENSP00000303015,ZRSR2,SF3B5,0.931
9606.ENSP00000303015,ZRSR2,SRSF1,0.924
9606.ENSP00000303015,ZRSR2,SNRPD1,0.91
9606.ENSP00000303015,ZRSR2,SRSF7,0.901
9606.ENSP00000303015,ZRSR2,YBX1,0.9
9606.ENSP00000304429,SNX7,SNX4,0.989
9606.ENSP00000305892,TMEM208,SWI5,0.96
9606.ENSP00000305941,USH2A,WHRN,0.999
9606.ENSP00000305941,USH2A,ADGRV1,0.996
9606.ENSP00000305941,USH2A,PDZD7,0.995
9606.ENSP00000305941,USH2A,USH1C,0.99
9606.ENSP00000305941,USH2A,CDH23,0.947
9606.ENSP00000305941,USH2A,MYO7A,0.938
9606.ENSP00000305941,USH2A,RNF139,0.932
9606.ENSP00000305941,USH2A,PCDH15,0.927
9606.ENSP00000305941,USH2A,USH1G,0.927
9606.ENSP00000305941,USH2A,LCA5,0.908
9606.ENSP00000305941,USH2A,VEZT,0.905
9606.ENSP00000305941,USH2A,NINL,0.901
9606.ENSP00000307260,TBL2,MLXIPL,0.935
9606.ENSP00000307260,TBL2,BCL7B,0.931
9606.ENSP00000307863,U2AF2,U2AF1,0.999
9606.ENSP00000307863,U2AF2,SF3B1,0.999
9606.ENSP00000307863,U2AF2,SF3B4,0.999
9606.ENSP00000307863,U2AF2,SF1,0.999
9606.ENSP00000307863,U2AF2,SF3B6,0.998
9606.ENSP00000307863,U2AF2,SF3B3,0.998
9606.ENSP00000307863,U2AF2,PHF5A,0.998
9606.ENSP00000307863,U2AF2,SF3B2,0.998
9606.ENSP00000307863,U2AF2,SRSF1,0.998
9606.ENSP00000307863,U2AF2,SF3B5,0.997
9606.ENSP00000307863,U2AF2,SUGP1,0.997
9606.ENSP00000307863,U2AF2,RBM10,0.997
9606.ENSP00000307863,U2AF2,CDC5L,0.997
9606.ENSP00000307863,U2AF2,DDX39B,0.996
9606.ENSP00000307863,U2AF2,SRSF2,0.996
9606.ENSP00000307863,U2AF2,CPSF6,0.995
9606.ENSP00000307863,U2AF2,U2AF1L4,0.994
9606.ENSP00000307863,U2AF2,SNRPG,0.993
9606.ENSP00000307863,U2AF2,SNRPA1,0.993
9606.ENSP00000307863,U2AF2,RBM39,0.993
9606.ENSP00000307863,U2AF2,SNRPA,0.992
9606.ENSP00000307863,U2AF2,ZRSR2,0.992
9606.ENSP00000307863,U2AF2,SNRPD2,0.99
9606.ENSP00000307863,U2AF2,SNRPF,0.989
9606.ENSP00000307863,U2AF2,U2AF1L5,0.989
9606.ENSP00000307863,U2AF2,SNRPE,0.989
9606.ENSP00000307863,U2AF2,SRSF3,0.988
9606.ENSP00000307863,U2AF2,PRPF40B,0.986
9606.ENSP00000307863,U2AF2,RBM25,0.983
9606.ENSP00000307863,U2AF2,SNRNP70,0.982
9606.ENSP00000307863,U2AF2,SRSF6,0.981
9606.ENSP00000307863,U2AF2,CPSF7,0.98
9606.ENSP00000307863,U2AF2,JMJD6,0.979
9606.ENSP00000307863,U2AF2,SRSF7,0.978
9606.ENSP00000307863,U2AF2,PAPOLA,0.974
9606.ENSP00000307863,U2AF2,SF3A2,0.973
9606.ENSP00000307863,U2AF2,SF3A1,0.972
9606.ENSP00000307863,U2AF2,PRPF19,0.969
9606.ENSP00000307863,U2AF2,SRSF9,0.965
9606.ENSP00000307863,U2AF2,KHDRBS1,0.96
9606.ENSP00000307863,U2AF2,ALYREF,0.959
9606.ENSP00000307863,U2AF2,SRSF5,0.958
9606.ENSP00000307863,U2AF2,HNRNPC,0.954
9606.ENSP00000307863,U2AF2,PTBP1,0.951
9606.ENSP00000307863,U2AF2,SRSF4,0.95
9606.ENSP00000307863,U2AF2,SCAF11,0.95
9606.ENSP00000307863,U2AF2,HNRNPK,0.947
9606.ENSP00000307863,U2AF2,TRA2B,0.947
9606.ENSP00000307863,U2AF2,HNRNPL,0.946
9606.ENSP00000307863,U2AF2,HNRNPM,0.945
9606.ENSP00000307863,U2AF2,LUC7L2,0.944
9606.ENSP00000307863,U2AF2,PABPN1,0.929
9606.ENSP00000307863,U2AF2,SRPK2,0.926
9606.ENSP00000307863,U2AF2,HNRNPH1,0.926
9606.ENSP00000307863,U2AF2,DHX38,0.924
9606.ENSP00000307863,U2AF2,SRRM1,0.923
9606.ENSP00000307863,U2AF2,SRSF11,0.92
9606.ENSP00000307863,U2AF2,PAPOLG,0.92
9606.ENSP00000307863,U2AF2,PRPF3,0.916
9606.ENSP00000307863,U2AF2,SRPK1,0.915
9606.ENSP00000307863,U2AF2,TARDBP,0.908
9606.ENSP00000307863,U2AF2,HNRNPA1,0.908
9606.ENSP00000307863,U2AF2,SNRPC,0.907
9606.ENSP00000307863,U2AF2,RPS13,0.903
9606.ENSP00000308770,SULT1B1,CHST6,0.902
9606.ENSP00000308921,ZCCHC12,CDR2L,0.952
9606.ENSP00000309031,VCPIP1,NSFL1C,0.999
9606.ENSP00000309031,VCPIP1,VCP,0.999
9606.ENSP00000309031,VCPIP1,NPLOC4,0.998
9606.ENSP00000309031,VCPIP1,UFD1,0.998
9606.ENSP00000309031,VCPIP1,UBXN7,0.996
9606.ENSP00000309031,VCPIP1,UBXN2A,0.995
9606.ENSP00000309031,VCPIP1,UBXN2B,0.995
9606.ENSP00000309031,VCPIP1,STX5,0.957
9606.ENSP00000309572,TERT,NHP2,0.999
9606.ENSP00000309572,TERT,NOP10,0.999
9606.ENSP00000309572,TERT,WRAP53,0.999
9606.ENSP00000309572,TERT,TEP1,0.999
9606.ENSP00000309572,TERT,DKC1,0.999
9606.ENSP00000309572,TERT,HSP90AA1,0.998
9606.ENSP00000309572,TERT,SULT1E1,0.996
9606.ENSP00000309572,TERT,CTNNB1,0.995
9606.ENSP00000309572,TERT,RUVBL2,0.992
9606.ENSP00000309572,TERT,POT1,0.99
9606.ENSP00000309572,TERT,SMARCA4,0.99
9606.ENSP00000309572,TERT,PTGES3,0.989
9606.ENSP00000309572,TERT,HSP90AB1,0.987
9606.ENSP00000309572,TERT,SMG6,0.984
9606.ENSP00000309572,TERT,ACD,0.982
9606.ENSP00000309572,TERT,RUVBL1,0.979
9606.ENSP00000309572,TERT,TERF1,0.973
9606.ENSP00000309572,TERT,GAR1,0.971
9606.ENSP00000309572,TERT,TINF2,0.966
9606.ENSP00000309572,TERT,XRCC6,0.964
9606.ENSP00000309572,TERT,TCF7L1,0.957
9606.ENSP00000309572,TERT,XRCC5,0.948
9606.ENSP00000309572,TERT,NVL,0.944
9606.ENSP00000309572,TERT,SMG5,0.928
9606.ENSP00000309572,TERT,GNL3L,0.926
9606.ENSP00000309572,TERT,CLPTM1L,0.926
9606.ENSP00000309572,TERT,MYC,0.92
9606.ENSP00000309572,TERT,TCF7L2,0.919
9606.ENSP00000309572,TERT,RTEL1,0.918
9606.ENSP00000309572,TERT,TCF7,0.915
9606.ENSP00000309572,TERT,NAT10,0.913
9606.ENSP00000309572,TERT,KPNA1,0.913
9606.ENSP00000309572,TERT,PIF1,0.907
9606.ENSP00000309572,TERT,AKT1,0.903
9606.ENSP00000309572,TERT,TP53,0.902
9606.ENSP00000309595,TWNK,SSBP1,0.996
9606.ENSP00000309595,TWNK,POLG,0.996
9606.ENSP00000309595,TWNK,TFAM,0.928
9606.ENSP00000309595,TWNK,SLC25A4,0.921
9606.ENSP00000309595,TWNK,POLG2,0.918
9606.ENSP00000311429,ZWILCH,ZW10,0.999
9606.ENSP00000311429,ZWILCH,KNTC1,0.999
9606.ENSP00000311429,ZWILCH,BUB1B,0.953
9606.ENSP00000311429,ZWILCH,ZWINT,0.939
9606.ENSP00000312081,SSH3,CFL1,0.989
9606.ENSP00000312081,SSH3,CFL2,0.989
9606.ENSP00000312081,SSH3,LIMK1,0.932
9606.ENSP00000312081,SSH3,SSH1,0.916
9606.ENSP00000312081,SSH3,PPP3CB,0.916
9606.ENSP00000312081,SSH3,PPP3CA,0.916
9606.ENSP00000312081,SSH3,SSH2,0.915
9606.ENSP00000312081,SSH3,PPP3CC,0.915
9606.ENSP00000312081,SSH3,PPP3R1,0.909
9606.ENSP00000312081,SSH3,PPP3R2,0.906
9606.ENSP00000312356,TRMT10C,HSD17B10,0.999
9606.ENSP00000312356,TRMT10C,PRORP,0.999
9606.ENSP00000312356,TRMT10C,TRMT61B,0.973
9606.ENSP00000312356,TRMT10C,TRMT6,0.957
9606.ENSP00000312356,TRMT10C,RPF1,0.938
9606.ENSP00000312356,TRMT10C,TRMT61A,0.929
9606.ENSP00000313454,UBA6,UBD,0.998
9606.ENSP00000313454,UBA6,UBE2Z,0.995
9606.ENSP00000313454,UBA6,RPS27A,0.994
9606.ENSP00000313454,UBA6,UBC,0.993
9606.ENSP00000313454,UBA6,UBB,0.99
9606.ENSP00000313454,UBA6,UBA52,0.988
9606.ENSP00000313454,UBA6,UBE2R2,0.964
9606.ENSP00000313454,UBA6,UBE2D2,0.963
9606.ENSP00000313454,UBA6,UBA1,0.947
9606.ENSP00000313454,UBA6,UBE2N,0.94
9606.ENSP00000313454,UBA6,UBE2K,0.934
9606.ENSP00000313454,UBA6,UBE2S,0.918
9606.ENSP00000313454,UBA6,UBE2L3,0.918
9606.ENSP00000313454,UBA6,UBA7,0.917
9606.ENSP00000313681,SPHK1,SGPL1,0.993
9606.ENSP00000313681,SPHK1,ASAH1,0.98
9606.ENSP00000313681,SPHK1,SGPP1,0.978
9606.ENSP00000313681,SPHK1,ASAH2,0.978
9606.ENSP00000313681,SPHK1,TRAF2,0.977
9606.ENSP00000313681,SPHK1,SGPP2,0.975
9606.ENSP00000313681,SPHK1,ACER1,0.968
9606.ENSP00000313681,SPHK1,ACER2,0.968
9606.ENSP00000313681,SPHK1,CERS6,0.966
9606.ENSP00000313681,SPHK1,S1PR3,0.965
9606.ENSP00000313681,SPHK1,ACER3,0.965
9606.ENSP00000313681,SPHK1,KDSR,0.963
9606.ENSP00000313681,SPHK1,CERS5,0.962
9606.ENSP00000313681,SPHK1,CERS2,0.962
9606.ENSP00000313681,SPHK1,CERS4,0.961
9606.ENSP00000313681,SPHK1,DEGS1,0.96
9606.ENSP00000313681,SPHK1,S1PR2,0.956
9606.ENSP00000313681,SPHK1,PLPP3,0.953
9606.ENSP00000313681,SPHK1,MAPK3,0.951
9606.ENSP00000313681,SPHK1,CERS3,0.95
9606.ENSP00000313681,SPHK1,DEGS2,0.945
9606.ENSP00000313681,SPHK1,SPHK2,0.937
9606.ENSP00000313681,SPHK1,PLPP2,0.936
9606.ENSP00000313681,SPHK1,S1PR5,0.935
9606.ENSP00000313681,SPHK1,PRKCA,0.932
9606.ENSP00000313681,SPHK1,PLD2,0.932
9606.ENSP00000313681,SPHK1,PLD1,0.929
9606.ENSP00000313681,SPHK1,MAPK1,0.922
9606.ENSP00000313681,SPHK1,S1PR1,0.918
9606.ENSP00000313681,SPHK1,PRKCB,0.909
9606.ENSP00000313681,SPHK1,SPHKAP,0.908
9606.ENSP00000313681,SPHK1,PRKCE,0.905
9606.ENSP00000313681,SPHK1,PRKCG,0.901
9606.ENSP00000314129,TFE3,MITF,0.996
9606.ENSP00000314129,TFE3,ASPSCR1,0.985
9606.ENSP00000314129,TFE3,TFEB,0.979
9606.ENSP00000314129,TFE3,PRCC,0.968
9606.ENSP00000314193,WDR75,UTP20,0.999
9606.ENSP00000314193,WDR75,WDR36,0.999
9606.ENSP00000314193,WDR75,TBL3,0.999
9606.ENSP00000314193,WDR75,BMS1,0.999
9606.ENSP00000314193,WDR75,RRP9,0.999
9606.ENSP00000314193,WDR75,WDR3,0.999
9606.ENSP00000314193,WDR75,UTP18,0.999
9606.ENSP00000314193,WDR75,NOL6,0.999
9606.ENSP00000314193,WDR75,WDR43,0.999
9606.ENSP00000314193,WDR75,MPHOSPH10,0.999
9606.ENSP00000314193,WDR75,UTP15,0.999
9606.ENSP00000314193,WDR75,UTP4,0.999
9606.ENSP00000314193,WDR75,HEATR1,0.999
9606.ENSP00000314193,WDR75,UTP6,0.999
9606.ENSP00000314193,WDR75,WDR46,0.999
9606.ENSP00000314193,WDR75,NOC4L,0.999
9606.ENSP00000314193,WDR75,NOP58,0.999
9606.ENSP00000314193,WDR75,PDCD11,0.998
9606.ENSP00000314193,WDR75,UTP3,0.998
9606.ENSP00000314193,WDR75,RRP7A,0.998
9606.ENSP00000314193,WDR75,PWP2,0.998
9606.ENSP00000314193,WDR75,NOP56,0.998
9606.ENSP00000314193,WDR75,DCAF13,0.998
9606.ENSP00000314193,WDR75,KRR1,0.998
9606.ENSP00000314193,WDR75,BYSL,0.998
9606.ENSP00000314193,WDR75,RCL1,0.997
9606.ENSP00000314193,WDR75,IMP4,0.997
9606.ENSP00000314193,WDR75,NAT10,0.997
9606.ENSP00000314193,WDR75,NOP14,0.997
9606.ENSP00000314193,WDR75,NOL10,0.997
9606.ENSP00000314193,WDR75,IMP3,0.997
9606.ENSP00000314193,WDR75,AATF,0.996
9606.ENSP00000314193,WDR75,UTP11,0.995
9606.ENSP00000314193,WDR75,SNU13,0.995
9606.ENSP00000314193,WDR75,EMG1,0.995
9606.ENSP00000314193,WDR75,FBL,0.995
9606.ENSP00000314193,WDR75,UTP14A,0.994
9606.ENSP00000314193,WDR75,RPS23,0.992
9606.ENSP00000314193,WDR75,FCF1,0.992
9606.ENSP00000314193,WDR75,NOL11,0.992
9606.ENSP00000314193,WDR75,DNTTIP2,0.99
9606.ENSP00000314193,WDR75,NGDN,0.989
9606.ENSP00000314193,WDR75,RPS6,0.987
9606.ENSP00000314193,WDR75,RPS7,0.987
9606.ENSP00000314193,WDR75,RSL1D1,0.987
9606.ENSP00000314193,WDR75,RPS9,0.986
9606.ENSP00000314193,WDR75,RPS8,0.986
9606.ENSP00000314193,WDR75,RPS13,0.985
9606.ENSP00000314193,WDR75,RPS3A,0.985
9606.ENSP00000314193,WDR75,RPS5,0.985
9606.ENSP00000314193,WDR75,RPS28,0.983
9606.ENSP00000314193,WDR75,RPS11,0.981
9606.ENSP00000314193,WDR75,RPS16,0.981
9606.ENSP00000314193,WDR75,RPS24,0.981
9606.ENSP00000314193,WDR75,RPS18,0.977
9606.ENSP00000314193,WDR75,RPS19,0.976
9606.ENSP00000314193,WDR75,RPS14,0.975
9606.ENSP00000314193,WDR75,PNO1,0.975
9606.ENSP00000314193,WDR75,EXOSC10,0.972
9606.ENSP00000314193,WDR75,RPS27,0.969
9606.ENSP00000314193,WDR75,LOC102724159,0.968
9606.ENSP00000314193,WDR75,UTP14C,0.965
9606.ENSP00000314193,WDR75,DIMT1,0.961
9606.ENSP00000314193,WDR75,MTREX,0.955
9606.ENSP00000314193,WDR75,RPS15A,0.95
9606.ENSP00000314193,WDR75,DHX37,0.937
9606.ENSP00000314193,WDR75,RPS12,0.937
9606.ENSP00000314193,WDR75,NOC2L,0.935
9606.ENSP00000314193,WDR75,GTPBP4,0.931
9606.ENSP00000314193,WDR75,NOL7,0.931
9606.ENSP00000314193,WDR75,TSR1,0.93
9606.ENSP00000314193,WDR75,WDR12,0.925
9606.ENSP00000314193,WDR75,RPF2,0.925
9606.ENSP00000314193,WDR75,GNL2,0.924
9606.ENSP00000314193,WDR75,RPS4X,0.922
9606.ENSP00000314193,WDR75,SDAD1,0.921
9606.ENSP00000314193,WDR75,BOP1,0.914
9606.ENSP00000314193,WDR75,EXOSC5,0.91
9606.ENSP00000314193,WDR75,FBLL1,0.903
9606.ENSP00000314193,WDR75,NIP7,0.902
9606.ENSP00000314556,UACA,APAF1,0.903
9606.ENSP00000315713,SSH1,CFL1,0.998
9606.ENSP00000315713,SSH1,CFL2,0.995
9606.ENSP00000315713,SSH1,LIMK1,0.962
9606.ENSP00000315713,SSH1,SSH3,0.916
9606.ENSP00000315713,SSH1,PPP3CA,0.915
9606.ENSP00000315713,SSH1,PPP3CB,0.915
9606.ENSP00000315713,SSH1,PPP3CC,0.915
9606.ENSP00000315713,SSH1,SSH2,0.915
9606.ENSP00000315713,SSH1,PPP3R1,0.908
9606.ENSP00000315713,SSH1,PPP3R2,0.906
9606.ENSP00000315768,STAT2,IFNAR1,0.999
9606.ENSP00000315768,STAT2,IRF9,0.999
9606.ENSP00000315768,STAT2,STAT1,0.999
9606.ENSP00000315768,STAT2,TYK2,0.998
9606.ENSP00000315768,STAT2,IFNAR2,0.997
9606.ENSP00000315768,STAT2,CREBBP,0.997
9606.ENSP00000315768,STAT2,JAK1,0.996
9606.ENSP00000315768,STAT2,STAT6,0.991
9606.ENSP00000315768,STAT2,JAK2,0.991
9606.ENSP00000315768,STAT2,JAK3,0.982
9606.ENSP00000315768,STAT2,SOCS3,0.977
9606.ENSP00000315768,STAT2,IRF7,0.975
9606.ENSP00000315768,STAT2,IRF1,0.961
9606.ENSP00000315768,STAT2,ISG15,0.96
9606.ENSP00000315768,STAT2,CISH,0.96
9606.ENSP00000315768,STAT2,IFNA1,0.959
9606.ENSP00000315768,STAT2,USP18,0.957
9606.ENSP00000315768,STAT2,STAT3,0.954
9606.ENSP00000315768,STAT2,IFNB1,0.947
9606.ENSP00000315768,STAT2,STAT4,0.946
9606.ENSP00000315768,STAT2,PIAS1,0.944
9606.ENSP00000315768,STAT2,MX1,0.939
9606.ENSP00000315768,STAT2,PTPN2,0.937
9606.ENSP00000315768,STAT2,EP300,0.937
9606.ENSP00000315768,STAT2,IFIT2,0.933
9606.ENSP00000315768,STAT2,IRF3,0.93
9606.ENSP00000315768,STAT2,IFIT3,0.914
9606.ENSP00000315768,STAT2,IFI35,0.912
9606.ENSP00000315768,STAT2,RACK1,0.91
9606.ENSP00000315768,STAT2,SOCS1,0.909
9606.ENSP00000315768,STAT2,NMI,0.909
9606.ENSP00000315768,STAT2,HDAC1,0.909
9606.ENSP00000315768,STAT2,OAS3,0.908
9606.ENSP00000315768,STAT2,KPNA1,0.9
9606.ENSP00000315768,STAT2,FHL1,0.9
9606.ENSP00000316357,USP9X,SMAD4,0.971
9606.ENSP00000316357,USP9X,MCL1,0.958
9606.ENSP00000316357,USP9X,SNCA,0.941
9606.ENSP00000316357,USP9X,HUWE1,0.908
9606.ENSP00000316578,SUZ12,EED,0.999
9606.ENSP00000316578,SUZ12,RNF2,0.999
9606.ENSP00000316578,SUZ12,RBBP7,0.999
9606.ENSP00000316578,SUZ12,RBBP4,0.999
9606.ENSP00000316578,SUZ12,EZH2,0.999
9606.ENSP00000316578,SUZ12,MTF2,0.999
9606.ENSP00000316578,SUZ12,AEBP2,0.999
9606.ENSP00000316578,SUZ12,EZH1,0.999
9606.ENSP00000316578,SUZ12,JARID2,0.999
9606.ENSP00000316578,SUZ12,PHF19,0.998
9606.ENSP00000316578,SUZ12,BMI1,0.997
9606.ENSP00000316578,SUZ12,CBX7,0.995
9606.ENSP00000316578,SUZ12,ASXL1,0.995
9606.ENSP00000316578,SUZ12,HDAC2,0.995
9606.ENSP00000316578,SUZ12,YY1,0.993
9606.ENSP00000316578,SUZ12,PHF1,0.992
9606.ENSP00000316578,SUZ12,H3C13,0.99
9606.ENSP00000316578,SUZ12,RING1,0.987
9606.ENSP00000316578,SUZ12,CTCF,0.987
9606.ENSP00000316578,SUZ12,PHC1,0.985
9606.ENSP00000316578,SUZ12,CBX2,0.982
9606.ENSP00000316578,SUZ12,CBX8,0.974
9606.ENSP00000316578,SUZ12,PCGF1,0.97
9606.ENSP00000316578,SUZ12,COMMD3-BMI1,0.97
9606.ENSP00000316578,SUZ12,H4C6,0.964
9606.ENSP00000316578,SUZ12,PCGF2,0.964
9606.ENSP00000316578,SUZ12,H3-3B,0.962
9606.ENSP00000316578,SUZ12,HDAC1,0.96
9606.ENSP00000316578,SUZ12,SNAI1,0.959
9606.ENSP00000316578,SUZ12,PHC2,0.957
9606.ENSP00000316578,SUZ12,H3C12,0.956
9606.ENSP00000316578,SUZ12,SCML2,0.954
9606.ENSP00000316578,SUZ12,PCGF6,0.951
9606.ENSP00000316578,SUZ12,CBX4,0.949
9606.ENSP00000316578,SUZ12,EPOP,0.945
9606.ENSP00000316578,SUZ12,PCGF3,0.943
9606.ENSP00000316578,SUZ12,SIRT1,0.94
9606.ENSP00000316578,SUZ12,CBX6,0.94
9606.ENSP00000316578,SUZ12,PCGF5,0.937
9606.ENSP00000316578,SUZ12,JAZF1,0.935
9606.ENSP00000316578,SUZ12,H2AC8,0.932
9606.ENSP00000316578,SUZ12,H3-4,0.925
9606.ENSP00000316578,SUZ12,PHC3,0.918
9606.ENSP00000316578,SUZ12,BAP1,0.913
9606.ENSP00000316578,SUZ12,KDM6A,0.912
9606.ENSP00000316578,SUZ12,DNMT1,0.911
9606.ENSP00000316578,SUZ12,H2BC11,0.91
9606.ENSP00000316578,SUZ12,H2BC12,0.909
9606.ENSP00000316578,SUZ12,H2AC6,0.907
9606.ENSP00000316578,SUZ12,H2AC13,0.906
9606.ENSP00000316578,SUZ12,UBAP2L,0.904
9606.ENSP00000316578,SUZ12,SUV39H1,0.903
9606.ENSP00000317123,SNRNP200,LSM7,0.999
9606.ENSP00000317123,SNRNP200,SF3B5,0.999
9606.ENSP00000317123,SNRNP200,LSM6,0.999
9606.ENSP00000317123,SNRNP200,SNRPG,0.999
9606.ENSP00000317123,SNRNP200,RNF113A,0.999
9606.ENSP00000317123,SNRNP200,PRPF3,0.999
9606.ENSP00000317123,SNRNP200,MFAP1,0.999
9606.ENSP00000317123,SNRNP200,SNRPA1,0.999
9606.ENSP00000317123,SNRNP200,ZMAT2,0.999
9606.ENSP00000317123,SNRNP200,LSM4,0.999
9606.ENSP00000317123,SNRNP200,SF3A1,0.999
9606.ENSP00000317123,SNRNP200,PRPF8,0.999
9606.ENSP00000317123,SNRNP200,SNRNP40,0.999
9606.ENSP00000317123,SNRNP200,CWC22,0.999
9606.ENSP00000317123,SNRNP200,LSM5,0.999
9606.ENSP00000317123,SNRNP200,SF3A2,0.999
9606.ENSP00000317123,SNRNP200,SF3A3,0.999
9606.ENSP00000317123,SNRNP200,LSM2,0.999
9606.ENSP00000317123,SNRNP200,SF3B1,0.999
9606.ENSP00000317123,SNRNP200,TXNL4A,0.999
9606.ENSP00000317123,SNRNP200,EFTUD2,0.999
9606.ENSP00000317123,SNRNP200,SNU13,0.999
9606.ENSP00000317123,SNRNP200,DDX23,0.999
9606.ENSP00000317123,SNRNP200,LSM8,0.999
9606.ENSP00000317123,SNRNP200,DHX16,0.999
9606.ENSP00000317123,SNRNP200,SF3B4,0.999
9606.ENSP00000317123,SNRNP200,SNRPD1,0.999
9606.ENSP00000317123,SNRNP200,PRPF19,0.999
9606.ENSP00000317123,SNRNP200,SNRPD2,0.999
9606.ENSP00000317123,SNRNP200,CWC25,0.999
9606.ENSP00000317123,SNRNP200,RBMX2,0.999
9606.ENSP00000317123,SNRNP200,CWC27,0.999
9606.ENSP00000317123,SNRNP200,PRPF4,0.999
9606.ENSP00000317123,SNRNP200,SNIP1,0.999
9606.ENSP00000317123,SNRNP200,PRPF31,0.999
9606.ENSP00000317123,SNRNP200,SNRPF,0.999
9606.ENSP00000317123,SNRNP200,SF3B3,0.999
9606.ENSP00000317123,SNRNP200,PHF5A,0.999
9606.ENSP00000317123,SNRNP200,SF3B2,0.999
9606.ENSP00000317123,SNRNP200,BUD13,0.999
9606.ENSP00000317123,SNRNP200,PRPF6,0.999
9606.ENSP00000317123,SNRNP200,YJU2,0.999
9606.ENSP00000317123,SNRNP200,SNRPE,0.999
9606.ENSP00000317123,SNRNP200,SNRPB,0.999
9606.ENSP00000317123,SNRNP200,SNRPD3,0.999
9606.ENSP00000317123,SNRNP200,DHX38,0.999
9606.ENSP00000317123,SNRNP200,SART1,0.999
9606.ENSP00000317123,SNRNP200,CD2BP2,0.998
9606.ENSP00000317123,SNRNP200,SLU7,0.998
9606.ENSP00000317123,SNRNP200,WBP4,0.998
9606.ENSP00000317123,SNRNP200,LSM3,0.998
9606.ENSP00000317123,SNRNP200,SNW1,0.998
9606.ENSP00000317123,SNRNP200,SRRM2,0.998
9606.ENSP00000317123,SNRNP200,CDC5L,0.998
9606.ENSP00000317123,SNRNP200,RBM22,0.998
9606.ENSP00000317123,SNRNP200,SNRPB2,0.998
9606.ENSP00000317123,SNRNP200,CRNKL1,0.997
9606.ENSP00000317123,SNRNP200,ISY1,0.997
9606.ENSP00000317123,SNRNP200,ISY1-RAB43,0.997
9606.ENSP00000317123,SNRNP200,XAB2,0.997
9606.ENSP00000317123,SNRNP200,AAR2,0.996
9606.ENSP00000317123,SNRNP200,EIF4A3,0.996
9606.ENSP00000317123,SNRNP200,CDC40,0.996
9606.ENSP00000317123,SNRNP200,PLRG1,0.996
9606.ENSP00000317123,SNRNP200,SYF2,0.995
9606.ENSP00000317123,SNRNP200,BUD31,0.995
9606.ENSP00000317123,SNRNP200,SMU1,0.995
9606.ENSP00000317123,SNRNP200,CWC15,0.994
9606.ENSP00000317123,SNRNP200,AQR,0.994
9606.ENSP00000317123,SNRNP200,BCAS2,0.993
9606.ENSP00000317123,SNRNP200,SNRPN,0.993
9606.ENSP00000317123,SNRNP200,SNRPA,0.992
9606.ENSP00000317123,SNRNP200,RBM8A,0.991
9606.ENSP00000317123,SNRNP200,PRPF38A,0.991
9606.ENSP00000317123,SNRNP200,MAGOHB,0.985
9606.ENSP00000317123,SNRNP200,TSSC4,0.985
9606.ENSP00000317123,SNRNP200,CASC3,0.983
9606.ENSP00000317123,SNRNP200,IK,0.982
9606.ENSP00000317123,SNRNP200,PRPF18,0.977
9606.ENSP00000317123,SNRNP200,DHX8,0.977
9606.ENSP00000317123,SNRNP200,TCERG1,0.976
9606.ENSP00000317123,SNRNP200,C9orf78,0.971
9606.ENSP00000317123,SNRNP200,USP39,0.965
9606.ENSP00000317123,SNRNP200,PPIH,0.965
9606.ENSP00000317123,SNRNP200,NCBP2,0.959
9606.ENSP00000317123,SNRNP200,SNRNP70,0.959
9606.ENSP00000317123,SNRNP200,PPIL1,0.959
9606.ENSP00000317123,SNRNP200,M0R3G1_HUMAN,0.948
9606.ENSP00000317123,SNRNP200,MAGOH,0.941
9606.ENSP00000317123,SNRNP200,PRPF4B,0.94
9606.ENSP00000317123,SNRNP200,TXNL4B,0.939
9606.ENSP00000317123,SNRNP200,SNRPC,0.939
9606.ENSP00000317123,SNRNP200,RBM42,0.934
9606.ENSP00000317123,SNRNP200,NCBP1,0.93
9606.ENSP00000317123,SNRNP200,ARMC7,0.922
9606.ENSP00000317123,SNRNP200,SRSF1,0.921
9606.ENSP00000317123,SNRNP200,SNRNP27,0.919
9606.ENSP00000317123,SNRNP200,DHX15,0.908
9606.ENSP00000317123,SNRNP200,PPIG,0.903
9606.ENSP00000317790,SPTBN5,SPTAN1,0.968
9606.ENSP00000317790,SPTBN5,ANK1,0.964
9606.ENSP00000317790,SPTBN5,SPTA1,0.957
9606.ENSP00000317790,SPTBN5,ANK3,0.951
9606.ENSP00000317790,SPTBN5,ANK2,0.943
9606.ENSP00000317790,SPTBN5,SPTBN4,0.919
9606.ENSP00000317790,SPTBN5,SPTBN2,0.918
9606.ENSP00000317971,WDTC1,DDB1,0.996
9606.ENSP00000317971,WDTC1,CUL4A,0.93
9606.ENSP00000318803,SYTL2,RAB27A,0.998
9606.ENSP00000318803,SYTL2,RAB27B,0.948
9606.ENSP00000318803,SYTL2,MLPH,0.942
9606.ENSP00000318944,TRAF7,UBA52,0.967
9606.ENSP00000319829,ZNF687,INTS5,0.994
9606.ENSP00000319829,ZNF687,INTS1,0.994
9606.ENSP00000319829,ZNF687,INTS6,0.994
9606.ENSP00000319829,ZNF687,INTS3,0.994
9606.ENSP00000319829,ZNF687,ZMYND8,0.969
9606.ENSP00000319829,ZNF687,ZNF592,0.924
9606.ENSP00000320924,WIPF2,WASL,0.999
9606.ENSP00000320924,WIPF2,WAS,0.991
9606.ENSP00000320924,WIPF2,NCK2,0.98
9606.ENSP00000320924,WIPF2,NCK1,0.968
9606.ENSP00000320924,WIPF2,WIPF3,0.922
9606.ENSP00000320924,WIPF2,WIPF1,0.916
9606.ENSP00000321703,TACC1,CKAP5,0.985
9606.ENSP00000322845,ZMYM3,GTF2I,0.916
9606.ENSP00000322845,ZMYM3,KDM1A,0.908
9606.ENSP00000322845,ZMYM3,HDAC1,0.908
9606.ENSP00000323588,SOX2,POU5F1,0.999
9606.ENSP00000323588,SOX2,NANOG,0.999
9606.ENSP00000323588,SOX2,KLF4,0.998
9606.ENSP00000323588,SOX2,CTNNB1,0.991
9606.ENSP00000323588,SOX2,SALL4,0.983
9606.ENSP00000323588,SOX2,LIN28A,0.983
9606.ENSP00000323588,SOX2,PAX6,0.977
9606.ENSP00000323588,SOX2,POU2F1,0.973
9606.ENSP00000323588,SOX2,HDAC1,0.966
9606.ENSP00000323588,SOX2,PRDM14,0.965
9606.ENSP00000323588,SOX2,CDK1,0.961
9606.ENSP00000323588,SOX2,MYC,0.958
9606.ENSP00000323588,SOX2,KPNA4,0.934
9606.ENSP00000323588,SOX2,FGF2,0.933
9606.ENSP00000323588,SOX2,TP63,0.93
9606.ENSP00000323588,SOX2,SMAD3,0.929
9606.ENSP00000323588,SOX2,H3C12,0.923
9606.ENSP00000323588,SOX2,H3C13,0.923
9606.ENSP00000323588,SOX2,MECP2,0.921
9606.ENSP00000323588,SOX2,OTX2,0.914
9606.ENSP00000323588,SOX2,TBX3,0.907
9606.ENSP00000323588,SOX2,KPNA1,0.906
9606.ENSP00000323588,SOX2,STAT3,0.903
9606.ENSP00000323670,ZBTB7A,HDAC1,0.965
9606.ENSP00000324856,STK11,CAB39,0.999
9606.ENSP00000324856,STK11,STRADA,0.999
9606.ENSP00000324856,STK11,CAB39L,0.998
9606.ENSP00000324856,STK11,STRADB,0.994
9606.ENSP00000324856,STK11,AXIN1,0.993
9606.ENSP00000324856,STK11,PRKAA1,0.986
9606.ENSP00000324856,STK11,PTEN,0.979
9606.ENSP00000324856,STK11,PRKAA2,0.978
9606.ENSP00000324856,STK11,PRKAB2,0.976
9606.ENSP00000324856,STK11,PRKAB1,0.975
9606.ENSP00000324856,STK11,PRKAG1,0.974
9606.ENSP00000324856,STK11,TP53,0.97
9606.ENSP00000324856,STK11,PRKAG2,0.962
9606.ENSP00000324856,STK11,FOXO3,0.96
9606.ENSP00000324856,STK11,PRKAG3,0.959
9606.ENSP00000324856,STK11,FOXO1,0.955
9606.ENSP00000324856,STK11,ARHGEF18,0.951
9606.ENSP00000324856,STK11,PRKCZ,0.948
9606.ENSP00000324856,STK11,CAMKK2,0.944
9606.ENSP00000324856,STK11,FOXO4,0.937
9606.ENSP00000324856,STK11,NUAK1,0.93
9606.ENSP00000324856,STK11,SMARCA4,0.92
9606.ENSP00000324856,STK11,PRKCI,0.914
9606.ENSP00000324856,STK11,STK11IP,0.912
9606.ENSP00000324856,STK11,SIRT1,0.903
9606.ENSP00000326531,THOC6,THOC5,0.999
9606.ENSP00000326531,THOC6,THOC2,0.999
9606.ENSP00000326531,THOC6,THOC3,0.999
9606.ENSP00000326531,THOC6,DDX39B,0.999
9606.ENSP00000326531,THOC6,THOC7,0.999
9606.ENSP00000326531,THOC6,THOC1,0.999
9606.ENSP00000326531,THOC6,ALYREF,0.994
9606.ENSP00000326531,THOC6,SARNP,0.976
9606.ENSP00000326531,THOC6,CHTOP,0.953
9606.ENSP00000326630,ZFPM1,GATA1,0.999
9606.ENSP00000326630,ZFPM1,GATA2,0.996
9606.ENSP00000326630,ZFPM1,RBBP4,0.984
9606.ENSP00000326630,ZFPM1,LMO2,0.973
9606.ENSP00000326630,ZFPM1,LDB1,0.942
9606.ENSP00000326630,ZFPM1,HDAC1,0.936
9606.ENSP00000326630,ZFPM1,LDB2,0.905
9606.ENSP00000326630,ZFPM1,GATA4,0.904
9606.ENSP00000327959,TGIF1,SMAD2,0.991
9606.ENSP00000327959,TGIF1,SMAD3,0.974
9606.ENSP00000327959,TGIF1,TGIF2,0.911
9606.ENSP00000328998,TRAK1,RHOT2,0.999
9606.ENSP00000328998,TRAK1,RHOT1,0.999
9606.ENSP00000328998,TRAK1,TRAK2,0.966
9606.ENSP00000328998,TRAK1,OGT,0.963
9606.ENSP00000328998,TRAK1,MFN2,0.942
9606.ENSP00000328998,TRAK1,NDE1,0.922
9606.ENSP00000329214,ST6GALNAC3,ST3GAL1,0.935
9606.ENSP00000329214,ST6GALNAC3,ST3GAL2,0.925
9606.ENSP00000329869,TPO,TG,0.985
9606.ENSP00000329869,TPO,TSHR,0.971
9606.ENSP00000329869,TPO,TYR,0.946
9606.ENSP00000329869,TPO,SLC5A5,0.94
9606.ENSP00000329869,TPO,TH,0.924
9606.ENSP00000329869,TPO,DDC,0.918
9606.ENSP00000329869,TPO,TBL1X,0.914
9606.ENSP00000329869,TPO,GOT1,0.911
9606.ENSP00000329869,TPO,GOT2,0.909
9606.ENSP00000329869,TPO,GOT1L1,0.907
9606.ENSP00000329869,TPO,IL4I1,0.901
9606.ENSP00000329869,TPO,TAT,0.9
9606.ENSP00000329967,TBK1,IRF3,0.999
9606.ENSP00000329967,TBK1,TANK,0.999
9606.ENSP00000329967,TBK1,OPTN,0.999
9606.ENSP00000329967,TBK1,TBKBP1,0.999
9606.ENSP00000329967,TBK1,IKBKE,0.999
9606.ENSP00000329967,TBK1,STING1,0.999
9606.ENSP00000329967,TBK1,DDX3X,0.999
9606.ENSP00000329967,TBK1,AZI2,0.999
9606.ENSP00000329967,TBK1,TRAF3,0.999
9606.ENSP00000329967,TBK1,MAVS,0.999
9606.ENSP00000329967,TBK1,TRAF6,0.999
9606.ENSP00000329967,TBK1,TNFRSF1A,0.998
9606.ENSP00000329967,TBK1,IKBKG,0.998
9606.ENSP00000329967,TBK1,TRAF2,0.998
9606.ENSP00000329967,TBK1,TNF,0.998
9606.ENSP00000329967,TBK1,RNF31,0.997
9606.ENSP00000329967,TBK1,TRAF5,0.997
9606.ENSP00000329967,TBK1,EXOC2,0.996
9606.ENSP00000329967,TBK1,SQSTM1,0.995
9606.ENSP00000329967,TBK1,DDX58,0.994
9606.ENSP00000329967,TBK1,TLR3,0.993
9606.ENSP00000329967,TBK1,IRF7,0.992
9606.ENSP00000329967,TBK1,NFKB1,0.99
9606.ENSP00000329967,TBK1,MYD88,0.988
9606.ENSP00000329967,TBK1,ZBP1,0.986
9606.ENSP00000329967,TBK1,CALCOCO2,0.986
9606.ENSP00000329967,TBK1,RELA,0.986
9606.ENSP00000329967,TBK1,TICAM1,0.982
9606.ENSP00000329967,TBK1,IFIH1,0.982
9606.ENSP00000329967,TBK1,RIPK1,0.979
9606.ENSP00000329967,TBK1,IFNB1,0.972
9606.ENSP00000329967,TBK1,CYLD,0.969
9606.ENSP00000329967,TBK1,SIKE1,0.966
9606.ENSP00000329967,TBK1,CHUK,0.964
9606.ENSP00000329967,TBK1,SMCR8,0.959
9606.ENSP00000329967,TBK1,REL,0.957
9606.ENSP00000329967,TBK1,TLR4,0.957
9606.ENSP00000329967,TBK1,MYOM2,0.953
9606.ENSP00000329967,TBK1,IKBKB,0.943
9606.ENSP00000329967,TBK1,DDX41,0.936
9606.ENSP00000329967,TBK1,TAX1BP1,0.931
9606.ENSP00000329967,TBK1,HSP90AA1,0.925
9606.ENSP00000329967,TBK1,GSK3B,0.923
9606.ENSP00000329967,TBK1,CGAS,0.922
9606.ENSP00000329967,TBK1,RALB,0.919
9606.ENSP00000329967,TBK1,STAT6,0.917
9606.ENSP00000329967,TBK1,RPS6KB1,0.917
9606.ENSP00000329967,TBK1,NFKBIA,0.91
9606.ENSP00000329967,TBK1,NLRP4,0.904
9606.ENSP00000330341,SOCS3,JAK2,0.999
9606.ENSP00000330341,SOCS3,JAK1,0.999
9606.ENSP00000330341,SOCS3,TYK2,0.999
9606.ENSP00000330341,SOCS3,STAT3,0.994
9606.ENSP00000330341,SOCS3,LEPR,0.994
9606.ENSP00000330341,SOCS3,IL6ST,0.992
9606.ENSP00000330341,SOCS3,ELOB,0.991
9606.ENSP00000330341,SOCS3,STAT1,0.988
9606.ENSP00000330341,SOCS3,IRS1,0.985
9606.ENSP00000330341,SOCS3,IRS2,0.983
9606.ENSP00000330341,SOCS3,INSR,0.982
9606.ENSP00000330341,SOCS3,STAT2,0.977
9606.ENSP00000330341,SOCS3,ELOC,0.973
9606.ENSP00000330341,SOCS3,SOCS1,0.969
9606.ENSP00000330341,SOCS3,SOCS2,0.962
9606.ENSP00000330341,SOCS3,CUL5,0.956
9606.ENSP00000330341,SOCS3,CSF3R,0.954
9606.ENSP00000330341,SOCS3,IL6,0.947
9606.ENSP00000330341,SOCS3,PTK6,0.941
9606.ENSP00000330341,SOCS3,JAK3,0.939
9606.ENSP00000330341,SOCS3,IL6R,0.936
9606.ENSP00000330341,SOCS3,IRS4,0.917
9606.ENSP00000330341,SOCS3,LEP,0.908
9606.ENSP00000330341,SOCS3,EPOR,0.906
9606.ENSP00000330341,SOCS3,STAT5A,0.9
9606.ENSP00000330341,SOCS3,STAT5B,0.9
9606.ENSP00000333012,SS18L1,DPF3,0.973
9606.ENSP00000333012,SS18L1,DPF2,0.972
9606.ENSP00000333012,SS18L1,DPF1,0.97
9606.ENSP00000333012,SS18L1,SMARCD1,0.964
9606.ENSP00000333012,SS18L1,SMARCE1,0.946
9606.ENSP00000333012,SS18L1,SMARCC2,0.934
9606.ENSP00000333012,SS18L1,ACTL6B,0.928
9606.ENSP00000334308,SYNE3,PLEC,0.998
9606.ENSP00000334308,SYNE3,SUN2,0.998
9606.ENSP00000334308,SYNE3,SUN1,0.984
9606.ENSP00000334308,SYNE3,SYNE2,0.945
9606.ENSP00000334308,SYNE3,SYNE4,0.943
9606.ENSP00000334308,SYNE3,SYNE1,0.936
9606.ENSP00000334308,SYNE3,SUN3,0.912
9606.ENSP00000334547,TAL2,LMO2,0.903
9606.ENSP00000334785,TESC,SLC9A1,0.985
9606.ENSP00000334844,TMEM216,TMEM67,0.998
9606.ENSP00000334844,TMEM216,CC2D2A,0.997
9606.ENSP00000334844,TMEM216,TCTN1,0.995
9606.ENSP00000334844,TMEM216,B9D1,0.995
9606.ENSP00000334844,TMEM216,B9D2,0.993
9606.ENSP00000334844,TMEM216,CEP290,0.99
9606.ENSP00000334844,TMEM216,TCTN3,0.988
9606.ENSP00000334844,TMEM216,MKS1,0.987
9606.ENSP00000334844,TMEM216,TMEM231,0.987
9606.ENSP00000334844,TMEM216,AHI1,0.985
9606.ENSP00000334844,TMEM216,TCTN2,0.98
9606.ENSP00000334844,TMEM216,TMEM107,0.966
9606.ENSP00000334844,TMEM216,RPGRIP1L,0.959
9606.ENSP00000334844,TMEM216,TMEM17,0.952
9606.ENSP00000334844,TMEM216,NPHP1,0.94
9606.ENSP00000334844,TMEM216,TMEM138,0.936
9606.ENSP00000334844,TMEM216,ARL13B,0.919
9606.ENSP00000335055,WASF3,NCKAP1,0.999
9606.ENSP00000335055,WASF3,ABI1,0.997
9606.ENSP00000335055,WASF3,CYFIP1,0.996
9606.ENSP00000335055,WASF3,ABI2,0.995
9606.ENSP00000335055,WASF3,BRK1,0.994
9606.ENSP00000335055,WASF3,CYFIP2,0.993
9606.ENSP00000335055,WASF3,NCKAP1L,0.981
9606.ENSP00000335055,WASF3,WASF2,0.965
9606.ENSP00000335055,WASF3,WASF1,0.956
9606.ENSP00000335055,WASF3,ABI3,0.933
9606.ENSP00000335055,WASF3,RAC2,0.924
9606.ENSP00000335055,WASF3,WAS,0.922
9606.ENSP00000335055,WASF3,ACTG1,0.922
9606.ENSP00000335055,WASF3,ACTB,0.921
9606.ENSP00000335055,WASF3,BAIAP2,0.913
9606.ENSP00000335055,WASF3,RAC3,0.909
9606.ENSP00000335055,WASF3,ARF1,0.906
9606.ENSP00000335247,STARD10,LPCAT1,0.912
9606.ENSP00000335384,ZPBP2,GSDMB,0.955
9606.ENSP00000335384,ZPBP2,IKZF3,0.938
9606.ENSP00000335384,ZPBP2,ORMDL3,0.936
9606.ENSP00000336655,STRADA,CAB39,0.999
9606.ENSP00000336655,STRADA,STK11,0.999
9606.ENSP00000336655,STRADA,CAB39L,0.996
9606.ENSP00000336655,STRADA,PRKAA1,0.915
9606.ENSP00000336655,STRADA,PRKAA2,0.914
9606.ENSP00000336655,STRADA,STRADB,0.911
9606.ENSP00000336712,TNPO1,HNRNPA1,0.998
9606.ENSP00000336712,TNPO1,RAN,0.995
9606.ENSP00000336712,TNPO1,FUS,0.994
9606.ENSP00000336712,TNPO1,TNPO3,0.974
9606.ENSP00000336712,TNPO1,HNRNPM,0.971
9606.ENSP00000336712,TNPO1,NXF1,0.97
9606.ENSP00000336712,TNPO1,HNRNPD,0.968
9606.ENSP00000336712,TNPO1,KIF17,0.958
9606.ENSP00000336712,TNPO1,IPO7,0.945
9606.ENSP00000336712,TNPO1,KPNB1,0.937
9606.ENSP00000336712,TNPO1,HNRNPA1L2,0.931
9606.ENSP00000336712,TNPO1,NUP153,0.931
9606.ENSP00000336712,TNPO1,BAP1,0.928
9606.ENSP00000336712,TNPO1,H3C12,0.914
9606.ENSP00000336712,TNPO1,PHGDH,0.914
9606.ENSP00000336712,TNPO1,NUP98,0.914
9606.ENSP00000336712,TNPO1,H3C13,0.912
9606.ENSP00000336712,TNPO1,H3-3B,0.912
9606.ENSP00000336712,TNPO1,H3-2,0.912
9606.ENSP00000336712,TNPO1,H3-5,0.912
9606.ENSP00000336712,TNPO1,H3C3,0.908
9606.ENSP00000336712,TNPO1,H3C6,0.907
9606.ENSP00000336712,TNPO1,ZFP36,0.905
9606.ENSP00000336712,TNPO1,H3-3A,0.903
9606.ENSP00000336712,TNPO1,H3C2,0.903
9606.ENSP00000336712,TNPO1,H3C10,0.903
9606.ENSP00000336712,TNPO1,H3C4,0.903
9606.ENSP00000336712,TNPO1,H3C1,0.903
9606.ENSP00000336712,TNPO1,H3C8,0.903
9606.ENSP00000336712,TNPO1,H3C11,0.903
9606.ENSP00000336712,TNPO1,H3C15,0.903
9606.ENSP00000336712,TNPO1,H3C7,0.903
9606.ENSP00000336712,TNPO1,H3C14,0.903
9606.ENSP00000336750,SUPT7L,TAF10,0.999
9606.ENSP00000336750,SUPT7L,TADA1,0.999
9606.ENSP00000336750,SUPT7L,TAF9,0.999
9606.ENSP00000336750,SUPT7L,TRRAP,0.999
9606.ENSP00000336750,SUPT7L,SUPT3H,0.999
9606.ENSP00000336750,SUPT7L,SUPT20H,0.999
9606.ENSP00000336750,SUPT7L,TAF6L,0.999
9606.ENSP00000336750,SUPT7L,TAF5L,0.998
9606.ENSP00000336750,SUPT7L,TAF12,0.998
9606.ENSP00000336750,SUPT7L,KAT2A,0.995
9606.ENSP00000336750,SUPT7L,TADA3,0.994
9606.ENSP00000336750,SUPT7L,SGF29,0.993
9606.ENSP00000336750,SUPT7L,TADA2B,0.992
9606.ENSP00000336750,SUPT7L,TAF9B,0.992
9606.ENSP00000336750,SUPT7L,ATXN7L3,0.991
9606.ENSP00000336750,SUPT7L,ATXN7,0.982
9606.ENSP00000336750,SUPT7L,USP22,0.974
9606.ENSP00000336750,SUPT7L,SF3B3,0.966
9606.ENSP00000336750,SUPT7L,KAT2B,0.961
9606.ENSP00000336750,SUPT7L,ENY2,0.96
9606.ENSP00000336750,SUPT7L,TAF8,0.958
9606.ENSP00000336750,SUPT7L,TAF5,0.954
9606.ENSP00000336750,SUPT7L,TADA2A,0.953
9606.ENSP00000336750,SUPT7L,TAF6,0.952
9606.ENSP00000336750,SUPT7L,SF3B5,0.947
9606.ENSP00000336750,SUPT7L,TAF2,0.947
9606.ENSP00000336750,SUPT7L,TAF4,0.934
9606.ENSP00000336750,SUPT7L,TAF7,0.927
9606.ENSP00000336750,SUPT7L,ZZZ3,0.923
9606.ENSP00000337386,ZFP36L1,MAPKAPK2,0.983
9606.ENSP00000337386,ZFP36L1,DCP2,0.929
9606.ENSP00000337386,ZFP36L1,ZFP36L2,0.917
9606.ENSP00000337804,SPAG17,SPAG6,0.925
9606.ENSP00000337804,SPAG17,LRGUK,0.9
9606.ENSP00000338157,ZBTB16,RARA,0.997
9606.ENSP00000338157,ZBTB16,NCOR2,0.978
9606.ENSP00000338157,ZBTB16,NCOR1,0.975
9606.ENSP00000338157,ZBTB16,HDAC1,0.949
9606.ENSP00000338157,ZBTB16,BMI1,0.943
9606.ENSP00000338157,ZBTB16,HDAC4,0.942
9606.ENSP00000338157,ZBTB16,CUL3,0.925
9606.ENSP00000338157,ZBTB16,RUNX1T1,0.903
9606.ENSP00000338191,SNTB2,UTRN,0.99
9606.ENSP00000338191,SNTB2,DMD,0.985
9606.ENSP00000338191,SNTB2,DTNA,0.974
9606.ENSP00000338191,SNTB2,DTNB,0.937
9606.ENSP00000338191,SNTB2,SNTG2,0.927
9606.ENSP00000338191,SNTB2,SNTB1,0.923
9606.ENSP00000338191,SNTB2,SNTA1,0.905
9606.ENSP00000338191,SNTB2,DAG1,0.901
9606.ENSP00000338796,SSX2,SS18,0.986
9606.ENSP00000338796,SSX2,SSX1,0.966
9606.ENSP00000338796,SSX2,SSX3,0.936
9606.ENSP00000339030,ZFP91,CRBN,0.988
9606.ENSP00000339299,TRIO,RAC1,0.994
9606.ENSP00000339299,TRIO,RAC3,0.96
9606.ENSP00000339834,SNRNP48,SNRNP35,0.992
9606.ENSP00000339834,SNRNP48,ZMAT5,0.981
9606.ENSP00000339834,SNRNP48,ZRSR2,0.971
9606.ENSP00000339834,SNRNP48,ZCRB1,0.968
9606.ENSP00000339834,SNRNP48,SNRPF,0.963
9606.ENSP00000339834,SNRNP48,SNRNP25,0.96
9606.ENSP00000339834,SNRNP48,RNPC3,0.958
9606.ENSP00000339834,SNRNP48,SNRPG,0.951
9606.ENSP00000339834,SNRNP48,SNRPE,0.949
9606.ENSP00000339834,SNRNP48,PDCD7,0.938
9606.ENSP00000339834,SNRNP48,SNRPB,0.93
9606.ENSP00000339834,SNRNP48,PHF5A,0.928
9606.ENSP00000339834,SNRNP48,SNRPD3,0.912
9606.ENSP00000340347,TCF7,CTNNB1,0.999
9606.ENSP00000340347,TCF7,AXIN2,0.983
9606.ENSP00000340347,TCF7,JUP,0.975
9606.ENSP00000340347,TCF7,AXIN1,0.974
9606.ENSP00000340347,TCF7,CTBP2,0.965
9606.ENSP00000340347,TCF7,CTBP1,0.965
9606.ENSP00000340347,TCF7,APC,0.956
9606.ENSP00000340347,TCF7,NLK,0.955
9606.ENSP00000340347,TCF7,APC2,0.954
9606.ENSP00000340347,TCF7,TCF7L1,0.944
9606.ENSP00000340347,TCF7,TCF7L2,0.943
9606.ENSP00000340347,TCF7,EP300,0.928
9606.ENSP00000340347,TCF7,SMAD4,0.925
9606.ENSP00000340347,TCF7,CREBBP,0.92
9606.ENSP00000340347,TCF7,SOX17,0.916
9606.ENSP00000340347,TCF7,TERT,0.915
9606.ENSP00000340347,TCF7,RUVBL1,0.905
9606.ENSP00000340347,TCF7,CTNND2,0.904
9606.ENSP00000340507,TRIM24,H3C12,0.989
9606.ENSP00000340507,TRIM24,H3C13,0.98
9606.ENSP00000340507,TRIM24,H3-2,0.98
9606.ENSP00000340507,TRIM24,H3C1,0.979
9606.ENSP00000340507,TRIM24,TRIM28,0.962
9606.ENSP00000340507,TRIM24,ESR1,0.96
9606.ENSP00000340507,TRIM24,H3C3,0.952
9606.ENSP00000340507,TRIM24,TRIM33,0.951
9606.ENSP00000340507,TRIM24,H3C8,0.951
9606.ENSP00000340507,TRIM24,H3C11,0.951
9606.ENSP00000340507,TRIM24,H3C7,0.951
9606.ENSP00000340507,TRIM24,H3C2,0.951
9606.ENSP00000340507,TRIM24,H3C10,0.951
9606.ENSP00000340507,TRIM24,H3C4,0.951
9606.ENSP00000340507,TRIM24,RARA,0.924
9606.ENSP00000340507,TRIM24,H3C6,0.911
9606.ENSP00000340507,TRIM24,H3C15,0.908
9606.ENSP00000340507,TRIM24,H3C14,0.908
9606.ENSP00000340913,TRPC6,NPHS2,0.998
9606.ENSP00000340913,TRPC6,NPHS1,0.99
9606.ENSP00000340913,TRPC6,ORAI2,0.983
9606.ENSP00000340913,TRPC6,STIM1,0.971
9606.ENSP00000340913,TRPC6,TRPC3,0.952
9606.ENSP00000340913,TRPC6,PRKG1,0.942
9606.ENSP00000340913,TRPC6,TRPV4,0.94
9606.ENSP00000340913,TRPC6,TRPC1,0.939
9606.ENSP00000340913,TRPC6,BMPR2,0.929
9606.ENSP00000340913,TRPC6,PRKG2,0.911
9606.ENSP00000340913,TRPC6,ACTN4,0.905
9606.ENSP00000340913,TRPC6,INF2,0.902
9606.ENSP00000340913,TRPC6,CD2AP,0.902
9606.ENSP00000341208,STAT5A,JAK1,0.999
9606.ENSP00000341208,STAT5A,JAK2,0.999
9606.ENSP00000341208,STAT5A,JAK3,0.998
9606.ENSP00000341208,STAT5A,EGFR,0.998
9606.ENSP00000341208,STAT5A,STAT3,0.997
9606.ENSP00000341208,STAT5A,IL2RA,0.995
9606.ENSP00000341208,STAT5A,ERBB4,0.995
9606.ENSP00000341208,STAT5A,EPOR,0.989
9606.ENSP00000341208,STAT5A,CRKL,0.987
9606.ENSP00000341208,STAT5A,IL2RB,0.983
9606.ENSP00000341208,STAT5A,TYK2,0.982
9606.ENSP00000341208,STAT5A,ABL1,0.98
9606.ENSP00000341208,STAT5A,CISH,0.98
9606.ENSP00000341208,STAT5A,IL2RG,0.977
9606.ENSP00000341208,STAT5A,CREBBP,0.975
9606.ENSP00000341208,STAT5A,PTPN11,0.974
9606.ENSP00000341208,STAT5A,FLT3,0.97
9606.ENSP00000341208,STAT5A,STAT1,0.969
9606.ENSP00000341208,STAT5A,IL7,0.965
9606.ENSP00000341208,STAT5A,KIT,0.959
9606.ENSP00000341208,STAT5A,IL2,0.956
9606.ENSP00000341208,STAT5A,STAT5B,0.949
9606.ENSP00000341208,STAT5A,IRF9,0.949
9606.ENSP00000341208,STAT5A,PTPN2,0.948
9606.ENSP00000341208,STAT5A,EP300,0.946
9606.ENSP00000341208,STAT5A,IL7R,0.938
9606.ENSP00000341208,STAT5A,STAT6,0.938
9606.ENSP00000341208,STAT5A,CSF2,0.937
9606.ENSP00000341208,STAT5A,PRLR,0.936
9606.ENSP00000341208,STAT5A,SOCS1,0.927
9606.ENSP00000341208,STAT5A,GHR,0.926
9606.ENSP00000341208,STAT5A,BCR,0.924
9606.ENSP00000341208,STAT5A,CSN2,0.919
9606.ENSP00000341208,STAT5A,PRL,0.905
9606.ENSP00000341208,STAT5A,IL3,0.905
9606.ENSP00000341208,STAT5A,SRC,0.9
9606.ENSP00000341208,STAT5A,SOCS3,0.9
9606.ENSP00000341208,STAT5A,FHL1,0.9
9606.ENSP00000341292,WNK1,WNK2,0.969
9606.ENSP00000341292,WNK1,KLHL3,0.952
9606.ENSP00000341292,WNK1,SLC12A3,0.951
9606.ENSP00000341292,WNK1,KCNJ1,0.936
9606.ENSP00000341292,WNK1,OXSR1,0.901
9606.ENSP00000341957,TP53BP2,TP53,0.999
9606.ENSP00000341957,TP53BP2,BCL2,0.99
9606.ENSP00000341957,TP53BP2,YAP1,0.986
9606.ENSP00000341957,TP53BP2,PPP1CA,0.984
9606.ENSP00000341957,TP53BP2,PPP1CC,0.974
9606.ENSP00000341957,TP53BP2,TP73,0.971
9606.ENSP00000341957,TP53BP2,PPP1CB,0.957
9606.ENSP00000341957,TP53BP2,RASSF8,0.944
9606.ENSP00000341957,TP53BP2,HIF1AN,0.935
9606.ENSP00000341957,TP53BP2,WWTR1,0.931
9606.ENSP00000341957,TP53BP2,RASSF7,0.919
9606.ENSP00000342374,SNRPD2,PRPF4,0.999
9606.ENSP00000342374,SNRPD2,PRPF31,0.999
9606.ENSP00000342374,SNRPD2,SNRNP200,0.999
9606.ENSP00000342374,SNRPD2,SNRPA,0.999
9606.ENSP00000342374,SNRPD2,SNRPF,0.999
9606.ENSP00000342374,SNRPD2,LSM3,0.999
9606.ENSP00000342374,SNRPD2,SNRPN,0.999
9606.ENSP00000342374,SNRPD2,BUD31,0.999
9606.ENSP00000342374,SNRPD2,SNRPC,0.999
9606.ENSP00000342374,SNRPD2,SNRNP70,0.999
9606.ENSP00000342374,SNRPD2,SNW1,0.999
9606.ENSP00000342374,SNRPD2,SF3B2,0.999
9606.ENSP00000342374,SNRPD2,SNRPE,0.999
9606.ENSP00000342374,SNRPD2,SNRPB,0.999
9606.ENSP00000342374,SNRPD2,SNRPD3,0.999
9606.ENSP00000342374,SNRPD2,CDC5L,0.999
9606.ENSP00000342374,SNRPD2,PRPF6,0.999
9606.ENSP00000342374,SNRPD2,SNRPB2,0.999
9606.ENSP00000342374,SNRPD2,SART1,0.999
9606.ENSP00000342374,SNRPD2,GEMIN2,0.999
9606.ENSP00000342374,SNRPD2,MFAP1,0.999
9606.ENSP00000342374,SNRPD2,LSM7,0.999
9606.ENSP00000342374,SNRPD2,SNRPG,0.999
9606.ENSP00000342374,SNRPD2,LSM6,0.999
9606.ENSP00000342374,SNRPD2,SF3B5,0.999
9606.ENSP00000342374,SNRPD2,PRPF3,0.999
9606.ENSP00000342374,SNRPD2,PRPF8,0.999
9606.ENSP00000342374,SNRPD2,LSM5,0.999
9606.ENSP00000342374,SNRPD2,SF3A2,0.999
9606.ENSP00000342374,SNRPD2,CRNKL1,0.999
9606.ENSP00000342374,SNRPD2,SNRPA1,0.999
9606.ENSP00000342374,SNRPD2,LSM4,0.999
9606.ENSP00000342374,SNRPD2,LSM8,0.999
9606.ENSP00000342374,SNRPD2,CDC40,0.999
9606.ENSP00000342374,SNRPD2,LSM2,0.999
9606.ENSP00000342374,SNRPD2,SF3A3,0.999
9606.ENSP00000342374,SNRPD2,DDX23,0.999
9606.ENSP00000342374,SNRPD2,EFTUD2,0.999
9606.ENSP00000342374,SNRPD2,PRPF19,0.999
9606.ENSP00000342374,SNRPD2,SNRPD1,0.999
9606.ENSP00000342374,SNRPD2,PLRG1,0.999
9606.ENSP00000342374,SNRPD2,SF3B3,0.998
9606.ENSP00000342374,SNRPD2,XAB2,0.998
9606.ENSP00000342374,SNRPD2,CWC15,0.998
9606.ENSP00000342374,SNRPD2,SNRNP40,0.998
9606.ENSP00000342374,SNRPD2,SF3A1,0.998
9606.ENSP00000342374,SNRPD2,CLNS1A,0.998
9606.ENSP00000342374,SNRPD2,SF3B1,0.998
9606.ENSP00000342374,SNRPD2,SMN1,0.998
9606.ENSP00000342374,SNRPD2,PHF5A,0.997
9606.ENSP00000342374,SNRPD2,RBM22,0.997
9606.ENSP00000342374,SNRPD2,NCBP1,0.997
9606.ENSP00000342374,SNRPD2,AQR,0.996
9606.ENSP00000342374,SNRPD2,SF3B6,0.996
9606.ENSP00000342374,SNRPD2,SNU13,0.996
9606.ENSP00000342374,SNRPD2,SF3B4,0.996
9606.ENSP00000342374,SNRPD2,NCBP2,0.995
9606.ENSP00000342374,SNRPD2,DHX15,0.994
9606.ENSP00000342374,SNRPD2,SMN2,0.994
9606.ENSP00000342374,SNRPD2,ZMAT2,0.994
9606.ENSP00000342374,SNRPD2,DHX8,0.993
9606.ENSP00000342374,SNRPD2,CWC22,0.993
9606.ENSP00000342374,SNRPD2,SNIP1,0.992
9606.ENSP00000342374,SNRPD2,SRRM2,0.992
9606.ENSP00000342374,SNRPD2,TXNL4A,0.992
9606.ENSP00000342374,SNRPD2,SYF2,0.991
9606.ENSP00000342374,SNRPD2,BCAS2,0.991
9606.ENSP00000342374,SNRPD2,RNF113A,0.991
9606.ENSP00000342374,SNRPD2,MAGOHB,0.991
9606.ENSP00000342374,SNRPD2,CWC27,0.991
9606.ENSP00000342374,SNRPD2,DHX16,0.991
9606.ENSP00000342374,SNRPD2,BUD13,0.99
9606.ENSP00000342374,SNRPD2,PPIL1,0.99
9606.ENSP00000342374,SNRPD2,USP39,0.99
9606.ENSP00000342374,SNRPD2,U2AF2,0.99
9606.ENSP00000342374,SNRPD2,RBMX2,0.99
9606.ENSP00000342374,SNRPD2,DDX46,0.989
9606.ENSP00000342374,SNRPD2,SMU1,0.988
9606.ENSP00000342374,SNRPD2,PPIE,0.987
9606.ENSP00000342374,SNRPD2,LUC7L2,0.985
9606.ENSP00000342374,SNRPD2,TGS1,0.982
9606.ENSP00000342374,SNRPD2,PRPF38A,0.981
9606.ENSP00000342374,SNRPD2,WDR77,0.981
9606.ENSP00000342374,SNRPD2,IK,0.98
9606.ENSP00000342374,SNRPD2,RNPC3,0.98
9606.ENSP00000342374,SNRPD2,ERH,0.98
9606.ENSP00000342374,SNRPD2,WBP4,0.979
9606.ENSP00000342374,SNRPD2,LSM10,0.978
9606.ENSP00000342374,SNRPD2,SNRNP35,0.978
9606.ENSP00000342374,SNRPD2,PPIH,0.976
9606.ENSP00000342374,SNRPD2,GEMIN5,0.976
9606.ENSP00000342374,SNRPD2,STRAP,0.975
9606.ENSP00000342374,SNRPD2,GEMIN6,0.975
9606.ENSP00000342374,SNRPD2,DDX20,0.975
9606.ENSP00000342374,SNRPD2,SRSF1,0.972
9606.ENSP00000342374,SNRPD2,ZMAT5,0.971
9606.ENSP00000342374,SNRPD2,TCERG1,0.97
9606.ENSP00000342374,SNRPD2,PRMT5,0.966
9606.ENSP00000342374,SNRPD2,LUC7L,0.96
9606.ENSP00000342374,SNRPD2,LSM1,0.96
9606.ENSP00000342374,SNRPD2,GEMIN4,0.956
9606.ENSP00000342374,SNRPD2,GEMIN7,0.955
9606.ENSP00000342374,SNRPD2,GEMIN8,0.954
9606.ENSP00000342374,SNRPD2,FMC1-LUC7L2,0.949
9606.ENSP00000342374,SNRPD2,HTATSF1,0.948
9606.ENSP00000342374,SNRPD2,UBL5,0.946
9606.ENSP00000342374,SNRPD2,SNRNP27,0.938
9606.ENSP00000342374,SNRPD2,DDX39B,0.938
9606.ENSP00000342374,SNRPD2,SLU7,0.937
9606.ENSP00000342374,SNRPD2,YBX1,0.932
9606.ENSP00000342374,SNRPD2,ZRSR2,0.932
9606.ENSP00000342374,SNRPD2,RBM25,0.932
9606.ENSP00000342374,SNRPD2,MAGOH,0.931
9606.ENSP00000342374,SNRPD2,CTNNBL1,0.929
9606.ENSP00000342374,SNRPD2,PRMT1,0.926
9606.ENSP00000342374,SNRPD2,RBM42,0.923
9606.ENSP00000342374,SNRPD2,ARMC7,0.922
9606.ENSP00000342374,SNRPD2,EIF4A3,0.922
9606.ENSP00000342374,SNRPD2,CWC25,0.922
9606.ENSP00000342374,SNRPD2,C19orf54,0.921
9606.ENSP00000342374,SNRPD2,RBM8A,0.917
9606.ENSP00000342374,SNRPD2,CD2BP2,0.917
9606.ENSP00000342374,SNRPD2,YJU2,0.916
9606.ENSP00000342374,SNRPD2,DHX38,0.912
9606.ENSP00000342374,SNRPD2,SRRM1,0.911
9606.ENSP00000342374,SNRPD2,SCNM1,0.909
9606.ENSP00000342374,SNRPD2,TRA2B,0.908
9606.ENSP00000343223,TCL1B,AKT1,0.972
9606.ENSP00000343223,TCL1B,AKT2,0.959
9606.ENSP00000343223,TCL1B,TCL1A,0.944
9606.ENSP00000343223,TCL1B,AKT3,0.918
9606.ENSP00000343223,TCL1B,MTCP1,0.912
9606.ENSP00000343505,TNFSF13,TNFRSF13B,0.999
9606.ENSP00000343505,TNFSF13,TNFRSF17,0.997
9606.ENSP00000343505,TNFSF13,TNFRSF13C,0.951
9606.ENSP00000343505,TNFSF13,TNFSF12,0.938
9606.ENSP00000343535,USP7,DAXX,0.999
9606.ENSP00000343535,USP7,UVSSA,0.999
9606.ENSP00000343535,USP7,DNMT1,0.999
9606.ENSP00000343535,USP7,TP53,0.999
9606.ENSP00000343535,USP7,MDM2,0.999
9606.ENSP00000343535,USP7,UHRF1,0.998
9606.ENSP00000343535,USP7,GMPS,0.998
9606.ENSP00000343535,USP7,UBC,0.997
9606.ENSP00000343535,USP7,UBA52,0.993
9606.ENSP00000343535,USP7,RNF169,0.988
9606.ENSP00000343535,USP7,RPS27A,0.987
9606.ENSP00000343535,USP7,UBB,0.984
9606.ENSP00000343535,USP7,PTEN,0.979
9606.ENSP00000343535,USP7,FOXO4,0.978
9606.ENSP00000343535,USP7,MDM4,0.973
9606.ENSP00000343535,USP7,FOXO3,0.971
9606.ENSP00000343535,USP7,TRIM27,0.97
9606.ENSP00000343535,USP7,USP11,0.966
9606.ENSP00000343535,USP7,TRIP12,0.963
9606.ENSP00000343535,USP7,MAGEL2,0.961
9606.ENSP00000343535,USP7,FOXO1,0.939
9606.ENSP00000343535,USP7,KDM1A,0.936
9606.ENSP00000343535,USP7,TSPYL5,0.933
9606.ENSP00000343535,USP7,KAT5,0.932
9606.ENSP00000343535,USP7,HDAC1,0.929
9606.ENSP00000343535,USP7,RNF2,0.92
9606.ENSP00000343535,USP7,TRAF6,0.902
9606.ENSP00000343535,USP7,CHEK1,0.9
9606.ENSP00000343577,TPSAB1,TPSB2,0.999
9606.ENSP00000343577,TPSAB1,TPSD1,0.977
9606.ENSP00000343577,TPSAB1,CPA3,0.945
9606.ENSP00000343577,TPSAB1,IGHV3-43D,0.913
9606.ENSP00000344215,TP53INP1,HIPK2,0.941
9606.ENSP00000344215,TP53INP1,TP53,0.935
9606.ENSP00000344503,TMEM201,SUN1,0.954
9606.ENSP00000345849,SPAM1,IDUA,0.941
9606.ENSP00000345849,SPAM1,GUSB,0.937
9606.ENSP00000345849,SPAM1,ARSB,0.918
9606.ENSP00000346206,TAP1,TAP2,0.999
9606.ENSP00000346206,TAP1,TAPBP,0.995
9606.ENSP00000346206,TAP1,HLA-A,0.984
9606.ENSP00000346206,TAP1,B2M,0.984
9606.ENSP00000346206,TAP1,PSMB9,0.981
9606.ENSP00000346206,TAP1,PDIA3,0.974
9606.ENSP00000346206,TAP1,PSMB8,0.973
9606.ENSP00000346206,TAP1,CALR,0.962
9606.ENSP00000346206,TAP1,HLA-B,0.924
9606.ENSP00000346634,THRAP3,BCLAF1,0.993
9606.ENSP00000346634,THRAP3,MED1,0.954
9606.ENSP00000346634,THRAP3,MED16,0.948
9606.ENSP00000346634,THRAP3,MED14,0.942
9606.ENSP00000346634,THRAP3,CDK8,0.93
9606.ENSP00000346634,THRAP3,MED12,0.924
9606.ENSP00000346634,THRAP3,MED4,0.911
9606.ENSP00000346634,THRAP3,MED6,0.91
9606.ENSP00000346634,THRAP3,MED8,0.91
9606.ENSP00000346634,THRAP3,MED13,0.909
9606.ENSP00000346634,THRAP3,MED30,0.907
9606.ENSP00000346634,THRAP3,MED17,0.906
9606.ENSP00000346634,THRAP3,MED26,0.904
9606.ENSP00000346634,THRAP3,MED22,0.902
9606.ENSP00000346634,THRAP3,MED18,0.902
9606.ENSP00000346634,THRAP3,MED11,0.902
9606.ENSP00000346634,THRAP3,PPARGC1B,0.9
9606.ENSP00000346634,THRAP3,MED29,0.9
9606.ENSP00000346634,THRAP3,MED21,0.9
9606.ENSP00000346762,SND1,MTDH,0.999
9606.ENSP00000346762,SND1,FMR1,0.963
9606.ENSP00000346762,SND1,PIWIL1,0.959
9606.ENSP00000346762,SND1,AGO2,0.943
9606.ENSP00000346762,SND1,STAT6,0.934
9606.ENSP00000346762,SND1,FXR1,0.904
9606.ENSP00000346829,WLS,WNT3A,0.994
9606.ENSP00000346829,WLS,WNT8A,0.991
9606.ENSP00000346829,WLS,WNT5A,0.955
9606.ENSP00000346829,WLS,WNT1,0.94
9606.ENSP00000346829,WLS,WNT4,0.935
9606.ENSP00000346829,WLS,SNX3,0.911
9606.ENSP00000346986,WAC,RNF20,0.968
9606.ENSP00000346986,WAC,RNF40,0.964
9606.ENSP00000347672,VANGL1,DVL1,0.997
9606.ENSP00000347672,VANGL1,DVL2,0.994
9606.ENSP00000347672,VANGL1,PRICKLE2,0.994
9606.ENSP00000347672,VANGL1,PRICKLE1,0.992
9606.ENSP00000347672,VANGL1,DVL3,0.99
9606.ENSP00000347672,VANGL1,PRICKLE3,0.99
9606.ENSP00000347672,VANGL1,PRICKLE4,0.987
9606.ENSP00000347672,VANGL1,VANGL2,0.968
9606.ENSP00000347672,VANGL1,CELSR1,0.963
9606.ENSP00000347672,VANGL1,SCRIB,0.955
9606.ENSP00000347672,VANGL1,FZD6,0.946
9606.ENSP00000347672,VANGL1,CD82,0.936
9606.ENSP00000347719,TBCD,ARL2,0.996
9606.ENSP00000347719,TBCD,TBCE-2,0.992
9606.ENSP00000347719,TBCD,TBCE,0.986
9606.ENSP00000347719,TBCD,TBCB,0.903
9606.ENSP00000347719,TBCD,TUBB2A,0.903
9606.ENSP00000347948,TNFRSF14,BTLA,0.999
9606.ENSP00000347948,TNFRSF14,LTA,0.999
9606.ENSP00000347948,TNFRSF14,TNFSF14,0.999
9606.ENSP00000347948,TNFRSF14,CD160,0.998
9606.ENSP00000347948,TNFRSF14,ACKR1,0.998
9606.ENSP00000347948,TNFRSF14,TRAF5,0.992
9606.ENSP00000347948,TNFRSF14,TRAF2,0.978
9606.ENSP00000347948,TNFRSF14,ERVW-1,0.965
9606.ENSP00000347948,TNFRSF14,TNF,0.915
9606.ENSP00000348416,TJP1,AFDN,0.999
9606.ENSP00000348416,TJP1,CGN,0.999
9606.ENSP00000348416,TJP1,CLDN5,0.999
9606.ENSP00000348416,TJP1,TJP2,0.999
9606.ENSP00000348416,TJP1,OCLN,0.999
9606.ENSP00000348416,TJP1,GJA1,0.999
9606.ENSP00000348416,TJP1,CLDN7,0.999
9606.ENSP00000348416,TJP1,F11R,0.999
9606.ENSP00000348416,TJP1,MARVELD2,0.999
9606.ENSP00000348416,TJP1,CLDN1,0.999
9606.ENSP00000348416,TJP1,YBX3,0.998
9606.ENSP00000348416,TJP1,HCLS1,0.998
9606.ENSP00000348416,TJP1,CLDN4,0.998
9606.ENSP00000348416,TJP1,JAM3,0.997
9606.ENSP00000348416,TJP1,CDH5,0.995
9606.ENSP00000348416,TJP1,CTNNB1,0.995
9606.ENSP00000348416,TJP1,KIRREL1,0.994
9606.ENSP00000348416,TJP1,NPHS1,0.994
9606.ENSP00000348416,TJP1,CLDN3,0.994
9606.ENSP00000348416,TJP1,CLDN8,0.993
9606.ENSP00000348416,TJP1,JAM2,0.993
9606.ENSP00000348416,TJP1,CTTN,0.992
9606.ENSP00000348416,TJP1,CLDN2,0.992
9606.ENSP00000348416,TJP1,DLG4,0.988
9606.ENSP00000348416,TJP1,SRC,0.988
9606.ENSP00000348416,TJP1,TJP3,0.988
9606.ENSP00000348416,TJP1,CDH1,0.987
9606.ENSP00000348416,TJP1,NPHS2,0.987
9606.ENSP00000348416,TJP1,CTNNA1,0.987
9606.ENSP00000348416,TJP1,ACTB,0.985
9606.ENSP00000348416,TJP1,GJD2,0.985
9606.ENSP00000348416,TJP1,CD2AP,0.982
9606.ENSP00000348416,TJP1,CLDN11,0.981
9606.ENSP00000348416,TJP1,S100A8,0.98
9606.ENSP00000348416,TJP1,CGNL1,0.975
9606.ENSP00000348416,TJP1,IGSF5,0.974
9606.ENSP00000348416,TJP1,VCL,0.973
9606.ENSP00000348416,TJP1,WWTR1,0.971
9606.ENSP00000348416,TJP1,VASP,0.968
9606.ENSP00000348416,TJP1,CFTR,0.964
9606.ENSP00000348416,TJP1,RAPGEF2,0.964
9606.ENSP00000348416,TJP1,BVES,0.963
9606.ENSP00000348416,TJP1,HSPA4,0.959
9606.ENSP00000348416,TJP1,CTNND1,0.956
9606.ENSP00000348416,TJP1,CTNNA3,0.955
9606.ENSP00000348416,TJP1,CLDN16,0.955
9606.ENSP00000348416,TJP1,CLDN19,0.954
9606.ENSP00000348416,TJP1,TJAP1,0.951
9606.ENSP00000348416,TJP1,CDH17,0.95
9606.ENSP00000348416,TJP1,CTNNA2,0.95
9606.ENSP00000348416,TJP1,CDH3,0.95
9606.ENSP00000348416,TJP1,CLDN6,0.931
9606.ENSP00000348416,TJP1,TUBA1C,0.931
9606.ENSP00000348416,TJP1,TUBA1A,0.92
9606.ENSP00000348416,TJP1,ACTG1,0.913
9606.ENSP00000348416,TJP1,TUBA4A,0.911
9606.ENSP00000348416,TJP1,TUBA1B,0.911
9606.ENSP00000348416,TJP1,ACTN4,0.91
9606.ENSP00000348416,TJP1,CDH2,0.909
9606.ENSP00000348416,TJP1,TUBA8,0.907
9606.ENSP00000348416,TJP1,CLDN12,0.906
9606.ENSP00000348416,TJP1,TUBAL3,0.906
9606.ENSP00000348416,TJP1,TUBA3E,0.906
9606.ENSP00000348416,TJP1,TUBA3D,0.905
9606.ENSP00000348848,WDR45,ATG2A,0.998
9606.ENSP00000348848,WDR45,ATG2B,0.997
9606.ENSP00000348984,SON,RBM39,0.999
9606.ENSP00000348984,SON,PRRC2C,0.999
9606.ENSP00000348984,SON,GLE1,0.932
9606.ENSP00000350630,TLL2,CHRD,0.923
9606.ENSP00000350630,TLL2,PCOLCE,0.917
9606.ENSP00000350719,SYNE2,SUN2,0.999
9606.ENSP00000350719,SYNE2,SUN1,0.999
9606.ENSP00000350719,SYNE2,EMD,0.995
9606.ENSP00000350719,SYNE2,LMNA,0.994
9606.ENSP00000350719,SYNE2,FHOD1,0.994
9606.ENSP00000350719,SYNE2,SYNE1,0.966
9606.ENSP00000350719,SYNE2,LMNB1,0.963
9606.ENSP00000350719,SYNE2,SYNE3,0.945
9606.ENSP00000350719,SYNE2,TMEM67,0.933
9606.ENSP00000351052,ZC3HC1,SKP1,0.963
9606.ENSP00000351052,ZC3HC1,CUL1,0.904
9606.ENSP00000351250,TRIM33,SMAD2,0.999
9606.ENSP00000351250,TRIM33,SMAD3,0.997
9606.ENSP00000351250,TRIM33,CDC20,0.996
9606.ENSP00000351250,TRIM33,CDC16,0.994
9606.ENSP00000351250,TRIM33,ANAPC4,0.994
9606.ENSP00000351250,TRIM33,ANAPC5,0.994
9606.ENSP00000351250,TRIM33,CDC23,0.994
9606.ENSP00000351250,TRIM33,BUB1B,0.994
9606.ENSP00000351250,TRIM33,CDC27,0.994
9606.ENSP00000351250,TRIM33,CCNA2,0.994
9606.ENSP00000351250,TRIM33,FZR1,0.994
9606.ENSP00000351250,TRIM33,ANAPC1,0.994
9606.ENSP00000351250,TRIM33,ANAPC7,0.994
9606.ENSP00000351250,TRIM33,SMAD4,0.986
9606.ENSP00000351250,TRIM33,H3C12,0.984
9606.ENSP00000351250,TRIM33,H3C13,0.973
9606.ENSP00000351250,TRIM33,H3-3B,0.973
9606.ENSP00000351250,TRIM33,H3-4,0.972
9606.ENSP00000351250,TRIM33,H3-2,0.972
9606.ENSP00000351250,TRIM33,H3-5,0.972
9606.ENSP00000351250,TRIM33,TRIM24,0.951
9606.ENSP00000351250,TRIM33,TRIM28,0.935
9606.ENSP00000351250,TRIM33,MORC3,0.926
9606.ENSP00000351250,TRIM33,H3-3A,0.912
9606.ENSP00000351250,TRIM33,H3C6,0.911
9606.ENSP00000351250,TRIM33,H3C3,0.908
9606.ENSP00000351250,TRIM33,H3C8,0.908
9606.ENSP00000351250,TRIM33,H3C11,0.908
9606.ENSP00000351250,TRIM33,H3C15,0.908
9606.ENSP00000351250,TRIM33,H3C7,0.908
9606.ENSP00000351250,TRIM33,H3C14,0.908
9606.ENSP00000351250,TRIM33,H3C2,0.908
9606.ENSP00000351250,TRIM33,H3C10,0.908
9606.ENSP00000351250,TRIM33,H3C4,0.908
9606.ENSP00000351250,TRIM33,H3C1,0.908
9606.ENSP00000351255,STAT4,IL12RB2,0.996
9606.ENSP00000351255,STAT4,STAT1,0.994
9606.ENSP00000351255,STAT4,IL12RB1,0.99
9606.ENSP00000351255,STAT4,JAK1,0.988
9606.ENSP00000351255,STAT4,IFNG,0.981
9606.ENSP00000351255,STAT4,JAK2,0.977
9606.ENSP00000351255,STAT4,IRF9,0.977
9606.ENSP00000351255,STAT4,STAT3,0.973
9606.ENSP00000351255,STAT4,TYK2,0.973
9606.ENSP00000351255,STAT4,JAK3,0.973
9606.ENSP00000351255,STAT4,PTPN2,0.965
9606.ENSP00000351255,STAT4,CISH,0.959
9606.ENSP00000351255,STAT4,STAT2,0.946
9606.ENSP00000351255,STAT4,IL10,0.941
9606.ENSP00000351255,STAT4,STAT6,0.932
9606.ENSP00000351255,STAT4,IL23R,0.911
9606.ENSP00000351255,STAT4,TBX21,0.908
9606.ENSP00000351255,STAT4,FHL1,0.9
9606.ENSP00000351742,TFEB,MTOR,0.983
9606.ENSP00000351742,TFEB,TFE3,0.979
9606.ENSP00000351742,TFEB,MITF,0.976
9606.ENSP00000351742,TFEB,RRAGC,0.972
9606.ENSP00000351742,TFEB,RRAGA,0.97
9606.ENSP00000351742,TFEB,RPTOR,0.959
9606.ENSP00000351742,TFEB,YWHAG,0.94
9606.ENSP00000351905,TGFBR2,TGFB1,0.999
9606.ENSP00000351905,TGFBR2,TGFB3,0.999
9606.ENSP00000351905,TGFBR2,TGFB2,0.999
9606.ENSP00000351905,TGFBR2,TGFBR1,0.999
9606.ENSP00000351905,TGFBR2,SMAD3,0.998
9606.ENSP00000351905,TGFBR2,SMAD2,0.998
9606.ENSP00000351905,TGFBR2,ENG,0.997
9606.ENSP00000351905,TGFBR2,SMAD4,0.996
9606.ENSP00000351905,TGFBR2,SMAD7,0.994
9606.ENSP00000351905,TGFBR2,ACVRL1,0.992
9606.ENSP00000351905,TGFBR2,TGFBR3,0.986
9606.ENSP00000351905,TGFBR2,SMURF1,0.983
9606.ENSP00000351905,TGFBR2,DAXX,0.981
9606.ENSP00000351905,TGFBR2,SMURF2,0.981
9606.ENSP00000351905,TGFBR2,CBL,0.96
9606.ENSP00000351905,TGFBR2,GDF15,0.96
9606.ENSP00000351905,TGFBR2,HSP90AA1,0.959
9606.ENSP00000351905,TGFBR2,RHOA,0.952
9606.ENSP00000351905,TGFBR2,ALK,0.947
9606.ENSP00000351905,TGFBR2,YAP1,0.932
9606.ENSP00000351905,TGFBR2,SHC1,0.927
9606.ENSP00000351905,TGFBR2,PPP2CB,0.926
9606.ENSP00000351905,TGFBR2,HSP90AB1,0.92
9606.ENSP00000351905,TGFBR2,FBN1,0.916
9606.ENSP00000351905,TGFBR2,PPP2R1B,0.914
9606.ENSP00000351905,TGFBR2,PPP2R1A,0.913
9606.ENSP00000351905,TGFBR2,PPP2CA,0.913
9606.ENSP00000351905,TGFBR2,ZFYVE9,0.908
9606.ENSP00000352271,XRCC2,RAD51B,0.999
9606.ENSP00000352271,XRCC2,RAD51D,0.999
9606.ENSP00000352271,XRCC2,XRCC3,0.999
9606.ENSP00000352271,XRCC2,RAD51C,0.999
9606.ENSP00000352271,XRCC2,RAD51D-2,0.999
9606.ENSP00000352271,XRCC2,BRCA2,0.982
9606.ENSP00000352271,XRCC2,RAD51,0.981
9606.ENSP00000352271,XRCC2,BRCA1,0.954
9606.ENSP00000352271,XRCC2,MRE11,0.912
9606.ENSP00000352271,XRCC2,SFR1,0.911
9606.ENSP00000352271,XRCC2,SWI5,0.911
9606.ENSP00000352358,TRPV6,CALM3,0.976
9606.ENSP00000352358,TRPV6,CALM2,0.93
9606.ENSP00000352798,COL18A1,GPC1,0.968
9606.ENSP00000352798,COL18A1,NCL,0.966
9606.ENSP00000352798,COL18A1,MMP2,0.96
9606.ENSP00000352798,COL18A1,KDR,0.96
9606.ENSP00000352798,COL18A1,DR1,0.959
9606.ENSP00000352798,COL18A1,MMP9,0.92
9606.ENSP00000352798,COL18A1,COL15A1,0.904
9606.ENSP00000352925,TRRAP,TAF9,0.999
9606.ENSP00000352925,TRRAP,TAF6,0.999
9606.ENSP00000352925,TRRAP,KAT5,0.999
9606.ENSP00000352925,TRRAP,RUVBL2,0.999
9606.ENSP00000352925,TRRAP,DMAP1,0.999
9606.ENSP00000352925,TRRAP,ACTL6A,0.999
9606.ENSP00000352925,TRRAP,TAF6L,0.999
9606.ENSP00000352925,TRRAP,KAT2B,0.999
9606.ENSP00000352925,TRRAP,SGF29,0.999
9606.ENSP00000352925,TRRAP,MRGBP,0.999
9606.ENSP00000352925,TRRAP,MYC,0.999
9606.ENSP00000352925,TRRAP,SUPT20H,0.999
9606.ENSP00000352925,TRRAP,MEAF6,0.999
9606.ENSP00000352925,TRRAP,SUPT3H,0.999
9606.ENSP00000352925,TRRAP,TADA1,0.999
9606.ENSP00000352925,TRRAP,TAF5L,0.999
9606.ENSP00000352925,TRRAP,SUPT7L,0.999
9606.ENSP00000352925,TRRAP,TAF10,0.999
9606.ENSP00000352925,TRRAP,TAF12,0.999
9606.ENSP00000352925,TRRAP,ATXN7,0.999
9606.ENSP00000352925,TRRAP,RUVBL1,0.999
9606.ENSP00000352925,TRRAP,EP400,0.999
9606.ENSP00000352925,TRRAP,TADA3,0.999
9606.ENSP00000352925,TRRAP,KAT2A,0.999
9606.ENSP00000352925,TRRAP,TADA2A,0.998
9606.ENSP00000352925,TRRAP,EPC1,0.998
9606.ENSP00000352925,TRRAP,USP22,0.998
9606.ENSP00000352925,TRRAP,BRD8,0.998
9606.ENSP00000352925,TRRAP,MORF4L1,0.998
9606.ENSP00000352925,TRRAP,ENY2,0.998
9606.ENSP00000352925,TRRAP,ING3,0.998
9606.ENSP00000352925,TRRAP,ATXN7L3,0.998
9606.ENSP00000352925,TRRAP,TADA2B,0.998
9606.ENSP00000352925,TRRAP,YEATS4,0.997
9606.ENSP00000352925,TRRAP,MORF4L2,0.997
9606.ENSP00000352925,TRRAP,EPC2,0.997
9606.ENSP00000352925,TRRAP,TAF9B,0.997
9606.ENSP00000352925,TRRAP,VPS72,0.996
9606.ENSP00000352925,TRRAP,TAF5,0.996
9606.ENSP00000352925,TRRAP,TAF4,0.982
9606.ENSP00000352925,TRRAP,TP53,0.973
9606.ENSP00000352925,TRRAP,TAF7,0.969
9606.ENSP00000352925,TRRAP,KAT8,0.967
9606.ENSP00000352925,TRRAP,CTNNB1,0.964
9606.ENSP00000352925,TRRAP,SF3B5,0.962
9606.ENSP00000352925,TRRAP,INO80,0.961
9606.ENSP00000352925,TRRAP,ACTB,0.96
9606.ENSP00000352925,TRRAP,MBTD1,0.959
9606.ENSP00000352925,TRRAP,ATXN7-2,0.957
9606.ENSP00000352925,TRRAP,ANP32E,0.953
9606.ENSP00000352925,TRRAP,TAF2,0.953
9606.ENSP00000352925,TRRAP,TEP1,0.952
9606.ENSP00000352925,TRRAP,SF3B3,0.947
9606.ENSP00000352925,TRRAP,MSL3,0.945
9606.ENSP00000352925,TRRAP,H2AZ1,0.941
9606.ENSP00000352925,TRRAP,ACTL6B,0.938
9606.ENSP00000352925,TRRAP,YY1,0.932
9606.ENSP00000352925,TRRAP,SRCAP,0.93
9606.ENSP00000352925,TRRAP,ATXN7L2,0.929
9606.ENSP00000352925,TRRAP,ACTR8,0.924
9606.ENSP00000352925,TRRAP,H4C6,0.924
9606.ENSP00000352925,TRRAP,YEATS2,0.913
9606.ENSP00000352925,TRRAP,ACTR5,0.913
9606.ENSP00000352925,TRRAP,INO80B,0.911
9606.ENSP00000352925,TRRAP,NFRKB,0.909
9606.ENSP00000352925,TRRAP,TELO2,0.909
9606.ENSP00000352925,TRRAP,MCRS1,0.908
9606.ENSP00000352925,TRRAP,INO80C,0.906
9606.ENSP00000352925,TRRAP,MSL2,0.906
9606.ENSP00000352925,TRRAP,MSL1,0.905
9606.ENSP00000352925,TRRAP,TFPT,0.903
9606.ENSP00000352925,TRRAP,INO80E,0.901
9606.ENSP00000352925,TRRAP,UCHL5,0.9
9606.ENSP00000353874,TLR9,MYD88,0.999
9606.ENSP00000353874,TLR9,HMGB1,0.997
9606.ENSP00000353874,TLR9,TLR7,0.992
9606.ENSP00000353874,TLR9,IRAK1,0.988
9606.ENSP00000353874,TLR9,TIRAP,0.988
9606.ENSP00000353874,TLR9,TRAF6,0.982
9606.ENSP00000353874,TLR9,TLR4,0.979
9606.ENSP00000353874,TLR9,IL1B,0.975
9606.ENSP00000353874,TLR9,UNC93B1,0.97
9606.ENSP00000353874,TLR9,TICAM1,0.969
9606.ENSP00000353874,TLR9,IRF7,0.969
9606.ENSP00000353874,TLR9,CAMP,0.967
9606.ENSP00000353874,TLR9,TLR2,0.961
9606.ENSP00000353874,TLR9,TICAM2,0.943
9606.ENSP00000353874,TLR9,IRAK4,0.942
9606.ENSP00000353874,TLR9,NOD2,0.92
9606.ENSP00000353874,TLR9,BTK,0.911
9606.ENSP00000353874,TLR9,DDX58,0.902
9606.ENSP00000354394,STAT1,IRF1,0.999
9606.ENSP00000354394,STAT1,IFNGR1,0.999
9606.ENSP00000354394,STAT1,PIAS1,0.999
9606.ENSP00000354394,STAT1,CREBBP,0.999
9606.ENSP00000354394,STAT1,JAK1,0.999
9606.ENSP00000354394,STAT1,STAT2,0.999
9606.ENSP00000354394,STAT1,JAK2,0.999
9606.ENSP00000354394,STAT1,IRF9,0.999
9606.ENSP00000354394,STAT1,KPNA1,0.999
9606.ENSP00000354394,STAT1,STAT3,0.999
9606.ENSP00000354394,STAT1,IFNAR1,0.998
9606.ENSP00000354394,STAT1,IFNAR2,0.998
9606.ENSP00000354394,STAT1,EP300,0.998
9606.ENSP00000354394,STAT1,TYK2,0.997
9606.ENSP00000354394,STAT1,STAT4,0.994
9606.ENSP00000354394,STAT1,DDX58,0.994
9606.ENSP00000354394,STAT1,JAK3,0.992
9606.ENSP00000354394,STAT1,SOCS3,0.988
9606.ENSP00000354394,STAT1,ISG15,0.987
9606.ENSP00000354394,STAT1,IFNG,0.986
9606.ENSP00000354394,STAT1,IFIT3,0.985
9606.ENSP00000354394,STAT1,IL27RA,0.984
9606.ENSP00000354394,STAT1,RACK1,0.982
9606.ENSP00000354394,STAT1,EIF2AK2,0.98
9606.ENSP00000354394,STAT1,CISH,0.98
9606.ENSP00000354394,STAT1,PTPN2,0.978
9606.ENSP00000354394,STAT1,EGFR,0.975
9606.ENSP00000354394,STAT1,OAS2,0.972
9606.ENSP00000354394,STAT1,IL6,0.972
9606.ENSP00000354394,STAT1,GBP1,0.969
9606.ENSP00000354394,STAT1,IRF7,0.969
9606.ENSP00000354394,STAT1,STAT5A,0.969
9606.ENSP00000354394,STAT1,HDAC1,0.969
9606.ENSP00000354394,STAT1,SOCS1,0.966
9606.ENSP00000354394,STAT1,OAS1,0.966
9606.ENSP00000354394,STAT1,IKBKE,0.964
9606.ENSP00000354394,STAT1,MAPK3,0.964
9606.ENSP00000354394,STAT1,IFIH1,0.963
9606.ENSP00000354394,STAT1,IFIT2,0.963
9606.ENSP00000354394,STAT1,AKT1,0.961
9606.ENSP00000354394,STAT1,PTPN11,0.961
9606.ENSP00000354394,STAT1,IFNA1,0.96
9606.ENSP00000354394,STAT1,OAS3,0.959
9606.ENSP00000354394,STAT1,STAT5B,0.958
9606.ENSP00000354394,STAT1,BRCA1,0.958
9606.ENSP00000354394,STAT1,CIITA,0.957
9606.ENSP00000354394,STAT1,IFNB1,0.954
9606.ENSP00000354394,STAT1,PIAS3,0.951
9606.ENSP00000354394,STAT1,IFI35,0.95
9606.ENSP00000354394,STAT1,MAPK1,0.95
9606.ENSP00000354394,STAT1,RSAD2,0.949
9606.ENSP00000354394,STAT1,CXCL10,0.949
9606.ENSP00000354394,STAT1,IFIT1,0.945
9606.ENSP00000354394,STAT1,PARP9,0.943
9606.ENSP00000354394,STAT1,MX1,0.942
9606.ENSP00000354394,STAT1,RUNX2,0.942
9606.ENSP00000354394,STAT1,SRC,0.936
9606.ENSP00000354394,STAT1,IFI6,0.934
9606.ENSP00000354394,STAT1,GBP5,0.934
9606.ENSP00000354394,STAT1,XAF1,0.931
9606.ENSP00000354394,STAT1,IL6ST,0.927
9606.ENSP00000354394,STAT1,DTX3L,0.926
9606.ENSP00000354394,STAT1,NFKB1,0.926
9606.ENSP00000354394,STAT1,IFNLR1,0.923
9606.ENSP00000354394,STAT1,SOCS5,0.919
9606.ENSP00000354394,STAT1,CAMK2B,0.918
9606.ENSP00000354394,STAT1,NFKBIA,0.917
9606.ENSP00000354394,STAT1,IFI44,0.915
9606.ENSP00000354394,STAT1,UBE2L6,0.915
9606.ENSP00000354394,STAT1,ESR1,0.915
9606.ENSP00000354394,STAT1,PIAS4,0.915
9606.ENSP00000354394,STAT1,PDGFRA,0.914
9606.ENSP00000354394,STAT1,IRF3,0.914
9606.ENSP00000354394,STAT1,CAMK2A,0.913
9606.ENSP00000354394,STAT1,OASL,0.912
9606.ENSP00000354394,STAT1,IFNGR2,0.912
9606.ENSP00000354394,STAT1,IFNA2,0.912
9606.ENSP00000354394,STAT1,PRKCD,0.91
9606.ENSP00000354394,STAT1,JUN,0.91
9606.ENSP00000354394,STAT1,PSMB8,0.906
9606.ENSP00000354394,STAT1,IRF8,0.904
9606.ENSP00000354394,STAT1,SMAD7,0.902
9606.ENSP00000354394,STAT1,IL10RB,0.902
9606.ENSP00000354394,STAT1,TRAF6,0.902
9606.ENSP00000354394,STAT1,PML,0.901
9606.ENSP00000354394,STAT1,PSMB9,0.901
9606.ENSP00000354394,STAT1,FHL1,0.9
9606.ENSP00000354487,ZEB1,CTBP1,0.998
9606.ENSP00000354487,ZEB1,CTBP2,0.989
9606.ENSP00000354487,ZEB1,HDAC1,0.975
9606.ENSP00000354487,ZEB1,SMARCA4,0.962
9606.ENSP00000354487,ZEB1,CDH1,0.961
9606.ENSP00000354487,ZEB1,SMAD3,0.95
9606.ENSP00000354487,ZEB1,TWIST1,0.932
9606.ENSP00000354487,ZEB1,EP300,0.932
9606.ENSP00000354487,ZEB1,VIM,0.916
9606.ENSP00000354487,ZEB1,ZEB2,0.914
9606.ENSP00000354487,ZEB1,SMAD2,0.904
9606.ENSP00000354518,ZNF830,PPIE,0.996
9606.ENSP00000354518,ZNF830,SF3B2,0.994
9606.ENSP00000354518,ZNF830,PRPF8,0.994
9606.ENSP00000354518,ZNF830,PCBP1,0.994
9606.ENSP00000354518,ZNF830,AQR,0.991
9606.ENSP00000354518,ZNF830,PRPF19,0.99
9606.ENSP00000354518,ZNF830,XAB2,0.979
9606.ENSP00000354518,ZNF830,SNW1,0.978
9606.ENSP00000354518,ZNF830,CRNKL1,0.969
9606.ENSP00000354518,ZNF830,ISY1,0.946
9606.ENSP00000354518,ZNF830,PRCC,0.941
9606.ENSP00000354522,TOP1,TOP2A,0.994
9606.ENSP00000354522,TOP1,TDP1,0.992
9606.ENSP00000354522,TOP1,TOP2B,0.981
9606.ENSP00000354522,TOP1,TP53,0.947
9606.ENSP00000354522,TOP1,TOPORS,0.939
9606.ENSP00000354522,TOP1,PARP1,0.936
9606.ENSP00000354522,TOP1,ALYREF,0.918
9606.ENSP00000354522,TOP1,SRSF1,0.912
9606.ENSP00000354522,TOP1,BTBD1,0.911
9606.ENSP00000354522,TOP1,RBMX,0.905
9606.ENSP00000354522,TOP1,BTBD2,0.903
9606.ENSP00000354633,TAF11,TAF2,0.999
9606.ENSP00000354633,TAF11,TAF7,0.999
9606.ENSP00000354633,TAF11,TAF3,0.999
9606.ENSP00000354633,TAF11,TAF8,0.999
9606.ENSP00000354633,TAF11,TAF9,0.999
9606.ENSP00000354633,TAF11,TAF6,0.999
9606.ENSP00000354633,TAF11,TAF9B,0.999
9606.ENSP00000354633,TAF11,TAF13,0.999
9606.ENSP00000354633,TAF11,TAF4B,0.999
9606.ENSP00000354633,TAF11,TAF1,0.999
9606.ENSP00000354633,TAF11,TAF5,0.999
9606.ENSP00000354633,TAF11,TAF12,0.999
9606.ENSP00000354633,TAF11,TAF10,0.999
9606.ENSP00000354633,TAF11,TAF4,0.999
9606.ENSP00000354633,TAF11,TBP,0.999
9606.ENSP00000354633,TAF11,GTF2B,0.997
9606.ENSP00000354633,TAF11,GTF2E1,0.992
9606.ENSP00000354633,TAF11,GTF2F1,0.991
9606.ENSP00000354633,TAF11,GTF2A2,0.99
9606.ENSP00000354633,TAF11,GTF2H5,0.983
9606.ENSP00000354633,TAF11,GTF2E2,0.982
9606.ENSP00000354633,TAF11,GTF2A1,0.981
9606.ENSP00000354633,TAF11,ERCC3,0.98
9606.ENSP00000354633,TAF11,GTF2H4,0.979
9606.ENSP00000354633,TAF11,GTF2H3,0.979
9606.ENSP00000354633,TAF11,GTF2H2,0.979
9606.ENSP00000354633,TAF11,ERCC2,0.979
9606.ENSP00000354633,TAF11,POLR2A,0.965
9606.ENSP00000354633,TAF11,TAF7L,0.94
9606.ENSP00000354633,TAF11,GTF2F2,0.935
9606.ENSP00000354633,TAF11,POLR2C,0.924
9606.ENSP00000354633,TAF11,POLR2B,0.923
9606.ENSP00000354633,TAF11,POLR2H,0.92
9606.ENSP00000354633,TAF11,POLR2E,0.918
9606.ENSP00000354633,TAF11,POLR2D,0.917
9606.ENSP00000354633,TAF11,POLR2G,0.915
9606.ENSP00000354633,TAF11,TCEA1,0.911
9606.ENSP00000354633,TAF11,POLR2J,0.909
9606.ENSP00000354633,TAF11,POLR2I,0.909
9606.ENSP00000354633,TAF11,MNAT1,0.908
9606.ENSP00000354633,TAF11,POLR2K,0.907
9606.ENSP00000354633,TAF11,GTF2H1,0.906
9606.ENSP00000354633,TAF11,CCNH,0.902
9606.ENSP00000354633,TAF11,CDK7,0.902
9606.ENSP00000354633,TAF11,POLR2F,0.9
9606.ENSP00000354777,TBKBP1,TBK1,0.999
9606.ENSP00000354777,TBKBP1,TNF,0.996
9606.ENSP00000354777,TBKBP1,TANK,0.996
9606.ENSP00000354777,TBKBP1,CALCOCO2,0.986
9606.ENSP00000354777,TBKBP1,IKBKE,0.975
9606.ENSP00000354777,TBKBP1,AZI2,0.937
9606.ENSP00000354777,TBKBP1,IKBKG,0.936
9606.ENSP00000355751,THBS2,CD36,0.995
9606.ENSP00000355751,THBS2,CD47,0.978
9606.ENSP00000355751,THBS2,MMP9,0.968
9606.ENSP00000355751,THBS2,SCARB2,0.956
9606.ENSP00000355751,THBS2,SDC4,0.952
9606.ENSP00000355751,THBS2,SCARB1,0.951
9606.ENSP00000355751,THBS2,ITGAV,0.936
9606.ENSP00000355751,THBS2,ITGB3,0.933
9606.ENSP00000355751,THBS2,ITGA3,0.931
9606.ENSP00000355751,THBS2,ITGB1,0.928
9606.ENSP00000355751,THBS2,SDC1,0.921
9606.ENSP00000355751,THBS2,ITGA2B,0.916
9606.ENSP00000355991,TRAF3IP3,FGFR1OP2,0.997
9606.ENSP00000355991,TRAF3IP3,STRIP1,0.996
9606.ENSP00000355991,TRAF3IP3,STRN3,0.996
9606.ENSP00000355991,TRAF3IP3,MOB4,0.996
9606.ENSP00000355991,TRAF3IP3,SIKE1,0.995
9606.ENSP00000355991,TRAF3IP3,PPP2R1A,0.995
9606.ENSP00000355991,TRAF3IP3,STK25,0.995
9606.ENSP00000355991,TRAF3IP3,STK24,0.995
9606.ENSP00000355991,TRAF3IP3,PDCD10,0.995
9606.ENSP00000355991,TRAF3IP3,PPP2CA,0.995
9606.ENSP00000355991,TRAF3IP3,STRN,0.995
9606.ENSP00000355991,TRAF3IP3,STK26,0.995
9606.ENSP00000355991,TRAF3IP3,STRN4,0.995
9606.ENSP00000355991,TRAF3IP3,DYNLL1,0.994
9606.ENSP00000355991,TRAF3IP3,CCT5,0.994
9606.ENSP00000355991,TRAF3IP3,PPP2R1B,0.994
9606.ENSP00000355991,TRAF3IP3,CCT8,0.994
9606.ENSP00000355991,TRAF3IP3,STRIP2,0.994
9606.ENSP00000355991,TRAF3IP3,CCT3,0.994
9606.ENSP00000355991,TRAF3IP3,TCP1,0.994
9606.ENSP00000355991,TRAF3IP3,TRAF3,0.99
9606.ENSP00000356224,SYNE1,SUN2,0.999
9606.ENSP00000356224,SYNE1,SUN1,0.999
9606.ENSP00000356224,SYNE1,EMD,0.997
9606.ENSP00000356224,SYNE1,LMNA,0.996
9606.ENSP00000356224,SYNE1,FHOD1,0.975
9606.ENSP00000356224,SYNE1,SYNE2,0.966
9606.ENSP00000356224,SYNE1,LMNB1,0.956
9606.ENSP00000356224,SYNE1,SYNE3,0.936
9606.ENSP00000356224,SYNE1,SUN3,0.915
9606.ENSP00000356224,SYNE1,SYNE4,0.912
9606.ENSP00000356256,TIMM17A,TIMM44,0.999
9606.ENSP00000356256,TIMM17A,TIMM23,0.999
9606.ENSP00000356256,TIMM17A,TIMM50,0.999
9606.ENSP00000356256,TIMM17A,TIMM21,0.997
9606.ENSP00000356256,TIMM17A,PAM16,0.992
9606.ENSP00000356256,TIMM17A,DNAJC19,0.989
9606.ENSP00000356256,TIMM17A,HSPA9,0.988
9606.ENSP00000356256,TIMM17A,TIMM10,0.985
9606.ENSP00000356256,TIMM17A,GRPEL1,0.953
9606.ENSP00000356256,TIMM17A,TOMM40,0.947
9606.ENSP00000356256,TIMM17A,TOMM70,0.947
9606.ENSP00000356256,TIMM17A,TIMM23B,0.939
9606.ENSP00000356256,TIMM17A,ROMO1,0.937
9606.ENSP00000356256,TIMM17A,TOMM20,0.932
9606.ENSP00000356256,TIMM17A,OXA1L,0.927
9606.ENSP00000356256,TIMM17A,TIMM9,0.906
9606.ENSP00000356421,UCHL5,PSMD4,0.999
9606.ENSP00000356421,UCHL5,USP14,0.999
9606.ENSP00000356421,UCHL5,PSMC4,0.999
9606.ENSP00000356421,UCHL5,ADRM1,0.999
9606.ENSP00000356421,UCHL5,PSMD7,0.999
9606.ENSP00000356421,UCHL5,PSMD8,0.999
9606.ENSP00000356421,UCHL5,PSMD14,0.999
9606.ENSP00000356421,UCHL5,PSMC2,0.998
9606.ENSP00000356421,UCHL5,PSMD3,0.998
9606.ENSP00000356421,UCHL5,PSMA2,0.998
9606.ENSP00000356421,UCHL5,PSMD11,0.998
9606.ENSP00000356421,UCHL5,NFRKB,0.998
9606.ENSP00000356421,UCHL5,PSMC3,0.998
9606.ENSP00000356421,UCHL5,PSMC5,0.998
9606.ENSP00000356421,UCHL5,PSMA1,0.998
9606.ENSP00000356421,UCHL5,PSMD6,0.998
9606.ENSP00000356421,UCHL5,PSMD2,0.998
9606.ENSP00000356421,UCHL5,PSMA4,0.998
9606.ENSP00000356421,UCHL5,PSMD12,0.998
9606.ENSP00000356421,UCHL5,PSMD13,0.998
9606.ENSP00000356421,UCHL5,PSMA3,0.998
9606.ENSP00000356421,UCHL5,PSMC6,0.998
9606.ENSP00000356421,UCHL5,PSMB2,0.998
9606.ENSP00000356421,UCHL5,PSMC1,0.998
9606.ENSP00000356421,UCHL5,PSMA7,0.997
9606.ENSP00000356421,UCHL5,PSMB7,0.997
9606.ENSP00000356421,UCHL5,PSMB4,0.997
9606.ENSP00000356421,UCHL5,PSMD10,0.997
9606.ENSP00000356421,UCHL5,PSMA5,0.997
9606.ENSP00000356421,UCHL5,PSMA6,0.997
9606.ENSP00000356421,UCHL5,PSMB1,0.997
9606.ENSP00000356421,UCHL5,PSMB3,0.997
9606.ENSP00000356421,UCHL5,SMAD7,0.993
9606.ENSP00000356421,UCHL5,INO80,0.99
9606.ENSP00000356421,UCHL5,YY1,0.99
9606.ENSP00000356421,UCHL5,ACTR5,0.99
9606.ENSP00000356421,UCHL5,ACTR8,0.988
9606.ENSP00000356421,UCHL5,INO80E,0.986
9606.ENSP00000356421,UCHL5,TFPT,0.986
9606.ENSP00000356421,UCHL5,RUVBL1,0.986
9606.ENSP00000356421,UCHL5,RUVBL2,0.984
9606.ENSP00000356421,UCHL5,INO80C,0.98
9606.ENSP00000356421,UCHL5,INO80B,0.98
9606.ENSP00000356421,UCHL5,MCRS1,0.979
9606.ENSP00000356421,UCHL5,PSMD1,0.975
9606.ENSP00000356421,UCHL5,UBC,0.965
9606.ENSP00000356421,UCHL5,ACTL6A,0.952
9606.ENSP00000356421,UCHL5,PSMB5,0.947
9606.ENSP00000356421,UCHL5,PSMD5,0.941
9606.ENSP00000356421,UCHL5,INO80D,0.934
9606.ENSP00000356421,UCHL5,ANP32E,0.933
9606.ENSP00000356421,UCHL5,PSMB6,0.919
9606.ENSP00000356421,UCHL5,PAAF1,0.917
9606.ENSP00000356421,UCHL5,KAT5,0.906
9606.ENSP00000356421,UCHL5,RPS27A,0.906
9606.ENSP00000356421,UCHL5,EP400,0.902
9606.ENSP00000356421,UCHL5,ING3,0.902
9606.ENSP00000356421,UCHL5,BRD8,0.9
9606.ENSP00000356421,UCHL5,TRRAP,0.9
9606.ENSP00000356448,TPR,NUP153,0.999
9606.ENSP00000356448,TPR,NUP98,0.994
9606.ENSP00000356448,TPR,RANBP2,0.99
9606.ENSP00000356448,TPR,NUP50,0.981
9606.ENSP00000356448,TPR,MAD1L1,0.973
9606.ENSP00000356448,TPR,NUP107,0.972
9606.ENSP00000356448,TPR,NUP85,0.967
9606.ENSP00000356448,TPR,NUP93,0.966
9606.ENSP00000356448,TPR,SEH1L,0.966
9606.ENSP00000356448,TPR,MCM3AP,0.964
9606.ENSP00000356448,TPR,NUP88,0.959
9606.ENSP00000356448,TPR,NUP205,0.959
9606.ENSP00000356448,TPR,NUP214,0.958
9606.ENSP00000356448,TPR,MAD2L1,0.947
9606.ENSP00000356448,TPR,CETN3,0.945
9606.ENSP00000356448,TPR,RAE1,0.944
9606.ENSP00000356448,TPR,NTRK1,0.939
9606.ENSP00000356448,TPR,NUP155,0.939
9606.ENSP00000356448,TPR,AAAS,0.937
9606.ENSP00000356448,TPR,ENY2,0.932
9606.ENSP00000356448,TPR,CETN2,0.926
9606.ENSP00000356448,TPR,TFG,0.92
9606.ENSP00000356448,TPR,NXF1,0.918
9606.ENSP00000356448,TPR,NUP210,0.917
9606.ENSP00000356448,TPR,PCID2,0.917
9606.ENSP00000356448,TPR,THOC2,0.914
9606.ENSP00000356448,TPR,NUP133,0.91
9606.ENSP00000356448,TPR,DYNLT3,0.909
9606.ENSP00000356448,TPR,NUP62,0.908
9606.ENSP00000356448,TPR,NUP35,0.907
9606.ENSP00000356448,TPR,TPM3,0.907
9606.ENSP00000356448,TPR,NUP42,0.907
9606.ENSP00000356448,TPR,NUP188,0.902
9606.ENSP00000356448,TPR,DYNC1LI1,0.901
9606.ENSP00000356448,TPR,DYNC2LI1,0.9
9606.ENSP00000356448,TPR,SNX4,0.9
9606.ENSP00000356448,TPR,WDR34,0.9
9606.ENSP00000356448,TPR,WDR60,0.9
9606.ENSP00000356591,SOAT1,DHCR7,0.942
9606.ENSP00000356591,SOAT1,DHCR24,0.94
9606.ENSP00000356591,SOAT1,SOAT2,0.909
9606.ENSP00000356646,TNR,ACAN,0.947
9606.ENSP00000356646,TNR,ITGA9,0.912
9606.ENSP00000356646,TNR,ITGA8,0.911
9606.ENSP00000356646,TNR,ITGAV,0.91
9606.ENSP00000356646,TNR,ITGB3,0.908
9606.ENSP00000356646,TNR,ITGB6,0.908
9606.ENSP00000356646,TNR,ITGB1,0.908
9606.ENSP00000356646,TNR,SDC4,0.907
9606.ENSP00000356646,TNR,SDC1,0.9
9606.ENSP00000356793,XCL2,XCR1,0.999
9606.ENSP00000356793,XCL2,CCL21,0.997
9606.ENSP00000356793,XCL2,CCL5,0.996
9606.ENSP00000356793,XCL2,CXCL12,0.995
9606.ENSP00000356793,XCL2,CCL26,0.995
9606.ENSP00000356793,XCL2,CCL8,0.995
9606.ENSP00000356793,XCL2,CCL20,0.995
9606.ENSP00000356793,XCL2,CXCL3,0.995
9606.ENSP00000356793,XCL2,CXCL5,0.995
9606.ENSP00000356793,XCL2,PF4,0.995
9606.ENSP00000356793,XCL2,CXCL17,0.995
9606.ENSP00000356793,XCL2,CCL7,0.995
9606.ENSP00000356793,XCL2,XCL1,0.995
9606.ENSP00000356793,XCL2,PF4V1,0.995
9606.ENSP00000356793,XCL2,CXCL2,0.995
9606.ENSP00000356793,XCL2,CCL28,0.994
9606.ENSP00000357323,YY1AP1,ASH1L,0.945
9606.ENSP00000357744,SPRR2B,SPRR1A,0.959
9606.ENSP00000357744,SPRR2B,SPRR1B,0.951
9606.ENSP00000357744,SPRR2B,LCE3D,0.944
9606.ENSP00000357744,SPRR2B,SPRR2E,0.926
9606.ENSP00000357744,SPRR2B,LCE3E,0.919
9606.ENSP00000357744,SPRR2B,SPRR2D,0.917
9606.ENSP00000357744,SPRR2B,SPRR2F,0.911
9606.ENSP00000357744,SPRR2B,SPRR3,0.906
9606.ENSP00000358089,TIAL1,G3BP1,0.996
9606.ENSP00000358089,TIAL1,TIA1,0.983
9606.ENSP00000358089,TIAL1,ELAVL1,0.974
9606.ENSP00000358089,TIAL1,EIF4G1,0.905
9606.ENSP00000358089,TIAL1,FMR1,0.904
9606.ENSP00000358458,TENT5C,PLK4,0.922
9606.ENSP00000358470,VTCN1,BTLA,0.988
9606.ENSP00000358470,VTCN1,CTLA4,0.953
9606.ENSP00000358470,VTCN1,PDCD1LG2,0.935
9606.ENSP00000358635,SYNCRIP,RPL13A,0.999
9606.ENSP00000358635,SYNCRIP,EPRS1,0.999
9606.ENSP00000358635,SYNCRIP,GAPDH,0.999
9606.ENSP00000358635,SYNCRIP,HNRNPU,0.998
9606.ENSP00000358635,SYNCRIP,YBX1,0.998
9606.ENSP00000358635,SYNCRIP,DHX9,0.995
9606.ENSP00000358635,SYNCRIP,IGF2BP1,0.987
9606.ENSP00000358635,SYNCRIP,PAIP1,0.987
9606.ENSP00000358635,SYNCRIP,CSDE1,0.984
9606.ENSP00000358635,SYNCRIP,HNRNPD,0.98
9606.ENSP00000358635,SYNCRIP,MRPL13,0.972
9606.ENSP00000358635,SYNCRIP,HNRNPK,0.959
9606.ENSP00000358635,SYNCRIP,HNRNPR,0.956
9606.ENSP00000358635,SYNCRIP,HNRNPC,0.954
9606.ENSP00000358635,SYNCRIP,HNRNPH1,0.948
9606.ENSP00000358635,SYNCRIP,HNRNPA1,0.947
9606.ENSP00000358635,SYNCRIP,ERI1,0.937
9606.ENSP00000358635,SYNCRIP,HNRNPL,0.933
9606.ENSP00000358635,SYNCRIP,PABPC1,0.929
9606.ENSP00000358635,SYNCRIP,SRSF1,0.917
9606.ENSP00000358635,SYNCRIP,ILF3,0.914
9606.ENSP00000358635,SYNCRIP,HNRNPA2B1,0.913
9606.ENSP00000358635,SYNCRIP,PRMT1,0.904
9606.ENSP00000358813,TTK,BUB1,0.999
9606.ENSP00000358813,TTK,MAD2L1,0.995
9606.ENSP00000358813,TTK,NDC80,0.992
9606.ENSP00000358813,TTK,BUB1B,0.991
9606.ENSP00000358813,TTK,CDC20,0.99
9606.ENSP00000358813,TTK,NUF2,0.989
9606.ENSP00000358813,TTK,MAD1L1,0.987
9606.ENSP00000358813,TTK,KIF11,0.984
9606.ENSP00000358813,TTK,DLGAP5,0.977
9606.ENSP00000358813,TTK,NCAPG,0.973
9606.ENSP00000358813,TTK,PBK,0.969
9606.ENSP00000358813,TTK,CENPE,0.968
9606.ENSP00000358813,TTK,CENPF,0.967
9606.ENSP00000358813,TTK,BMI1,0.964
9606.ENSP00000358813,TTK,COMMD3-BMI1,0.963
9606.ENSP00000358813,TTK,KIF15,0.961
9606.ENSP00000358813,TTK,CCNB2,0.96
9606.ENSP00000358813,TTK,TOP2A,0.958
9606.ENSP00000358813,TTK,ASPM,0.957
9606.ENSP00000358813,TTK,KIF2C,0.955
9606.ENSP00000358813,TTK,CDCA8,0.946
9606.ENSP00000358813,TTK,ESPL1,0.945
9606.ENSP00000358813,TTK,CEP55,0.945
9606.ENSP00000358813,TTK,CCNA2,0.939
9606.ENSP00000358813,TTK,BIRC5,0.936
9606.ENSP00000358813,TTK,CCNB1,0.936
9606.ENSP00000358813,TTK,TPX2,0.935
9606.ENSP00000358813,TTK,DEPDC1,0.931
9606.ENSP00000358813,TTK,MELK,0.931
9606.ENSP00000358813,TTK,HJURP,0.929
9606.ENSP00000358813,TTK,KIF18A,0.927
9606.ENSP00000358813,TTK,NUSAP1,0.926
9606.ENSP00000358813,TTK,KIF20A,0.923
9606.ENSP00000358813,TTK,KIF4A,0.921
9606.ENSP00000358813,TTK,RING1,0.92
9606.ENSP00000358813,TTK,BUB3,0.913
9606.ENSP00000358813,TTK,UBE2C,0.911
9606.ENSP00000358813,TTK,CDK1,0.905
9606.ENSP00000358813,TTK,CENPA,0.905
9606.ENSP00000358813,TTK,KIF14,0.904
9606.ENSP00000358813,TTK,PCGF2,0.902
9606.ENSP00000358918,SUFU,GLI2,0.999
9606.ENSP00000358918,SUFU,GLI1,0.999
9606.ENSP00000358918,SUFU,KIF7,0.999
9606.ENSP00000358918,SUFU,GLI3,0.999
9606.ENSP00000358918,SUFU,SMO,0.998
9606.ENSP00000358918,SUFU,STK36,0.998
9606.ENSP00000358918,SUFU,PTCH1,0.979
9606.ENSP00000358918,SUFU,ULK3,0.977
9606.ENSP00000358918,SUFU,PRKACA,0.966
9606.ENSP00000358918,SUFU,PRKACG,0.965
9606.ENSP00000358918,SUFU,PRKACB,0.965
9606.ENSP00000358918,SUFU,SPOP,0.96
9606.ENSP00000358918,SUFU,CUL3,0.949
9606.ENSP00000358918,SUFU,SPOPL,0.94
9606.ENSP00000358918,SUFU,SHH,0.937
9606.ENSP00000358918,SUFU,PTCH2,0.93
9606.ENSP00000358918,SUFU,GLIS3,0.929
9606.ENSP00000358918,SUFU,GSK3B,0.92
9606.ENSP00000359215,TLX1,PAX2,0.953
9606.ENSP00000359215,TLX1,EYA1,0.948
9606.ENSP00000359386,VMA21,ATP6V0C,0.965
9606.ENSP00000359386,VMA21,ATP6V0D2,0.959
9606.ENSP00000359386,VMA21,ATP6V0D1,0.942
9606.ENSP00000359740,ZNF451,UBE2I,0.971
9606.ENSP00000360147,XPNPEP2,ACE2,0.955
9606.ENSP00000360147,XPNPEP2,MEP1A,0.951
9606.ENSP00000360147,XPNPEP2,MEP1B,0.949
9606.ENSP00000360147,XPNPEP2,DPP4,0.946
9606.ENSP00000360147,XPNPEP2,MME,0.936
9606.ENSP00000360147,XPNPEP2,PRCP,0.935
9606.ENSP00000360147,XPNPEP2,XPNPEP3,0.916
9606.ENSP00000360242,XIAP,TAB1,0.999
9606.ENSP00000360242,XIAP,DIABLO,0.999
9606.ENSP00000360242,XIAP,XAF1,0.999
9606.ENSP00000360242,XIAP,HTRA2,0.999
9606.ENSP00000360242,XIAP,CASP7,0.999
9606.ENSP00000360242,XIAP,CASP3,0.999
9606.ENSP00000360242,XIAP,CASP9,0.999
9606.ENSP00000360242,XIAP,DIABLO-2,0.999
9606.ENSP00000360242,XIAP,RIPK2,0.999
9606.ENSP00000360242,XIAP,BIRC2,0.996
9606.ENSP00000360242,XIAP,SEPTIN4,0.995
9606.ENSP00000360242,XIAP,BIRC3,0.994
9606.ENSP00000360242,XIAP,RIPK1,0.988
9606.ENSP00000360242,XIAP,APAF1,0.977
9606.ENSP00000360242,XIAP,CASP8,0.97
9606.ENSP00000360242,XIAP,CASP1,0.966
9606.ENSP00000360242,XIAP,BIRC5,0.96
9606.ENSP00000360242,XIAP,TRAF2,0.957
9606.ENSP00000360242,XIAP,TRAF1,0.956
9606.ENSP00000360242,XIAP,BCL2,0.951
9606.ENSP00000360242,XIAP,MAP3K7,0.951
9606.ENSP00000360242,XIAP,BCL2L1,0.939
9606.ENSP00000360242,XIAP,AKT1,0.939
9606.ENSP00000360242,XIAP,CYCS,0.935
9606.ENSP00000360242,XIAP,RNF31,0.933
9606.ENSP00000360242,XIAP,TRAF5,0.931
9606.ENSP00000360242,XIAP,SHARPIN,0.929
9606.ENSP00000360242,XIAP,MDM2,0.929
9606.ENSP00000360242,XIAP,RBCK1,0.925
9606.ENSP00000360242,XIAP,PTEN,0.921
9606.ENSP00000360242,XIAP,MAGED1,0.919
9606.ENSP00000360242,XIAP,CFLAR,0.917
9606.ENSP00000360242,XIAP,TNF,0.902
9606.ENSP00000360242,XIAP,UBE2D1,0.9
9606.ENSP00000360329,TTC4,HGH1,0.991
9606.ENSP00000360526,ZNF217,RCOR1,0.998
9606.ENSP00000360526,ZNF217,CTBP1,0.997
9606.ENSP00000360526,ZNF217,HDAC2,0.989
9606.ENSP00000360526,ZNF217,CTBP2,0.989
9606.ENSP00000360526,ZNF217,HDAC1,0.987
9606.ENSP00000360526,ZNF217,KDM1A,0.986
9606.ENSP00000360526,ZNF217,HMG20B,0.965
9606.ENSP00000360526,ZNF217,PHF21A,0.956
9606.ENSP00000360526,ZNF217,NCOA3,0.917
9606.ENSP00000360613,UBE2A,RAD18,0.999
9606.ENSP00000360613,UBE2A,RNF20,0.999
9606.ENSP00000360613,UBE2A,RNF40,0.998
9606.ENSP00000360613,UBE2A,UBA1,0.992
9606.ENSP00000360613,UBE2A,UBE2B,0.975
9606.ENSP00000360613,UBE2A,UBE2V1,0.968
9606.ENSP00000360613,UBE2A,UBR1,0.967
9606.ENSP00000360613,UBE2A,UBE2V2,0.959
9606.ENSP00000360613,UBE2A,UBR2,0.956
9606.ENSP00000360613,UBE2A,UBE2N,0.93
9606.ENSP00000360613,UBE2A,UBA7,0.919
9606.ENSP00000360613,UBE2A,UBC,0.902
9606.ENSP00000360821,UBAC1,RNF123,0.999
9606.ENSP00000360916,VAV2,LCP2,0.995
9606.ENSP00000360916,VAV2,SYK,0.989
9606.ENSP00000360916,VAV2,CDC42,0.986
9606.ENSP00000360916,VAV2,CTNND1,0.985
9606.ENSP00000360916,VAV2,RHOA,0.981
9606.ENSP00000360916,VAV2,CD44,0.964
9606.ENSP00000360916,VAV2,BLNK,0.962
9606.ENSP00000360916,VAV2,RAC2,0.96
9606.ENSP00000360916,VAV2,SH3BP2,0.958
9606.ENSP00000360916,VAV2,PLCG1,0.955
9606.ENSP00000360916,VAV2,PIK3CB,0.954
9606.ENSP00000360916,VAV2,TXNIP,0.95
9606.ENSP00000360916,VAV2,CD19,0.947
9606.ENSP00000360916,VAV2,EGFR,0.944
9606.ENSP00000360916,VAV2,ITGB2,0.941
9606.ENSP00000360916,VAV2,GRB2,0.937
9606.ENSP00000360916,VAV2,ZAP70,0.937
9606.ENSP00000360916,VAV2,RAP1A,0.935
9606.ENSP00000360916,VAV2,PLCG2,0.932
9606.ENSP00000360916,VAV2,ITK,0.932
9606.ENSP00000360916,VAV2,RAC3,0.927
9606.ENSP00000360916,VAV2,SOS1,0.926
9606.ENSP00000360916,VAV2,RAC1,0.926
9606.ENSP00000360916,VAV2,PTPN11,0.923
9606.ENSP00000360916,VAV2,RAP1B,0.923
9606.ENSP00000360916,VAV2,PTPN6,0.919
9606.ENSP00000360916,VAV2,TXK,0.919
9606.ENSP00000360916,VAV2,PIK3CA,0.918
9606.ENSP00000360916,VAV2,PIK3CD,0.917
9606.ENSP00000360916,VAV2,PIK3R2,0.913
9606.ENSP00000360916,VAV2,VAV3,0.913
9606.ENSP00000360916,VAV2,ITGAL,0.912
9606.ENSP00000360916,VAV2,PIK3R1,0.91
9606.ENSP00000360916,VAV2,TEC,0.907
9606.ENSP00000360916,VAV2,VAV1,0.907
9606.ENSP00000360916,VAV2,PIK3R3,0.903
9606.ENSP00000360944,STIL,PLK4,0.999
9606.ENSP00000360944,STIL,SASS6,0.996
9606.ENSP00000360944,STIL,CENPJ,0.994
9606.ENSP00000360944,STIL,CEP152,0.979
9606.ENSP00000360944,STIL,ASPM,0.972
9606.ENSP00000360944,STIL,CEP135,0.963
9606.ENSP00000360944,STIL,CDK5RAP2,0.945
9606.ENSP00000360944,STIL,MCPH1,0.932
9606.ENSP00000360944,STIL,CEP192,0.91
9606.ENSP00000361731,TBC1D13,SPOUT1,0.935
9606.ENSP00000361731,TBC1D13,KYAT1,0.904
9606.ENSP00000361860,TCEAL6,TCEAL7,0.97
9606.ENSP00000361860,TCEAL6,TCEAL1,0.956
9606.ENSP00000361860,TCEAL6,BEX3,0.906
9606.ENSP00000361892,STK4,SAV1,0.999
9606.ENSP00000361892,STK4,RASSF5,0.999
9606.ENSP00000361892,STK4,MOB1A,0.999
9606.ENSP00000361892,STK4,RASSF1,0.998
9606.ENSP00000361892,STK4,STK3,0.986
9606.ENSP00000361892,STK4,FOXO3,0.966
9606.ENSP00000361892,STK4,LATS2,0.965
9606.ENSP00000361892,STK4,RASSF2,0.952
9606.ENSP00000361892,STK4,FOXO1,0.952
9606.ENSP00000361892,STK4,CASP3,0.95
9606.ENSP00000361892,STK4,LATS1,0.948
9606.ENSP00000361892,STK4,MOB1B,0.92
9606.ENSP00000361892,STK4,FOXO4,0.914
9606.ENSP00000362179,ZC3H12A,TANK,0.955
9606.ENSP00000362179,ZC3H12A,REG1B,0.905
9606.ENSP00000362393,TBX22,CLPP,0.994
9606.ENSP00000362393,TBX22,CLPX,0.961
9606.ENSP00000362393,TBX22,CLPS,0.94
9606.ENSP00000362399,STXBP1,STX1A,0.999
9606.ENSP00000362399,STXBP1,SNAP25,0.999
9606.ENSP00000362399,STXBP1,STX1B,0.999
9606.ENSP00000362399,STXBP1,STX2,0.995
9606.ENSP00000362399,STXBP1,APBA1,0.995
9606.ENSP00000362399,STXBP1,STX3,0.995
9606.ENSP00000362399,STXBP1,VAMP2,0.988
9606.ENSP00000362399,STXBP1,UNC13B,0.986
9606.ENSP00000362399,STXBP1,SYTL4,0.974
9606.ENSP00000362399,STXBP1,APBA2,0.966
9606.ENSP00000362399,STXBP1,SYT1,0.949
9606.ENSP00000362399,STXBP1,RIMS1,0.943
9606.ENSP00000362399,STXBP1,CPLX1,0.926
9606.ENSP00000362399,STXBP1,STX11,0.921
9606.ENSP00000362399,STXBP1,APBA3,0.92
9606.ENSP00000362399,STXBP1,STX19,0.916
9606.ENSP00000362399,STXBP1,RAB3A,0.913
9606.ENSP00000362399,STXBP1,STX4,0.91
9606.ENSP00000362680,SRC,SHC1,0.999
9606.ENSP00000362680,SRC,ESR1,0.999
9606.ENSP00000362680,SRC,SYK,0.999
9606.ENSP00000362680,SRC,BCAR1,0.999
9606.ENSP00000362680,SRC,CAV1,0.999
9606.ENSP00000362680,SRC,PTK2B,0.999
9606.ENSP00000362680,SRC,PXN,0.999
9606.ENSP00000362680,SRC,GRB2,0.999
9606.ENSP00000362680,SRC,HSP90AA1,0.999
9606.ENSP00000362680,SRC,PDGFRB,0.999
9606.ENSP00000362680,SRC,ARRB1,0.999
9606.ENSP00000362680,SRC,CBL,0.999
9606.ENSP00000362680,SRC,STAT3,0.999
9606.ENSP00000362680,SRC,PTK2,0.999
9606.ENSP00000362680,SRC,TLN1,0.999
9606.ENSP00000362680,SRC,TLN2,0.999
9606.ENSP00000362680,SRC,EGFR,0.999
9606.ENSP00000362680,SRC,FYN,0.999
9606.ENSP00000362680,SRC,HCLS1,0.999
9606.ENSP00000362680,SRC,CRK,0.999
9606.ENSP00000362680,SRC,CTNNB1,0.999
9606.ENSP00000362680,SRC,ERBB2,0.999
9606.ENSP00000362680,SRC,CSK,0.998
9606.ENSP00000362680,SRC,GJA1,0.998
9606.ENSP00000362680,SRC,KDR,0.998
9606.ENSP00000362680,SRC,PTPN11,0.998
9606.ENSP00000362680,SRC,ITGB3,0.998
9606.ENSP00000362680,SRC,ARRB2,0.998
9606.ENSP00000362680,SRC,CTTN,0.998
9606.ENSP00000362680,SRC,PIK3R1,0.998
9606.ENSP00000362680,SRC,VCL,0.997
9606.ENSP00000362680,SRC,TRAF6,0.996
9606.ENSP00000362680,SRC,IGF1R,0.996
9606.ENSP00000362680,SRC,ESR2,0.995
9606.ENSP00000362680,SRC,HSP90AB1,0.995
9606.ENSP00000362680,SRC,AKT1,0.995
9606.ENSP00000362680,SRC,MUC1,0.994
9606.ENSP00000362680,SRC,HRAS,0.994
9606.ENSP00000362680,SRC,MET,0.993
9606.ENSP00000362680,SRC,RACK1,0.993
9606.ENSP00000362680,SRC,KHDRBS1,0.993
9606.ENSP00000362680,SRC,RHOA,0.992
9606.ENSP00000362680,SRC,ARHGEF7,0.991
9606.ENSP00000362680,SRC,CDC42,0.991
9606.ENSP00000362680,SRC,KRAS,0.99
9606.ENSP00000362680,SRC,LYN,0.989
9606.ENSP00000362680,SRC,CDH1,0.988
9606.ENSP00000362680,SRC,TJP1,0.988
9606.ENSP00000362680,SRC,WAS,0.987
9606.ENSP00000362680,SRC,ITGB1,0.986
9606.ENSP00000362680,SRC,FOS,0.986
9606.ENSP00000362680,SRC,AR,0.985
9606.ENSP00000362680,SRC,PIK3CA,0.984
9606.ENSP00000362680,SRC,DOCK1,0.984
9606.ENSP00000362680,SRC,PRKCD,0.983
9606.ENSP00000362680,SRC,AXL,0.983
9606.ENSP00000362680,SRC,PTPN1,0.979
9606.ENSP00000362680,SRC,DLG4,0.979
9606.ENSP00000362680,SRC,CBLC,0.979
9606.ENSP00000362680,SRC,IRS1,0.977
9606.ENSP00000362680,SRC,ASAP1,0.976
9606.ENSP00000362680,SRC,PLCG2,0.975
9606.ENSP00000362680,SRC,NCOA3,0.975
9606.ENSP00000362680,SRC,JUN,0.974
9606.ENSP00000362680,SRC,APPL1,0.974
9606.ENSP00000362680,SRC,YES1,0.973
9606.ENSP00000362680,SRC,CD44,0.972
9606.ENSP00000362680,SRC,MMP2,0.972
9606.ENSP00000362680,SRC,CAV2,0.971
9606.ENSP00000362680,SRC,SH2D2A,0.971
9606.ENSP00000362680,SRC,MMP9,0.97
9606.ENSP00000362680,SRC,NRAS,0.97
9606.ENSP00000362680,SRC,LCP2,0.969
9606.ENSP00000362680,SRC,ARHGAP5,0.969
9606.ENSP00000362680,SRC,ERBB3,0.968
9606.ENSP00000362680,SRC,PIK3CD,0.967
9606.ENSP00000362680,SRC,PIK3CB,0.967
9606.ENSP00000362680,SRC,PIK3CG,0.966
9606.ENSP00000362680,SRC,CAV3,0.966
9606.ENSP00000362680,SRC,AFAP1,0.965
9606.ENSP00000362680,SRC,SHC3,0.963
9606.ENSP00000362680,SRC,FCGR2A,0.963
9606.ENSP00000362680,SRC,GRIN2A,0.963
9606.ENSP00000362680,SRC,SOS1,0.962
9606.ENSP00000362680,SRC,SHC2,0.961
9606.ENSP00000362680,SRC,PIK3R3,0.961
9606.ENSP00000362680,SRC,ARHGAP35,0.96
9606.ENSP00000362680,SRC,EP300,0.959
9606.ENSP00000362680,SRC,ITGA2B,0.959
9606.ENSP00000362680,SRC,PIK3R2,0.959
9606.ENSP00000362680,SRC,MAPK8,0.959
9606.ENSP00000362680,SRC,GNA13,0.958
9606.ENSP00000362680,SRC,FGFR2,0.958
9606.ENSP00000362680,SRC,CRKL,0.957
9606.ENSP00000362680,SRC,CARM1,0.957
9606.ENSP00000362680,SRC,ADRB2,0.955
9606.ENSP00000362680,SRC,RAC2,0.955
9606.ENSP00000362680,SRC,RAF1,0.954
9606.ENSP00000362680,SRC,ITGA4,0.954
9606.ENSP00000362680,SRC,MAPK9,0.954
9606.ENSP00000362680,SRC,PDGFRA,0.954
9606.ENSP00000362680,SRC,OCLN,0.952
9606.ENSP00000362680,SRC,YAP1,0.951
9606.ENSP00000362680,SRC,ITGA5,0.949
9606.ENSP00000362680,SRC,PECAM1,0.948
9606.ENSP00000362680,SRC,IQGAP1,0.948
9606.ENSP00000362680,SRC,ITGB4,0.948
9606.ENSP00000362680,SRC,GPER1,0.948
9606.ENSP00000362680,SRC,INPPL1,0.947
9606.ENSP00000362680,SRC,SP1,0.947
9606.ENSP00000362680,SRC,ITGAV,0.946
9606.ENSP00000362680,SRC,FN1,0.945
9606.ENSP00000362680,SRC,MAPK3,0.944
9606.ENSP00000362680,SRC,DCC,0.943
9606.ENSP00000362680,SRC,RUNX1,0.943
9606.ENSP00000362680,SRC,GNAS,0.942
9606.ENSP00000362680,SRC,CDCP1,0.942
9606.ENSP00000362680,SRC,RAP1A,0.94
9606.ENSP00000362680,SRC,CREBBP,0.94
9606.ENSP00000362680,SRC,ITK,0.939
9606.ENSP00000362680,SRC,ITGB5,0.938
9606.ENSP00000362680,SRC,RAP1B,0.938
9606.ENSP00000362680,SRC,PGR,0.937
9606.ENSP00000362680,SRC,IL6R,0.937
9606.ENSP00000362680,SRC,STAT1,0.936
9606.ENSP00000362680,SRC,PLCG1,0.936
9606.ENSP00000362680,SRC,GIT2,0.934
9606.ENSP00000362680,SRC,TRPV1,0.934
9606.ENSP00000362680,SRC,TNFRSF1A,0.934
9606.ENSP00000362680,SRC,NEDD9,0.933
9606.ENSP00000362680,SRC,FUNDC1,0.933
9606.ENSP00000362680,SRC,RUNX3,0.933
9606.ENSP00000362680,SRC,GRIN2B,0.933
9606.ENSP00000362680,SRC,MAPK1,0.932
9606.ENSP00000362680,SRC,ITGB6,0.931
9606.ENSP00000362680,SRC,AIP,0.929
9606.ENSP00000362680,SRC,SHC4,0.929
9606.ENSP00000362680,SRC,DOCK2,0.929
9606.ENSP00000362680,SRC,ELMO1,0.928
9606.ENSP00000362680,SRC,PIK3R5,0.928
9606.ENSP00000362680,SRC,CALML4,0.927
9606.ENSP00000362680,SRC,WASL,0.927
9606.ENSP00000362680,SRC,ITGB8,0.927
9606.ENSP00000362680,SRC,UNC5B,0.927
9606.ENSP00000362680,SRC,CALML5,0.927
9606.ENSP00000362680,SRC,CALML3,0.927
9606.ENSP00000362680,SRC,CALML6,0.927
9606.ENSP00000362680,SRC,ITGB7,0.926
9606.ENSP00000362680,SRC,FGFR3,0.923
9606.ENSP00000362680,SRC,RAC3,0.923
9606.ENSP00000362680,SRC,MED1,0.922
9606.ENSP00000362680,SRC,EGF,0.922
9606.ENSP00000362680,SRC,GNAI2,0.92
9606.ENSP00000362680,SRC,IKBKB,0.918
9606.ENSP00000362680,SRC,JAK2,0.917
9606.ENSP00000362680,SRC,PTPN6,0.917
9606.ENSP00000362680,SRC,UNC5C,0.916
9606.ENSP00000362680,SRC,GNAI1,0.916
9606.ENSP00000362680,SRC,UNC5A,0.916
9606.ENSP00000362680,SRC,ERBB4,0.916
9606.ENSP00000362680,SRC,MAP3K2,0.915
9606.ENSP00000362680,SRC,SHB,0.915
9606.ENSP00000362680,SRC,STRN,0.913
9606.ENSP00000362680,SRC,GNAI3,0.911
9606.ENSP00000362680,SRC,CSF1,0.91
9606.ENSP00000362680,SRC,UNC5D,0.91
9606.ENSP00000362680,SRC,FARP2,0.91
9606.ENSP00000362680,SRC,DNM2,0.909
9606.ENSP00000362680,SRC,PTPRA,0.909
9606.ENSP00000362680,SRC,GRAP2,0.909
9606.ENSP00000362680,SRC,NCF1,0.905
9606.ENSP00000362680,SRC,PIK3R6,0.905
9606.ENSP00000362680,SRC,TNF,0.904
9606.ENSP00000362680,SRC,GJB1,0.904
9606.ENSP00000362680,SRC,ITGB2,0.904
9606.ENSP00000362680,SRC,INPP5D,0.903
9606.ENSP00000362680,SRC,STAT5A,0.9
9606.ENSP00000362680,SRC,STAT5B,0.9
9606.ENSP00000362748,TET1,NANOG,0.993
9606.ENSP00000362748,TET1,SIN3A,0.959
9606.ENSP00000362748,TET1,HDAC1,0.951
9606.ENSP00000362748,TET1,OGT,0.95
9606.ENSP00000362748,TET1,GADD45A,0.947
9606.ENSP00000362748,TET1,DNMT1,0.902
9606.ENSP00000362820,SRSF3,SRSF2,0.999
9606.ENSP00000362820,SRSF3,TRA2B,0.998
9606.ENSP00000362820,SRSF3,EIF4A3,0.998
9606.ENSP00000362820,SRSF3,MAGOH,0.998
9606.ENSP00000362820,SRSF3,RBM8A,0.998
9606.ENSP00000362820,SRSF3,NXF1,0.997
9606.ENSP00000362820,SRSF3,SRSF7,0.997
9606.ENSP00000362820,SRSF3,PCBP2,0.996
9606.ENSP00000362820,SRSF3,YTHDC1,0.995
9606.ENSP00000362820,SRSF3,SRSF1,0.994
9606.ENSP00000362820,SRSF3,SRSF6,0.991
9606.ENSP00000362820,SRSF3,U2AF2,0.988
9606.ENSP00000362820,SRSF3,HNRNPC,0.981
9606.ENSP00000362820,SRSF3,HNRNPA2B1,0.976
9606.ENSP00000362820,SRSF3,SRPK1,0.975
9606.ENSP00000362820,SRSF3,HNRNPH1,0.972
9606.ENSP00000362820,SRSF3,HNRNPA1,0.97
9606.ENSP00000362820,SRSF3,SRSF9,0.968
9606.ENSP00000362820,SRSF3,U2AF1,0.966
9606.ENSP00000362820,SRSF3,HNRNPK,0.962
9606.ENSP00000362820,SRSF3,SRSF5,0.958
9606.ENSP00000362820,SRSF3,HNRNPM,0.956
9606.ENSP00000362820,SRSF3,SRSF11,0.954
9606.ENSP00000362820,SRSF3,HNRNPL,0.952
9606.ENSP00000362820,SRSF3,ALYREF,0.95
9606.ENSP00000362820,SRSF3,PTBP1,0.948
9606.ENSP00000362820,SRSF3,SRSF4,0.945
9606.ENSP00000362820,SRSF3,CPSF6,0.944
9606.ENSP00000362820,SRSF3,RBMX,0.941
9606.ENSP00000362820,SRSF3,HNRNPF,0.941
9606.ENSP00000362820,SRSF3,SREK1,0.934
9606.ENSP00000362820,SRSF3,PABPN1,0.927
9606.ENSP00000362820,SRSF3,SLU7,0.925
9606.ENSP00000362820,SRSF3,TARDBP,0.921
9606.ENSP00000362820,SRSF3,NUDT21,0.918
9606.ENSP00000362820,SRSF3,SNRNP70,0.912
9606.ENSP00000362820,SRSF3,DDX39B,0.908
9606.ENSP00000362820,SRSF3,HNRNPR,0.906
9606.ENSP00000362820,SRSF3,HNRNPA0,0.905
9606.ENSP00000362820,SRSF3,SRRM1,0.904
9606.ENSP00000362994,TRAF1,BIRC3,0.999
9606.ENSP00000362994,TRAF1,TRADD,0.999
9606.ENSP00000362994,TRAF1,TRAF2,0.999
9606.ENSP00000362994,TRAF1,BIRC2,0.999
9606.ENSP00000362994,TRAF1,TNFRSF1B,0.997
9606.ENSP00000362994,TRAF1,TNFRSF1A,0.995
9606.ENSP00000362994,TRAF1,RIPK1,0.988
9606.ENSP00000362994,TRAF1,TNFRSF9,0.984
9606.ENSP00000362994,TRAF1,TANK,0.979
9606.ENSP00000362994,TRAF1,TNFAIP3,0.979
9606.ENSP00000362994,TRAF1,CASP8,0.973
9606.ENSP00000362994,TRAF1,CD40,0.968
9606.ENSP00000362994,TRAF1,CFLAR,0.961
9606.ENSP00000362994,TRAF1,XIAP,0.956
9606.ENSP00000362994,TRAF1,TNF,0.948
9606.ENSP00000362994,TRAF1,TNFRSF8,0.922
9606.ENSP00000363019,UBE2D1,STUB1,0.999
9606.ENSP00000363019,UBE2D1,RBX1,0.999
9606.ENSP00000363019,UBE2D1,RNF4,0.999
9606.ENSP00000363019,UBE2D1,UBA1,0.997
9606.ENSP00000363019,UBE2D1,MDM2,0.997
9606.ENSP00000363019,UBE2D1,UBC,0.997
9606.ENSP00000363019,UBE2D1,RPS27A,0.993
9606.ENSP00000363019,UBE2D1,ANAPC11,0.992
9606.ENSP00000363019,UBE2D1,OTUB1,0.987
9606.ENSP00000363019,UBE2D1,UBA52,0.985
9606.ENSP00000363019,UBE2D1,UBE3A,0.984
9606.ENSP00000363019,UBE2D1,UBB,0.981
9606.ENSP00000363019,UBE2D1,MYLIP,0.981
9606.ENSP00000363019,UBE2D1,BIRC2,0.978
9606.ENSP00000363019,UBE2D1,BRCA1,0.973
9606.ENSP00000363019,UBE2D1,SKP1,0.973
9606.ENSP00000363019,UBE2D1,RNF7,0.973
9606.ENSP00000363019,UBE2D1,NEDD4,0.971
9606.ENSP00000363019,UBE2D1,CUL1,0.966
9606.ENSP00000363019,UBE2D1,NFKBIA,0.964
9606.ENSP00000363019,UBE2D1,RNF146,0.958
9606.ENSP00000363019,UBE2D1,TNFAIP3,0.955
9606.ENSP00000363019,UBE2D1,BARD1,0.953
9606.ENSP00000363019,UBE2D1,NEDD4L,0.951
9606.ENSP00000363019,UBE2D1,BTRC,0.951
9606.ENSP00000363019,UBE2D1,UBE2V1,0.944
9606.ENSP00000363019,UBE2D1,UBE2D2,0.943
9606.ENSP00000363019,UBE2D1,SMURF2,0.939
9606.ENSP00000363019,UBE2D1,BIRC3,0.935
9606.ENSP00000363019,UBE2D1,RNF31,0.932
9606.ENSP00000363019,UBE2D1,NFKBIB,0.924
9606.ENSP00000363019,UBE2D1,ARIH1,0.92
9606.ENSP00000363019,UBE2D1,RLIM,0.916
9606.ENSP00000363019,UBE2D1,RNF125,0.912
9606.ENSP00000363019,UBE2D1,UBE3C,0.912
9606.ENSP00000363019,UBE2D1,TRIP12,0.91
9606.ENSP00000363019,UBE2D1,TRIM25,0.908
9606.ENSP00000363019,UBE2D1,ANAPC10,0.906
9606.ENSP00000363019,UBE2D1,UBE2D4,0.902
9606.ENSP00000363019,UBE2D1,XIAP,0.9
9606.ENSP00000363055,ZWINT,KNL1,0.999
9606.ENSP00000363055,ZWINT,DSN1,0.998
9606.ENSP00000363055,ZWINT,ZW10,0.997
9606.ENSP00000363055,ZWINT,NSL1,0.997
9606.ENSP00000363055,ZWINT,BUB1B,0.996
9606.ENSP00000363055,ZWINT,PMF1,0.994
9606.ENSP00000363055,ZWINT,BUB1,0.991
9606.ENSP00000363055,ZWINT,NDC80,0.991
9606.ENSP00000363055,ZWINT,NUF2,0.991
9606.ENSP00000363055,ZWINT,MIS12,0.989
9606.ENSP00000363055,ZWINT,SPC24,0.985
9606.ENSP00000363055,ZWINT,SPC25,0.984
9606.ENSP00000363055,ZWINT,CDC20,0.968
9606.ENSP00000363055,ZWINT,CENPF,0.953
9606.ENSP00000363055,ZWINT,CDK1,0.95
9606.ENSP00000363055,ZWINT,CCNB1,0.95
9606.ENSP00000363055,ZWINT,RRM2,0.942
9606.ENSP00000363055,ZWINT,ZWILCH,0.939
9606.ENSP00000363055,ZWINT,PLK1,0.93
9606.ENSP00000363055,ZWINT,KIF11,0.928
9606.ENSP00000363055,ZWINT,KNTC1,0.927
9606.ENSP00000363055,ZWINT,AURKB,0.927
9606.ENSP00000363055,ZWINT,RACGAP1,0.925
9606.ENSP00000363055,ZWINT,CCNB2,0.92
9606.ENSP00000363055,ZWINT,DLGAP5,0.92
9606.ENSP00000363055,ZWINT,BIRC5,0.917
9606.ENSP00000363055,ZWINT,TPX2,0.913
9606.ENSP00000363055,ZWINT,PCLAF,0.913
9606.ENSP00000363055,ZWINT,CENPA,0.908
9606.ENSP00000363055,ZWINT,CDCA5,0.908
9606.ENSP00000363055,ZWINT,MELK,0.903
9606.ENSP00000363055,ZWINT,NUSAP1,0.902
9606.ENSP00000363055,ZWINT,CCNA2,0.901
9606.ENSP00000363089,TLR4,HMGB1,0.999
9606.ENSP00000363089,TLR4,TICAM2,0.999
9606.ENSP00000363089,TLR4,MYD88,0.999
9606.ENSP00000363089,TLR4,LY96,0.999
9606.ENSP00000363089,TLR4,TICAM1,0.999
9606.ENSP00000363089,TLR4,TIRAP,0.999
9606.ENSP00000363089,TLR4,TLR2,0.999
9606.ENSP00000363089,TLR4,TLR6,0.999
9606.ENSP00000363089,TLR4,TRAF6,0.999
9606.ENSP00000363089,TLR4,HSPD1,0.999
9606.ENSP00000363089,TLR4,IRAK4,0.999
9606.ENSP00000363089,TLR4,CD36,0.998
9606.ENSP00000363089,TLR4,IFNB1,0.998
9606.ENSP00000363089,TLR4,IRAK1,0.998
9606.ENSP00000363089,TLR4,NOX4,0.996
9606.ENSP00000363089,TLR4,SCARB1,0.996
9606.ENSP00000363089,TLR4,HSPA4,0.996
9606.ENSP00000363089,TLR4,TLR1,0.996
9606.ENSP00000363089,TLR4,SCARB2,0.996
9606.ENSP00000363089,TLR4,CD14,0.995
9606.ENSP00000363089,TLR4,FN1,0.995
9606.ENSP00000363089,TLR4,BGN,0.994
9606.ENSP00000363089,TLR4,RETN,0.993
9606.ENSP00000363089,TLR4,NFKB1,0.993
9606.ENSP00000363089,TLR4,TLR5,0.992
9606.ENSP00000363089,TLR4,RETNLB,0.991
9606.ENSP00000363089,TLR4,TOLLIP,0.99
9606.ENSP00000363089,TLR4,TRAF3,0.99
9606.ENSP00000363089,TLR4,DCN,0.988
9606.ENSP00000363089,TLR4,HSP90B1,0.988
9606.ENSP00000363089,TLR4,HSP90AB1,0.988
9606.ENSP00000363089,TLR4,AHSG,0.988
9606.ENSP00000363089,TLR4,HSP90AA1,0.987
9606.ENSP00000363089,TLR4,DEFB4A,0.986
9606.ENSP00000363089,TLR4,IL1B,0.986
9606.ENSP00000363089,TLR4,CD44,0.983
9606.ENSP00000363089,TLR4,ERVW-1,0.982
9606.ENSP00000363089,TLR4,TLR9,0.979
9606.ENSP00000363089,TLR4,LBP,0.979
9606.ENSP00000363089,TLR4,CLEC7A,0.978
9606.ENSP00000363089,TLR4,SARM1,0.974
9606.ENSP00000363089,TLR4,IL1A,0.974
9606.ENSP00000363089,TLR4,IL6,0.973
9606.ENSP00000363089,TLR4,MAP3K7,0.972
9606.ENSP00000363089,TLR4,SYK,0.971
9606.ENSP00000363089,TLR4,S100A12,0.97
9606.ENSP00000363089,TLR4,S100A9,0.969
9606.ENSP00000363089,TLR4,CXCL10,0.969
9606.ENSP00000363089,TLR4,TNF,0.969
9606.ENSP00000363089,TLR4,ANXA2,0.968
9606.ENSP00000363089,TLR4,RELA,0.966
9606.ENSP00000363089,TLR4,CAV1,0.962
9606.ENSP00000363089,TLR4,RIPK1,0.962
9606.ENSP00000363089,TLR4,IKBKG,0.96
9606.ENSP00000363089,TLR4,TBK1,0.957
9606.ENSP00000363089,TLR4,TRIL,0.957
9606.ENSP00000363089,TLR4,CALR,0.953
9606.ENSP00000363089,TLR4,TNFRSF1A,0.949
9606.ENSP00000363089,TLR4,IRF3,0.947
9606.ENSP00000363089,TLR4,IFNG,0.946
9606.ENSP00000363089,TLR4,IL1R1,0.944
9606.ENSP00000363089,TLR4,IL10,0.943
9606.ENSP00000363089,TLR4,FCGR3A,0.941
9606.ENSP00000363089,TLR4,HSPA1B,0.941
9606.ENSP00000363089,TLR4,AGER,0.94
9606.ENSP00000363089,TLR4,TLR7,0.94
9606.ENSP00000363089,TLR4,LGALS3,0.938
9606.ENSP00000363089,TLR4,IRAK2,0.935
9606.ENSP00000363089,TLR4,MMP9,0.934
9606.ENSP00000363089,TLR4,PIK3CD,0.934
9606.ENSP00000363089,TLR4,CXCL8,0.933
9606.ENSP00000363089,TLR4,UBE2N,0.932
9606.ENSP00000363089,TLR4,PIK3CA,0.928
9606.ENSP00000363089,TLR4,PIK3R1,0.925
9606.ENSP00000363089,TLR4,PIK3CB,0.924
9606.ENSP00000363089,TLR4,SIGIRR,0.923
9606.ENSP00000363089,TLR4,GHITM,0.921
9606.ENSP00000363089,TLR4,ITGAM,0.92
9606.ENSP00000363089,TLR4,CD40,0.918
9606.ENSP00000363089,TLR4,HSPA9,0.917
9606.ENSP00000363089,TLR4,CASP1,0.916
9606.ENSP00000363089,TLR4,FCGR3B,0.912
9606.ENSP00000363089,TLR4,PIK3R2,0.912
9606.ENSP00000363089,TLR4,PIK3R3,0.909
9606.ENSP00000363089,TLR4,IL18,0.908
9606.ENSP00000363089,TLR4,TLR3,0.907
9606.ENSP00000363089,TLR4,S100A8,0.907
9606.ENSP00000363089,TLR4,CD180,0.904
9606.ENSP00000363089,TLR4,IKBKB,0.903
9606.ENSP00000363089,TLR4,CYBB,0.902
9606.ENSP00000363089,TLR4,CD4,0.902
9606.ENSP00000363089,TLR4,DEFB4B,0.901
9606.ENSP00000364032,TAP2,TAP1,0.999
9606.ENSP00000364032,TAP2,TAPBP,0.989
9606.ENSP00000364032,TAP2,HLA-A,0.963
9606.ENSP00000364032,TAP2,B2M,0.96
9606.ENSP00000364032,TAP2,PSMB9,0.948
9606.ENSP00000364032,TAP2,PDIA3,0.927
9606.ENSP00000364032,TAP2,CALR,0.924
9606.ENSP00000364032,TAP2,PSMB8,0.917
9606.ENSP00000364270,XPA,ERCC4,0.999
9606.ENSP00000364270,XPA,ERCC3,0.999
9606.ENSP00000364270,XPA,ERCC1,0.999
9606.ENSP00000364270,XPA,ERCC2,0.999
9606.ENSP00000364270,XPA,RAD23B,0.997
9606.ENSP00000364270,XPA,RPA2,0.995
9606.ENSP00000364270,XPA,ERCC5,0.992
9606.ENSP00000364270,XPA,ERCC6,0.99
9606.ENSP00000364270,XPA,DDB2,0.989
9606.ENSP00000364270,XPA,RPA1,0.984
9606.ENSP00000364270,XPA,GTF2H1,0.984
9606.ENSP00000364270,XPA,XPC,0.981
9606.ENSP00000364270,XPA,GTF2H5,0.98
9606.ENSP00000364270,XPA,XAB2,0.98
9606.ENSP00000364270,XPA,GTF2H4,0.974
9606.ENSP00000364270,XPA,GTF2H2,0.969
9606.ENSP00000364270,XPA,GTF2H3,0.965
9606.ENSP00000364270,XPA,RASSF1,0.949
9606.ENSP00000364270,XPA,GPN1,0.932
9606.ENSP00000364270,XPA,EP300,0.928
9606.ENSP00000364270,XPA,RAD23A,0.926
9606.ENSP00000364270,XPA,BIVM-ERCC5,0.923
9606.ENSP00000364270,XPA,RECQL4,0.918
9606.ENSP00000364270,XPA,CDK7,0.915
9606.ENSP00000364270,XPA,DDB1,0.915
9606.ENSP00000364270,XPA,ERCC8,0.915
9606.ENSP00000364270,XPA,MSH2,0.908
9606.ENSP00000364270,XPA,ATM,0.908
9606.ENSP00000364270,XPA,HMGN1,0.907
9606.ENSP00000364270,XPA,MSH3,0.904
9606.ENSP00000364270,XPA,RPA3,0.9
9606.ENSP00000364482,STK19,SKIV2L,0.916
9606.ENSP00000364519,TFDP1,RB1,0.999
9606.ENSP00000364519,TFDP1,E2F4,0.999
9606.ENSP00000364519,TFDP1,E2F5,0.999
9606.ENSP00000364519,TFDP1,E2F6,0.999
9606.ENSP00000364519,TFDP1,E2F1,0.999
9606.ENSP00000364519,TFDP1,E2F3,0.996
9606.ENSP00000364519,TFDP1,RBL1,0.996
9606.ENSP00000364519,TFDP1,E2F2,0.989
9606.ENSP00000364519,TFDP1,RBL2,0.983
9606.ENSP00000364519,TFDP1,PCGF6,0.963
9606.ENSP00000364519,TFDP1,L3MBTL2,0.955
9606.ENSP00000364519,TFDP1,SMAD3,0.945
9606.ENSP00000364519,TFDP1,RYBP,0.934
9606.ENSP00000364519,TFDP1,SMAD4,0.932
9606.ENSP00000364519,TFDP1,TFDP2,0.927
9606.ENSP00000364519,TFDP1,YAF2,0.909
9606.ENSP00000364519,TFDP1,SMAD2,0.909
9606.ENSP00000364519,TFDP1,MAX,0.903
9606.ENSP00000364840,VWA7,VARS1,0.969
9606.ENSP00000364898,SYK,CLEC7A,0.999
9606.ENSP00000364898,SYK,LCP2,0.999
9606.ENSP00000364898,SYK,TYROBP,0.999
9606.ENSP00000364898,SYK,VAV1,0.999
9606.ENSP00000364898,SYK,LYN,0.999
9606.ENSP00000364898,SYK,CARD9,0.999
9606.ENSP00000364898,SYK,BLNK,0.999
9606.ENSP00000364898,SYK,BTK,0.999
9606.ENSP00000364898,SYK,PLCG2,0.999
9606.ENSP00000364898,SYK,SRC,0.999
9606.ENSP00000364898,SYK,FCER1G,0.999
9606.ENSP00000364898,SYK,PLCG1,0.998
9606.ENSP00000364898,SYK,CD247,0.997
9606.ENSP00000364898,SYK,VAV3,0.997
9606.ENSP00000364898,SYK,CD79B,0.997
9606.ENSP00000364898,SYK,CD3E,0.997
9606.ENSP00000364898,SYK,CBL,0.997
9606.ENSP00000364898,SYK,CD79A,0.996
9606.ENSP00000364898,SYK,PTPN6,0.995
9606.ENSP00000364898,SYK,CLEC4E,0.995
9606.ENSP00000364898,SYK,FCGR2A,0.995
9606.ENSP00000364898,SYK,CLEC1B,0.992
9606.ENSP00000364898,SYK,FCGR3A,0.989
9606.ENSP00000364898,SYK,CD3G,0.989
9606.ENSP00000364898,SYK,VAV2,0.989
9606.ENSP00000364898,SYK,LCK,0.987
9606.ENSP00000364898,SYK,FCGR1A,0.986
9606.ENSP00000364898,SYK,GRB2,0.986
9606.ENSP00000364898,SYK,FCGR3B,0.984
9606.ENSP00000364898,SYK,FYN,0.983
9606.ENSP00000364898,SYK,CD19,0.983
9606.ENSP00000364898,SYK,TREM2,0.982
9606.ENSP00000364898,SYK,CD4,0.981
9606.ENSP00000364898,SYK,PIK3R1,0.98
9606.ENSP00000364898,SYK,STAT3,0.98
9606.ENSP00000364898,SYK,LAT,0.978
9606.ENSP00000364898,SYK,ZAP70,0.977
9606.ENSP00000364898,SYK,PIK3CD,0.976
9606.ENSP00000364898,SYK,GAB2,0.975
9606.ENSP00000364898,SYK,FCGR2B,0.974
9606.ENSP00000364898,SYK,TLR4,0.971
9606.ENSP00000364898,SYK,FCER1A,0.969
9606.ENSP00000364898,SYK,PIK3R2,0.964
9606.ENSP00000364898,SYK,PTPN11,0.963
9606.ENSP00000364898,SYK,CD8A,0.96
9606.ENSP00000364898,SYK,CBLB,0.96
9606.ENSP00000364898,SYK,CD22,0.959
9606.ENSP00000364898,SYK,MS4A2,0.957
9606.ENSP00000364898,SYK,SHC1,0.957
9606.ENSP00000364898,SYK,LOC102723407,0.955
9606.ENSP00000364898,SYK,CLEC6A,0.954
9606.ENSP00000364898,SYK,PIK3AP1,0.953
9606.ENSP00000364898,SYK,HCST,0.945
9606.ENSP00000364898,SYK,LILRB1,0.945
9606.ENSP00000364898,SYK,LILRA4,0.942
9606.ENSP00000364898,SYK,SIRPA,0.94
9606.ENSP00000364898,SYK,CD3D,0.94
9606.ENSP00000364898,SYK,PIK3CB,0.938
9606.ENSP00000364898,SYK,SH3BP2,0.937
9606.ENSP00000364898,SYK,PIK3R3,0.937
9606.ENSP00000364898,SYK,KRAS,0.936
9606.ENSP00000364898,SYK,TRAF6,0.936
9606.ENSP00000364898,SYK,PIK3CA,0.935
9606.ENSP00000364898,SYK,LILRB2,0.935
9606.ENSP00000364898,SYK,HCK,0.934
9606.ENSP00000364898,SYK,OSCAR,0.934
9606.ENSP00000364898,SYK,NRAS,0.933
9606.ENSP00000364898,SYK,HRAS,0.932
9606.ENSP00000364898,SYK,LILRA2,0.93
9606.ENSP00000364898,SYK,LILRB3,0.927
9606.ENSP00000364898,SYK,LILRA1,0.926
9606.ENSP00000364898,SYK,LILRA6,0.925
9606.ENSP00000364898,SYK,LILRB4,0.924
9606.ENSP00000364898,SYK,TRAT1,0.92
9606.ENSP00000364898,SYK,LILRA5,0.919
9606.ENSP00000364898,SYK,NEDD4,0.919
9606.ENSP00000364898,SYK,ITGB2,0.918
9606.ENSP00000364898,SYK,LILRB5,0.917
9606.ENSP00000364898,SYK,SIRPG,0.913
9606.ENSP00000364898,SYK,SHC2,0.909
9606.ENSP00000364898,SYK,SHC3,0.909
9606.ENSP00000364898,SYK,CD8B,0.909
9606.ENSP00000364898,SYK,LAT2,0.904
9606.ENSP00000364898,SYK,GRAP2,0.904
9606.ENSP00000364898,SYK,SHC4,0.904
9606.ENSP00000364912,SPEN,NCOR2,0.975
9606.ENSP00000364912,SPEN,RBPJ,0.973
9606.ENSP00000365435,TNFRSF1B,TNFRSF1A,0.999
9606.ENSP00000365435,TNFRSF1B,LTA,0.999
9606.ENSP00000365435,TNFRSF1B,TNF,0.999
9606.ENSP00000365435,TNFRSF1B,TRAF1,0.997
9606.ENSP00000365435,TNFRSF1B,TRAF2,0.994
9606.ENSP00000365435,TNFRSF1B,KRT18,0.941
9606.ENSP00000365435,TNFRSF1B,TRADD,0.939
9606.ENSP00000365435,TNFRSF1B,BIRC3,0.934
9606.ENSP00000365435,TNFRSF1B,TRAF3,0.928
9606.ENSP00000365435,TNFRSF1B,IL1B,0.914
9606.ENSP00000365435,TNFRSF1B,DAXX,0.903
9606.ENSP00000365435,TNFRSF1B,DAB2IP,0.901
9606.ENSP00000365682,TLE1,TLE3,0.984
9606.ENSP00000365682,TLE1,TLE4,0.983
9606.ENSP00000365682,TLE1,CTNNB1,0.96
9606.ENSP00000365682,TLE1,LEF1,0.955
9606.ENSP00000365682,TLE1,HES1,0.953
9606.ENSP00000365682,TLE1,HDAC1,0.943
9606.ENSP00000365682,TLE1,TCF4,0.937
9606.ENSP00000365682,TLE1,HES6,0.929
9606.ENSP00000365682,TLE1,BCL9,0.925
9606.ENSP00000365682,TLE1,HNF4A,0.923
9606.ENSP00000365682,TLE1,TLE5,0.919
9606.ENSP00000365682,TLE1,LDB1,0.914
9606.ENSP00000365682,TLE1,BCL9L,0.911
9606.ENSP00000365682,TLE1,PYGO2,0.91
9606.ENSP00000365682,TLE1,FOXG1,0.903
9606.ENSP00000365682,TLE1,CTBP1,0.902
9606.ENSP00000365720,TLE4,TLE1,0.983
9606.ENSP00000365720,TLE4,TLE3,0.978
9606.ENSP00000365720,TLE4,PAX5,0.936
9606.ENSP00000365720,TLE4,CTNNB1,0.935
9606.ENSP00000365720,TLE4,LDB1,0.915
9606.ENSP00000365720,TLE4,TLE5,0.913
9606.ENSP00000365720,TLE4,TCF4,0.909
9606.ENSP00000365720,TLE4,TCF7L2,0.909
9606.ENSP00000365720,TLE4,PYGO2,0.909
9606.ENSP00000365720,TLE4,BCL9L,0.902
9606.ENSP00000365720,TLE4,BCL9,0.9
9606.ENSP00000365720,TLE4,TLE2,0.9
9606.ENSP00000365891,WAS,ACTR2,0.999
9606.ENSP00000365891,WAS,WIPF1,0.999
9606.ENSP00000365891,WAS,NCK1,0.999
9606.ENSP00000365891,WAS,HCLS1,0.999
9606.ENSP00000365891,WAS,CDC42,0.999
9606.ENSP00000365891,WAS,TRIP10,0.998
9606.ENSP00000365891,WAS,ARPC3,0.998
9606.ENSP00000365891,WAS,ARPC2,0.997
9606.ENSP00000365891,WAS,ACTR3,0.996
9606.ENSP00000365891,WAS,CTTN,0.996
9606.ENSP00000365891,WAS,PSTPIP1,0.996
9606.ENSP00000365891,WAS,GRB2,0.995
9606.ENSP00000365891,WAS,ARPC1B,0.995
9606.ENSP00000365891,WAS,ARPC5,0.993
9606.ENSP00000365891,WAS,PFN1,0.991
9606.ENSP00000365891,WAS,WIPF2,0.991
9606.ENSP00000365891,WAS,SRC,0.987
9606.ENSP00000365891,WAS,WHAMM,0.987
9606.ENSP00000365891,WAS,PFN4,0.984
9606.ENSP00000365891,WAS,ARPC4,0.981
9606.ENSP00000365891,WAS,PFN3,0.98
9606.ENSP00000365891,WAS,LCP2,0.979
9606.ENSP00000365891,WAS,FYN,0.979
9606.ENSP00000365891,WAS,ACTR3C,0.978
9606.ENSP00000365891,WAS,ACTR3B,0.978
9606.ENSP00000365891,WAS,BTK,0.976
9606.ENSP00000365891,WAS,AKT1,0.974
9606.ENSP00000365891,WAS,FNBP1,0.973
9606.ENSP00000365891,WAS,ARPC1A,0.966
9606.ENSP00000365891,WAS,ACTA1,0.961
9606.ENSP00000365891,WAS,FNBP1L,0.96
9606.ENSP00000365891,WAS,VAV1,0.959
9606.ENSP00000365891,WAS,WASF1,0.958
9606.ENSP00000365891,WAS,DOCK8,0.956
9606.ENSP00000365891,WAS,ARPC5L,0.955
9606.ENSP00000365891,WAS,ACTB,0.954
9606.ENSP00000365891,WAS,WASF2,0.952
9606.ENSP00000365891,WAS,VASP,0.949
9606.ENSP00000365891,WAS,SNX9,0.949
9606.ENSP00000365891,WAS,ACTG1,0.949
9606.ENSP00000365891,WAS,BAIAP2,0.941
9606.ENSP00000365891,WAS,CYFIP2,0.94
9606.ENSP00000365891,WAS,BRK1,0.937
9606.ENSP00000365891,WAS,RAC2,0.929
9606.ENSP00000365891,WAS,SH3PXD2A,0.926
9606.ENSP00000365891,WAS,ITSN1,0.924
9606.ENSP00000365891,WAS,NCKAP1,0.924
9606.ENSP00000365891,WAS,WIPF3,0.922
9606.ENSP00000365891,WAS,WASF3,0.922
9606.ENSP00000365891,WAS,WASL,0.919
9606.ENSP00000365891,WAS,NCKIPSD,0.919
9606.ENSP00000365891,WAS,NCKAP1L,0.912
9606.ENSP00000366118,SSX1,SS18,0.969
9606.ENSP00000366118,SSX1,SSX2,0.966
9606.ENSP00000366314,TRPM3,GNB1,0.911
9606.ENSP00000366404,TRIM27,MAGEL2,0.979
9606.ENSP00000366404,TRIM27,USP7,0.97
9606.ENSP00000366404,TRIM27,PTEN,0.963
9606.ENSP00000366404,TRIM27,CHD4,0.903
9606.ENSP00000367545,TP73,MDM2,0.998
9606.ENSP00000367545,TP73,TP63,0.997
9606.ENSP00000367545,TP73,YAP1,0.995
9606.ENSP00000367545,TP73,TP53,0.985
9606.ENSP00000367545,TP73,TP53BP2,0.971
9606.ENSP00000367545,TP73,BCL2L1,0.929
9606.ENSP00000367545,TP73,EP300,0.927
9606.ENSP00000367545,TP73,MDM4,0.922
9606.ENSP00000367545,TP73,ABL1,0.909
9606.ENSP00000367545,TP73,ITCH,0.905
9606.ENSP00000368215,TAB3,TRAF6,0.999
9606.ENSP00000368215,TAB3,TAB2,0.999
9606.ENSP00000368215,TAB3,TAB1,0.999
9606.ENSP00000368215,TAB3,IKBKG,0.999
9606.ENSP00000368215,TAB3,MAP3K7,0.999
9606.ENSP00000368215,TAB3,RIPK1,0.987
9606.ENSP00000368215,TAB3,IKBKB,0.986
9606.ENSP00000368215,TAB3,TRAF3,0.977
9606.ENSP00000368215,TAB3,MYD88,0.975
9606.ENSP00000368215,TAB3,RIPK2,0.974
9606.ENSP00000368215,TAB3,CHUK,0.973
9606.ENSP00000368215,TAB3,IRAK4,0.968
9606.ENSP00000368215,TAB3,IRAK1,0.961
9606.ENSP00000368215,TAB3,TRAF2,0.957
9606.ENSP00000368215,TAB3,TRADD,0.956
9606.ENSP00000368215,TAB3,TRAF5,0.955
9606.ENSP00000368215,TAB3,MAP2K7,0.95
9606.ENSP00000368215,TAB3,MAP2K3,0.936
9606.ENSP00000368215,TAB3,MAP2K6,0.931
9606.ENSP00000368215,TAB3,MAP2K4,0.928
9606.ENSP00000368215,TAB3,TLR3,0.923
9606.ENSP00000368215,TAB3,UBC,0.92
9606.ENSP00000368215,TAB3,TNF,0.917
9606.ENSP00000368215,TAB3,MAP3K14,0.905
9606.ENSP00000368370,WT1,WTAP,0.997
9606.ENSP00000368370,WT1,TP53,0.983
9606.ENSP00000368370,WT1,NR5A1,0.969
9606.ENSP00000368370,WT1,SRY,0.938
9606.ENSP00000368370,WT1,NPHS1,0.935
9606.ENSP00000368370,WT1,GATA4,0.935
9606.ENSP00000368370,WT1,NPHS2,0.921
9606.ENSP00000368370,WT1,SOX9,0.908
9606.ENSP00000368370,WT1,NR0B1,0.907
9606.ENSP00000368370,WT1,PAWR,0.906
9606.ENSP00000368486,ZFX,RPS4X,0.914
9606.ENSP00000368727,XDH,BTN1A1,0.998
9606.ENSP00000368727,XDH,PNP,0.997
9606.ENSP00000368727,XDH,BTN2A2,0.988
9606.ENSP00000368727,XDH,GDA,0.988
9606.ENSP00000368727,XDH,BTN2A1,0.988
9606.ENSP00000368727,XDH,BTNL9,0.988
9606.ENSP00000368727,XDH,TPMT,0.974
9606.ENSP00000368727,XDH,ERMAP,0.969
9606.ENSP00000368727,XDH,BTNL8,0.969
9606.ENSP00000368727,XDH,BTNL3,0.969
9606.ENSP00000368727,XDH,BTN3A2,0.968
9606.ENSP00000368727,XDH,BTN3A3,0.968
9606.ENSP00000368727,XDH,BTN3A1,0.966
9606.ENSP00000368727,XDH,NAT2,0.953
9606.ENSP00000368727,XDH,CYP1A2,0.948
9606.ENSP00000368727,XDH,HPRT1,0.945
9606.ENSP00000368727,XDH,CYP2A6,0.933
9606.ENSP00000368727,XDH,NOS1,0.923
9606.ENSP00000368727,XDH,NAT1,0.911
9606.ENSP00000368727,XDH,PLIN2,0.904
9606.ENSP00000368801,WBP4,SNRPB,0.999
9606.ENSP00000368801,WBP4,SNRNP200,0.998
9606.ENSP00000368801,WBP4,PRPF31,0.997
9606.ENSP00000368801,WBP4,SNRPB2,0.997
9606.ENSP00000368801,WBP4,ZMAT2,0.996
9606.ENSP00000368801,WBP4,MFAP1,0.995
9606.ENSP00000368801,WBP4,SART1,0.995
9606.ENSP00000368801,WBP4,PRPF38A,0.994
9606.ENSP00000368801,WBP4,LSM6,0.993
9606.ENSP00000368801,WBP4,PRPF4,0.992
9606.ENSP00000368801,WBP4,SF3B4,0.992
9606.ENSP00000368801,WBP4,SMU1,0.991
9606.ENSP00000368801,WBP4,LSM4,0.989
9606.ENSP00000368801,WBP4,SF3A1,0.988
9606.ENSP00000368801,WBP4,PRPF3,0.988
9606.ENSP00000368801,WBP4,SF3B1,0.988
9606.ENSP00000368801,WBP4,SF3A2,0.987
9606.ENSP00000368801,WBP4,LSM7,0.987
9606.ENSP00000368801,WBP4,PRPF6,0.987
9606.ENSP00000368801,WBP4,SNRPF,0.986
9606.ENSP00000368801,WBP4,EFTUD2,0.986
9606.ENSP00000368801,WBP4,SF3B2,0.985
9606.ENSP00000368801,WBP4,SF3B3,0.985
9606.ENSP00000368801,WBP4,SNRPD3,0.985
9606.ENSP00000368801,WBP4,SF3A3,0.983
9606.ENSP00000368801,WBP4,SNRPE,0.983
9606.ENSP00000368801,WBP4,PRPF8,0.982
9606.ENSP00000368801,WBP4,LSM8,0.982
9606.ENSP00000368801,WBP4,IK,0.981
9606.ENSP00000368801,WBP4,SNU13,0.981
9606.ENSP00000368801,WBP4,LSM5,0.98
9606.ENSP00000368801,WBP4,LSM3,0.98
9606.ENSP00000368801,WBP4,SNRPD1,0.98
9606.ENSP00000368801,WBP4,TXNL4A,0.98
9606.ENSP00000368801,WBP4,PHF5A,0.979
9606.ENSP00000368801,WBP4,SNRPA1,0.979
9606.ENSP00000368801,WBP4,SNRPG,0.979
9606.ENSP00000368801,WBP4,SF3B5,0.979
9606.ENSP00000368801,WBP4,SNRPD2,0.979
9606.ENSP00000368801,WBP4,LSM2,0.979
9606.ENSP00000368801,WBP4,UBL5,0.968
9606.ENSP00000368801,WBP4,PPIH,0.965
9606.ENSP00000368801,WBP4,WBP11,0.935
9606.ENSP00000368801,WBP4,CWC27,0.932
9606.ENSP00000368801,WBP4,RBMX2,0.931
9606.ENSP00000368801,WBP4,CWC22,0.926
9606.ENSP00000368801,WBP4,DHX16,0.916
9606.ENSP00000368801,WBP4,PQBP1,0.913
9606.ENSP00000368801,WBP4,BUD13,0.913
9606.ENSP00000368801,WBP4,RNF113A,0.91
9606.ENSP00000368801,WBP4,SNIP1,0.907
9606.ENSP00000368801,WBP4,MAGOHB,0.906
9606.ENSP00000368801,WBP4,SRRM2,0.9
9606.ENSP00000368835,YPEL5,RANBP10,0.949
9606.ENSP00000368835,YPEL5,RANBP9,0.949
9606.ENSP00000368835,YPEL5,RMND5A,0.943
9606.ENSP00000368835,YPEL5,WDR26,0.939
9606.ENSP00000368835,YPEL5,ARMC8,0.921
9606.ENSP00000369210,SOHLH2,SOHLH1,0.919
9606.ENSP00000369375,TEK,ANGPT2,0.999
9606.ENSP00000369375,TEK,ANGPT4,0.999
9606.ENSP00000369375,TEK,ANGPT1,0.999
9606.ENSP00000369375,TEK,VEGFC,0.955
9606.ENSP00000369375,TEK,FGF2,0.941
9606.ENSP00000369375,TEK,KITLG,0.922
9606.ENSP00000369375,TEK,PGF,0.914
9606.ENSP00000369375,TEK,CDH5,0.901
9606.ENSP00000370010,TMSB4X,LIMS1,0.98
9606.ENSP00000370010,TMSB4X,ACTG1,0.977
9606.ENSP00000370010,TMSB4X,ILK,0.964
9606.ENSP00000370010,TMSB4X,ACTB,0.961
9606.ENSP00000370010,TMSB4X,PFN1,0.959
9606.ENSP00000370010,TMSB4X,PFN3,0.941
9606.ENSP00000370010,TMSB4X,PFN4,0.941
9606.ENSP00000370010,TMSB4X,TMSB4Y,0.938
9606.ENSP00000370034,TLR7,MYD88,0.999
9606.ENSP00000370034,TLR7,TLR8,0.997
9606.ENSP00000370034,TLR7,UNC93B1,0.997
9606.ENSP00000370034,TLR7,TLR9,0.992
9606.ENSP00000370034,TLR7,IRAK1,0.972
9606.ENSP00000370034,TLR7,IRAK4,0.963
9606.ENSP00000370034,TLR7,TLR3,0.962
9606.ENSP00000370034,TLR7,IRF7,0.96
9606.ENSP00000370034,TLR7,TLR4,0.94
9606.ENSP00000370034,TLR7,TRAF6,0.927
9606.ENSP00000370034,TLR7,DDX58,0.92
9606.ENSP00000370034,TLR7,IFNA1,0.92
9606.ENSP00000370420,VCX3B,VCX3A,0.91
9606.ENSP00000370912,TEC,BLNK,0.951
9606.ENSP00000370912,TEC,VAV1,0.937
9606.ENSP00000370912,TEC,PLCG2,0.919
9606.ENSP00000370912,TEC,LCP2,0.917
9606.ENSP00000370912,TEC,BTK,0.916
9606.ENSP00000370912,TEC,PLCG1,0.914
9606.ENSP00000370912,TEC,VAV2,0.907
9606.ENSP00000370912,TEC,VAV3,0.907
9606.ENSP00000370912,TEC,ITK,0.904
9606.ENSP00000371475,TP53BP1,ATM,0.999
9606.ENSP00000371475,TP53BP1,H4C6,0.999
9606.ENSP00000371475,TP53BP1,PAXIP1,0.999
9606.ENSP00000371475,TP53BP1,H2AX,0.999
9606.ENSP00000371475,TP53BP1,BRCA1,0.999
9606.ENSP00000371475,TP53BP1,TP53,0.999
9606.ENSP00000371475,TP53BP1,MDC1,0.999
9606.ENSP00000371475,TP53BP1,H2AC18,0.999
9606.ENSP00000371475,TP53BP1,TOPBP1,0.999
9606.ENSP00000371475,TP53BP1,USP28,0.998
9606.ENSP00000371475,TP53BP1,RNF168,0.997
9606.ENSP00000371475,TP53BP1,H3C12,0.997
9606.ENSP00000371475,TP53BP1,CHEK2,0.996
9606.ENSP00000371475,TP53BP1,RNF8,0.996
9606.ENSP00000371475,TP53BP1,H2AC20,0.993
9606.ENSP00000371475,TP53BP1,CHEK1,0.992
9606.ENSP00000371475,TP53BP1,H3C13,0.992
9606.ENSP00000371475,TP53BP1,NUDT16L1,0.99
9606.ENSP00000371475,TP53BP1,UIMC1,0.985
9606.ENSP00000371475,TP53BP1,XRCC6,0.984
9606.ENSP00000371475,TP53BP1,NUDT16,0.982
9606.ENSP00000371475,TP53BP1,H4C7,0.981
9606.ENSP00000371475,TP53BP1,H3-4,0.98
9606.ENSP00000371475,TP53BP1,BLM,0.978
9606.ENSP00000371475,TP53BP1,H2BC4,0.977
9606.ENSP00000371475,TP53BP1,ATR,0.975
9606.ENSP00000371475,TP53BP1,RAD52,0.967
9606.ENSP00000371475,TP53BP1,H2BC12,0.965
9606.ENSP00000371475,TP53BP1,AIM2,0.965
9606.ENSP00000371475,TP53BP1,H3-3B,0.964
9606.ENSP00000371475,TP53BP1,UBC,0.964
9606.ENSP00000371475,TP53BP1,MAD2L2,0.963
9606.ENSP00000371475,TP53BP1,H3-2,0.962
9606.ENSP00000371475,TP53BP1,RPS27A,0.962
9606.ENSP00000371475,TP53BP1,H3-5,0.962
9606.ENSP00000371475,TP53BP1,SPOP,0.955
9606.ENSP00000371475,TP53BP1,H4C14,0.954
9606.ENSP00000371475,TP53BP1,RIF1,0.953
9606.ENSP00000371475,TP53BP1,H3C1,0.95
9606.ENSP00000371475,TP53BP1,UBB,0.949
9606.ENSP00000371475,TP53BP1,UBA52,0.947
9606.ENSP00000371475,TP53BP1,DYNLL1,0.945
9606.ENSP00000371475,TP53BP1,RAD51,0.94
9606.ENSP00000371475,TP53BP1,SUMO2,0.939
9606.ENSP00000371475,TP53BP1,MRE11,0.938
9606.ENSP00000371475,TP53BP1,LIG4,0.934
9606.ENSP00000371475,TP53BP1,RAD18,0.931
9606.ENSP00000371475,TP53BP1,RECQL4,0.929
9606.ENSP00000371475,TP53BP1,RB1,0.928
9606.ENSP00000371475,TP53BP1,H2AC19,0.927
9606.ENSP00000371475,TP53BP1,RAD17,0.926
9606.ENSP00000371475,TP53BP1,NBN,0.923
9606.ENSP00000371475,TP53BP1,BRCA2,0.922
9606.ENSP00000371475,TP53BP1,SLF1,0.921
9606.ENSP00000371475,TP53BP1,H4C5,0.918
9606.ENSP00000371475,TP53BP1,H4C9,0.917
9606.ENSP00000371475,TP53BP1,H4C4,0.917
9606.ENSP00000371475,TP53BP1,H4C2,0.916
9606.ENSP00000371475,TP53BP1,H4-16,0.916
9606.ENSP00000371475,TP53BP1,H4C8,0.916
9606.ENSP00000371475,TP53BP1,RBBP8,0.916
9606.ENSP00000371475,TP53BP1,H4C12,0.916
9606.ENSP00000371475,TP53BP1,H4C1,0.916
9606.ENSP00000371475,TP53BP1,H4C11,0.915
9606.ENSP00000371475,TP53BP1,H4C13,0.915
9606.ENSP00000371475,TP53BP1,H4C15,0.915
9606.ENSP00000371475,TP53BP1,H4C3,0.915
9606.ENSP00000371475,TP53BP1,H3C3,0.914
9606.ENSP00000371475,TP53BP1,H3C6,0.914
9606.ENSP00000371475,TP53BP1,XRCC5,0.909
9606.ENSP00000371475,TP53BP1,KPNA4,0.907
9606.ENSP00000371475,TP53BP1,XRCC1,0.907
9606.ENSP00000371475,TP53BP1,H3C11,0.907
9606.ENSP00000371475,TP53BP1,H3C8,0.907
9606.ENSP00000371475,TP53BP1,H3C7,0.907
9606.ENSP00000371475,TP53BP1,H3C2,0.907
9606.ENSP00000371475,TP53BP1,H3C10,0.907
9606.ENSP00000371475,TP53BP1,H3C4,0.907
9606.ENSP00000371475,TP53BP1,SUMO1,0.905
9606.ENSP00000371475,TP53BP1,RAD9A,0.905
9606.ENSP00000371475,TP53BP1,EXO1,0.904
9606.ENSP00000371475,TP53BP1,UBE2I,0.902
9606.ENSP00000371475,TP53BP1,H2BC10,0.9
9606.ENSP00000371475,TP53BP1,H2BC6,0.9
9606.ENSP00000371475,TP53BP1,H2BC7,0.9
9606.ENSP00000371475,TP53BP1,H2BC8,0.9
9606.ENSP00000372199,URB1,PDCD11,0.973
9606.ENSP00000372199,URB1,UTP20,0.915
9606.ENSP00000372199,URB1,HEATR1,0.914
9606.ENSP00000372199,URB1,POLR1A,0.906
9606.ENSP00000372199,URB1,NAT10,0.901
9606.ENSP00000372689,STAG1,WAPL,0.999
9606.ENSP00000372689,STAG1,SMC1A,0.999
9606.ENSP00000372689,STAG1,RAD21,0.999
9606.ENSP00000372689,STAG1,SMC3,0.999
9606.ENSP00000372689,STAG1,PDS5A,0.999
9606.ENSP00000372689,STAG1,SMC1B,0.998
9606.ENSP00000372689,STAG1,NIPBL,0.997
9606.ENSP00000372689,STAG1,STAG2,0.996
9606.ENSP00000372689,STAG1,REC8,0.994
9606.ENSP00000372689,STAG1,PDS5B,0.99
9606.ENSP00000372689,STAG1,ESPL1,0.989
9606.ENSP00000372689,STAG1,CDCA5,0.975
9606.ENSP00000372689,STAG1,RAD21L1,0.965
9606.ENSP00000372689,STAG1,STAG3,0.962
9606.ENSP00000372689,STAG1,ESCO1,0.952
9606.ENSP00000372689,STAG1,SGO2,0.937
9606.ENSP00000372689,STAG1,MAU2,0.911
9606.ENSP00000372689,STAG1,TERF1,0.902
9606.ENSP00000373278,ZCWPW2,H3-5,0.92
9606.ENSP00000373278,ZCWPW2,H3C13,0.92
9606.ENSP00000373278,ZCWPW2,H3-2,0.92
9606.ENSP00000373278,ZCWPW2,H3-4,0.92
9606.ENSP00000373278,ZCWPW2,H3C12,0.919
9606.ENSP00000373278,ZCWPW2,H3-3B,0.919
9606.ENSP00000373278,ZCWPW2,H3C11,0.912
9606.ENSP00000373278,ZCWPW2,H3C15,0.912
9606.ENSP00000373278,ZCWPW2,H3C8,0.912
9606.ENSP00000373278,ZCWPW2,H3C14,0.912
9606.ENSP00000373278,ZCWPW2,H3C7,0.912
9606.ENSP00000373278,ZCWPW2,H3C2,0.912
9606.ENSP00000373278,ZCWPW2,H3C10,0.912
9606.ENSP00000373278,ZCWPW2,H3C1,0.912
9606.ENSP00000373278,ZCWPW2,H3C4,0.912
9606.ENSP00000373278,ZCWPW2,H3C3,0.912
9606.ENSP00000373278,ZCWPW2,H3-3A,0.912
9606.ENSP00000373278,ZCWPW2,H3C6,0.912
9606.ENSP00000373570,TYRP1,OCA2,0.972
9606.ENSP00000373570,TYRP1,SLC45A2,0.959
9606.ENSP00000373570,TYRP1,MITF,0.936
9606.ENSP00000373570,TYRP1,MC1R,0.934
9606.ENSP00000373570,TYRP1,CDK1,0.916
9606.ENSP00000373570,TYRP1,PMEL,0.91
9606.ENSP00000373570,TYRP1,MLANA,0.902
9606.ENSP00000373696,TRIP12,UBR1,0.973
9606.ENSP00000373696,TRIP12,UBR2,0.964
9606.ENSP00000373696,TRIP12,USP7,0.963
9606.ENSP00000373696,TRIP12,UBR5,0.934
9606.ENSP00000373696,TRIP12,UBE2D1,0.91
9606.ENSP00000374205,TBR1,FEZF2,0.941
9606.ENSP00000374205,TBR1,CASK,0.927
9606.ENSP00000374205,TBR1,PAX6,0.915
9606.ENSP00000374455,SQSTM1,MAP1LC3A,0.999
9606.ENSP00000374455,SQSTM1,KEAP1,0.999
9606.ENSP00000374455,SQSTM1,NBR1,0.999
9606.ENSP00000374455,SQSTM1,GABARAP,0.999
9606.ENSP00000374455,SQSTM1,MAP1LC3B,0.999
9606.ENSP00000374455,SQSTM1,GABARAPL2,0.999
9606.ENSP00000374455,SQSTM1,TRAF6,0.999
9606.ENSP00000374455,SQSTM1,UBC,0.999
9606.ENSP00000374455,SQSTM1,GABARAPL1,0.999
9606.ENSP00000374455,SQSTM1,RIPK1,0.997
9606.ENSP00000374455,SQSTM1,TBK1,0.995
9606.ENSP00000374455,SQSTM1,PRKCZ,0.995
9606.ENSP00000374455,SQSTM1,MAP1A,0.994
9606.ENSP00000374455,SQSTM1,VDAC1,0.994
9606.ENSP00000374455,SQSTM1,OPTN,0.994
9606.ENSP00000374455,SQSTM1,WDFY3,0.992
9606.ENSP00000374455,SQSTM1,ATG5,0.991
9606.ENSP00000374455,SQSTM1,RPS27A,0.989
9606.ENSP00000374455,SQSTM1,PRKN,0.987
9606.ENSP00000374455,SQSTM1,LCK,0.985
9606.ENSP00000374455,SQSTM1,CASP8,0.982
9606.ENSP00000374455,SQSTM1,ATG12,0.981
9606.ENSP00000374455,SQSTM1,CD300C,0.981
9606.ENSP00000374455,SQSTM1,CALCOCO2,0.981
9606.ENSP00000374455,SQSTM1,HDAC6,0.979
9606.ENSP00000374455,SQSTM1,CYLD,0.979
9606.ENSP00000374455,SQSTM1,PINK1,0.979
9606.ENSP00000374455,SQSTM1,MAP1S,0.974
9606.ENSP00000374455,SQSTM1,ATG16L1,0.973
9606.ENSP00000374455,SQSTM1,MAP3K3,0.973
9606.ENSP00000374455,SQSTM1,MAP1B,0.97
9606.ENSP00000374455,SQSTM1,RAB39B,0.966
9606.ENSP00000374455,SQSTM1,MAP1LC3C,0.966
9606.ENSP00000374455,SQSTM1,ULK1,0.959
9606.ENSP00000374455,SQSTM1,PRKCI,0.959
9606.ENSP00000374455,SQSTM1,BECN1,0.958
9606.ENSP00000374455,SQSTM1,SESN2,0.953
9606.ENSP00000374455,SQSTM1,MTOR,0.953
9606.ENSP00000374455,SQSTM1,NFE2L2,0.95
9606.ENSP00000374455,SQSTM1,TARDBP,0.95
9606.ENSP00000374455,SQSTM1,RAB8A,0.95
9606.ENSP00000374455,SQSTM1,GATA4,0.949
9606.ENSP00000374455,SQSTM1,BAG3,0.946
9606.ENSP00000374455,SQSTM1,HSPA5,0.946
9606.ENSP00000374455,SQSTM1,PEX5,0.943
9606.ENSP00000374455,SQSTM1,UBB,0.943
9606.ENSP00000374455,SQSTM1,TAX1BP1,0.942
9606.ENSP00000374455,SQSTM1,MFN1,0.942
9606.ENSP00000374455,SQSTM1,MFN2,0.941
9606.ENSP00000374455,SQSTM1,RPTOR,0.939
9606.ENSP00000374455,SQSTM1,ATG7,0.938
9606.ENSP00000374455,SQSTM1,IRAK1,0.935
9606.ENSP00000374455,SQSTM1,ATM,0.933
9606.ENSP00000374455,SQSTM1,TRAF2,0.931
9606.ENSP00000374455,SQSTM1,TTN,0.93
9606.ENSP00000374455,SQSTM1,TANK,0.922
9606.ENSP00000374455,SQSTM1,TRIM21,0.921
9606.ENSP00000374455,SQSTM1,HTT,0.919
9606.ENSP00000374455,SQSTM1,UBA52,0.915
9606.ENSP00000374455,SQSTM1,ATR,0.915
9606.ENSP00000374455,SQSTM1,RB1CC1,0.914
9606.ENSP00000374455,SQSTM1,RELA,0.912
9606.ENSP00000374455,SQSTM1,SOD1,0.91
9606.ENSP00000374455,SQSTM1,SEPTIN9,0.909
9606.ENSP00000374455,SQSTM1,FNBP1L,0.909
9606.ENSP00000374455,SQSTM1,CUL3,0.906
9606.ENSP00000374455,SQSTM1,SEPTIN6,0.904
9606.ENSP00000374455,SQSTM1,LAMP2,0.903
9606.ENSP00000374455,SQSTM1,SEPTIN2,0.903
9606.ENSP00000374455,SQSTM1,SEPTIN11,0.902
9606.ENSP00000374455,SQSTM1,TP53,0.901
9606.ENSP00000374455,SQSTM1,FNBP1,0.901
9606.ENSP00000374455,SQSTM1,SEPTIN3,0.9
9606.ENSP00000374455,SQSTM1,SEPTIN8,0.9
9606.ENSP00000374455,SQSTM1,SEPTIN12,0.9
9606.ENSP00000375639,TFPT,INO80E,0.996
9606.ENSP00000375639,TFPT,UCHL5,0.986
9606.ENSP00000375639,TFPT,ACTR8,0.985
9606.ENSP00000375639,TFPT,NFRKB,0.984
9606.ENSP00000375639,TFPT,ACTR5,0.981
9606.ENSP00000375639,TFPT,INO80,0.979
9606.ENSP00000375639,TFPT,RUVBL2,0.977
9606.ENSP00000375639,TFPT,INO80C,0.976
9606.ENSP00000375639,TFPT,MCRS1,0.974
9606.ENSP00000375639,TFPT,YY1,0.972
9606.ENSP00000375639,TFPT,INO80B,0.971
9606.ENSP00000375639,TFPT,RUVBL1,0.969
9606.ENSP00000375639,TFPT,ACTL6A,0.958
9606.ENSP00000375639,TFPT,INO80D,0.957
9606.ENSP00000375639,TFPT,EP400,0.912
9606.ENSP00000375639,TFPT,BRD8,0.905
9606.ENSP00000375639,TFPT,KAT5,0.904
9606.ENSP00000375639,TFPT,ING3,0.904
9606.ENSP00000375639,TFPT,TRRAP,0.903
9606.ENSP00000375639,TFPT,ANP32E,0.902
9606.ENSP00000375899,SP140,SP140L,0.903
9606.ENSP00000375899,SP140,IGKV1-33,0.9
9606.ENSP00000375899,SP140,IGKV1D-33,0.9
9606.ENSP00000375909,SPHKAP,SPHK1,0.908
9606.ENSP00000375978,XRCC5,LIG4,0.999
9606.ENSP00000375978,XRCC5,XRCC4,0.999
9606.ENSP00000375978,XRCC5,PRKDC,0.999
9606.ENSP00000375978,XRCC5,NHEJ1,0.999
9606.ENSP00000375978,XRCC5,APLF,0.999
9606.ENSP00000375978,XRCC5,XRCC6,0.999
9606.ENSP00000375978,XRCC5,ATM,0.998
9606.ENSP00000375978,XRCC5,DCLRE1C,0.998
9606.ENSP00000375978,XRCC5,PAXX,0.997
9606.ENSP00000375978,XRCC5,PARP1,0.996
9606.ENSP00000375978,XRCC5,WRN,0.993
9606.ENSP00000375978,XRCC5,ERCC1,0.982
9606.ENSP00000375978,XRCC5,MRE11,0.979
9606.ENSP00000375978,XRCC5,ERCC4,0.976
9606.ENSP00000375978,XRCC5,H2AX,0.973
9606.ENSP00000375978,XRCC5,MSH2,0.973
9606.ENSP00000375978,XRCC5,BRCA1,0.972
9606.ENSP00000375978,XRCC5,MSH6,0.972
9606.ENSP00000375978,XRCC5,ERCC5,0.966
9606.ENSP00000375978,XRCC5,LIG3,0.964
9606.ENSP00000375978,XRCC5,POLD1,0.963
9606.ENSP00000375978,XRCC5,XPC,0.953
9606.ENSP00000375978,XRCC5,DHX9,0.948
9606.ENSP00000375978,XRCC5,TERT,0.948
9606.ENSP00000375978,XRCC5,TERF1,0.947
9606.ENSP00000375978,XRCC5,RAD23B,0.947
9606.ENSP00000375978,XRCC5,HOXB7,0.946
9606.ENSP00000375978,XRCC5,TERF2IP,0.934
9606.ENSP00000375978,XRCC5,TERF2,0.93
9606.ENSP00000375978,XRCC5,ERCC8,0.929
9606.ENSP00000375978,XRCC5,CETN2,0.927
9606.ENSP00000375978,XRCC5,EXO1,0.922
9606.ENSP00000375978,XRCC5,KDM1A,0.921
9606.ENSP00000375978,XRCC5,XRCC1,0.92
9606.ENSP00000375978,XRCC5,RAD52,0.918
9606.ENSP00000375978,XRCC5,FANCD2,0.918
9606.ENSP00000375978,XRCC5,STN1,0.914
9606.ENSP00000375978,XRCC5,ATP23,0.913
9606.ENSP00000375978,XRCC5,PHF21A,0.91
9606.ENSP00000375978,XRCC5,RCOR1,0.909
9606.ENSP00000375978,XRCC5,TP53BP1,0.909
9606.ENSP00000375978,XRCC5,H4C6,0.908
9606.ENSP00000375978,XRCC5,ZSWIM7,0.9
9606.ENSP00000375978,XRCC5,SWSAP1,0.9
9606.ENSP00000375978,XRCC5,MSH3,0.9
9606.ENSP00000376178,STX2,VAMP2,0.999
9606.ENSP00000376178,STX2,SNAP23,0.999
9606.ENSP00000376178,STX2,VAMP3,0.997
9606.ENSP00000376178,STX2,STXBP1,0.995
9606.ENSP00000376178,STX2,VAMP8,0.994
9606.ENSP00000376178,STX2,VAMP1,0.986
9606.ENSP00000376178,STX2,VAMP4,0.973
9606.ENSP00000376178,STX2,ST8SIA2,0.96
9606.ENSP00000376178,STX2,NAPA,0.95
9606.ENSP00000376178,STX2,SNAP25,0.925
9606.ENSP00000376178,STX2,STXBP2,0.919
9606.ENSP00000376178,STX2,NAPG,0.908
9606.ENSP00000376178,STX2,VAMP7,0.905
9606.ENSP00000376197,TFRC,TF,0.999
9606.ENSP00000376197,TFRC,HFE,0.999
9606.ENSP00000376197,TFRC,B2M,0.998
9606.ENSP00000376197,TFRC,FTH1,0.995
9606.ENSP00000376197,TFRC,HJV,0.994
9606.ENSP00000376197,TFRC,HSPA8,0.969
9606.ENSP00000376197,TFRC,SLC11A2,0.96
9606.ENSP00000376197,TFRC,IREB2,0.959
9606.ENSP00000376197,TFRC,SLC40A1,0.936
9606.ENSP00000376197,TFRC,HAMP,0.934
9606.ENSP00000376197,TFRC,RAB5A,0.934
9606.ENSP00000376197,TFRC,OPTN,0.921
9606.ENSP00000376197,TFRC,FTL,0.921
9606.ENSP00000376197,TFRC,SCARB2,0.917
9606.ENSP00000376197,TFRC,EEA1,0.913
9606.ENSP00000376197,TFRC,TFR2,0.909
9606.ENSP00000376276,SRSF2,SRSF3,0.999
9606.ENSP00000376276,SRSF2,U2AF1,0.999
9606.ENSP00000376276,SRSF2,TRA2B,0.998
9606.ENSP00000376276,SRSF2,SRSF1,0.997
9606.ENSP00000376276,SRSF2,U2AF2,0.996
9606.ENSP00000376276,SRSF2,SRPK1,0.994
9606.ENSP00000376276,SRSF2,SNRNP70,0.987
9606.ENSP00000376276,SRSF2,SRSF9,0.98
9606.ENSP00000376276,SRSF2,SRSF4,0.962
9606.ENSP00000376276,SRSF2,SRSF7,0.961
9606.ENSP00000376276,SRSF2,HNRNPA2B1,0.954
9606.ENSP00000376276,SRSF2,FUS,0.95
9606.ENSP00000376276,SRSF2,ZRSR2,0.943
9606.ENSP00000376276,SRSF2,SRPK2,0.936
9606.ENSP00000376276,SRSF2,HNRNPH1,0.935
9606.ENSP00000376276,SRSF2,ALYREF,0.928
9606.ENSP00000376276,SRSF2,SRSF6,0.927
9606.ENSP00000376276,SRSF2,HNRNPK,0.924
9606.ENSP00000376276,SRSF2,SRSF5,0.922
9606.ENSP00000376276,SRSF2,HNRNPDL,0.922
9606.ENSP00000376276,SRSF2,EIF4A3,0.919
9606.ENSP00000376276,SRSF2,HNRNPH2,0.918
9606.ENSP00000376276,SRSF2,SRSF11,0.912
9606.ENSP00000376276,SRSF2,SF3B1,0.909
9606.ENSP00000376276,SRSF2,DHX15,0.906
9606.ENSP00000376276,SRSF2,HNRNPC,0.9
9606.ENSP00000376500,TRAF3,BIRC2,0.999
9606.ENSP00000376500,TRAF3,MAVS,0.999
9606.ENSP00000376500,TRAF3,TRADD,0.999
9606.ENSP00000376500,TRAF3,TBK1,0.999
9606.ENSP00000376500,TRAF3,LTBR,0.999
9606.ENSP00000376500,TRAF3,TANK,0.999
9606.ENSP00000376500,TRAF3,CD40,0.999
9606.ENSP00000376500,TRAF3,BIRC3,0.999
9606.ENSP00000376500,TRAF3,IKBKE,0.999
9606.ENSP00000376500,TRAF3,TRAF5,0.998
9606.ENSP00000376500,TRAF3,TNFRSF13C,0.998
9606.ENSP00000376500,TRAF3,CHUK,0.998
9606.ENSP00000376500,TRAF3,TRAF6,0.998
9606.ENSP00000376500,TRAF3,TRAF2,0.996
9606.ENSP00000376500,TRAF3,MYD88,0.996
9606.ENSP00000376500,TRAF3,IRAK1,0.995
9606.ENSP00000376500,TRAF3,OTUD5,0.995
9606.ENSP00000376500,TRAF3,RIPK2,0.995
9606.ENSP00000376500,TRAF3,MAP3K14,0.994
9606.ENSP00000376500,TRAF3,IRAK4,0.994
9606.ENSP00000376500,TRAF3,TICAM1,0.994
9606.ENSP00000376500,TRAF3,IRF7,0.993
9606.ENSP00000376500,TRAF3,TLR3,0.992
9606.ENSP00000376500,TRAF3,TRAF3IP3,0.99
9606.ENSP00000376500,TRAF3,TLR4,0.99
9606.ENSP00000376500,TRAF3,TRAF3IP2,0.988
9606.ENSP00000376500,TRAF3,HRAS,0.986
9606.ENSP00000376500,TRAF3,DDX58,0.986
9606.ENSP00000376500,TRAF3,MAP3K7,0.978
9606.ENSP00000376500,TRAF3,TAB3,0.977
9606.ENSP00000376500,TRAF3,TNFRSF1A,0.977
9606.ENSP00000376500,TRAF3,TAB1,0.972
9606.ENSP00000376500,TRAF3,TNF,0.971
9606.ENSP00000376500,TRAF3,IRF3,0.97
9606.ENSP00000376500,TRAF3,TRAF3IP1,0.969
9606.ENSP00000376500,TRAF3,TAB2,0.965
9606.ENSP00000376500,TRAF3,IFNB1,0.962
9606.ENSP00000376500,TRAF3,MYOM2,0.961
9606.ENSP00000376500,TRAF3,TNFRSF8,0.955
9606.ENSP00000376500,TRAF3,IKBKG,0.953
9606.ENSP00000376500,TRAF3,BTK,0.939
9606.ENSP00000376500,TRAF3,TNFRSF12A,0.931
9606.ENSP00000376500,TRAF3,TNFRSF1B,0.928
9606.ENSP00000376500,TRAF3,IFIH1,0.926
9606.ENSP00000376500,TRAF3,OTUB1,0.921
9606.ENSP00000376500,TRAF3,EDA2R,0.901
9606.ENSP00000376611,TDG,SUMO1,0.998
9606.ENSP00000376611,TDG,SUMO2,0.994
9606.ENSP00000376611,TDG,GADD45A,0.987
9606.ENSP00000376611,TDG,DNMT3A,0.933
9606.ENSP00000376611,TDG,SMUG1,0.922
9606.ENSP00000376611,TDG,UBE2I,0.91
9606.ENSP00000376611,TDG,UNG,0.907
9606.ENSP00000376611,TDG,APEX1,0.905
9606.ENSP00000376611,TDG,DNMT3B,0.905
9606.ENSP00000376611,TDG,MBD4,0.902
9606.ENSP00000377001,SPOP,CUL3,0.999
9606.ENSP00000377001,SPOP,RBX1,0.996
9606.ENSP00000377001,SPOP,GLI3,0.994
9606.ENSP00000377001,SPOP,GLI2,0.991
9606.ENSP00000377001,SPOP,GLI1,0.99
9606.ENSP00000377001,SPOP,PTEN,0.99
9606.ENSP00000377001,SPOP,DAXX,0.974
9606.ENSP00000377001,SPOP,PDX1,0.972
9606.ENSP00000377001,SPOP,SPOPL,0.966
9606.ENSP00000377001,SPOP,SUFU,0.96
9606.ENSP00000377001,SPOP,MACROH2A1,0.958
9606.ENSP00000377001,SPOP,TP53BP1,0.955
9606.ENSP00000377001,SPOP,AR,0.953
9606.ENSP00000377001,SPOP,GMNN,0.946
9606.ENSP00000377001,SPOP,KLHL20,0.924
9606.ENSP00000377001,SPOP,KEAP1,0.924
9606.ENSP00000377001,SPOP,KLHL3,0.921
9606.ENSP00000377001,SPOP,KLHL22,0.921
9606.ENSP00000377001,SPOP,KLHL12,0.919
9606.ENSP00000377001,SPOP,GAN,0.915
9606.ENSP00000377001,SPOP,BRD4,0.914
9606.ENSP00000377001,SPOP,KCTD17,0.914
9606.ENSP00000377001,SPOP,KLHL8,0.914
9606.ENSP00000377001,SPOP,KLHL13,0.913
9606.ENSP00000377001,SPOP,KCTD2,0.913
9606.ENSP00000377001,SPOP,KBTBD8,0.913
9606.ENSP00000377001,SPOP,KLHL21,0.911
9606.ENSP00000377001,SPOP,KLHL9,0.909
9606.ENSP00000377001,SPOP,LZTR1,0.909
9606.ENSP00000377001,SPOP,ENC1,0.908
9606.ENSP00000377001,SPOP,KLHL42,0.908
9606.ENSP00000377001,SPOP,KBTBD6,0.908
9606.ENSP00000377001,SPOP,KLHL25,0.907
9606.ENSP00000377001,SPOP,KBTBD7,0.907
9606.ENSP00000377001,SPOP,KLHL7,0.907
9606.ENSP00000377001,SPOP,KLHL41,0.906
9606.ENSP00000377001,SPOP,TNFAIP1,0.905
9606.ENSP00000377001,SPOP,ZSWIM8,0.9
9606.ENSP00000377001,SPOP,KCTD13,0.9
9606.ENSP00000377867,STK26,STK25,0.999
9606.ENSP00000377867,STK26,STRIP1,0.999
9606.ENSP00000377867,STK26,PDCD10,0.999
9606.ENSP00000377867,STK26,MOB4,0.999
9606.ENSP00000377867,STK26,STRN3,0.998
9606.ENSP00000377867,STK26,STK24,0.998
9606.ENSP00000377867,STK26,CTTNBP2NL,0.996
9606.ENSP00000377867,STK26,CTTNBP2,0.996
9606.ENSP00000377867,STK26,TRAF3IP3,0.995
9606.ENSP00000377867,STK26,CAB39,0.992
9606.ENSP00000377867,STK26,STRN,0.98
9606.ENSP00000377867,STK26,STRIP2,0.964
9606.ENSP00000377867,STK26,HSPE1-MOB4,0.936
9606.ENSP00000377867,STK26,STRN4,0.933
9606.ENSP00000377867,STK26,SIKE1,0.93
9606.ENSP00000377867,STK26,SLMAP,0.927
9606.ENSP00000378165,ZNF207,BUB3,0.997
9606.ENSP00000378165,ZNF207,HNRNPM,0.995
9606.ENSP00000378914,ULK2,RB1CC1,0.999
9606.ENSP00000378914,ULK2,ATG101,0.999
9606.ENSP00000378914,ULK2,ATG13,0.998
9606.ENSP00000378914,ULK2,BECN1,0.997
9606.ENSP00000378914,ULK2,ULK1,0.997
9606.ENSP00000378914,ULK2,PIK3C3,0.997
9606.ENSP00000378914,ULK2,PIK3R4,0.996
9606.ENSP00000378914,ULK2,ATG2B,0.99
9606.ENSP00000378914,ULK2,ATG2A,0.989
9606.ENSP00000378914,ULK2,MTOR,0.986
9606.ENSP00000378914,ULK2,ATG14,0.985
9606.ENSP00000378914,ULK2,BECN2,0.984
9606.ENSP00000378914,ULK2,ATG5,0.966
9606.ENSP00000378914,ULK2,RPTOR,0.966
9606.ENSP00000378914,ULK2,ATG12,0.965
9606.ENSP00000378914,ULK2,ATG3,0.964
9606.ENSP00000378914,ULK2,GABARAPL1,0.943
9606.ENSP00000378914,ULK2,NRBF2,0.942
9606.ENSP00000378914,ULK2,ATG4B,0.938
9606.ENSP00000378914,ULK2,MLST8,0.937
9606.ENSP00000378914,ULK2,GABARAPL2,0.936
9606.ENSP00000378914,ULK2,DEPTOR,0.932
9606.ENSP00000378914,ULK2,ATG4A,0.932
9606.ENSP00000378914,ULK2,WIPI2,0.928
9606.ENSP00000378914,ULK2,AKT1S1,0.924
9606.ENSP00000378914,ULK2,SMCR8,0.921
9606.ENSP00000378914,ULK2,TRAF6,0.919
9606.ENSP00000378914,ULK2,WIPI1,0.917
9606.ENSP00000378914,ULK2,C9orf72,0.913
9606.ENSP00000378914,ULK2,PPP2CB,0.912
9606.ENSP00000378914,ULK2,PPP2CA,0.912
9606.ENSP00000378914,ULK2,ATG9A,0.907
9606.ENSP00000378914,ULK2,PRKACB,0.906
9606.ENSP00000378914,ULK2,PRKACA,0.906
9606.ENSP00000378914,ULK2,PRKACG,0.905
9606.ENSP00000378965,SNTB1,DMD,0.996
9606.ENSP00000378965,SNTB1,UTRN,0.979
9606.ENSP00000378965,SNTB1,SNTG2,0.949
9606.ENSP00000378965,SNTB1,DTNA,0.946
9606.ENSP00000378965,SNTB1,SGCA,0.944
9606.ENSP00000378965,SNTB1,SGCD,0.942
9606.ENSP00000378965,SNTB1,SGCG,0.927
9606.ENSP00000378965,SNTB1,SNTB2,0.923
9606.ENSP00000378965,SNTB1,DTNB,0.922
9606.ENSP00000378965,SNTB1,DAG1,0.915
9606.ENSP00000379065,TRPS1,EXT1,0.931
9606.ENSP00000379144,TNRC6A,AGO1,0.999
9606.ENSP00000379144,TNRC6A,AGO2,0.999
9606.ENSP00000379144,TNRC6A,DDX6,0.998
9606.ENSP00000379144,TNRC6A,DICER1,0.998
9606.ENSP00000379144,TNRC6A,CNOT1,0.997
9606.ENSP00000379144,TNRC6A,PABPC1,0.997
9606.ENSP00000379144,TNRC6A,TARBP2,0.993
9606.ENSP00000379144,TNRC6A,AGO4,0.99
9606.ENSP00000379144,TNRC6A,AGO3,0.987
9606.ENSP00000379144,TNRC6A,DCP2,0.979
9606.ENSP00000379144,TNRC6A,CNOT9,0.976
9606.ENSP00000379144,TNRC6A,XRN1,0.974
9606.ENSP00000379144,TNRC6A,XPO5,0.962
9606.ENSP00000379144,TNRC6A,LIMD1,0.959
9606.ENSP00000379144,TNRC6A,PIWIL1,0.955
9606.ENSP00000379144,TNRC6A,DCP1A,0.953
9606.ENSP00000379144,TNRC6A,EIF4E,0.945
9606.ENSP00000379144,TNRC6A,PIWIL4,0.932
9606.ENSP00000379144,TNRC6A,DHX9,0.923
9606.ENSP00000379721,USP8,RNF41,0.999
9606.ENSP00000379721,USP8,UBC,0.997
9606.ENSP00000379721,USP8,EGFR,0.994
9606.ENSP00000379721,USP8,STAM2,0.993
9606.ENSP00000379721,USP8,YWHAZ,0.971
9606.ENSP00000379721,USP8,UBB,0.97
9606.ENSP00000379721,USP8,OTUB1,0.97
9606.ENSP00000379721,USP8,RPS27A,0.968
9606.ENSP00000379721,USP8,UBA52,0.954
9606.ENSP00000379721,USP8,PRKN,0.945
9606.ENSP00000379721,USP8,STAM,0.933
9606.ENSP00000379721,USP8,HGS,0.914
9606.ENSP00000379721,USP8,GRAP2,0.909
9606.ENSP00000379721,USP8,BIRC6,0.903
9606.ENSP00000379847,ZNF143,SIX5,0.909
9606.ENSP00000380093,SOX10,PAX3,0.997
9606.ENSP00000380093,SOX10,EGR2,0.986
9606.ENSP00000380093,SOX10,POU3F2,0.941
9606.ENSP00000380093,SOX10,MITF,0.94
9606.ENSP00000380093,SOX10,SMARCA4,0.937
9606.ENSP00000380093,SOX10,MBP,0.933
9606.ENSP00000380093,SOX10,POU3F1,0.924
9606.ENSP00000380093,SOX10,NFATC4,0.921
9606.ENSP00000380093,SOX10,HDAC2,0.909
9606.ENSP00000380093,SOX10,PRX,0.908
9606.ENSP00000380093,SOX10,EDNRB,0.908
9606.ENSP00000380093,SOX10,MAG,0.905
9606.ENSP00000380336,SMU1,IK,0.999
9606.ENSP00000380336,SMU1,MFAP1,0.999
9606.ENSP00000380336,SMU1,ZMAT2,0.996
9606.ENSP00000380336,SMU1,PRPF38A,0.995
9606.ENSP00000380336,SMU1,SNRNP200,0.995
9606.ENSP00000380336,SMU1,SF3B3,0.994
9606.ENSP00000380336,SMU1,PRPF8,0.993
9606.ENSP00000380336,SMU1,LSM8,0.993
9606.ENSP00000380336,SMU1,SNRPD3,0.992
9606.ENSP00000380336,SMU1,WBP4,0.991
9606.ENSP00000380336,SMU1,SNRPF,0.991
9606.ENSP00000380336,SMU1,SART1,0.991
9606.ENSP00000380336,SMU1,LSM4,0.991
9606.ENSP00000380336,SMU1,EFTUD2,0.991
9606.ENSP00000380336,SMU1,PRPF6,0.99
9606.ENSP00000380336,SMU1,PRPF31,0.989
9606.ENSP00000380336,SMU1,SNRPE,0.989
9606.ENSP00000380336,SMU1,SF3B1,0.989
9606.ENSP00000380336,SMU1,SF3A2,0.988
9606.ENSP00000380336,SMU1,SNRPD2,0.988
9606.ENSP00000380336,SMU1,SNRPG,0.987
9606.ENSP00000380336,SMU1,SNRPB,0.986
9606.ENSP00000380336,SMU1,LSM3,0.985
9606.ENSP00000380336,SMU1,SF3A1,0.985
9606.ENSP00000380336,SMU1,SNRPD1,0.985
9606.ENSP00000380336,SMU1,SNRPA1,0.984
9606.ENSP00000380336,SMU1,PRPF3,0.984
9606.ENSP00000380336,SMU1,SF3A3,0.984
9606.ENSP00000380336,SMU1,PHF5A,0.983
9606.ENSP00000380336,SMU1,SNU13,0.983
9606.ENSP00000380336,SMU1,PRPF4,0.981
9606.ENSP00000380336,SMU1,SNRPB2,0.981
9606.ENSP00000380336,SMU1,LSM5,0.981
9606.ENSP00000380336,SMU1,SF3B5,0.981
9606.ENSP00000380336,SMU1,LSM7,0.98
9606.ENSP00000380336,SMU1,LSM6,0.98
9606.ENSP00000380336,SMU1,LSM2,0.98
9606.ENSP00000380336,SMU1,TXNL4A,0.98
9606.ENSP00000380336,SMU1,SF3B2,0.979
9606.ENSP00000380336,SMU1,SF3B4,0.979
9606.ENSP00000380336,SMU1,UBL5,0.969
9606.ENSP00000380336,SMU1,RBM39,0.924
9606.ENSP00000380336,SMU1,MAGOHB,0.921
9606.ENSP00000380336,SMU1,DHX16,0.914
9606.ENSP00000380336,SMU1,PRPF4B,0.912
9606.ENSP00000380336,SMU1,CWC22,0.912
9606.ENSP00000380336,SMU1,PPIH,0.907
9606.ENSP00000380336,SMU1,CWC27,0.907
9606.ENSP00000380336,SMU1,BUD13,0.904
9606.ENSP00000380336,SMU1,RBMX2,0.904
9606.ENSP00000380336,SMU1,RNF113A,0.903
9606.ENSP00000380336,SMU1,SRRM2,0.901
9606.ENSP00000380336,SMU1,SNIP1,0.901
9606.ENSP00000380379,WNT5B,FZD3,0.986
9606.ENSP00000380379,WNT5B,RYK,0.982
9606.ENSP00000380379,WNT5B,FZD4,0.97
9606.ENSP00000380379,WNT5B,FZD6,0.968
9606.ENSP00000380379,WNT5B,FZD2,0.966
9606.ENSP00000380379,WNT5B,PORCN,0.961
9606.ENSP00000380379,WNT5B,FZD8,0.961
9606.ENSP00000380379,WNT5B,WNT5A,0.96
9606.ENSP00000380379,WNT5B,FZD9,0.955
9606.ENSP00000380379,WNT5B,FZD7,0.955
9606.ENSP00000380379,WNT5B,WIF1,0.942
9606.ENSP00000380379,WNT5B,FZD5,0.941
9606.ENSP00000380379,WNT5B,NOTUM,0.928
9606.ENSP00000380379,WNT5B,GPC3,0.92
9606.ENSP00000380379,WNT5B,SFRP1,0.915
9606.ENSP00000380379,WNT5B,FZD1,0.908
9606.ENSP00000380379,WNT5B,CER1,0.907
9606.ENSP00000380379,WNT5B,LRP6,0.901
9606.ENSP00000381026,TRPM2,TRPV2,0.963
9606.ENSP00000381026,TRPM2,TRPM7,0.924
9606.ENSP00000381382,TCF4,CTNNB1,0.999
9606.ENSP00000381382,TCF4,TCF12,0.992
9606.ENSP00000381382,TCF4,ID2,0.976
9606.ENSP00000381382,TCF4,MYOD1,0.972
9606.ENSP00000381382,TCF4,ID1,0.972
9606.ENSP00000381382,TCF4,TAL1,0.947
9606.ENSP00000381382,TCF4,TLE1,0.937
9606.ENSP00000381382,TCF4,BCL9L,0.935
9606.ENSP00000381382,TCF4,ID4,0.932
9606.ENSP00000381382,TCF4,MYOG,0.932
9606.ENSP00000381382,TCF4,NEUROD1,0.931
9606.ENSP00000381382,TCF4,BCL9,0.93
9606.ENSP00000381382,TCF4,TLE3,0.93
9606.ENSP00000381382,TCF4,CREBBP,0.916
9606.ENSP00000381382,TCF4,LDB1,0.912
9606.ENSP00000381382,TCF4,TLE4,0.909
9606.ENSP00000381382,TCF4,TCF3,0.909
9606.ENSP00000381382,TCF4,ID3,0.906
9606.ENSP00000381382,TCF4,PYGO2,0.905
9606.ENSP00000381588,TMPRSS2,ACE2,0.999
9606.ENSP00000381588,TMPRSS2,AR,0.974
9606.ENSP00000381588,TMPRSS2,TMPRSS4,0.951
9606.ENSP00000381588,TMPRSS2,ETV1,0.942
9606.ENSP00000381588,TMPRSS2,ADAM17,0.936
9606.ENSP00000381588,TMPRSS2,ERG,0.933
9606.ENSP00000382218,ZSWIM7,SWSAP1,0.996
9606.ENSP00000382218,ZSWIM7,POLD1,0.924
9606.ENSP00000382218,ZSWIM7,ATM,0.912
9606.ENSP00000382218,ZSWIM7,MSH2,0.905
9606.ENSP00000382218,ZSWIM7,CETN2,0.9
9606.ENSP00000382218,ZSWIM7,ATP23,0.9
9606.ENSP00000382218,ZSWIM7,ERCC5,0.9
9606.ENSP00000382218,ZSWIM7,PHF21A,0.9
9606.ENSP00000382218,ZSWIM7,ERCC1,0.9
9606.ENSP00000382218,ZSWIM7,LIG4,0.9
9606.ENSP00000382218,ZSWIM7,XPC,0.9
9606.ENSP00000382218,ZSWIM7,RCOR1,0.9
9606.ENSP00000382218,ZSWIM7,KDM1A,0.9
9606.ENSP00000382218,ZSWIM7,XRCC4,0.9
9606.ENSP00000382218,ZSWIM7,NHEJ1,0.9
9606.ENSP00000382218,ZSWIM7,PRKDC,0.9
9606.ENSP00000382218,ZSWIM7,MSH6,0.9
9606.ENSP00000382218,ZSWIM7,DCLRE1C,0.9
9606.ENSP00000382218,ZSWIM7,PAXX,0.9
9606.ENSP00000382218,ZSWIM7,RAD23B,0.9
9606.ENSP00000382218,ZSWIM7,XRCC5,0.9
9606.ENSP00000382218,ZSWIM7,ERCC4,0.9
9606.ENSP00000382218,ZSWIM7,XRCC6,0.9
9606.ENSP00000382218,ZSWIM7,ERCC8,0.9
9606.ENSP00000383044,USP25,DDX58,0.937
9606.ENSP00000383563,ZG16,CLCA1,0.93
9606.ENSP00000383719,UBE2J2,TMEM129,0.951
9606.ENSP00000383719,UBE2J2,MARCHF6,0.912
9606.ENSP00000383719,UBE2J2,DERL1,0.901
9606.ENSP00000383911,UBAC2,FAF2,0.999
9606.ENSP00000383911,UBAC2,UFD1,0.995
9606.ENSP00000383911,UBAC2,NPLOC4,0.995
9606.ENSP00000383911,UBAC2,AMFR,0.956
9606.ENSP00000384179,ZFPM2,GATA4,0.999
9606.ENSP00000384179,ZFPM2,PIK3R1,0.961
9606.ENSP00000384179,ZFPM2,GATA6,0.94
9606.ENSP00000384179,ZFPM2,GATA1,0.926
9606.ENSP00000384675,SOS1,PTK2,0.999
9606.ENSP00000384675,SOS1,SHC1,0.999
9606.ENSP00000384675,SOS1,HRAS,0.999
9606.ENSP00000384675,SOS1,EPS8,0.999
9606.ENSP00000384675,SOS1,GRB2,0.999
9606.ENSP00000384675,SOS1,KRAS,0.999
9606.ENSP00000384675,SOS1,PTPN11,0.999
9606.ENSP00000384675,SOS1,EGFR,0.999
9606.ENSP00000384675,SOS1,ABI1,0.998
9606.ENSP00000384675,SOS1,FRS2,0.995
9606.ENSP00000384675,SOS1,NRAS,0.992
9606.ENSP00000384675,SOS1,GAB1,0.991
9606.ENSP00000384675,SOS1,GAB2,0.991
9606.ENSP00000384675,SOS1,FGFR1,0.987
9606.ENSP00000384675,SOS1,RABIF,0.98
9606.ENSP00000384675,SOS1,VAV1,0.977
9606.ENSP00000384675,SOS1,NCK1,0.974
9606.ENSP00000384675,SOS1,MRAS,0.97
9606.ENSP00000384675,SOS1,GRAP2,0.97
9606.ENSP00000384675,SOS1,SOS2,0.966
9606.ENSP00000384675,SOS1,SRC,0.962
9606.ENSP00000384675,SOS1,SHC3,0.959
9606.ENSP00000384675,SOS1,RRAS,0.959
9606.ENSP00000384675,SOS1,PLCG1,0.957
9606.ENSP00000384675,SOS1,CRK,0.952
9606.ENSP00000384675,SOS1,CRKL,0.952
9606.ENSP00000384675,SOS1,YWHAZ,0.949
9606.ENSP00000384675,SOS1,RRAS2,0.948
9606.ENSP00000384675,SOS1,GRAP,0.945
9606.ENSP00000384675,SOS1,IRS1,0.941
9606.ENSP00000384675,SOS1,RASA1,0.939
9606.ENSP00000384675,SOS1,FGFR3,0.937
9606.ENSP00000384675,SOS1,FGFR2,0.937
9606.ENSP00000384675,SOS1,PDGFRB,0.933
9606.ENSP00000384675,SOS1,LCP2,0.931
9606.ENSP00000384675,SOS1,RASGRP1,0.929
9606.ENSP00000384675,SOS1,FGFR4,0.927
9606.ENSP00000384675,SOS1,PIK3R1,0.927
9606.ENSP00000384675,SOS1,PDGFRA,0.927
9606.ENSP00000384675,SOS1,VAV2,0.926
9606.ENSP00000384675,SOS1,PIK3CA,0.926
9606.ENSP00000384675,SOS1,SHC2,0.923
9606.ENSP00000384675,SOS1,SHC4,0.921
9606.ENSP00000384675,SOS1,RASGRP3,0.919
9606.ENSP00000384675,SOS1,SFN,0.915
9606.ENSP00000384675,SOS1,SH3KBP1,0.915
9606.ENSP00000384675,SOS1,INSRR,0.91
9606.ENSP00000384675,SOS1,HCK,0.904
9606.ENSP00000384675,SOS1,BRAF,0.9
9606.ENSP00000384792,WDR62,ASPM,0.968
9606.ENSP00000384863,XPO1,SNUPN,0.999
9606.ENSP00000384863,XPO1,RAN,0.999
9606.ENSP00000384863,XPO1,NUP214,0.999
9606.ENSP00000384863,XPO1,NUP88,0.997
9606.ENSP00000384863,XPO1,NMD3,0.996
9606.ENSP00000384863,XPO1,RANBP2,0.993
9606.ENSP00000384863,XPO1,DDX3X,0.992
9606.ENSP00000384863,XPO1,PHAX,0.988
9606.ENSP00000384863,XPO1,RANGAP1,0.979
9606.ENSP00000384863,XPO1,CSE1L,0.976
9606.ENSP00000384863,XPO1,ANP32A,0.974
9606.ENSP00000384863,XPO1,CDKN1B,0.97
9606.ENSP00000384863,XPO1,RANBP1,0.969
9606.ENSP00000384863,XPO1,NUP98,0.968
9606.ENSP00000384863,XPO1,NUP42,0.966
9606.ENSP00000384863,XPO1,RANBP3,0.966
9606.ENSP00000384863,XPO1,PKIA,0.964
9606.ENSP00000384863,XPO1,TP53,0.959
9606.ENSP00000384863,XPO1,NCBP1,0.957
9606.ENSP00000384863,XPO1,XPOT,0.953
9606.ENSP00000384863,XPO1,NXF3,0.951
9606.ENSP00000384863,XPO1,LRPPRC,0.938
9606.ENSP00000384863,XPO1,CCNB1,0.931
9606.ENSP00000384863,XPO1,RCC1,0.927
9606.ENSP00000384863,XPO1,ELAVL1,0.925
9606.ENSP00000384863,XPO1,NXF1,0.924
9606.ENSP00000384863,XPO1,LTV1,0.911
9606.ENSP00000384863,XPO1,XPO4,0.904
9606.ENSP00000384863,XPO1,KPNB1,0.902
9606.ENSP00000385143,UNC5D,ADGRL3,0.987
9606.ENSP00000385143,UNC5D,NTN1,0.986
9606.ENSP00000385143,UNC5D,FLRT2,0.981
9606.ENSP00000385143,UNC5D,ADGRL2,0.974
9606.ENSP00000385143,UNC5D,ADGRL1,0.973
9606.ENSP00000385143,UNC5D,DCC,0.938
9606.ENSP00000385143,UNC5D,SRC,0.91
9606.ENSP00000385143,UNC5D,PTK2,0.905
9606.ENSP00000385143,UNC5D,PTPN11,0.9
9606.ENSP00000386239,TONSL,MMS22L,0.999
9606.ENSP00000386239,TONSL,H4C6,0.986
9606.ENSP00000386239,TONSL,MCM2,0.964
9606.ENSP00000386239,TONSL,ASF1B,0.929
9606.ENSP00000386239,TONSL,H3-3B,0.926
9606.ENSP00000386239,TONSL,H4C13,0.924
9606.ENSP00000386239,TONSL,H4C2,0.923
9606.ENSP00000386239,TONSL,H4C3,0.922
9606.ENSP00000386239,TONSL,H4C9,0.92
9606.ENSP00000386239,TONSL,H4C12,0.915
9606.ENSP00000386239,TONSL,H3-3A,0.909
9606.ENSP00000386239,TONSL,H4C5,0.903
9606.ENSP00000386239,TONSL,H4C8,0.903
9606.ENSP00000386239,TONSL,H4C11,0.903
9606.ENSP00000386239,TONSL,H4-16,0.903
9606.ENSP00000386239,TONSL,H4C14,0.903
9606.ENSP00000386239,TONSL,H4C4,0.903
9606.ENSP00000386239,TONSL,H4C15,0.903
9606.ENSP00000386239,TONSL,H4C1,0.903
9606.ENSP00000386636,SSB,TRIM21,0.997
9606.ENSP00000386636,SSB,RO60,0.968
9606.ENSP00000386636,SSB,SNRNP70,0.927
9606.ENSP00000386636,SSB,HNRNPA1,0.903
9606.ENSP00000386869,TET3,OGT,0.975
9606.ENSP00000386869,TET3,TET2,0.964
9606.ENSP00000386942,ST6GAL2,B4GALT2,0.958
9606.ENSP00000386942,ST6GAL2,B4GALT1,0.95
9606.ENSP00000386942,ST6GAL2,B4GALT3,0.925
9606.ENSP00000386942,ST6GAL2,ST6GAL1,0.913
9606.ENSP00000388940,TCF12,TAL1,0.999
9606.ENSP00000388940,TCF12,NEUROD1,0.994
9606.ENSP00000388940,TCF12,TCF4,0.992
9606.ENSP00000388940,TCF12,RUNX1T1,0.989
9606.ENSP00000388940,TCF12,MYOD1,0.989
9606.ENSP00000388940,TCF12,LMO2,0.978
9606.ENSP00000388940,TCF12,MYOG,0.976
9606.ENSP00000388940,TCF12,LDB1,0.964
9606.ENSP00000388940,TCF12,ASCL1,0.96
9606.ENSP00000388940,TCF12,CREBBP,0.937
9606.ENSP00000388940,TCF12,ID2,0.924
9606.ENSP00000388940,TCF12,EP300,0.912
9606.ENSP00000388940,TCF12,MYF6,0.912
9606.ENSP00000388940,TCF12,RUNX1,0.911
9606.ENSP00000388940,TCF12,ID1,0.904
9606.ENSP00000388940,TCF12,TWIST1,0.9
9606.ENSP00000389277,TMBIM6,DESI1,0.994
9606.ENSP00000389277,TMBIM6,BAX,0.96
9606.ENSP00000389277,TMBIM6,BCL2L1,0.954
9606.ENSP00000389277,TMBIM6,BCL2,0.924
9606.ENSP00000389277,TMBIM6,BAK1,0.918
9606.ENSP00000389383,STK11IP,STK11,0.912
9606.ENSP00000389600,TLR6,TLR4,0.999
9606.ENSP00000389600,TLR6,TLR2,0.999
9606.ENSP00000389600,TLR6,TLR1,0.999
9606.ENSP00000389600,TLR6,CD36,0.997
9606.ENSP00000389600,TLR6,TIRAP,0.997
9606.ENSP00000389600,TLR6,MYD88,0.995
9606.ENSP00000389600,TLR6,SCARB1,0.993
9606.ENSP00000389600,TLR6,SCARB2,0.993
9606.ENSP00000389600,TLR6,TLR10,0.95
9606.ENSP00000389600,TLR6,FSTL1,0.916
9606.ENSP00000389600,TLR6,HSPA9,0.907
9606.ENSP00000391088,UNC80,NALCN,0.999
9606.ENSP00000391088,UNC80,UNC79,0.999
9606.ENSP00000391088,UNC80,FAM155A,0.958
9606.ENSP00000391088,UNC80,CALM3,0.913
9606.ENSP00000391088,UNC80,CALM2,0.907
9606.ENSP00000392024,ZNF844,ZNF347,0.919
9606.ENSP00000396995,TENT4B,ZCCHC7,0.999
9606.ENSP00000396995,TENT4B,MTREX,0.998
9606.ENSP00000396995,TENT4B,ZCCHC8,0.966
9606.ENSP00000398273,SOX5,SOX6,0.98
9606.ENSP00000398273,SOX5,SOX9,0.901
9606.ENSP00000398596,TAMM41,CDS1,0.985
9606.ENSP00000398596,TAMM41,CDS2,0.983
9606.ENSP00000398596,TAMM41,CDIPT,0.964
9606.ENSP00000398698,TNF,TAB2,0.999
9606.ENSP00000398698,TNF,NFKB1,0.999
9606.ENSP00000398698,TNF,TRAF2,0.999
9606.ENSP00000398698,TNF,RIPK1,0.999
9606.ENSP00000398698,TNF,CHUK,0.999
9606.ENSP00000398698,TNF,TRADD,0.999
9606.ENSP00000398698,TNF,IKBKB,0.999
9606.ENSP00000398698,TNF,BIRC2,0.999
9606.ENSP00000398698,TNF,CASP8,0.999
9606.ENSP00000398698,TNF,MAP3K7,0.999
9606.ENSP00000398698,TNF,TNFRSF1A,0.999
9606.ENSP00000398698,TNF,IKBKG,0.999
9606.ENSP00000398698,TNF,TNFRSF1B,0.999
9606.ENSP00000398698,TNF,TNFAIP3,0.999
9606.ENSP00000398698,TNF,MLKL,0.998
9606.ENSP00000398698,TNF,IL1B,0.998
9606.ENSP00000398698,TNF,TRAF6,0.998
9606.ENSP00000398698,TNF,RIPK3,0.998
9606.ENSP00000398698,TNF,TAB1,0.998
9606.ENSP00000398698,TNF,RNF31,0.998
9606.ENSP00000398698,TNF,IKBKE,0.998
9606.ENSP00000398698,TNF,TBK1,0.998
9606.ENSP00000398698,TNF,UBC,0.998
9606.ENSP00000398698,TNF,SHARPIN,0.998
9606.ENSP00000398698,TNF,TNFRSF10B,0.997
9606.ENSP00000398698,TNF,TNIP1,0.997
9606.ENSP00000398698,TNF,RELA,0.997
9606.ENSP00000398698,TNF,TNFRSF10A,0.997
9606.ENSP00000398698,TNF,FAS,0.997
9606.ENSP00000398698,TNF,RBCK1,0.997
9606.ENSP00000398698,TNF,TBKBP1,0.996
9606.ENSP00000398698,TNF,IL1R1,0.996
9606.ENSP00000398698,TNF,TANK,0.996
9606.ENSP00000398698,TNF,IL1A,0.994
9606.ENSP00000398698,TNF,IL6,0.994
9606.ENSP00000398698,TNF,AZI2,0.994
9606.ENSP00000398698,TNF,IL10,0.992
9606.ENSP00000398698,TNF,CD40,0.992
9606.ENSP00000398698,TNF,IFNG,0.991
9606.ENSP00000398698,TNF,FADD,0.99
9606.ENSP00000398698,TNF,JUN,0.989
9606.ENSP00000398698,TNF,CCL3,0.988
9606.ENSP00000398698,TNF,TNFRSF25,0.987
9606.ENSP00000398698,TNF,CYLD,0.985
9606.ENSP00000398698,TNF,LTA,0.984
9606.ENSP00000398698,TNF,FASLG,0.984
9606.ENSP00000398698,TNF,CXCL8,0.983
9606.ENSP00000398698,TNF,IL6R,0.982
9606.ENSP00000398698,TNF,CCL2,0.978
9606.ENSP00000398698,TNF,IL4,0.977
9606.ENSP00000398698,TNF,TRAF3,0.971
9606.ENSP00000398698,TNF,FN1,0.97
9606.ENSP00000398698,TNF,CSF2,0.97
9606.ENSP00000398698,TNF,TLR4,0.969
9606.ENSP00000398698,TNF,CD4,0.968
9606.ENSP00000398698,TNF,CCL4,0.967
9606.ENSP00000398698,TNF,NFKBIA,0.967
9606.ENSP00000398698,TNF,CXCL10,0.966
9606.ENSP00000398698,TNF,BIRC3,0.964
9606.ENSP00000398698,TNF,IL18,0.961
9606.ENSP00000398698,TNF,CCL5,0.96
9606.ENSP00000398698,TNF,LTBR,0.96
9606.ENSP00000398698,TNF,IL17A,0.958
9606.ENSP00000398698,TNF,CD8A,0.958
9606.ENSP00000398698,TNF,IL2,0.957
9606.ENSP00000398698,TNF,IL13,0.957
9606.ENSP00000398698,TNF,CXCL1,0.955
9606.ENSP00000398698,TNF,TLR2,0.951
9606.ENSP00000398698,TNF,ADAM17,0.95
9606.ENSP00000398698,TNF,CSF3,0.949
9606.ENSP00000398698,TNF,TRAF1,0.948
9606.ENSP00000398698,TNF,TNFSF10,0.946
9606.ENSP00000398698,TNF,ICAM1,0.944
9606.ENSP00000398698,TNF,CD40LG,0.942
9606.ENSP00000398698,TNF,SPATA2,0.941
9606.ENSP00000398698,TNF,TGFB1,0.941
9606.ENSP00000398698,TNF,BGN,0.94
9606.ENSP00000398698,TNF,CASP3,0.939
9606.ENSP00000398698,TNF,STAT3,0.939
9606.ENSP00000398698,TNF,MYD88,0.939
9606.ENSP00000398698,TNF,CRP,0.938
9606.ENSP00000398698,TNF,CCL20,0.931
9606.ENSP00000398698,TNF,IL5,0.93
9606.ENSP00000398698,TNF,MMP9,0.93
9606.ENSP00000398698,TNF,CXCL2,0.928
9606.ENSP00000398698,TNF,IFNA1,0.928
9606.ENSP00000398698,TNF,INS,0.926
9606.ENSP00000398698,TNF,CEBPA,0.926
9606.ENSP00000398698,TNF,TNFSF12,0.925
9606.ENSP00000398698,TNF,CD83,0.923
9606.ENSP00000398698,TNF,VCAM1,0.923
9606.ENSP00000398698,TNF,CD86,0.922
9606.ENSP00000398698,TNF,MAPK3,0.922
9606.ENSP00000398698,TNF,PSME1,0.92
9606.ENSP00000398698,TNF,IFNB1,0.919
9606.ENSP00000398698,TNF,PSME2,0.919
9606.ENSP00000398698,TNF,TAB3,0.917
9606.ENSP00000398698,TNF,PSME3,0.916
9606.ENSP00000398698,TNF,PTGS2,0.916
9606.ENSP00000398698,TNF,TNFRSF14,0.915
9606.ENSP00000398698,TNF,ZFP36,0.912
9606.ENSP00000398698,TNF,FOXP3,0.909
9606.ENSP00000398698,TNF,ITGAM,0.909
9606.ENSP00000398698,TNF,CLEC3B,0.908
9606.ENSP00000398698,TNF,CD80,0.908
9606.ENSP00000398698,TNF,AKT1,0.907
9606.ENSP00000398698,TNF,OPTN,0.906
9606.ENSP00000398698,TNF,CASP1,0.904
9606.ENSP00000398698,TNF,SRC,0.904
9606.ENSP00000398698,TNF,XIAP,0.902
9606.ENSP00000398698,TNF,IGHV3-43D,0.901
9606.ENSP00000398698,TNF,ERN1,0.901
9606.ENSP00000398698,TNF,DCN,0.9
9606.ENSP00000401371,TIA1,G3BP1,0.998
9606.ENSP00000401371,TIA1,TIAL1,0.983
9606.ENSP00000401371,TIA1,SNRPC,0.976
9606.ENSP00000401371,TIA1,ELAVL1,0.975
9606.ENSP00000401371,TIA1,EIF4G1,0.966
9606.ENSP00000401371,TIA1,EIF4E,0.938
9606.ENSP00000401371,TIA1,PABPC1,0.934
9606.ENSP00000401371,TIA1,TARDBP,0.927
9606.ENSP00000401371,TIA1,PCBP2,0.904
9606.ENSP00000401435,VPS53,VPS50,0.999
9606.ENSP00000401435,VPS53,VPS51,0.999
9606.ENSP00000401435,VPS53,VPS52,0.999
9606.ENSP00000401435,VPS53,VPS54,0.999
9606.ENSP00000401435,VPS53,STX16,0.953
9606.ENSP00000401435,VPS53,RAB6A,0.942
9606.ENSP00000401435,VPS53,STX6,0.94
9606.ENSP00000401435,VPS53,VAMP4,0.929
9606.ENSP00000401435,VPS53,EIPR1,0.923
9606.ENSP00000401435,VPS53,COG4,0.914
9606.ENSP00000401946,TNRC6B,AGO2,0.998
9606.ENSP00000401946,TNRC6B,AGO1,0.994
9606.ENSP00000401946,TNRC6B,MOV10,0.988
9606.ENSP00000401946,TNRC6B,AGO3,0.968
9606.ENSP00000401946,TNRC6B,AGO4,0.935
9606.ENSP00000401946,TNRC6B,DICER1,0.913
9606.ENSP00000403310,SNRNP35,SNRNP48,0.992
9606.ENSP00000403310,SNRNP35,PDCD7,0.988
9606.ENSP00000403310,SNRNP35,SNRPF,0.988
9606.ENSP00000403310,SNRNP35,SNRPE,0.986
9606.ENSP00000403310,SNRNP35,SNRPG,0.984
9606.ENSP00000403310,SNRNP35,RNPC3,0.984
9606.ENSP00000403310,SNRNP35,ZMAT5,0.982
9606.ENSP00000403310,SNRNP35,SNRNP25,0.979
9606.ENSP00000403310,SNRNP35,SNRPD2,0.978
9606.ENSP00000403310,SNRNP35,SNRPD3,0.978
9606.ENSP00000403310,SNRNP35,SNRPD1,0.967
9606.ENSP00000403310,SNRNP35,ZRSR2,0.965
9606.ENSP00000403310,SNRNP35,ZCRB1,0.958
9606.ENSP00000403310,SNRNP35,SNRPN,0.955
9606.ENSP00000403310,SNRNP35,PHF5A,0.95
9606.ENSP00000403310,SNRNP35,SF3B2,0.945
9606.ENSP00000403310,SNRNP35,SNRPC,0.913
9606.ENSP00000403310,SNRNP35,SF3B1,0.909
9606.ENSP00000403310,SNRNP35,RBM25,0.9
9606.ENSP00000404131,TGFA,EGFR,0.999
9606.ENSP00000404131,TGFA,ERBB3,0.998
9606.ENSP00000404131,TGFA,ERBB2,0.998
9606.ENSP00000404131,TGFA,EGF,0.998
9606.ENSP00000404131,TGFA,ERBB4,0.989
9606.ENSP00000404131,TGFA,IGF1,0.98
9606.ENSP00000404131,TGFA,AREG,0.96
9606.ENSP00000404131,TGFA,INS,0.956
9606.ENSP00000404131,TGFA,PDGFB,0.947
9606.ENSP00000404131,TGFA,PDGFA,0.945
9606.ENSP00000404131,TGFA,PDGFC,0.934
9606.ENSP00000404131,TGFA,ADAM17,0.923
9606.ENSP00000404131,TGFA,IDE,0.923
9606.ENSP00000404131,TGFA,EREG,0.92
9606.ENSP00000404131,TGFA,PDGFD,0.919
9606.ENSP00000404131,TGFA,HBEGF,0.917
9606.ENSP00000405574,TBL1XR1,HDAC3,0.999
9606.ENSP00000405574,TBL1XR1,TBL1Y,0.999
9606.ENSP00000405574,TBL1XR1,TBL1X,0.999
9606.ENSP00000405574,TBL1XR1,GPS2,0.999
9606.ENSP00000405574,TBL1XR1,NCOR1,0.999
9606.ENSP00000405574,TBL1XR1,CTNNB1,0.997
9606.ENSP00000405574,TBL1XR1,NCOR2,0.989
9606.ENSP00000405574,TBL1XR1,MECP2,0.971
9606.ENSP00000405574,TBL1XR1,SKP1,0.962
9606.ENSP00000405574,TBL1XR1,APC,0.903
9606.ENSP00000405574,TBL1XR1,APC2,0.901
9606.ENSP00000406022,UNC5C,NTN1,0.999
9606.ENSP00000406022,UNC5C,ADGRL3,0.974
9606.ENSP00000406022,UNC5C,ADGRL1,0.974
9606.ENSP00000406022,UNC5C,ADGRL2,0.971
9606.ENSP00000406022,UNC5C,DCC,0.92
9606.ENSP00000406022,UNC5C,SRC,0.916
9606.ENSP00000406022,UNC5C,PTK2,0.909
9606.ENSP00000406022,UNC5C,PTPN11,0.901
9606.ENSP00000406052,TDRD5,PIWIL1,0.9
9606.ENSP00000406286,ZBTB7B,CDCP1,0.9
9606.ENSP00000406482,THSD7A,PLA2R1,0.912
9606.ENSP00000406549,TAF1,TAF2,0.999
9606.ENSP00000406549,TAF1,TAF3,0.999
9606.ENSP00000406549,TAF1,TAF7,0.999
9606.ENSP00000406549,TAF1,TAF6,0.999
9606.ENSP00000406549,TAF1,TAF9,0.999
9606.ENSP00000406549,TAF1,TAF8,0.999
9606.ENSP00000406549,TAF1,GTF2B,0.999
9606.ENSP00000406549,TAF1,TAF9B,0.999
9606.ENSP00000406549,TAF1,TAF11,0.999
9606.ENSP00000406549,TAF1,TAF4B,0.999
9606.ENSP00000406549,TAF1,TAF13,0.999
9606.ENSP00000406549,TAF1,TAF10,0.999
9606.ENSP00000406549,TAF1,TAF12,0.999
9606.ENSP00000406549,TAF1,TAF5,0.999
9606.ENSP00000406549,TAF1,TBP,0.999
9606.ENSP00000406549,TAF1,TAF4,0.999
9606.ENSP00000406549,TAF1,H4C6,0.998
9606.ENSP00000406549,TAF1,GTF2F1,0.998
9606.ENSP00000406549,TAF1,POLR2A,0.993
9606.ENSP00000406549,TAF1,GTF2E1,0.991
9606.ENSP00000406549,TAF1,GTF2E2,0.99
9606.ENSP00000406549,TAF1,GTF2A1,0.988
9606.ENSP00000406549,TAF1,TAF7L,0.987
9606.ENSP00000406549,TAF1,GTF2A2,0.986
9606.ENSP00000406549,TAF1,ERCC3,0.982
9606.ENSP00000406549,TAF1,ERCC2,0.981
9606.ENSP00000406549,TAF1,GTF2H4,0.98
9606.ENSP00000406549,TAF1,GTF2H5,0.98
9606.ENSP00000406549,TAF1,GTF2H3,0.98
9606.ENSP00000406549,TAF1,GTF2H2,0.979
9606.ENSP00000406549,TAF1,ASF1A,0.974
9606.ENSP00000406549,TAF1,H4C7,0.967
9606.ENSP00000406549,TAF1,CHD8,0.964
9606.ENSP00000406549,TAF1,TP53,0.963
9606.ENSP00000406549,TAF1,POLR2E,0.953
9606.ENSP00000406549,TAF1,GTF2F2,0.951
9606.ENSP00000406549,TAF1,POLR2B,0.949
9606.ENSP00000406549,TAF1,E2F6,0.947
9606.ENSP00000406549,TAF1,POLR2G,0.946
9606.ENSP00000406549,TAF1,KMT2A,0.946
9606.ENSP00000406549,TAF1,WDR5,0.942
9606.ENSP00000406549,TAF1,TAF1L,0.939
9606.ENSP00000406549,TAF1,KAT8,0.939
9606.ENSP00000406549,TAF1,LAS1L,0.928
9606.ENSP00000406549,TAF1,MGA,0.928
9606.ENSP00000406549,TAF1,RBBP5,0.928
9606.ENSP00000406549,TAF1,CDK7,0.925
9606.ENSP00000406549,TAF1,RUVBL2,0.921
9606.ENSP00000406549,TAF1,POLR2C,0.918
9606.ENSP00000406549,TAF1,RUVBL1,0.918
9606.ENSP00000406549,TAF1,PHF20,0.917
9606.ENSP00000406549,TAF1,TCEA1,0.916
9606.ENSP00000406549,TAF1,SENP3,0.915
9606.ENSP00000406549,TAF1,MAX,0.913
9606.ENSP00000406549,TAF1,GTF2H1,0.912
9606.ENSP00000406549,TAF1,RNF2,0.911
9606.ENSP00000406549,TAF1,POLR2H,0.909
9606.ENSP00000406549,TAF1,PELP1,0.909
9606.ENSP00000406549,TAF1,HCFC1,0.908
9606.ENSP00000406549,TAF1,MNAT1,0.908
9606.ENSP00000406549,TAF1,POLR2I,0.907
9606.ENSP00000406549,TAF1,POLR2D,0.906
9606.ENSP00000406549,TAF1,KANSL1,0.906
9606.ENSP00000406549,TAF1,POLR2J,0.905
9606.ENSP00000406549,TAF1,PRPF31,0.904
9606.ENSP00000406549,TAF1,TEX10,0.902
9606.ENSP00000406549,TAF1,H3C13,0.901
9606.ENSP00000406549,TAF1,INO80C,0.9
9606.ENSP00000406549,TAF1,MCRS1,0.9
9606.ENSP00000406549,TAF1,POLR2F,0.9
9606.ENSP00000406549,TAF1,C17orf49,0.9
9606.ENSP00000407182,TNPO2,NXF1,0.924
9606.ENSP00000414147,SPART,HLA-C,0.97
9606.ENSP00000414147,SPART,IST1,0.957
9606.ENSP00000414147,SPART,SORBS1,0.956
9606.ENSP00000414147,SPART,EPS15,0.955
9606.ENSP00000414147,SPART,WWP1,0.953
9606.ENSP00000414516,SS18,SMARCE1,0.999
9606.ENSP00000414516,SS18,BCL7C,0.999
9606.ENSP00000414516,SS18,SMARCA4,0.996
9606.ENSP00000414516,SS18,SMARCA2,0.996
9606.ENSP00000414516,SS18,SMARCB1,0.995
9606.ENSP00000414516,SS18,ARID1A,0.993
9606.ENSP00000414516,SS18,SMARCD2,0.991
9606.ENSP00000414516,SS18,SMARCC1,0.991
9606.ENSP00000414516,SS18,SMARCD1,0.991
9606.ENSP00000414516,SS18,ACTL6A,0.991
9606.ENSP00000414516,SS18,SMARCC2,0.991
9606.ENSP00000414516,SS18,BRD9,0.989
9606.ENSP00000414516,SS18,ARID1B,0.989
9606.ENSP00000414516,SS18,BICRA,0.988
9606.ENSP00000414516,SS18,BCL7B,0.987
9606.ENSP00000414516,SS18,BCL7A,0.987
9606.ENSP00000414516,SS18,SSX2,0.986
9606.ENSP00000414516,SS18,SMARCD3,0.985
9606.ENSP00000414516,SS18,SSX1,0.969
9606.ENSP00000414516,SS18,DPF2,0.966
9606.ENSP00000414516,SS18,ARID2,0.961
9606.ENSP00000414516,SS18,ACTL6B,0.953
9606.ENSP00000414516,SS18,PHF10,0.952
9606.ENSP00000414516,SS18,DPF3,0.941
9606.ENSP00000414516,SS18,SSX4B,0.932
9606.ENSP00000414516,SS18,BICRAL,0.931
9606.ENSP00000414516,SS18,SSX4,0.93
9606.ENSP00000414516,SS18,SSX2B,0.918
9606.ENSP00000414516,SS18,BCL11A,0.908
9606.ENSP00000414516,SS18,BCL11B,0.904
9606.ENSP00000415416,TRIB3,AKT1,0.998
9606.ENSP00000415416,TRIB3,ATF4,0.983
9606.ENSP00000415416,TRIB3,CHAC1,0.966
9606.ENSP00000415416,TRIB3,AKT2,0.965
9606.ENSP00000415416,TRIB3,RIBC2,0.937
9606.ENSP00000415416,TRIB3,DDIT3,0.931
9606.ENSP00000415416,TRIB3,PPARA,0.929
9606.ENSP00000415416,TRIB3,AKT3,0.91
9606.ENSP00000415416,TRIB3,COP1,0.903
9606.ENSP00000415416,TRIB3,ASNS,0.902
9606.ENSP00000416037,TMPRSS4,TMPRSS2,0.951
9606.ENSP00000417569,STIM2,ORAI2,0.999
9606.ENSP00000417569,STIM2,ORAI3,0.999
9606.ENSP00000417569,STIM2,ORAI1,0.999
9606.ENSP00000417569,STIM2,STIM1,0.987
9606.ENSP00000417569,STIM2,TRPC1,0.936
9606.ENSP00000418379,TAF1L,TBP,0.985
9606.ENSP00000418379,TAF1L,TAF6,0.978
9606.ENSP00000418379,TAF1L,TAF9B,0.969
9606.ENSP00000418379,TAF1L,TAF5,0.968
9606.ENSP00000418379,TAF1L,TAF9,0.966
9606.ENSP00000418379,TAF1L,TAF4,0.961
9606.ENSP00000418379,TAF1L,TAF12,0.955
9606.ENSP00000418379,TAF1L,TAF2,0.953
9606.ENSP00000418379,TAF1L,TAF10,0.948
9606.ENSP00000418379,TAF1L,TAF13,0.944
9606.ENSP00000418379,TAF1L,TAF8,0.942
9606.ENSP00000418379,TAF1L,TAF1,0.939
9606.ENSP00000418379,TAF1L,TAF7,0.927
9606.ENSP00000418379,TAF1L,TAF7L,0.924
9606.ENSP00000418379,TAF1L,TAF4B,0.907
9606.ENSP00000418563,U2SURP,CHERP,0.995
9606.ENSP00000418563,U2SURP,RBM17,0.995
9606.ENSP00000418563,U2SURP,SF3A2,0.963
9606.ENSP00000418563,U2SURP,DHX15,0.95
9606.ENSP00000418563,U2SURP,SNRPA1,0.934
9606.ENSP00000418563,U2SURP,PRPF40A,0.927
9606.ENSP00000418563,U2SURP,DDX46,0.918
9606.ENSP00000418563,U2SURP,SF3B1,0.908
9606.ENSP00000419085,TIGIT,NECTIN2,0.999
9606.ENSP00000419085,TIGIT,PVR,0.999
9606.ENSP00000419085,TIGIT,NECTIN3,0.999
9606.ENSP00000419085,TIGIT,CD226,0.986
9606.ENSP00000419085,TIGIT,NECTIN1,0.978
9606.ENSP00000419085,TIGIT,LGALS9,0.975
9606.ENSP00000419085,TIGIT,CD274,0.973
9606.ENSP00000419085,TIGIT,CD96,0.973
9606.ENSP00000419085,TIGIT,LAG3,0.955
9606.ENSP00000419085,TIGIT,LGALS9C,0.951
9606.ENSP00000419085,TIGIT,LGALS9B,0.95
9606.ENSP00000419085,TIGIT,CTLA4,0.922
9606.ENSP00000419085,TIGIT,CD80,0.906
9606.ENSP00000419184,SMYD3,MAP3K2,0.982
9606.ENSP00000419184,SMYD3,HELZ,0.962
9606.ENSP00000419184,SMYD3,HSP90AA1,0.936
9606.ENSP00000419465,WWTR1,TEAD1,0.999
9606.ENSP00000419465,WWTR1,TEAD4,0.998
9606.ENSP00000419465,WWTR1,LATS1,0.997
9606.ENSP00000419465,WWTR1,AMOT,0.995
9606.ENSP00000419465,WWTR1,TEAD2,0.995
9606.ENSP00000419465,WWTR1,TEAD3,0.994
9606.ENSP00000419465,WWTR1,LATS2,0.989
9606.ENSP00000419465,WWTR1,BTRC,0.989
9606.ENSP00000419465,WWTR1,YWHAE,0.985
9606.ENSP00000419465,WWTR1,TJP1,0.971
9606.ENSP00000419465,WWTR1,TBX5,0.969
9606.ENSP00000419465,WWTR1,PPP1CA,0.957
9606.ENSP00000419465,WWTR1,YAP1,0.956
9606.ENSP00000419465,WWTR1,YWHAQ,0.95
9606.ENSP00000419465,WWTR1,YWHAZ,0.948
9606.ENSP00000419465,WWTR1,DVL2,0.942
9606.ENSP00000419465,WWTR1,RUNX2,0.934
9606.ENSP00000419465,WWTR1,YWHAG,0.934
9606.ENSP00000419465,WWTR1,SMAD2,0.933
9606.ENSP00000419465,WWTR1,TP53BP2,0.931
9606.ENSP00000419465,WWTR1,FBXW11,0.928
9606.ENSP00000419465,WWTR1,YWHAH,0.926
9606.ENSP00000419465,WWTR1,SFN,0.924
9606.ENSP00000419465,WWTR1,TJP2,0.922
9606.ENSP00000419465,WWTR1,YWHAB,0.92
9606.ENSP00000419465,WWTR1,CSNK1D,0.91
9606.ENSP00000419465,WWTR1,PPP1CB,0.908
9606.ENSP00000419465,WWTR1,PPP2R2A,0.904
9606.ENSP00000419465,WWTR1,CSNK1E,0.904
9606.ENSP00000419465,WWTR1,PPP2R2C,0.903
9606.ENSP00000419465,WWTR1,PPP2CB,0.903
9606.ENSP00000419465,WWTR1,PPP2CA,0.903
9606.ENSP00000419465,WWTR1,PPP2R2D,0.903
9606.ENSP00000419465,WWTR1,PPP2R2B,0.901
9606.ENSP00000419465,WWTR1,PPP2R1A,0.901
9606.ENSP00000419465,WWTR1,PPP1CC,0.901
9606.ENSP00000419465,WWTR1,PPP2R1B,0.901
9606.ENSP00000419665,SSBP1,TWNK,0.996
9606.ENSP00000419665,SSBP1,MRPS6,0.961
9606.ENSP00000419665,SSBP1,TFAM,0.958
9606.ENSP00000419665,SSBP1,POLG,0.958
9606.ENSP00000419665,SSBP1,RNASEH1,0.922
9606.ENSP00000419665,SSBP1,INTS3,0.916
9606.ENSP00000419665,SSBP1,MRPL21,0.904
9606.ENSP00000420306,THOC5,THOC3,0.999
9606.ENSP00000420306,THOC5,THOC2,0.999
9606.ENSP00000420306,THOC5,THOC7,0.999
9606.ENSP00000420306,THOC5,THOC1,0.999
9606.ENSP00000420306,THOC5,DDX39B,0.999
9606.ENSP00000420306,THOC5,THOC6,0.999
9606.ENSP00000420306,THOC5,ALYREF,0.998
9606.ENSP00000420306,THOC5,CHTOP,0.992
9606.ENSP00000420306,THOC5,NXF1,0.992
9606.ENSP00000420306,THOC5,SARNP,0.986
9606.ENSP00000420306,THOC5,NXF3,0.948
9606.ENSP00000420306,THOC5,CPSF2,0.939
9606.ENSP00000420306,THOC5,FYTTD1,0.933
9606.ENSP00000420306,THOC5,NXF2B,0.93
9606.ENSP00000420306,THOC5,NXF5,0.92
9606.ENSP00000420306,THOC5,NCBP1,0.906
9606.ENSP00000422185,SORCS2,NGFR,0.939
9606.ENSP00000422185,SORCS2,NGF,0.927
9606.ENSP00000423333,USP51,ENY2,0.991
9606.ENSP00000423333,USP51,ATXN7L3,0.959
9606.ENSP00000424191,SMUG1,UNG,0.963
9606.ENSP00000424191,SMUG1,TDG,0.922
9606.ENSP00000424544,TUSC3,DDOST,0.998
9606.ENSP00000424544,TUSC3,DAD1,0.998
9606.ENSP00000424544,TUSC3,RPN2,0.998
9606.ENSP00000424544,TUSC3,STT3B,0.997
9606.ENSP00000424544,TUSC3,RPN1,0.996
9606.ENSP00000424544,TUSC3,STT3A,0.994
9606.ENSP00000424544,TUSC3,OST4,0.965
9606.ENSP00000424544,TUSC3,TMEM258,0.963
9606.ENSP00000424544,TUSC3,MOGS,0.963
9606.ENSP00000424544,TUSC3,PDGFRL,0.962
9606.ENSP00000424544,TUSC3,ALG10B,0.948
9606.ENSP00000424544,TUSC3,KRTCAP2,0.923
9606.ENSP00000424544,TUSC3,CRBN,0.918
9606.ENSP00000424544,TUSC3,OSTC,0.915
9606.ENSP00000424544,TUSC3,DOLPP1,0.908
9606.ENSP00000424544,TUSC3,ALG10,0.907
9606.ENSP00000424544,TUSC3,IL1RAPL1,0.9
9606.ENSP00000425133,SMG7,SMG1,0.999
9606.ENSP00000425133,SMG7,UPF1,0.999
9606.ENSP00000425133,SMG7,SMG5,0.999
9606.ENSP00000425133,SMG7,RBM8A,0.996
9606.ENSP00000425133,SMG7,SMG6,0.992
9606.ENSP00000425133,SMG7,UPF3A,0.985
9606.ENSP00000425133,SMG7,UPF2,0.971
9606.ENSP00000425133,SMG7,SMG9,0.948
9606.ENSP00000425133,SMG7,PABPC1,0.945
9606.ENSP00000425133,SMG7,UPF3B,0.922
9606.ENSP00000425133,SMG7,SMG8,0.916
9606.ENSP00000427695,TOB1,CNOT7,0.999
9606.ENSP00000427695,TOB1,CNOT8,0.987
9606.ENSP00000427695,TOB1,CNOT1,0.984
9606.ENSP00000427695,TOB1,CNOT6L,0.983
9606.ENSP00000427695,TOB1,CNOT10,0.98
9606.ENSP00000427695,TOB1,CNOT3,0.98
9606.ENSP00000427695,TOB1,CNOT9,0.979
9606.ENSP00000427695,TOB1,CNOT11,0.979
9606.ENSP00000427695,TOB1,CNOT2,0.978
9606.ENSP00000427695,TOB1,TNKS1BP1,0.977
9606.ENSP00000427695,TOB1,CNOT6,0.977
9606.ENSP00000427695,TOB1,CPEB3,0.967
9606.ENSP00000427695,TOB1,PABPC1,0.906
9606.ENSP00000427793,WWP1,UBE2L3,0.986
9606.ENSP00000427793,WWP1,UBC,0.986
9606.ENSP00000427793,WWP1,HIVEP3,0.982
9606.ENSP00000427793,WWP1,UBA52,0.974
9606.ENSP00000427793,WWP1,SMAD7,0.974
9606.ENSP00000427793,WWP1,UBB,0.973
9606.ENSP00000427793,WWP1,SPART,0.953
9606.ENSP00000427793,WWP1,ITCH,0.937
9606.ENSP00000427793,WWP1,ERBB4,0.929
9606.ENSP00000427793,WWP1,UBE2L5,0.924
9606.ENSP00000427793,WWP1,KLF5,0.914
9606.ENSP00000427793,WWP1,SMAD3,0.901
9606.ENSP00000427874,TENM2,ADGRL3,0.999
9606.ENSP00000427874,TENM2,ADGRL1,0.999
9606.ENSP00000427874,TENM2,ADGRL2,0.998
9606.ENSP00000428426,TCEA1,POLR2A,0.999
9606.ENSP00000428426,TCEA1,GTF2B,0.998
9606.ENSP00000428426,TCEA1,POLR2B,0.998
9606.ENSP00000428426,TCEA1,POLR2I,0.997
9606.ENSP00000428426,TCEA1,POLR2E,0.996
9606.ENSP00000428426,TCEA1,TBP,0.995
9606.ENSP00000428426,TCEA1,SUPT6H,0.995
9606.ENSP00000428426,TCEA1,SUPT5H,0.995
9606.ENSP00000428426,TCEA1,POLR2F,0.994
9606.ENSP00000428426,TCEA1,SUPT4H1,0.993
9606.ENSP00000428426,TCEA1,POLR2D,0.992
9606.ENSP00000428426,TCEA1,POLR2C,0.992
9606.ENSP00000428426,TCEA1,GTF2F1,0.99
9606.ENSP00000428426,TCEA1,POLR2K,0.99
9606.ENSP00000428426,TCEA1,POLR2G,0.989
9606.ENSP00000428426,TCEA1,GTF2E1,0.989
9606.ENSP00000428426,TCEA1,ERCC2,0.988
9606.ENSP00000428426,TCEA1,POLR2L,0.986
9606.ENSP00000428426,TCEA1,POLR2H,0.986
9606.ENSP00000428426,TCEA1,ERCC3,0.982
9606.ENSP00000428426,TCEA1,HMGN1,0.975
9606.ENSP00000428426,TCEA1,POLR2J,0.973
9606.ENSP00000428426,TCEA1,LEO1,0.972
9606.ENSP00000428426,TCEA1,GTF2A2,0.969
9606.ENSP00000428426,TCEA1,GTF2H4,0.969
9606.ENSP00000428426,TCEA1,GTF2H5,0.964
9606.ENSP00000428426,TCEA1,IWS1,0.963
9606.ENSP00000428426,TCEA1,GTF2E2,0.961
9606.ENSP00000428426,TCEA1,GTF2H3,0.961
9606.ENSP00000428426,TCEA1,CDC73,0.96
9606.ENSP00000428426,TCEA1,RTF1,0.957
9606.ENSP00000428426,TCEA1,GTF2A1,0.956
9606.ENSP00000428426,TCEA1,CTR9,0.955
9606.ENSP00000428426,TCEA1,GTF2H2,0.951
9606.ENSP00000428426,TCEA1,PAF1,0.938
9606.ENSP00000428426,TCEA1,ERCC6,0.933
9606.ENSP00000428426,TCEA1,TAF10,0.923
9606.ENSP00000428426,TCEA1,TAF2,0.923
9606.ENSP00000428426,TCEA1,TAF13,0.919
9606.ENSP00000428426,TCEA1,TAF7,0.919
9606.ENSP00000428426,TCEA1,CTDP1,0.918
9606.ENSP00000428426,TCEA1,TAF9,0.917
9606.ENSP00000428426,TCEA1,TAF1,0.916
9606.ENSP00000428426,TCEA1,TAF5,0.916
9606.ENSP00000428426,TCEA1,TAF6,0.916
9606.ENSP00000428426,TCEA1,TAF11,0.911
9606.ENSP00000428426,TCEA1,TAF8,0.911
9606.ENSP00000428426,TCEA1,TAF3,0.911
9606.ENSP00000428426,TCEA1,EP300,0.911
9606.ENSP00000428426,TCEA1,GTF2F2,0.909
9606.ENSP00000428426,TCEA1,TAF9B,0.908
9606.ENSP00000428426,TCEA1,WDR61,0.906
9606.ENSP00000428426,TCEA1,POLR3K,0.903
9606.ENSP00000428426,TCEA1,ELL,0.902
9606.ENSP00000429084,UBR5,UBC,0.956
9606.ENSP00000429084,UBR5,TRIP12,0.934
9606.ENSP00000429084,UBR5,UBR1,0.933
9606.ENSP00000429084,UBR5,RPS27A,0.932
9606.ENSP00000429084,UBR5,UBE2D2,0.919
9606.ENSP00000429084,UBR5,UBB,0.911
9606.ENSP00000429084,UBR5,UBA52,0.901
9606.ENSP00000431719,TAS2R43,GNAT3,0.938
9606.ENSP00000431885,TYK2,SOCS3,0.999
9606.ENSP00000431885,TYK2,IL12RB1,0.999
9606.ENSP00000431885,TYK2,IFNAR1,0.999
9606.ENSP00000431885,TYK2,IL10RB,0.999
9606.ENSP00000431885,TYK2,IFNAR2,0.999
9606.ENSP00000431885,TYK2,SOCS1,0.999
9606.ENSP00000431885,TYK2,IL13RA1,0.998
9606.ENSP00000431885,TYK2,JAK1,0.998
9606.ENSP00000431885,TYK2,STAT2,0.998
9606.ENSP00000431885,TYK2,JAK2,0.997
9606.ENSP00000431885,TYK2,STAT1,0.997
9606.ENSP00000431885,TYK2,STAT3,0.997
9606.ENSP00000431885,TYK2,IL10RA,0.997
9606.ENSP00000431885,TYK2,IL12RB2,0.994
9606.ENSP00000431885,TYK2,IFNA1,0.992
9606.ENSP00000431885,TYK2,IRF9,0.987
9606.ENSP00000431885,TYK2,IL6,0.986
9606.ENSP00000431885,TYK2,STAT5B,0.984
9606.ENSP00000431885,TYK2,STAT5A,0.982
9606.ENSP00000431885,TYK2,IL23R,0.979
9606.ENSP00000431885,TYK2,IFNGR1,0.976
9606.ENSP00000431885,TYK2,STAT4,0.973
9606.ENSP00000431885,TYK2,PTPN11,0.964
9606.ENSP00000431885,TYK2,STAT6,0.964
9606.ENSP00000431885,TYK2,IL6R,0.962
9606.ENSP00000431885,TYK2,IL10,0.958
9606.ENSP00000431885,TYK2,IFNB1,0.956
9606.ENSP00000431885,TYK2,PTPN6,0.954
9606.ENSP00000431885,TYK2,PTPN2,0.953
9606.ENSP00000431885,TYK2,IL6ST,0.952
9606.ENSP00000431885,TYK2,IFNLR1,0.951
9606.ENSP00000431885,TYK2,STAM2,0.937
9606.ENSP00000431885,TYK2,IL23A,0.937
9606.ENSP00000431885,TYK2,IL22RA1,0.927
9606.ENSP00000431885,TYK2,IL27RA,0.927
9606.ENSP00000431885,TYK2,LIFR,0.923
9606.ENSP00000431885,TYK2,IL17D,0.912
9606.ENSP00000431885,TYK2,STAM,0.911
9606.ENSP00000431885,TYK2,JAK3,0.906
9606.ENSP00000431885,TYK2,IL4R,0.902
9606.ENSP00000432119,WDR74,BOP1,0.999
9606.ENSP00000432119,WDR74,EBNA1BP2,0.998
9606.ENSP00000432119,WDR74,WDR12,0.998
9606.ENSP00000432119,WDR74,PES1,0.997
9606.ENSP00000432119,WDR74,MAK16,0.997
9606.ENSP00000432119,WDR74,MRTO4,0.997
9606.ENSP00000432119,WDR74,NSA2,0.997
9606.ENSP00000432119,WDR74,FTSJ3,0.997
9606.ENSP00000432119,WDR74,RPF1,0.997
9606.ENSP00000432119,WDR74,DDX18,0.994
9606.ENSP00000432119,WDR74,GTPBP4,0.994
9606.ENSP00000432119,WDR74,RSL24D1,0.993
9606.ENSP00000432119,WDR74,BRIX1,0.99
9606.ENSP00000432119,WDR74,EIF6,0.989
9606.ENSP00000432119,WDR74,NIFK,0.987
9606.ENSP00000432119,WDR74,RRP1B,0.986
9606.ENSP00000432119,WDR74,RSL1D1,0.983
9606.ENSP00000432119,WDR74,RRP1,0.982
9606.ENSP00000432119,WDR74,NOP2,0.982
9606.ENSP00000432119,WDR74,NOC2L,0.98
9606.ENSP00000432119,WDR74,RPF2,0.979
9606.ENSP00000432119,WDR74,NIP7,0.978
9606.ENSP00000432119,WDR74,GNL2,0.976
9606.ENSP00000432119,WDR74,DDX56,0.975
9606.ENSP00000432119,WDR74,RRP15,0.968
9606.ENSP00000432119,WDR74,NOC3L,0.958
9606.ENSP00000432119,WDR74,SURF6,0.948
9606.ENSP00000432119,WDR74,DDX24,0.945
9606.ENSP00000432119,WDR74,PPAN,0.941
9606.ENSP00000432119,WDR74,NSUN6,0.94
9606.ENSP00000432119,WDR74,RPL23A,0.938
9606.ENSP00000432119,WDR74,CEBPZ,0.935
9606.ENSP00000432119,WDR74,GNL3L,0.929
9606.ENSP00000432119,WDR74,GNL3,0.927
9606.ENSP00000432119,WDR74,KCTD19,0.925
9606.ENSP00000432119,WDR74,RBM34,0.924
9606.ENSP00000432119,WDR74,WDR18,0.919
9606.ENSP00000432119,WDR74,RPL7L1,0.918
9606.ENSP00000432119,WDR74,RPL35,0.917
9606.ENSP00000432119,WDR74,RBM19,0.915
9606.ENSP00000432119,WDR74,RPL3,0.914
9606.ENSP00000432119,WDR74,FTSJ1,0.91
9606.ENSP00000432119,WDR74,RPL7A,0.91
9606.ENSP00000432119,WDR74,RRS1,0.908
9606.ENSP00000432568,SPTBN2,SPTAN1,0.959
9606.ENSP00000432568,SPTBN2,ACTB,0.954
9606.ENSP00000432568,SPTBN2,SLC1A6,0.95
9606.ENSP00000432568,SPTBN2,GRM1,0.94
9606.ENSP00000432568,SPTBN2,ATXN10,0.924
9606.ENSP00000432568,SPTBN2,SPTBN5,0.918
9606.ENSP00000432568,SPTBN2,SPTBN4,0.914
9606.ENSP00000433623,TRAF6,MALT1,0.999
9606.ENSP00000433623,TRAF6,TLR4,0.999
9606.ENSP00000433623,TRAF6,TIFA,0.999
9606.ENSP00000433623,TRAF6,IRF7,0.999
9606.ENSP00000433623,TRAF6,MYD88,0.999
9606.ENSP00000433623,TRAF6,TBK1,0.999
9606.ENSP00000433623,TRAF6,TLR3,0.999
9606.ENSP00000433623,TRAF6,IRF5,0.999
9606.ENSP00000433623,TRAF6,TAB3,0.999
9606.ENSP00000433623,TRAF6,CD40,0.999
9606.ENSP00000433623,TRAF6,MAP3K7,0.999
9606.ENSP00000433623,TRAF6,TIRAP,0.999
9606.ENSP00000433623,TRAF6,IRAK2,0.999
9606.ENSP00000433623,TRAF6,IKBKE,0.999
9606.ENSP00000433623,TRAF6,IKBKG,0.999
9606.ENSP00000433623,TRAF6,IL1R1,0.999
9606.ENSP00000433623,TRAF6,ECSIT,0.999
9606.ENSP00000433623,TRAF6,TRAF5,0.999
9606.ENSP00000433623,TRAF6,SQSTM1,0.999
9606.ENSP00000433623,TRAF6,UBE2V1,0.999
9606.ENSP00000433623,TRAF6,TAB1,0.999
9606.ENSP00000433623,TRAF6,IRAK4,0.999
9606.ENSP00000433623,TRAF6,IRAK1,0.999
9606.ENSP00000433623,TRAF6,UBE2N,0.999
9606.ENSP00000433623,TRAF6,TAB2,0.999
9606.ENSP00000433623,TRAF6,CYLD,0.999
9606.ENSP00000433623,TRAF6,IKBKB,0.999
9606.ENSP00000433623,TRAF6,CHUK,0.999
9606.ENSP00000433623,TRAF6,MAVS,0.999
9606.ENSP00000433623,TRAF6,BCL10,0.999
9606.ENSP00000433623,TRAF6,TNFAIP3,0.998
9606.ENSP00000433623,TRAF6,TICAM1,0.998
9606.ENSP00000433623,TRAF6,RIPK1,0.998
9606.ENSP00000433623,TRAF6,TRAF3,0.998
9606.ENSP00000433623,TRAF6,TRADD,0.998
9606.ENSP00000433623,TRAF6,TNF,0.998
9606.ENSP00000433623,TRAF6,TNFRSF1A,0.996
9606.ENSP00000433623,TRAF6,SRC,0.996
9606.ENSP00000433623,TRAF6,UBE2D3,0.995
9606.ENSP00000433623,TRAF6,TRAF2,0.995
9606.ENSP00000433623,TRAF6,TNFRSF11A,0.995
9606.ENSP00000433623,TRAF6,GSK3B,0.994
9606.ENSP00000433623,TRAF6,TGFBR1,0.993
9606.ENSP00000433623,TRAF6,AMBRA1,0.993
9606.ENSP00000433623,TRAF6,RIPK2,0.993
9606.ENSP00000433623,TRAF6,BIRC2,0.993
9606.ENSP00000433623,TRAF6,MAP3K14,0.993
9606.ENSP00000433623,TRAF6,RPS27A,0.989
9606.ENSP00000433623,TRAF6,BIRC3,0.988
9606.ENSP00000433623,TRAF6,NGFR,0.988
9606.ENSP00000433623,TRAF6,PELI1,0.987
9606.ENSP00000433623,TRAF6,TANK,0.986
9606.ENSP00000433623,TRAF6,TNFSF11,0.986
9606.ENSP00000433623,TRAF6,IRAK3,0.986
9606.ENSP00000433623,TRAF6,TICAM2,0.984
9606.ENSP00000433623,TRAF6,ZRANB1,0.984
9606.ENSP00000433623,TRAF6,TAX1BP1,0.984
9606.ENSP00000433623,TRAF6,TLR9,0.982
9606.ENSP00000433623,TRAF6,BECN1,0.982
9606.ENSP00000433623,TRAF6,EDARADD,0.982
9606.ENSP00000433623,TRAF6,IL1B,0.981
9606.ENSP00000433623,TRAF6,PELI3,0.98
9606.ENSP00000433623,TRAF6,CASP8,0.978
9606.ENSP00000433623,TRAF6,UBC,0.976
9606.ENSP00000433623,TRAF6,MAP3K1,0.973
9606.ENSP00000433623,TRAF6,ULK1,0.973
9606.ENSP00000433623,TRAF6,MAPK8,0.972
9606.ENSP00000433623,TRAF6,DDX58,0.971
9606.ENSP00000433623,TRAF6,UBE2V2,0.971
9606.ENSP00000433623,TRAF6,EIF2AK2,0.969
9606.ENSP00000433623,TRAF6,TLR5,0.969
9606.ENSP00000433623,TRAF6,NLRX1,0.968
9606.ENSP00000433623,TRAF6,TRAF3IP2,0.968
9606.ENSP00000433623,TRAF6,NFKBIA,0.966
9606.ENSP00000433623,TRAF6,MAP3K5,0.966
9606.ENSP00000433623,TRAF6,ARRB2,0.963
9606.ENSP00000433623,TRAF6,MAP3K3,0.963
9606.ENSP00000433623,TRAF6,FHL2,0.962
9606.ENSP00000433623,TRAF6,UBA52,0.959
9606.ENSP00000433623,TRAF6,USP4,0.959
9606.ENSP00000433623,TRAF6,IL1A,0.956
9606.ENSP00000433623,TRAF6,CARD11,0.955
9606.ENSP00000433623,TRAF6,IL1RAP,0.955
9606.ENSP00000433623,TRAF6,SMAD3,0.955
9606.ENSP00000433623,TRAF6,EDA2R,0.955
9606.ENSP00000433623,TRAF6,AKT1,0.954
9606.ENSP00000433623,TRAF6,TP53,0.954
9606.ENSP00000433623,TRAF6,PELI2,0.951
9606.ENSP00000433623,TRAF6,RSAD2,0.951
9606.ENSP00000433623,TRAF6,NFKB1,0.951
9606.ENSP00000433623,TRAF6,TOLLIP,0.95
9606.ENSP00000433623,TRAF6,FYN,0.948
9606.ENSP00000433623,TRAF6,PTPN11,0.948
9606.ENSP00000433623,TRAF6,OTUB1,0.948
9606.ENSP00000433623,TRAF6,GAB2,0.948
9606.ENSP00000433623,TRAF6,HSPA4,0.946
9606.ENSP00000433623,TRAF6,PTPN6,0.942
9606.ENSP00000433623,TRAF6,SYK,0.936
9606.ENSP00000433623,TRAF6,MAPK9,0.934
9606.ENSP00000433623,TRAF6,LCK,0.934
9606.ENSP00000433623,TRAF6,TLR7,0.927
9606.ENSP00000433623,TRAF6,FADD,0.922
9606.ENSP00000433623,TRAF6,WDFY3,0.921
9606.ENSP00000433623,TRAF6,SARM1,0.921
9606.ENSP00000433623,TRAF6,ULK2,0.919
9606.ENSP00000433623,TRAF6,ZNF274,0.913
9606.ENSP00000433623,TRAF6,LY96,0.909
9606.ENSP00000433623,TRAF6,TLR2,0.909
9606.ENSP00000433623,TRAF6,IRF3,0.908
9606.ENSP00000433623,TRAF6,CBL,0.905
9606.ENSP00000433623,TRAF6,IRF4,0.903
9606.ENSP00000433623,TRAF6,USP7,0.902
9606.ENSP00000433623,TRAF6,STAT1,0.902
9606.ENSP00000435509,ZIC4,ZIC1,0.951
9606.ENSP00000436450,TAS2R46,GNB1,0.955
9606.ENSP00000436450,TAS2R46,GNAT3,0.951
9606.ENSP00000436450,TAS2R46,GNAS,0.9
9606.ENSP00000437849,TRPM1,NYX,0.975
9606.ENSP00000437849,TRPM1,GRM6,0.974
9606.ENSP00000437849,TRPM1,MTMR10,0.933
9606.ENSP00000437849,TRPM1,TYR,0.916
9606.ENSP00000438748,SMG8,SMG1,0.999
9606.ENSP00000438748,SMG8,SMG9,0.999
9606.ENSP00000438748,SMG8,UPF1,0.993
9606.ENSP00000438748,SMG8,UPF2,0.983
9606.ENSP00000438748,SMG8,ETF1,0.973
9606.ENSP00000438748,SMG8,SMG5,0.952
9606.ENSP00000438748,SMG8,UPF3A,0.945
9606.ENSP00000438748,SMG8,SMG6,0.937
9606.ENSP00000438748,SMG8,SMG7,0.916
9606.ENSP00000438993,ZCCHC8,MTREX,0.999
9606.ENSP00000438993,ZCCHC8,RBM7,0.999
9606.ENSP00000438993,ZCCHC8,TENT4B,0.966
9606.ENSP00000438993,ZCCHC8,EXOSC3,0.944
9606.ENSP00000438993,ZCCHC8,EXOSC8,0.911
9606.ENSP00000438993,ZCCHC8,EXOSC7,0.906
9606.ENSP00000438993,ZCCHC8,NCBP2,0.904
9606.ENSP00000438993,ZCCHC8,ZCCHC7,0.903
9606.ENSP00000439689,TRERF1,DNTTIP1,0.97
9606.ENSP00000440704,SYTL1,RAB27A,0.997
9606.ENSP00000440704,SYTL1,RAB27B,0.968
9606.ENSP00000440704,SYTL1,TBC1D10A,0.924
9606.ENSP00000440704,SYTL1,MYRIP,0.903
9606.ENSP00000441000,VARS2,LARS1,0.954
9606.ENSP00000441000,VARS2,YARS1,0.947
9606.ENSP00000441000,VARS2,AARS2,0.937
9606.ENSP00000441000,VARS2,RARS2,0.935
9606.ENSP00000441000,VARS2,EPRS1,0.928
9606.ENSP00000441000,VARS2,AARS1,0.927
9606.ENSP00000441000,VARS2,VARS1,0.926
9606.ENSP00000441000,VARS2,DARS2,0.916
9606.ENSP00000441000,VARS2,KARS1,0.915
9606.ENSP00000441000,VARS2,RPF2,0.907
9606.ENSP00000441000,VARS2,PARS2,0.907
9606.ENSP00000441000,VARS2,WARS2,0.906
9606.ENSP00000441235,TSHR,TSHB,0.998
9606.ENSP00000441235,TSHR,GNAS,0.997
9606.ENSP00000441235,TSHR,TG,0.972
9606.ENSP00000441235,TSHR,TPO,0.971
9606.ENSP00000441235,TSHR,CGA,0.964
9606.ENSP00000441235,TSHR,GNAQ,0.964
9606.ENSP00000441235,TSHR,NKX2-1,0.954
9606.ENSP00000441235,TSHR,IGF1R,0.951
9606.ENSP00000441235,TSHR,FSHB,0.95
9606.ENSP00000441235,TSHR,SLC5A5,0.947
9606.ENSP00000441235,TSHR,POMC,0.934
9606.ENSP00000441235,TSHR,GCG,0.918
9606.ENSP00000441235,TSHR,PAX8,0.917
9606.ENSP00000441235,TSHR,ADCYAP1,0.914
9606.ENSP00000441235,TSHR,NPPA,0.907
9606.ENSP00000441235,TSHR,LOC102723407,0.906
9606.ENSP00000441235,TSHR,VIP,0.904
9606.ENSP00000441235,TSHR,IGLL5,0.901
9606.ENSP00000441235,TSHR,GNB1,0.901
9606.ENSP00000441235,TSHR,GIP,0.9
9606.ENSP00000442788,TET2,HDAC2,0.989
9606.ENSP00000442788,TET2,OGT,0.985
9606.ENSP00000442788,TET2,EBF1,0.976
9606.ENSP00000442788,TET2,ASXL1,0.975
9606.ENSP00000442788,TET2,TET3,0.964
9606.ENSP00000442788,TET2,NANOG,0.963
9606.ENSP00000442788,TET2,DNMT3A,0.946
9606.ENSP00000442788,TET2,CXXC5,0.946
9606.ENSP00000442788,TET2,CXXC4,0.923
9606.ENSP00000442788,TET2,SPI1,0.919
9606.ENSP00000442788,TET2,JAK2,0.917
9606.ENSP00000442788,TET2,IDH1,0.914
9606.ENSP00000443475,TUBA1C,TUBB,0.994
9606.ENSP00000443475,TUBA1C,TUBB3,0.993
9606.ENSP00000443475,TUBA1C,TUBB2A,0.99
9606.ENSP00000443475,TUBA1C,TUBB4B,0.99
9606.ENSP00000443475,TUBA1C,TUBA1B,0.984
9606.ENSP00000443475,TUBA1C,TUBB6,0.981
9606.ENSP00000443475,TUBA1C,TUBB8,0.979
9606.ENSP00000443475,TUBA1C,TUBB4A,0.978
9606.ENSP00000443475,TUBA1C,TUBB2B,0.971
9606.ENSP00000443475,TUBA1C,TUBB1,0.963
9606.ENSP00000443475,TUBA1C,MAPT,0.938
9606.ENSP00000443475,TUBA1C,CDC42,0.936
9606.ENSP00000443475,TUBA1C,TJP1,0.931
9606.ENSP00000443475,TUBA1C,GZMB,0.907
9606.ENSP00000443475,TUBA1C,GJA1,0.903
9606.ENSP00000443475,TUBA1C,ARHGEF2,0.903
9606.ENSP00000443475,TUBA1C,MARVELD2,0.9
9606.ENSP00000443824,ZNRF3,LGR4,0.999
9606.ENSP00000443824,ZNRF3,RSPO2,0.999
9606.ENSP00000443824,ZNRF3,RSPO1,0.999
9606.ENSP00000443824,ZNRF3,LGR5,0.997
9606.ENSP00000443824,ZNRF3,RSPO3,0.99
9606.ENSP00000443824,ZNRF3,RSPO4,0.976
9606.ENSP00000443824,ZNRF3,PCGF3,0.968
9606.ENSP00000443824,ZNRF3,FZD7,0.955
9606.ENSP00000443824,ZNRF3,FZD4,0.953
9606.ENSP00000443824,ZNRF3,FZD6,0.951
9606.ENSP00000443824,ZNRF3,FZD8,0.942
9606.ENSP00000443824,ZNRF3,FZD1,0.94
9606.ENSP00000443824,ZNRF3,FZD5,0.938
9606.ENSP00000443824,ZNRF3,FZD2,0.93
9606.ENSP00000443824,ZNRF3,FZD9,0.93
9606.ENSP00000443824,ZNRF3,FZD3,0.925
9606.ENSP00000443824,ZNRF3,LRP6,0.924
9606.ENSP00000443824,ZNRF3,FZD10,0.922
9606.ENSP00000444660,YTHDF2,RIDA,0.989
9606.ENSP00000444660,YTHDF2,CNOT1,0.986
9606.ENSP00000444660,YTHDF2,YTHDF3,0.98
9606.ENSP00000444660,YTHDF2,METTL14,0.958
9606.ENSP00000444660,YTHDF2,METTL3,0.952
9606.ENSP00000444660,YTHDF2,WTAP,0.918
9606.ENSP00000444660,YTHDF2,ALKBH5,0.905
9606.ENSP00000447297,TGFBR1,ACVR2B,0.999
9606.ENSP00000447297,TGFBR1,TGFBR2,0.999
9606.ENSP00000447297,TGFBR1,SMURF2,0.999
9606.ENSP00000447297,TGFBR1,FKBP1A,0.999
9606.ENSP00000447297,TGFBR1,SMAD7,0.999
9606.ENSP00000447297,TGFBR1,SMAD2,0.999
9606.ENSP00000447297,TGFBR1,MSTN,0.999
9606.ENSP00000447297,TGFBR1,SMAD3,0.999
9606.ENSP00000447297,TGFBR1,TGFB1,0.999
9606.ENSP00000447297,TGFBR1,TGFB3,0.999
9606.ENSP00000447297,TGFBR1,GDF11,0.999
9606.ENSP00000447297,TGFBR1,TGFB2,0.998
9606.ENSP00000447297,TGFBR1,SMAD4,0.998
9606.ENSP00000447297,TGFBR1,TRAF6,0.993
9606.ENSP00000447297,TGFBR1,SMURF1,0.989
9606.ENSP00000447297,TGFBR1,ACVR2A,0.988
9606.ENSP00000447297,TGFBR1,ACVR1B,0.988
9606.ENSP00000447297,TGFBR1,BAMBI,0.988
9606.ENSP00000447297,TGFBR1,SMAD6,0.982
9606.ENSP00000447297,TGFBR1,TGFBR3,0.977
9606.ENSP00000447297,TGFBR1,ENG,0.969
9606.ENSP00000447297,TGFBR1,ACVR1,0.96
9606.ENSP00000447297,TGFBR1,ACVR1C,0.955
9606.ENSP00000447297,TGFBR1,FBN1,0.931
9606.ENSP00000447297,TGFBR1,YAP1,0.93
9606.ENSP00000447297,TGFBR1,USP4,0.928
9606.ENSP00000447297,TGFBR1,DAXX,0.916
9606.ENSP00000447297,TGFBR1,CAV1,0.907
9606.ENSP00000447297,TGFBR1,GDF2,0.906
9606.ENSP00000447297,TGFBR1,HSP90AA1,0.904
9606.ENSP00000447731,TMEM116,ASS1,0.902
9606.ENSP00000451506,TCL1A,AKT1,0.995
9606.ENSP00000451506,TCL1A,AKT2,0.969
9606.ENSP00000451506,TCL1A,DNMT3A,0.952
9606.ENSP00000451506,TCL1A,TCL1B,0.944
9606.ENSP00000451506,TCL1A,AKT3,0.936
9606.ENSP00000451506,TCL1A,MTCP1,0.911
9606.ENSP00000452123,SRSF5,SRPK1,0.99
9606.ENSP00000452123,SRSF5,SRSF11,0.969
9606.ENSP00000452123,SRSF5,SRSF3,0.958
9606.ENSP00000452123,SRSF5,U2AF2,0.958
9606.ENSP00000452123,SRSF5,HNRNPH1,0.957
9606.ENSP00000452123,SRSF5,HNRNPA1,0.949
9606.ENSP00000452123,SRSF5,SLU7,0.942
9606.ENSP00000452123,SRSF5,U2AF1,0.941
9606.ENSP00000452123,SRSF5,SRSF7,0.933
9606.ENSP00000452123,SRSF5,RBM25,0.926
9606.ENSP00000452123,SRSF5,SRSF2,0.922
9606.ENSP00000452123,SRSF5,SRSF6,0.919
9606.ENSP00000452123,SRSF5,SRSF1,0.917
9606.ENSP00000452123,SRSF5,PABPN1,0.902
9606.ENSP00000452123,SRSF5,SRPK2,0.901
9606.ENSP00000452181,VIPAS39,VPS33B,0.999
9606.ENSP00000452181,VIPAS39,VPS33A,0.978
9606.ENSP00000452871,TLE3,TLE1,0.984
9606.ENSP00000452871,TLE3,HDAC1,0.982
9606.ENSP00000452871,TLE3,TLE4,0.978
9606.ENSP00000452871,TLE3,FOXA1,0.976
9606.ENSP00000452871,TLE3,NKX2-2,0.975
9606.ENSP00000452871,TLE3,CTNNB1,0.952
9606.ENSP00000452871,TLE3,TLE5,0.932
9606.ENSP00000452871,TLE3,TCF4,0.93
9606.ENSP00000452871,TLE3,LDB1,0.919
9606.ENSP00000452871,TLE3,TLE2,0.917
9606.ENSP00000452871,TLE3,DNMT3A,0.914
9606.ENSP00000452871,TLE3,BCL9,0.913
9606.ENSP00000452871,TLE3,PYGO2,0.912
9606.ENSP00000452871,TLE3,BCL9L,0.907
9606.ENSP00000456019,SQOR,ETHE1,0.993
9606.ENSP00000456019,SQOR,TST,0.952
9606.ENSP00000456019,SQOR,SELENBP1,0.91
9606.ENSP00000456500,ZNF469,CHST14,0.979
9606.ENSP00000457168,SZT2,ITFG2,0.999
9606.ENSP00000457168,SZT2,KPTN,0.999
9606.ENSP00000457168,SZT2,C12orf66,0.999
9606.ENSP00000457168,SZT2,DEPDC5,0.999
9606.ENSP00000457168,SZT2,WDR59,0.998
9606.ENSP00000457168,SZT2,NPRL2,0.998
9606.ENSP00000457168,SZT2,NPRL3,0.998
9606.ENSP00000457168,SZT2,WDR24,0.998
9606.ENSP00000457168,SZT2,LAMP1,0.994
9606.ENSP00000457168,SZT2,BMT2,0.968
9606.ENSP00000457168,SZT2,SESN2,0.906
9606.ENSP00000457411,USP10,G3BP1,0.999
9606.ENSP00000457411,USP10,G3BP2,0.996
9606.ENSP00000457411,USP10,CFTR,0.935
9606.ENSP00000457411,USP10,TP53,0.931
9606.ENSP00000457411,USP10,SH3BP5,0.926
9606.ENSP00000457411,USP10,CAPRIN1,0.9
9606.ENSP00000457728,TRAPPC2L,TRAPPC10,0.999
9606.ENSP00000457728,TRAPPC2L,TRAPPC3,0.999
9606.ENSP00000457728,TRAPPC2L,TRAPPC6B,0.999
9606.ENSP00000457728,TRAPPC2L,TRAPPC9,0.999
9606.ENSP00000457728,TRAPPC2L,TRAPPC1,0.999
9606.ENSP00000457728,TRAPPC2L,TRAPPC2,0.999
9606.ENSP00000457728,TRAPPC2L,TRAPPC4,0.999
9606.ENSP00000457728,TRAPPC2L,TRAPPC5,0.999
9606.ENSP00000457728,TRAPPC2L,TRAPPC11,0.998
9606.ENSP00000457728,TRAPPC2L,TRAPPC12,0.997
9606.ENSP00000457728,TRAPPC2L,TRAPPC8,0.997
9606.ENSP00000457728,TRAPPC2L,TRAPPC6A,0.997
9606.ENSP00000457728,TRAPPC2L,TRAPPC3L,0.993
9606.ENSP00000457728,TRAPPC2L,TRAPPC13,0.987
9606.ENSP00000457728,TRAPPC2L,TRAPPC2B,0.976
9606.ENSP00000457728,TRAPPC2L,ENSP00000485615,0.945
9606.ENSP00000457728,TRAPPC2L,MAP11,0.905
9606.ENSP00000460380,USP6,CDC16,0.987
9606.ENSP00000460380,USP6,TSC2,0.984
9606.ENSP00000460380,USP6,TSC1,0.968
9606.ENSP00000460380,USP6,TBC1D7,0.956
9606.ENSP00000462349,STARD6,PCTP,0.926
9606.ENSP00000462468,YES1,FYN,0.994
9606.ENSP00000462468,YES1,YAP1,0.987
9606.ENSP00000462468,YES1,SRC,0.973
9606.ENSP00000462468,YES1,CTNND1,0.944
9606.ENSP00000462468,YES1,SHC1,0.932
9606.ENSP00000462468,YES1,CBLC,0.924
9606.ENSP00000462468,YES1,FN1,0.919
9606.ENSP00000462468,YES1,FER,0.914
9606.ENSP00000462468,YES1,EGFR,0.913
9606.ENSP00000462521,TXNIP,NLRP3,0.999
9606.ENSP00000462521,TXNIP,TXN2,0.999
9606.ENSP00000462521,TXNIP,TXN,0.999
9606.ENSP00000462521,TXNIP,DDIT4,0.991
9606.ENSP00000462521,TXNIP,ITCH,0.989
9606.ENSP00000462521,TXNIP,PTPN11,0.972
9606.ENSP00000462521,TXNIP,VAV2,0.95
9606.ENSP00000465500,TNFRSF11A,TNFSF11,0.999
9606.ENSP00000465500,TNFRSF11A,TRAF6,0.995
9606.ENSP00000465500,TNFRSF11A,TRAF2,0.983
9606.ENSP00000466542,TLE2,TLE3,0.917
9606.ENSP00000466542,TLE2,TLE4,0.9
9606.ENSP00000466953,WTIP,SAV1,0.983
9606.ENSP00000466953,WTIP,LATS1,0.969
9606.ENSP00000466953,WTIP,LATS2,0.966
9606.ENSP00000466953,WTIP,AJUBA,0.91
9606.ENSP00000466953,WTIP,LIMD1,0.908
9606.ENSP00000467600,SYNGR2,TMC8,0.926
9606.ENSP00000467600,SYNGR2,TMC6,0.907
9606.ENSP00000469011,SSX4,SSX4B,0.999
9606.ENSP00000469011,SSX4,SS18,0.93
9606.ENSP00000469242,SPTBN4,ANK3,0.999
9606.ENSP00000469242,SPTBN4,ANK2,0.986
9606.ENSP00000469242,SPTBN4,ANK1,0.972
9606.ENSP00000469242,SPTBN4,NRCAM,0.972
9606.ENSP00000469242,SPTBN4,SPTAN1,0.967
9606.ENSP00000469242,SPTBN4,NFASC,0.956
9606.ENSP00000469242,SPTBN4,SPTA1,0.955
9606.ENSP00000469242,SPTBN4,SPTBN5,0.919
9606.ENSP00000469242,SPTBN4,SPTBN2,0.914
9606.ENSP00000470142,UPF1,CASC3,0.999
9606.ENSP00000470142,UPF1,RBM8A,0.999
9606.ENSP00000470142,UPF1,SMG5,0.999
9606.ENSP00000470142,UPF1,SMG7,0.999
9606.ENSP00000470142,UPF1,SMG6,0.999
9606.ENSP00000470142,UPF1,UPF3A,0.999
9606.ENSP00000470142,UPF1,EIF4A3,0.999
9606.ENSP00000470142,UPF1,UPF2,0.999
9606.ENSP00000470142,UPF1,SMG1,0.999
9606.ENSP00000470142,UPF1,UPF3B,0.999
9606.ENSP00000470142,UPF1,RNPS1,0.999
9606.ENSP00000470142,UPF1,ALYREF,0.998
9606.ENSP00000470142,UPF1,NXF1,0.998
9606.ENSP00000470142,UPF1,SRRM1,0.997
9606.ENSP00000470142,UPF1,PABPC1,0.996
9606.ENSP00000470142,UPF1,DEK,0.996
9606.ENSP00000470142,UPF1,GSPT1,0.994
9606.ENSP00000470142,UPF1,MAGOH,0.994
9606.ENSP00000470142,UPF1,SMG9,0.994
9606.ENSP00000470142,UPF1,DCP1A,0.994
9606.ENSP00000470142,UPF1,SMG8,0.993
9606.ENSP00000470142,UPF1,ETF1,0.991
9606.ENSP00000470142,UPF1,STAU1,0.987
9606.ENSP00000470142,UPF1,ADAR,0.983
9606.ENSP00000470142,UPF1,XRN1,0.982
9606.ENSP00000470142,UPF1,PNRC2,0.981
9606.ENSP00000470142,UPF1,NCBP1,0.98
9606.ENSP00000470142,UPF1,DCP2,0.98
9606.ENSP00000470142,UPF1,EIF4G1,0.974
9606.ENSP00000470142,UPF1,HBS1L,0.973
9606.ENSP00000470142,UPF1,SLBP,0.973
9606.ENSP00000470142,UPF1,NCBP2,0.97
9606.ENSP00000470142,UPF1,MAGOHB,0.959
9606.ENSP00000470142,UPF1,PYM1,0.953
9606.ENSP00000470142,UPF1,G3BP1,0.952
9606.ENSP00000470142,UPF1,AGO2,0.949
9606.ENSP00000470142,UPF1,EDC4,0.942
9606.ENSP00000470142,UPF1,RBMX,0.934
9606.ENSP00000470142,UPF1,DDX6,0.93
9606.ENSP00000470142,UPF1,EDC3,0.92
9606.ENSP00000470142,UPF1,MOV10,0.912
9606.ENSP00000470142,UPF1,CCDC9,0.91
9606.ENSP00000470142,UPF1,STAU2,0.904
9606.ENSP00000471921,SPIB,IRF4,0.933
9606.ENSP00000472929,VAV1,CDC42,0.999
9606.ENSP00000472929,VAV1,LCP2,0.999
9606.ENSP00000472929,VAV1,ZAP70,0.999
9606.ENSP00000472929,VAV1,GRB2,0.999
9606.ENSP00000472929,VAV1,BLNK,0.999
9606.ENSP00000472929,VAV1,SYK,0.999
9606.ENSP00000472929,VAV1,PLCG1,0.998
9606.ENSP00000472929,VAV1,ITK,0.998
9606.ENSP00000472929,VAV1,PLCG2,0.998
9606.ENSP00000472929,VAV1,CD19,0.997
9606.ENSP00000472929,VAV1,CBL,0.997
9606.ENSP00000472929,VAV1,NCK1,0.997
9606.ENSP00000472929,VAV1,BTK,0.996
9606.ENSP00000472929,VAV1,LYN,0.993
9606.ENSP00000472929,VAV1,SH3BP2,0.993
9606.ENSP00000472929,VAV1,GRAP2,0.992
9606.ENSP00000472929,VAV1,RAC3,0.992
9606.ENSP00000472929,VAV1,PTPN11,0.99
9606.ENSP00000472929,VAV1,RHOA,0.989
9606.ENSP00000472929,VAV1,LCK,0.988
9606.ENSP00000472929,VAV1,LAT,0.982
9606.ENSP00000472929,VAV1,PIK3R1,0.98
9606.ENSP00000472929,VAV1,EZH2,0.978
9606.ENSP00000472929,VAV1,RAC2,0.977
9606.ENSP00000472929,VAV1,SOS1,0.977
9606.ENSP00000472929,VAV1,RAC1,0.972
9606.ENSP00000472929,VAV1,PTPN6,0.966
9606.ENSP00000472929,VAV1,ITGB2,0.966
9606.ENSP00000472929,VAV1,TXK,0.96
9606.ENSP00000472929,VAV1,FYN,0.959
9606.ENSP00000472929,VAV1,WAS,0.959
9606.ENSP00000472929,VAV1,HCST,0.955
9606.ENSP00000472929,VAV1,FYB1,0.953
9606.ENSP00000472929,VAV1,PIK3CA,0.95
9606.ENSP00000472929,VAV1,AKT1,0.949
9606.ENSP00000472929,VAV1,ITGAL,0.948
9606.ENSP00000472929,VAV1,PIK3CD,0.945
9606.ENSP00000472929,VAV1,TEC,0.937
9606.ENSP00000472929,VAV1,CD44,0.934
9606.ENSP00000472929,VAV1,PIK3R3,0.93
9606.ENSP00000472929,VAV1,PIK3CB,0.929
9606.ENSP00000472929,VAV1,RAP1B,0.924
9606.ENSP00000472929,VAV1,RAP1A,0.924
9606.ENSP00000472929,VAV1,PIK3R2,0.909
9606.ENSP00000472929,VAV1,VAV3,0.907
9606.ENSP00000472929,VAV1,VAV2,0.907
9606.ENSP00000474096,TAF15,TBP,0.938
9606.ENSP00000474096,TAF15,TAF13,0.923
9606.ENSP00000475028,UGT2A2,CYP3A4,0.974
9606.ENSP00000475028,UGT2A2,CYP2D6,0.961
9606.ENSP00000475028,UGT2A2,CYP1A1,0.955
9606.ENSP00000475028,UGT2A2,CYP2A6,0.951
9606.ENSP00000475028,UGT2A2,CYP2E1,0.951
9606.ENSP00000475028,UGT2A2,CYP3A5,0.951
9606.ENSP00000475028,UGT2A2,SLC35A2,0.95
9606.ENSP00000475028,UGT2A2,GUSB,0.942
9606.ENSP00000475028,UGT2A2,UGDH,0.938
9606.ENSP00000475028,UGT2A2,CYP2A13,0.938
9606.ENSP00000475028,UGT2A2,AOX1,0.936
9606.ENSP00000475028,UGT2A2,CYP1B1,0.935
9606.ENSP00000475028,UGT2A2,CYP19A1,0.926
9606.ENSP00000475028,UGT2A2,SULT1E1,0.921
9606.ENSP00000475028,UGT2A2,AKR1C3,0.917
9606.ENSP00000475028,UGT2A2,CBR1,0.915
9606.ENSP00000475028,UGT2A2,AKR1D1,0.913
9606.ENSP00000475028,UGT2A2,AKR1C1,0.913
9606.ENSP00000475028,UGT2A2,AKR1C2,0.911
9606.ENSP00000475028,UGT2A2,HSD17B3,0.908
9606.ENSP00000475028,UGT2A2,AKR1C4,0.908
9606.ENSP00000475028,UGT2A2,MIOX,0.901
9606.ENSP00000475727,TBC1D7,TSC1,0.999
9606.ENSP00000475727,TBC1D7,TSC2,0.999
9606.ENSP00000475727,TBC1D7,RHEB,0.982
9606.ENSP00000475727,TBC1D7,AKT1,0.974
9606.ENSP00000475727,TBC1D7,USP6,0.956
9606.ENSP00000475727,TBC1D7,RPS6KA1,0.945
9606.ENSP00000475727,TBC1D7,YWHAZ,0.939
9606.ENSP00000475727,TBC1D7,DDIT4,0.938
9606.ENSP00000475727,TBC1D7,RPS6KA2,0.937
9606.ENSP00000475727,TBC1D7,AKT3,0.934
9606.ENSP00000475727,TBC1D7,RPS6KA3,0.933
9606.ENSP00000475727,TBC1D7,AKT2,0.923
9606.ENSP00000475727,TBC1D7,GSK3B,0.914
9606.ENSP00000475727,TBC1D7,IKBKB,0.913
9606.ENSP00000475727,TBC1D7,MAPK3,0.908
9606.ENSP00000475727,TBC1D7,RPS6KA6,0.905
9606.ENSP00000475727,TBC1D7,PRKAA1,0.902
9606.ENSP00000475727,TBC1D7,PRKAA2,0.902
9606.ENSP00000475727,TBC1D7,MAPK1,0.9
9606.ENSP00000477973,STAG3,SMC3,0.999
9606.ENSP00000477973,STAG3,RAD21,0.999
9606.ENSP00000477973,STAG3,REC8,0.999
9606.ENSP00000477973,STAG3,RAD21L1,0.999
9606.ENSP00000477973,STAG3,SMC1B,0.999
9606.ENSP00000477973,STAG3,SMC1A,0.999
9606.ENSP00000477973,STAG3,SGO2,0.963
9606.ENSP00000477973,STAG3,STAG1,0.962
9606.ENSP00000477973,STAG3,STAG2,0.958
9606.ENSP00000477973,STAG3,SYCP3,0.921
9606.ENSP00000477973,STAG3,SYCE1,0.91
9606.ENSP00000478059,STIM1,ORAI3,0.999
9606.ENSP00000478059,STIM1,TRPC1,0.999
9606.ENSP00000478059,STIM1,ORAI1,0.999
9606.ENSP00000478059,STIM1,ORAI2,0.999
9606.ENSP00000478059,STIM1,STIM2,0.987
9606.ENSP00000478059,STIM1,TRPC5,0.973
9606.ENSP00000478059,STIM1,TRPC6,0.971
9606.ENSP00000478059,STIM1,TRPC4,0.971
9606.ENSP00000478059,STIM1,TRPC3,0.955
9606.ENSP00000478059,STIM1,ITPR1,0.953
9606.ENSP00000478059,STIM1,ITPR3,0.952
9606.ENSP00000478059,STIM1,CACNA1C,0.949
9606.ENSP00000478059,STIM1,CRACR2A,0.944
9606.ENSP00000478059,STIM1,SARAF,0.943
9606.ENSP00000478771,UBB,UBA52,0.999
9606.ENSP00000478771,UBB,PRKN,0.998
9606.ENSP00000478771,UBB,UBC,0.998
9606.ENSP00000478771,UBB,RPS27A,0.998
9606.ENSP00000478771,UBB,UBA1,0.997
9606.ENSP00000478771,UBB,UBE2K,0.997
9606.ENSP00000478771,UBB,PSMD4,0.996
9606.ENSP00000478771,UBB,USP14,0.995
9606.ENSP00000478771,UBB,UBE2N,0.994
9606.ENSP00000478771,UBB,UBE2L6,0.992
9606.ENSP00000478771,UBB,UBE2V2,0.991
9606.ENSP00000478771,UBB,UBE2D2,0.991
9606.ENSP00000478771,UBB,UBA6,0.99
9606.ENSP00000478771,UBB,PSMD14,0.99
9606.ENSP00000478771,UBB,TSG101,0.989
9606.ENSP00000478771,UBB,ADRM1,0.988
9606.ENSP00000478771,UBB,UBE2S,0.988
9606.ENSP00000478771,UBB,UCHL3,0.986
9606.ENSP00000478771,UBB,PSMB2,0.986
9606.ENSP00000478771,UBB,NPLOC4,0.986
9606.ENSP00000478771,UBB,PSMD3,0.985
9606.ENSP00000478771,UBB,USP7,0.984
9606.ENSP00000478771,UBB,USP5,0.984
9606.ENSP00000478771,UBB,PSMD2,0.984
9606.ENSP00000478771,UBB,CDC34,0.983
9606.ENSP00000478771,UBB,UBE2G1,0.982
9606.ENSP00000478771,UBB,RAD23A,0.982
9606.ENSP00000478771,UBB,YOD1,0.982
9606.ENSP00000478771,UBB,UBE2D1,0.981
9606.ENSP00000478771,UBB,UCHL1,0.981
9606.ENSP00000478771,UBB,UBE2R2,0.981
9606.ENSP00000478771,UBB,RAD18,0.981
9606.ENSP00000478771,UBB,RBBP5,0.98
9606.ENSP00000478771,UBB,USP2,0.98
9606.ENSP00000478771,UBB,NEDD4,0.979
9606.ENSP00000478771,UBB,USP30,0.979
9606.ENSP00000478771,UBB,UBQLN2,0.979
9606.ENSP00000478771,UBB,OTULIN,0.976
9606.ENSP00000478771,UBB,NEDD4L,0.975
9606.ENSP00000478771,UBB,ZUP1,0.974
9606.ENSP00000478771,UBB,STAM,0.974
9606.ENSP00000478771,UBB,ITCH,0.973
9606.ENSP00000478771,UBB,SMURF2,0.973
9606.ENSP00000478771,UBB,WWP1,0.973
9606.ENSP00000478771,UBB,IKBKG,0.973
9606.ENSP00000478771,UBB,STAMBPL1,0.972
9606.ENSP00000478771,UBB,CYLD,0.971
9606.ENSP00000478771,UBB,USP8,0.97
9606.ENSP00000478771,UBB,PSMA4,0.97
9606.ENSP00000478771,UBB,STAM2,0.967
9606.ENSP00000478771,UBB,PSMA2,0.967
9606.ENSP00000478771,UBB,PLAA,0.967
9606.ENSP00000478771,UBB,UBA7,0.966
9606.ENSP00000478771,UBB,UIMC1,0.966
9606.ENSP00000478771,UBB,UBE2V1,0.965
9606.ENSP00000478771,UBB,RBX1,0.965
9606.ENSP00000478771,UBB,PSMC4,0.965
9606.ENSP00000478771,UBB,USP21,0.965
9606.ENSP00000478771,UBB,PINK1,0.965
9606.ENSP00000478771,UBB,RNF168,0.964
9606.ENSP00000478771,UBB,VPS36,0.964
9606.ENSP00000478771,UBB,SKP1,0.964
9606.ENSP00000478771,UBB,NBR1,0.963
9606.ENSP00000478771,UBB,POLI,0.962
9606.ENSP00000478771,UBB,UBQLN1,0.962
9606.ENSP00000478771,UBB,FANCI,0.961
9606.ENSP00000478771,UBB,FANCD2,0.961
9606.ENSP00000478771,UBB,H2BC21,0.961
9606.ENSP00000478771,UBB,PSMC1,0.961
9606.ENSP00000478771,UBB,MDM2,0.961
9606.ENSP00000478771,UBB,RNF31,0.961
9606.ENSP00000478771,UBB,H2AC18,0.961
9606.ENSP00000478771,UBB,WDR48,0.96
9606.ENSP00000478771,UBB,BIRC2,0.96
9606.ENSP00000478771,UBB,TRIM21,0.96
9606.ENSP00000478771,UBB,PSMC2,0.96
9606.ENSP00000478771,UBB,TRIM25,0.96
9606.ENSP00000478771,UBB,NEDD8,0.96
9606.ENSP00000478771,UBB,REV1,0.96
9606.ENSP00000478771,UBB,OPTN,0.96
9606.ENSP00000478771,UBB,PCNA,0.959
9606.ENSP00000478771,UBB,H2AC8,0.959
9606.ENSP00000478771,UBB,MDM4,0.959
9606.ENSP00000478771,UBB,PSMC3,0.959
9606.ENSP00000478771,UBB,RNF38,0.958
9606.ENSP00000478771,UBB,HDAC6,0.958
9606.ENSP00000478771,UBB,ATXN3,0.958
9606.ENSP00000478771,UBB,PSMB4,0.957
9606.ENSP00000478771,UBB,NFKBIA,0.957
9606.ENSP00000478771,UBB,PSMD1,0.957
9606.ENSP00000478771,UBB,HUWE1,0.957
9606.ENSP00000478771,UBB,PSMB1,0.957
9606.ENSP00000478771,UBB,H2AC6,0.956
9606.ENSP00000478771,UBB,DNMT1,0.956
9606.ENSP00000478771,UBB,H2BC12,0.956
9606.ENSP00000478771,UBB,H2AC13,0.956
9606.ENSP00000478771,UBB,H2BC4,0.955
9606.ENSP00000478771,UBB,H2BC11,0.954
9606.ENSP00000478771,UBB,PSMA1,0.954
9606.ENSP00000478771,UBB,BARD1,0.954
9606.ENSP00000478771,UBB,PSMD8,0.954
9606.ENSP00000478771,UBB,RBCK1,0.954
9606.ENSP00000478771,UBB,RNF4,0.954
9606.ENSP00000478771,UBB,USP34,0.954
9606.ENSP00000478771,UBB,USP46,0.954
9606.ENSP00000478771,UBB,USP1,0.953
9606.ENSP00000478771,UBB,TAB2,0.953
9606.ENSP00000478771,UBB,AMFR,0.953
9606.ENSP00000478771,UBB,PSMD11,0.953
9606.ENSP00000478771,UBB,TNFAIP3,0.953
9606.ENSP00000478771,UBB,CDKN1B,0.953
9606.ENSP00000478771,UBB,PSMD12,0.953
9606.ENSP00000478771,UBB,ERCC6,0.952
9606.ENSP00000478771,UBB,PSMB3,0.952
9606.ENSP00000478771,UBB,PSMC6,0.952
9606.ENSP00000478771,UBB,PSMD7,0.952
9606.ENSP00000478771,UBB,CBL,0.951
9606.ENSP00000478771,UBB,PSMA6,0.951
9606.ENSP00000478771,UBB,ATXN3L,0.95
9606.ENSP00000478771,UBB,IDE,0.95
9606.ENSP00000478771,UBB,PSMC5,0.95
9606.ENSP00000478771,UBB,PICALM,0.95
9606.ENSP00000478771,UBB,TNIP2,0.95
9606.ENSP00000478771,UBB,DOT1L,0.949
9606.ENSP00000478771,UBB,JOSD2,0.949
9606.ENSP00000478771,UBB,TP53BP1,0.949
9606.ENSP00000478771,UBB,ANAPC2,0.948
9606.ENSP00000478771,UBB,PSMD6,0.948
9606.ENSP00000478771,UBB,PSMA5,0.948
9606.ENSP00000478771,UBB,PSMD13,0.948
9606.ENSP00000478771,UBB,PSMB6,0.947
9606.ENSP00000478771,UBB,SH3KBP1,0.947
9606.ENSP00000478771,UBB,H2AX,0.946
9606.ENSP00000478771,UBB,PSMA3,0.945
9606.ENSP00000478771,UBB,OTUD7B,0.944
9606.ENSP00000478771,UBB,OTUB1,0.944
9606.ENSP00000478771,UBB,SQSTM1,0.943
9606.ENSP00000478771,UBB,PSMB5,0.943
9606.ENSP00000478771,UBB,H3C12,0.942
9606.ENSP00000478771,UBB,H3C13,0.941
9606.ENSP00000478771,UBB,H3-2,0.94
9606.ENSP00000478771,UBB,DDX58,0.94
9606.ENSP00000478771,UBB,UBL7,0.939
9606.ENSP00000478771,UBB,H3C10,0.939
9606.ENSP00000478771,UBB,CUL1,0.937
9606.ENSP00000478771,UBB,OTUB2,0.937
9606.ENSP00000478771,UBB,H3C6,0.935
9606.ENSP00000478771,UBB,H3C3,0.935
9606.ENSP00000478771,UBB,H3C2,0.935
9606.ENSP00000478771,UBB,H3C1,0.935
9606.ENSP00000478771,UBB,H3C4,0.935
9606.ENSP00000478771,UBB,H3C15,0.935
9606.ENSP00000478771,UBB,H3C11,0.935
9606.ENSP00000478771,UBB,H3C8,0.935
9606.ENSP00000478771,UBB,BRAP,0.935
9606.ENSP00000478771,UBB,H3C14,0.935
9606.ENSP00000478771,UBB,H3C7,0.935
9606.ENSP00000478771,UBB,PSMB7,0.934
9606.ENSP00000478771,UBB,H4C6,0.934
9606.ENSP00000478771,UBB,H2AC15,0.933
9606.ENSP00000478771,UBB,ZFAND2B,0.933
9606.ENSP00000478771,UBB,H2AC11,0.933
9606.ENSP00000478771,UBB,PSMA7,0.932
9606.ENSP00000478771,UBB,H2AC16,0.932
9606.ENSP00000478771,UBB,H2AC17,0.931
9606.ENSP00000478771,UBB,USP28,0.93
9606.ENSP00000478771,UBB,H2AC4,0.928
9606.ENSP00000478771,UBB,H2AC19,0.928
9606.ENSP00000478771,UBB,ASH2L,0.926
9606.ENSP00000478771,UBB,UBE2C,0.926
9606.ENSP00000478771,UBB,SKP2,0.925
9606.ENSP00000478771,UBB,MINDY1,0.922
9606.ENSP00000478771,UBB,TMEM189-UBE2V1,0.922
9606.ENSP00000478771,UBB,UFD1,0.921
9606.ENSP00000478771,UBB,ARIH1,0.92
9606.ENSP00000478771,UBB,UBE2L5,0.92
9606.ENSP00000478771,UBB,BIRC7,0.92
9606.ENSP00000478771,UBB,TRIM23,0.918
9606.ENSP00000478771,UBB,HGS,0.917
9606.ENSP00000478771,UBB,MINDY2,0.917
9606.ENSP00000478771,UBB,GGA3,0.917
9606.ENSP00000478771,UBB,ZRANB1,0.916
9606.ENSP00000478771,UBB,TOM1,0.915
9606.ENSP00000478771,UBB,H2BC7,0.914
9606.ENSP00000478771,UBB,H2BC8,0.914
9606.ENSP00000478771,UBB,H2BC10,0.914
9606.ENSP00000478771,UBB,H2BC6,0.914
9606.ENSP00000478771,UBB,FZR1,0.913
9606.ENSP00000478771,UBB,USP15,0.913
9606.ENSP00000478771,UBB,MAVS,0.912
9606.ENSP00000478771,UBB,USP12,0.912
9606.ENSP00000478771,UBB,UBR5,0.911
9606.ENSP00000478771,UBB,RABGEF1,0.911
9606.ENSP00000478771,UBB,ANAPC5,0.911
9606.ENSP00000478771,UBB,CKS1B,0.91
9606.ENSP00000478771,UBB,RLIM,0.91
9606.ENSP00000478771,UBB,CDK2,0.91
9606.ENSP00000478771,UBB,CDC27,0.909
9606.ENSP00000478771,UBB,ANAPC10,0.909
9606.ENSP00000478771,UBB,BTRC,0.908
9606.ENSP00000478771,UBB,KLF1,0.908
9606.ENSP00000478771,UBB,RNF13,0.907
9606.ENSP00000478771,UBB,RNF216,0.906
9606.ENSP00000478771,UBB,OTUD5,0.906
9606.ENSP00000478771,UBB,NOD1,0.904
9606.ENSP00000478771,UBB,LNX1,0.904
9606.ENSP00000478771,UBB,MYO6,0.904
9606.ENSP00000478771,UBB,ANAPC4,0.903
9606.ENSP00000478771,UBB,CCNA2,0.903
9606.ENSP00000478771,UBB,CBLB,0.902
9606.ENSP00000478771,UBB,CDC16,0.902
9606.ENSP00000478771,UBB,IFIH1,0.902
9606.ENSP00000478771,UBB,MYCBP2,0.902
9606.ENSP00000478771,UBB,CDC23,0.901
9606.ENSP00000478771,UBB,CD2AP,0.9
9606.ENSP00000478771,UBB,TDP2,0.9
9606.ENSP00000478771,UBB,TNIP1,0.9
9606.ENSP00000478927,YAP1,LATS2,0.999
9606.ENSP00000478927,YAP1,LATS1,0.999
9606.ENSP00000478927,YAP1,TEAD1,0.999
9606.ENSP00000478927,YAP1,TEAD2,0.999
9606.ENSP00000478927,YAP1,TEAD4,0.999
9606.ENSP00000478927,YAP1,TEAD3,0.998
9606.ENSP00000478927,YAP1,AMOT,0.998
9606.ENSP00000478927,YAP1,SMAD7,0.998
9606.ENSP00000478927,YAP1,CTNNB1,0.997
9606.ENSP00000478927,YAP1,TP73,0.995
9606.ENSP00000478927,YAP1,ERBB4,0.994
9606.ENSP00000478927,YAP1,BTRC,0.992
9606.ENSP00000478927,YAP1,YWHAZ,0.991
9606.ENSP00000478927,YAP1,TJP2,0.99
9606.ENSP00000478927,YAP1,TBX5,0.988
9606.ENSP00000478927,YAP1,YES1,0.987
9606.ENSP00000478927,YAP1,TP53BP2,0.986
9606.ENSP00000478927,YAP1,YWHAB,0.983
9606.ENSP00000478927,YAP1,PTPN14,0.982
9606.ENSP00000478927,YAP1,YWHAQ,0.982
9606.ENSP00000478927,YAP1,AMOTL2,0.982
9606.ENSP00000478927,YAP1,SMAD2,0.979
9606.ENSP00000478927,YAP1,YWHAH,0.979
9606.ENSP00000478927,YAP1,YWHAE,0.977
9606.ENSP00000478927,YAP1,YWHAG,0.973
9606.ENSP00000478927,YAP1,RUNX2,0.973
9606.ENSP00000478927,YAP1,WBP2,0.97
9606.ENSP00000478927,YAP1,SMAD3,0.965
9606.ENSP00000478927,YAP1,AMOTL1,0.963
9606.ENSP00000478927,YAP1,SMAD1,0.962
9606.ENSP00000478927,YAP1,PPP1CA,0.959
9606.ENSP00000478927,YAP1,PRRG2,0.956
9606.ENSP00000478927,YAP1,WWTR1,0.956
9606.ENSP00000478927,YAP1,SRC,0.951
9606.ENSP00000478927,YAP1,SMAD4,0.943
9606.ENSP00000478927,YAP1,RUNX1,0.936
9606.ENSP00000478927,YAP1,SAV1,0.932
9606.ENSP00000478927,YAP1,TGFBR2,0.932
9606.ENSP00000478927,YAP1,TGFBR1,0.93
9606.ENSP00000478927,YAP1,FBXW11,0.929
9606.ENSP00000478927,YAP1,PPP1CC,0.919
9606.ENSP00000478927,YAP1,CSNK1D,0.919
9606.ENSP00000478927,YAP1,PPP1CB,0.912
9606.ENSP00000478927,YAP1,PPP2CA,0.912
9606.ENSP00000478927,YAP1,TCF7L2,0.911
9606.ENSP00000478927,YAP1,PPP2R2A,0.91
9606.ENSP00000478927,YAP1,CSNK1E,0.909
9606.ENSP00000478927,YAP1,PPP2R1A,0.909
9606.ENSP00000478927,YAP1,JUN,0.909
9606.ENSP00000478927,YAP1,PPP2R1B,0.907
9606.ENSP00000478927,YAP1,PPP2R2B,0.903
9606.ENSP00000478927,YAP1,PPP2R2C,0.903
9606.ENSP00000478927,YAP1,PPP2R2D,0.903
9606.ENSP00000478927,YAP1,PPP2CB,0.902
9606.ENSP00000479904,ZMYM2,KDM1A,0.969
9606.ENSP00000479904,ZMYM2,FGFR1,0.957
9606.ENSP00000479904,ZMYM2,RCOR1,0.957
9606.ENSP00000479904,ZMYM2,HDAC1,0.947
9606.ENSP00000479904,ZMYM2,HDAC2,0.935
9606.ENSP00000479904,ZMYM2,FGFR1OP2,0.924
9606.ENSP00000479904,ZMYM2,SUMO2,0.915
9606.ENSP00000480050,SYN2,SNAP25,0.921
9606.ENSP00000480421,SRRT,NCBP1,0.999
9606.ENSP00000480421,SRRT,NCBP2,0.999
9606.ENSP00000480421,SRRT,ALYREF,0.99
9606.ENSP00000480421,SRRT,PHAX,0.987
9606.ENSP00000480421,SRRT,DDX39B,0.973
9606.ENSP00000480421,SRRT,GNLY,0.969
9606.ENSP00000480421,SRRT,NOTCH1,0.962
9606.ENSP00000480421,SRRT,MTREX,0.951
9606.ENSP00000480421,SRRT,RBM39,0.936
9606.ENSP00000480421,SRRT,RBM7,0.928
9606.ENSP00000480421,SRRT,SF1,0.927
9606.ENSP00000480421,SRRT,DHX9,0.92
9606.ENSP00000480421,SRRT,JAG1,0.915
9606.ENSP00000480421,SRRT,SRRM2,0.907
9606.ENSP00000480484,TCHH,LOR,0.989
9606.ENSP00000480484,TCHH,IVL,0.988
9606.ENSP00000480750,ZAN,TECTB,0.922
9606.ENSP00000480884,ST3GAL6,FUT7,0.96
9606.ENSP00000480884,ST3GAL6,B3GNT3,0.954
9606.ENSP00000480884,ST3GAL6,ST8SIA1,0.952
9606.ENSP00000480884,ST3GAL6,FUT3,0.951
9606.ENSP00000480884,ST3GAL6,B4GALT4,0.948
9606.ENSP00000480884,ST3GAL6,GCNT2,0.946
9606.ENSP00000480884,ST3GAL6,FUT6,0.945
9606.ENSP00000480884,ST3GAL6,FUT1,0.945
9606.ENSP00000480884,ST3GAL6,B4GALT1,0.945
9606.ENSP00000480884,ST3GAL6,B3GNT2,0.942
9606.ENSP00000480884,ST3GAL6,FUT9,0.942
9606.ENSP00000480884,ST3GAL6,B4GALT3,0.94
9606.ENSP00000480884,ST3GAL6,B4GALT2,0.937
9606.ENSP00000480884,ST3GAL6,FUT4,0.934
9606.ENSP00000480884,ST3GAL6,FUT2,0.929
9606.ENSP00000480884,ST3GAL6,FUT5,0.923
9606.ENSP00000480884,ST3GAL6,B3GNT4,0.909
9606.ENSP00000481249,SOCS2,ELOC,0.999
9606.ENSP00000481249,SOCS2,ELOB,0.998
9606.ENSP00000481249,SOCS2,CUL5,0.998
9606.ENSP00000481249,SOCS2,GHR,0.993
9606.ENSP00000481249,SOCS2,JAK2,0.974
9606.ENSP00000481249,SOCS2,SOCS1,0.967
9606.ENSP00000481249,SOCS2,SOCS3,0.962
9606.ENSP00000481249,SOCS2,IRS1,0.96
9606.ENSP00000481249,SOCS2,EPOR,0.943
9606.ENSP00000481249,SOCS2,IRS2,0.928
9606.ENSP00000481249,SOCS2,IRS4,0.924
9606.ENSP00000481249,SOCS2,INSR,0.918
9606.ENSP00000481249,SOCS2,RNF7,0.909
9606.ENSP00000481249,SOCS2,STAT3,0.903
9606.ENSP00000481570,TNFAIP3,TNF,0.999
9606.ENSP00000481570,TNFAIP3,TNIP1,0.999
9606.ENSP00000481570,TNFAIP3,TRAF6,0.998
9606.ENSP00000481570,TNFAIP3,TNIP2,0.998
9606.ENSP00000481570,TNFAIP3,TNFRSF1A,0.998
9606.ENSP00000481570,TNFAIP3,TAX1BP1,0.996
9606.ENSP00000481570,TNFAIP3,UBC,0.995
9606.ENSP00000481570,TNFAIP3,RIPK1,0.992
9606.ENSP00000481570,TNFAIP3,IKBKG,0.98
9606.ENSP00000481570,TNFAIP3,TRAF1,0.979
9606.ENSP00000481570,TNFAIP3,RPS27A,0.977
9606.ENSP00000481570,TNFAIP3,RNF11,0.966
9606.ENSP00000481570,TNFAIP3,RIPK2,0.962
9606.ENSP00000481570,TNFAIP3,UBE2D1,0.955
9606.ENSP00000481570,TNFAIP3,UBB,0.953
9606.ENSP00000481570,TNFAIP3,TRAF2,0.948
9606.ENSP00000481570,TNFAIP3,RIPK3,0.939
9606.ENSP00000481570,TNFAIP3,UBA52,0.938
9606.ENSP00000481570,TNFAIP3,TNIP3,0.935
9606.ENSP00000481570,TNFAIP3,BIRC2,0.931
9606.ENSP00000481570,TNFAIP3,BIRC3,0.916
9606.ENSP00000481570,TNFAIP3,NFKB1,0.908
9606.ENSP00000481570,TNFAIP3,RNF31,0.904
9606.ENSP00000483453,SYNRG,AFTPH,0.973
9606.ENSP00000483453,SYNRG,AP1G2,0.962
9606.ENSP00000483453,SYNRG,AP1G1,0.947
9606.ENSP00000483453,SYNRG,AP1S2,0.943
9606.ENSP00000486891,TCF7L2,CTNNB1,0.999
9606.ENSP00000486891,TCF7L2,NLK,0.982
9606.ENSP00000486891,TCF7L2,CTBP1,0.977
9606.ENSP00000486891,TCF7L2,BCL9,0.976
9606.ENSP00000486891,TCF7L2,EP300,0.975
9606.ENSP00000486891,TCF7L2,JUP,0.972
9606.ENSP00000486891,TCF7L2,CREBBP,0.966
9606.ENSP00000486891,TCF7L2,TCF7L1,0.962
9606.ENSP00000486891,TCF7L2,SMAD4,0.948
9606.ENSP00000486891,TCF7L2,TCF7,0.943
9606.ENSP00000486891,TCF7L2,CTBP2,0.935
9606.ENSP00000486891,TCF7L2,HNF4A,0.928
9606.ENSP00000486891,TCF7L2,HDAC1,0.926
9606.ENSP00000486891,TCF7L2,TERT,0.919
9606.ENSP00000486891,TCF7L2,SOX17,0.918
9606.ENSP00000486891,TCF7L2,CTNND2,0.912
9606.ENSP00000486891,TCF7L2,AXIN1,0.912
9606.ENSP00000486891,TCF7L2,AXIN2,0.912
9606.ENSP00000486891,TCF7L2,YAP1,0.911
9606.ENSP00000486891,TCF7L2,TLE4,0.909
9606.ENSP00000486891,TCF7L2,RUVBL1,0.905
9606.ENSP00000487444,SPTAN1,SPTBN1,0.999
9606.ENSP00000487444,SPTAN1,ANK2,0.995
9606.ENSP00000487444,SPTAN1,SPTB,0.989
9606.ENSP00000487444,SPTAN1,ANK3,0.972
9606.ENSP00000487444,SPTAN1,CASP3,0.972
9606.ENSP00000487444,SPTAN1,SPTBN5,0.968
9606.ENSP00000487444,SPTAN1,SPTBN4,0.967
9606.ENSP00000487444,SPTAN1,CALM3,0.963
9606.ENSP00000487444,SPTAN1,SPTBN2,0.959
9606.ENSP00000487444,SPTAN1,CALM1,0.946
9606.ENSP00000487444,SPTAN1,CALM2,0.944
9606.ENSP00000487444,SPTAN1,ANK1,0.91
9606.ENSP00000487444,SPTAN1,SPTA1,0.906
9606.ENSP00000491830,ZC3H11A,ZBED6,0.98
9606.ENSP00000491830,ZC3H11A,SARNP,0.975
9606.ENSP00000491830,ZC3H11A,THOC1,0.913
9606.ENSP00000491830,ZC3H11A,NCBP3,0.913
9606.ENSP00000493252,ZFHX3,RUNX3,0.955
9606.ENSP00000493555,TEX15,UBL4B,0.931
9606.ENSP00000494125,TPM4,TPM2,0.986
9606.ENSP00000494125,TPM4,TPM1,0.982
9606.ENSP00000494125,TPM4,TNNT2,0.959
9606.ENSP00000494125,TPM4,ACTC1,0.948
9606.ENSP00000494125,TPM4,TPM3,0.946
9606.ENSP00000494125,TPM4,TNNI3,0.946
9606.ENSP00000494831,SNRPN,SNRPF,0.999
9606.ENSP00000494831,SNRPN,SNRPD3,0.999
9606.ENSP00000494831,SNRPN,SNRPE,0.999
9606.ENSP00000494831,SNRPN,SNRPG,0.999
9606.ENSP00000494831,SNRPN,SNRPD1,0.999
9606.ENSP00000494831,SNRPN,SNRPD2,0.999
9606.ENSP00000494831,SNRPN,SNRPC,0.998
9606.ENSP00000494831,SNRPN,SNRNP70,0.997
9606.ENSP00000494831,SNRPN,LSM4,0.996
9606.ENSP00000494831,SNRPN,SNRPA,0.995
9606.ENSP00000494831,SNRPN,SNRPA1,0.995
9606.ENSP00000494831,SNRPN,PRPF8,0.994
9606.ENSP00000494831,SNRPN,SNRNP200,0.993
9606.ENSP00000494831,SNRPN,EFTUD2,0.993
9606.ENSP00000494831,SNRPN,PRPF6,0.992
9606.ENSP00000494831,SNRPN,SF3B4,0.991
9606.ENSP00000494831,SNRPN,SF3A1,0.99
9606.ENSP00000494831,SNRPN,SF3A3,0.989
9606.ENSP00000494831,SNRPN,SF3B2,0.988
9606.ENSP00000494831,SNRPN,SF3A2,0.988
9606.ENSP00000494831,SNRPN,PRPF4,0.987
9606.ENSP00000494831,SNRPN,SNRPB2,0.987
9606.ENSP00000494831,SNRPN,SF3B3,0.986
9606.ENSP00000494831,SNRPN,SART1,0.986
9606.ENSP00000494831,SNRPN,LSM2,0.986
9606.ENSP00000494831,SNRPN,LSM8,0.985
9606.ENSP00000494831,SNRPN,SF3B5,0.983
9606.ENSP00000494831,SNRPN,PRPF31,0.981
9606.ENSP00000494831,SNRPN,BUD31,0.98
9606.ENSP00000494831,SNRPN,PRPF3,0.98
9606.ENSP00000494831,SNRPN,SNRPB,0.978
9606.ENSP00000494831,SNRPN,SF3B1,0.978
9606.ENSP00000494831,SNRPN,CDC40,0.977
9606.ENSP00000494831,SNRPN,CRNKL1,0.974
9606.ENSP00000494831,SNRPN,LSM5,0.97
9606.ENSP00000494831,SNRPN,CDC5L,0.969
9606.ENSP00000494831,SNRPN,PLRG1,0.969
9606.ENSP00000494831,SNRPN,NCBP1,0.966
9606.ENSP00000494831,SNRPN,PRPF19,0.966
9606.ENSP00000494831,SNRPN,SNU13,0.965
9606.ENSP00000494831,SNRPN,TXNL4A,0.964
9606.ENSP00000494831,SNRPN,LSM6,0.962
9606.ENSP00000494831,SNRPN,SNURF,0.961
9606.ENSP00000494831,SNRPN,XAB2,0.961
9606.ENSP00000494831,SNRPN,LSM7,0.957
9606.ENSP00000494831,SNRPN,RBM25,0.956
9606.ENSP00000494831,SNRPN,SNRNP35,0.955
9606.ENSP00000494831,SNRPN,MFAP1,0.954
9606.ENSP00000494831,SNRPN,ZMAT2,0.954
9606.ENSP00000494831,SNRPN,PRPF39,0.952
9606.ENSP00000494831,SNRPN,LSM3,0.95
9606.ENSP00000494831,SNRPN,RBM22,0.95
9606.ENSP00000494831,SNRPN,SNW1,0.949
9606.ENSP00000494831,SNRPN,TFIP11,0.949
9606.ENSP00000494831,SNRPN,CWC15,0.945
9606.ENSP00000494831,SNRPN,NDN,0.943
9606.ENSP00000494831,SNRPN,CD2BP2,0.941
9606.ENSP00000494831,SNRPN,MKRN3,0.939
9606.ENSP00000494831,SNRPN,DDX46,0.937
9606.ENSP00000494831,SNRPN,PEG3,0.935
9606.ENSP00000494831,SNRPN,DDX23,0.93
9606.ENSP00000494831,SNRPN,BUD13,0.925
9606.ENSP00000494831,SNRPN,MAGEL2,0.925
9606.ENSP00000494831,SNRPN,UBE3A,0.921
9606.ENSP00000494831,SNRPN,NPAP1,0.921
9606.ENSP00000494831,SNRPN,DHX15,0.918
9606.ENSP00000494831,SNRPN,LUC7L,0.912
9606.ENSP00000494831,SNRPN,SYF2,0.909
9606.ENSP00000494831,SNRPN,TXNL4B,0.908
9606.ENSP00000494831,SNRPN,PRPF40B,0.906
9606.ENSP00000494831,SNRPN,LUC7L2,0.904
9606.ENSP00000494831,SNRPN,SNRNP40,0.902
9606.ENSP00000495214,SPTA1,SPTB,0.999
9606.ENSP00000495214,SPTA1,SPTBN1,0.981
9606.ENSP00000495214,SPTA1,SPTBN5,0.957
9606.ENSP00000495214,SPTA1,SPTBN4,0.955
9606.ENSP00000495214,SPTA1,ANK1,0.954
9606.ENSP00000495214,SPTA1,CASP3,0.913
9606.ENSP00000495214,SPTA1,RHAG,0.909
9606.ENSP00000495214,SPTA1,SPTAN1,0.906
9606.ENSP00000495563,VPS45,STX16,0.999
9606.ENSP00000495563,VPS45,RBSN,0.999
9606.ENSP00000495563,VPS45,RAB5A,0.989
9606.ENSP00000495563,VPS45,STX6,0.977
9606.ENSP00000495563,VPS45,VPS16,0.975
9606.ENSP00000495563,VPS45,VPS18,0.97
9606.ENSP00000495563,VPS45,VPS39,0.958
9606.ENSP00000495563,VPS45,VTI1B,0.952
9606.ENSP00000495563,VPS45,VPS33A,0.948
9606.ENSP00000495563,VPS45,VTI1A,0.946
9606.ENSP00000495563,VPS45,VPS41,0.935
9606.ENSP00000495563,VPS45,VPS11,0.93
9606.ENSP00000495563,VPS45,STX5,0.912
9606.ENSP00000495563,VPS45,VPS33B,0.902
9606.ENSP00000495563,VPS45,MTO1,0.9
9606.ENSP00000495563,VPS45,ERGIC3,0.9
9606.ENSP00000495909,SPTB,ANK1,0.999
9606.ENSP00000495909,SPTB,SPTA1,0.999
9606.ENSP00000495909,SPTB,SPTAN1,0.989
9606.ENSP00000495909,SPTB,EPB41,0.984
9606.ENSP00000495909,SPTB,ANK2,0.939
9606.ENSP00000495909,SPTB,ANK3,0.929
9606.ENSP00000496355,TLR5,MYD88,0.999
9606.ENSP00000496355,TLR5,TLR4,0.992
9606.ENSP00000496355,TLR5,TLR2,0.982
9606.ENSP00000496355,TLR5,NFKB1,0.977
9606.ENSP00000496355,TLR5,TRAF6,0.969
9606.ENSP00000496355,TLR5,RELA,0.946
9606.ENSP00000496355,TLR5,TIRAP,0.94
9606.ENSP00000496355,TLR5,IRAK1,0.9
9606.ENSP00000496394,TRIOBP,PJVK,0.904
9606.ENSP00000496577,SOCS1,TYK2,0.999
9606.ENSP00000496577,SOCS1,JAK1,0.999
9606.ENSP00000496577,SOCS1,JAK2,0.999
9606.ENSP00000496577,SOCS1,ELOB,0.997
9606.ENSP00000496577,SOCS1,ELOC,0.989
9606.ENSP00000496577,SOCS1,IFNAR1,0.988
9606.ENSP00000496577,SOCS1,CUL2,0.987
9606.ENSP00000496577,SOCS1,IRS2,0.985
9606.ENSP00000496577,SOCS1,IRS1,0.983
9606.ENSP00000496577,SOCS1,CUL5,0.977
9606.ENSP00000496577,SOCS1,IFNGR1,0.972
9606.ENSP00000496577,SOCS1,INSR,0.97
9606.ENSP00000496577,SOCS1,SOCS3,0.969
9606.ENSP00000496577,SOCS1,SOCS2,0.967
9606.ENSP00000496577,SOCS1,JAK3,0.966
9606.ENSP00000496577,SOCS1,STAT1,0.966
9606.ENSP00000496577,SOCS1,COMMD1,0.958
9606.ENSP00000496577,SOCS1,TRIM8,0.946
9606.ENSP00000496577,SOCS1,STAT3,0.944
9606.ENSP00000496577,SOCS1,STAT6,0.943
9606.ENSP00000496577,SOCS1,STAT5A,0.927
9606.ENSP00000496577,SOCS1,STAT5B,0.926
9606.ENSP00000496577,SOCS1,TIRAP,0.918
9606.ENSP00000496577,SOCS1,IFNG,0.917
9606.ENSP00000496577,SOCS1,IRS4,0.913
9606.ENSP00000496577,SOCS1,STAT2,0.909
9606.ENSP00000498577,TPM3,TPM1,0.998
9606.ENSP00000498577,TPM3,TSPAN16,0.997
9606.ENSP00000498577,TPM3,ACTC1,0.996
9606.ENSP00000498577,TPM3,TNNT2,0.996
9606.ENSP00000498577,TPM3,TNNI3,0.994
9606.ENSP00000498577,TPM3,ACTA1,0.986
9606.ENSP00000498577,TPM3,NTRK1,0.986
9606.ENSP00000498577,TPM3,TFG,0.975
9606.ENSP00000498577,TPM3,TNNC1,0.968
9606.ENSP00000498577,TPM3,TNNT1,0.958
9606.ENSP00000498577,TPM3,TNNC2,0.951
9606.ENSP00000498577,TPM3,TPM2,0.949
9606.ENSP00000498577,TPM3,TPM4,0.946
9606.ENSP00000498577,TPM3,MYL1,0.933
9606.ENSP00000498577,TPM3,TNNI1,0.92
9606.ENSP00000498577,TPM3,TNNT3,0.915
9606.ENSP00000498577,TPM3,TPR,0.907
9606.ENSP00000498577,TPM3,ALK,0.905
9606.ENSP00000498852,SPN,RDX,0.995
9606.ENSP00000498852,SPN,PTPRC,0.993
9606.ENSP00000498852,SPN,SIGLEC1,0.99
9606.ENSP00000498852,SPN,SELE,0.988
9606.ENSP00000498852,SPN,ICAM1,0.977
9606.ENSP00000498852,SPN,EZR,0.974
9606.ENSP00000498852,SPN,SELPLG,0.972
9606.ENSP00000498852,SPN,MSN,0.97
9606.ENSP00000498852,SPN,BSG,0.953
9606.ENSP00000498852,SPN,CD5,0.94
9606.ENSP00000498852,SPN,CD19,0.929
9606.ENSP00000498852,SPN,CD44,0.927
9606.ENSP00000501092,TFAP2A,CITED2,0.989
9606.ENSP00000501092,TFAP2A,KCTD1,0.971
9606.ENSP00000501092,TFAP2A,TFAP2B,0.968
9606.ENSP00000501092,TFAP2A,MYC,0.938
9606.ENSP00000501092,TFAP2A,TFAP2C,0.931
9606.ENSP00000501092,TFAP2A,TP53,0.913
9606.ENSP00000501092,TFAP2A,CITED4,0.905
9606.ENSP00000501201,TCP11,ZNF76,0.975
